-1.026193628995277107e+00 -2.447740405761659188e-01 -5.509078139985481570e-01
-4.685915031475788028e-01 -6.395602666236137601e-01 1.655037004001288226e-01
-1.220479095323749652e+00 -4.531306307006354728e-01 -1.039665910018791717e+00
-2.593929851584878543e-01 -7.381441838808990852e-01 -5.446690883072757838e-01
-1.035486388398844521e-01 -2.704951848869515119e-01 -8.472183891905359365e-01
-9.707846077153875486e-01 -2.518309256327395107e-01 -5.027828491095589492e-01
-4.010078427126054224e-01 4.305214849085708950e-01 -6.089291147372046797e-01
-8.351390472170860946e-01 -6.116984868132717690e-01 -2.986945365359279791e-01
-1.024021812414168897e+00 -2.620089003157610730e-01 -4.122559071382498330e-01
-7.304775432240658839e-01 -5.469144369213828627e-01 -2.370002994751617409e-01
-6.603991545752982972e-01 1.641010712916512737e-01 -5.436185278467804416e-01
-8.144896132999004390e-01 4.220307269414629858e-01 -5.859444975867761363e-01
-6.224345241867318412e-01 -5.847269826224699152e-01 -5.425830324321078146e-01
-4.915717057408983126e-01 -4.055052729813766743e-01 -5.682491296093802324e-01
-8.188539595460341269e-01 -3.335178758012832256e-01 -6.309286130569159434e-01
-4.289095245171337667e-01 1.759495191902697153e-01 -4.549758394477713686e-01
-1.071630057154051574e+00 -4.071209305150810254e-01 -7.148998672644877317e-01
-5.479375678519349258e-01 1.590967789853988401e-01 -4.764644760813279700e-01
-5.487637446867283941e-01 2.066735304148846764e-01 -4.974278400370525377e-01
-7.112818880081372974e-01 -9.912952200556230525e-03 -3.903520571658398164e-01
-6.051786539433000600e-01 -1.255508198351873161e-01 -4.891085308282307476e-01
-2.380475894017829164e-01 6.715070687104425229e-01 -1.512321766551872997e-02
-9.615646410896965257e-01 -3.880663040022187538e-01 -8.394999302054227952e-01
-1.141426116223164255e+00 -1.600360747242358106e-01 -1.101767590283525555e-01
-1.341549173558925556e+00 2.409517582728789298e-01 -1.036190034284746320e+00
-3.840471637556518991e-01 8.808121531917773028e-02 -4.329685975818372556e-01
-8.309963450878100621e-01 -3.798639707768969864e-01 -3.962159978869935761e-01
-4.502389209203582210e-01 -8.212833320088875899e-01 -4.927184063680860593e-01
-4.423320488070007772e-01 2.033483909314821592e-01 -5.531084733566609124e-01
-8.802967437488589120e-01 -1.599819387231552203e-01 -8.467969061053589597e-01
-6.320919969245156755e-01 4.202452707505711753e-03 -5.045209587950799657e-01
-3.207520749441192809e-01 2.664725133627021125e-01 -5.446615672151327026e-01
-7.863437100861290219e-01 2.460881762364166003e-01 -6.410354671691891326e-01
9.777897702525910339e-02 4.236870331724852390e-01 -9.549248133730730004e-01
-4.740911429825951373e-01 -3.294065693499708680e-01 -1.111723699953696576e+00
-3.236541701084645339e-01 -5.353921781912397010e-02 -4.665924945729830187e-01
-2.986100221674806710e-01 -5.907246456927107980e-02 -2.584710103094916556e-01
-1.121550793609754106e-02 2.989011819160174444e-01 -7.093054391561178784e-01
-1.529964240656528640e-01 -6.365915688033589592e-02 -4.946013789434600683e-01
-8.620828026753489803e-01 3.849718976608618171e-01 -2.071548240922149731e-02
-1.653844698926826950e+00 -6.062245073962992947e-01 -4.617880708422252289e-01
-8.743494335812026508e-01 -3.000769864247971319e-01 -6.173610180122193203e-01
-5.300602809217779265e-01 4.204928511929165724e-01 -8.508729251952993344e-01
-7.475061686325245036e-01 1.827695970727165609e-01 -6.267089658917470718e-01
-1.095573392253946121e+00 -3.671988415286565194e-02 -4.201482403667798904e-01
-1.024905888835392131e+00 -5.715706097602102354e-02 -3.630493589757006756e-01
-2.356137088450517281e-01 -3.402310561175594938e-01 -3.174076192729738954e-01
-7.975980664340358572e-01 -4.369563985329319999e-01 -6.596411776175370445e-01
-8.241437715663011421e-01 -4.201048935870246859e-01 -3.503570696942601703e-01
-1.919674564629398616e-01 -4.524714573422481956e-01 1.082710893789244760e-01
-6.270161917660247441e-01 -7.845278476119144084e-02 -3.594815507440035085e-01
-4.359226866213428142e-01 -3.397442905793655044e-01 -9.969819797312033660e-02
-1.550728811137863927e-01 3.123622757670441175e-01 -1.497051924873460671e-01
-1.123083272496382845e+00 2.061307062845564864e-01 -2.614410821326246803e-01
-1.162884216151967687e+00 -1.044462584570203800e+00 -5.988987294198679923e-01
-6.370227278376133784e-01 3.331136258104155923e-01 -6.372202475434303182e-01
-3.429994454942496551e-01 3.479703934260873488e-02 -5.592119963973668506e-01
-1.126169310431052173e+00 1.443928001653572157e-01 -4.815591089326209384e-01
-1.115171978025181421e+00 -4.566391781742361600e-01 -2.282670551126684821e-01
-3.790718805097884059e-01 2.805819417724876308e-01 -8.041803297638223658e-01
-5.030620512455479254e-01 -1.480693840236230185e+00 -3.592980656968569608e-01
-1.521640581539402293e+00 -2.648077075170569145e-02 -5.723179192021156103e-01
6.440388419096759742e-01 -1.512456289882531391e-01 -5.334413396051426171e-01
-8.789491025198621355e-01 -2.083520229752187647e-01 -3.928682979380047069e-01
-8.152191035517604156e-01 -2.830183911825712162e-01 -5.160293791625618631e-01
-5.199063991736736501e-01 -1.160068325849555881e-02 -4.792820424827320402e-01
-9.180791114530355568e-01 -2.724977388895776231e-01 -6.530248226571823134e-01
-4.928482994937678496e-01 4.704086753836509566e-02 -4.943489766451679146e-01
-9.752456258455656224e-01 -9.701660722199029196e-02 -4.377950634796664575e-01
6.133975984076435184e-01 -1.608687663248648675e-02 -1.214151973563328157e+00
-4.228029817201759410e-01 -2.579799944569515224e-01 -6.470077049863099949e-01
-4.407479945825559242e-01 2.633307964961708048e-01 -7.597911493114072323e-01
-3.055107484776373172e-01 -2.794190694959088339e-01 -4.567014302649166080e-01
-5.443374687292245051e-01 -3.881579615785158560e-02 -3.066647853763833642e-01
-9.699345207992956519e-01 -4.474415375665772854e-01 -4.555062325192555384e-01
2.383783051728721181e-01 -1.271717597421373469e-01 -6.592435887269593175e-02
-9.600150388279394820e-01 4.581848503768941594e-01 -1.348250373578799399e+00
-9.941089258176872834e-01 3.758321910637385521e-02 -1.269329081964975792e-01
-9.322152514951396185e-01 -1.611531719880109070e-01 -4.561766667656206864e-01
-6.532838909285075824e-01 -2.341783222054120983e-01 -6.832719543319913935e-01
-1.034951544884106234e+00 -2.843690200086372299e-01 -4.622619175558996263e-01
-3.839576103380570316e-01 3.368689802374243425e-01 -2.835995100341074937e-01
-4.035461592393037034e-01 -1.805534267580950480e-01 -6.000345790171283111e-01
-3.597625371026797469e-01 2.259289973966248921e-01 -1.429032242703528466e+00
-4.677141397245795362e-01 -4.377522449914081348e-01 -4.682157099480132034e-01
-6.349299316207326349e-01 -2.958608345930338612e-01 -3.877106608428479428e-01
-7.370237369069383426e-01 -1.802709928280623597e-01 -7.995491545589511473e-01
-9.667774975910961022e-01 -2.133857257377933248e-01 -7.181950994782206887e-01
-9.249841411660143509e-01 -7.145872476859452260e-02 -4.611898356453356107e-01
-9.442934238046071238e-01 -1.897560481108959696e-01 -6.184174975527833018e-01
-6.218669028265878529e-01 -1.346292190359240915e-01 -1.627009181025123596e-01
-7.454698030851192314e-01 -5.495693780772613612e-01 -3.104799188339575355e-01
2.562525454542532999e-01 4.742934668496537887e-01 -1.432322228101570616e+00
-5.885524809716440320e-01 4.721130889859481150e-01 -8.265907644422681999e-01
-2.056907014511463183e-01 1.566715365038756080e-01 -6.212715169498146395e-01
-1.015246009371432168e+00 -5.560809535436467277e-01 -2.902131404418627492e-01
-6.124364095992877038e-03 -3.639436311525384160e-01 -1.523446951739633182e+00
-4.028250790797250347e-01 -2.171248876806809447e-01 -4.317097230421584886e-01
-9.227162233318438878e-01 -4.720180259194208805e-01 -3.496773535852804593e-01
-2.588692938023551271e-01 -4.422521381872251411e-01 -6.827547738447580228e-01
-4.240669993163150298e-01 2.123482308393568052e-01 -5.656174254984114302e-01
-1.071719409480135443e+00 4.128128512710645404e-01 -4.422541038404976255e-01
-2.515751654281681016e-01 7.475880753538559353e-02 -9.443628349861656890e-01
-8.106511310797043235e-01 1.805764641994079406e-02 -4.992104326220326849e-01
-7.254389692122116262e-01 -4.455108801545965003e-01 -6.095310167779171007e-01
-1.011358583532501632e+00 -3.771099781071910462e-01 -4.730312045519725617e-01
-2.805639393325539688e-01 -3.120013707960462290e-01 -5.784536453416887491e-01
-1.307944464224848335e+00 -1.209592639167838268e-01 -9.373869477548479878e-01
-3.825470592252588897e-01 6.447280202923960646e-02 -5.511647313647782820e-01
-9.235978719650943525e-01 3.128299470654911235e-02 -5.661993434591812147e-01
-5.197304396744923949e-01 4.171656108806760521e-01 -7.445070996514396855e-01
-9.706381412684201848e-01 -4.803462068794557838e-01 -4.446077316625195452e-01
-8.038010502743824226e-01 -5.717786566820911576e-01 -3.350962893929502751e-01
-9.305546342156306716e-01 7.498440668780613771e-01 -1.491746045878729332e-01
-1.348624256607822425e-01 1.078210990954669816e-02 -7.283398964457509228e-01
-9.678461265494360255e-01 -5.216357278379431250e-02 -6.525927437275855780e-01
-2.607249910501409085e-01 -3.071977725646017343e-01 -5.136132229575139929e-01
-7.509933005660324179e-01 2.612577522739260583e-01 -5.165134074128682196e-01
-4.367904104719255720e-01 2.917100180411980048e-01 -6.207094405543059912e-01
-1.055389184966502247e+00 3.381443389740962924e-01 -6.323898405933929823e-01
-6.639758234311418095e-01 -2.303952743630429956e-01 -4.658677597861141106e-01
-1.065901555630680342e+00 -2.447747112326497665e-01 -6.146389513852287267e-01
-1.363771491727910901e-01 -1.490230949962851881e-01 -4.244898549176508440e-01
-6.065162598807491978e-01 -3.944015674898273538e-01 -2.542311925772686720e-01
-6.641572042720772728e+00 1.725110841329139078e+01 -3.091649241597513864e-01
-4.390892855436424047e-01 -6.124363488886955809e-01 -7.810907691111911022e-02
-1.015995147846304070e+00 2.097932765511716438e-02 -3.186399923322996153e-01
-6.525836394809135799e-01 1.775349364900302984e-01 -2.144887279101843347e-01
-1.086945784866213183e+00 2.498438643864520359e-01 -5.115403869272719950e-01
-3.754557549195682298e-01 8.307077398283251035e-02 -5.781150634823454260e-01
-1.098481420696632460e+00 -4.259188245541106754e-02 -7.354101686958747219e-01
-7.205222103627757502e-01 -1.269879794720219779e-01 -3.371842900323867021e-01
-5.169887787146172364e-01 3.621037279702626899e-01 -4.399161229678652529e-01
-4.543571636402349845e-01 -4.881373834799435096e-01 -6.165805182635355486e-01
-8.064933057564950269e-01 -4.442453536837414063e-01 -6.250692039295303593e-01
2.175384566642278583e-01 5.074802946605702081e-01 2.808354447861367495e-02
-6.737749796462754182e-01 -5.880007938979955884e-02 -2.833502388478114642e-01
-8.919864314854278886e-01 4.257045999992370988e-01 -5.000123756744371262e-01
-9.055375425386289479e-01 -1.007890964198687955e+00 -5.549817026948900001e-01
-8.768792541475401991e-01 -5.008643825501323255e-01 -6.556058864623122151e-01
-5.963561025766891399e-01 1.490997247635096612e-01 -4.152068081065907190e-01
-9.900456813242269893e-01 -1.377255883168836126e-01 -8.331710466279794725e-01
-6.868326373288249354e-01 7.039518934728705712e-02 -5.237169768345479870e-01
-2.223845381791113296e-01 -2.618241160587051475e-01 -5.176755766222368438e-01
-5.687851308559990215e-01 8.288384943296385476e-02 -6.225656489221252921e-01
-5.076135191274394609e-01 -5.437359331501556703e-01 -2.515974515290860802e-01
-4.044844407894180316e-01 -8.352283257174315800e-02 -5.545479913319077969e-01
-9.648403994903711478e-01 1.386545500375196451e-03 -8.123020145883556031e-01
-2.794145466833111158e-01 -3.936398844003533570e-01 -3.497549524967577539e-01
-9.801155515881782021e-01 3.299812178858598233e-01 -3.260672515957277473e-01
-5.325027963282330523e-01 4.457790953363149900e-02 -5.381487357627394719e-01
-6.124431770187042101e-01 1.870098817454802706e-02 -5.273013534121195889e-01
-9.494594200185310084e-01 2.576346012991556633e-01 -5.228292547870874163e-01
-9.410998932656466920e-01 -3.792271757334352844e-01 -5.617947377451314450e-01
-9.171554262588051953e-01 -1.484259124495293687e-02 -5.614547127224693845e-01
-3.765362467552607617e-01 -1.747117017024866492e-01 -1.093237528460671459e+00
-4.367249687551096327e-01 -3.172445267183091056e-01 -4.620075845693679684e-01
-2.708495319660049194e-01 1.620429976088312851e-01 -4.862429835347849005e-01
2.073925479281256701e-01 8.645442905734644634e-02 -1.618736183676947604e-01
-2.941086995373900503e-01 -1.772163157897549760e-02 -4.028353765768029060e-01
-7.737579798759641747e-01 2.461324307729628458e-01 -6.623812612004125189e-01
-2.076626763214631799e-01 -1.277030429485523366e-01 -5.539615690020007754e-01
7.319279173293770369e-02 7.349316575586642974e-01 -8.943426650933712641e-02
-5.866567054664960645e-01 -2.773891580475754126e-01 -3.505193766700379632e-01
-8.059184761371858130e-01 3.221736097197366311e-01 -5.711555666691816580e-01
-1.012830847873972262e+00 3.924456801459454830e-02 -5.942138736597257775e-01
-1.041784853341842343e+00 -4.734948079305111301e-01 -4.737956296000439549e-01
-7.234576631278426539e-01 3.983913481222319808e-01 -5.669368681148027056e-01
-1.569296821949024645e+00 -6.700322080162444127e-01 -1.127617857146835378e+00
-1.126436521182399453e+00 6.618889191999567656e-02 -5.011868393625242835e-01
-6.208521657084190570e-01 3.695343457526510944e-01 -6.890210494473985037e-01
-5.711517216146075882e-01 -4.071814603929386212e-01 -4.793052011770723708e-01
-5.958479514304124702e-01 -2.350607096554106212e-01 -5.821054851181441947e-01
-8.897550408751435658e-01 -1.518992848758063396e-01 -7.293770107813936088e-01
-1.634321356647862045e+00 1.178842540431018493e-01 -6.982085703691969236e-01
-8.581700352352037431e-01 -1.984181664957282987e-01 -6.405590135284519038e-01
-9.543247295280042897e-01 3.125038834889511952e-01 -2.666311332484334051e-01
-8.549713043943940605e-01 -3.155233897326876202e-01 -8.279858150016815577e-01
-6.968826606351217201e-01 -5.902049002686472062e-02 -5.477184242073255271e-01
-9.661448046520765276e-01 -1.187330545198957976e-01 -5.127918674709327496e-01
-1.130629411417417796e+00 1.177220814855873543e-01 -4.371735402731520836e-01
-3.786856794771258916e-01 -4.779956362959476568e-01 -5.203360401059730078e-01
-1.065872049335537808e+00 1.185132416787613580e-01 -4.545639575424141321e-01
-5.274468894153121479e-01 4.491256998721871452e-01 -7.087207004723544701e-01
-6.949198181598579271e-01 2.059022648156805801e-01 -5.900678502001514003e-01
-7.785627791786924323e-01 -6.269475463315563601e-01 -3.963795290067188004e-01
-2.835274963810010540e-01 -3.013412525898206962e-02 -9.748405664367981727e-01
-9.609403188685117225e-01 -2.024241489620590140e-01 -6.860601661841594368e-01
-1.112784166264780383e+00 -1.982341037641795201e-01 -6.179108713879196690e-01
-8.562018012957206547e-01 -6.347410814497841391e-01 -3.488178304878962743e-01
-7.394797967000009686e-01 7.355307176768640653e-01 -1.027601871736834482e+00
-9.148929010932381756e-01 -3.076274936990677222e-01 -2.771474880601290658e-01
2.285803476562661418e-01 2.055929436352665063e-01 -6.611403142957691381e-01
-7.504467324496543190e-01 3.660748115490382593e-01 -4.354991984681400030e-01
-3.564527339039750831e-01 4.781283565594150464e-01 -5.072139634769310401e-01
-1.611514333314719938e+00 3.911155954270650326e-01 -7.329292080091480699e-01
-2.001635346564073270e+00 4.826045312203048332e-01 -5.726197396027773445e-01
-6.492743959845120871e-01 -3.228388548032264382e-01 -2.603298511304270035e-01
-6.861012350035754492e-01 -8.390056807532951799e-01 -5.437461999263237811e-01
-4.632864347488689361e-01 -4.034890416820748338e-01 -8.065180870403938496e-01
-5.578312315337232707e-01 -2.531178232087401003e-01 -5.549502806048065562e-01
-3.462879656053298727e-01 -2.873455459468100548e-01 -1.474511561483728139e-01
-4.116401716895084495e-01 -1.347695727189252013e-01 -4.355037322584883741e-01
-2.026679759300760608e+00 1.486350366511168808e-01 -8.351395147351842185e-01
-6.926992593985835667e-01 -1.558415027269159370e-01 -5.411078177961335944e-01
-2.211176039139082228e-01 6.705520826860712769e-02 -4.562589860690974275e-01
-1.831314438660401334e-01 3.273509026964318558e-01 -6.143459292261534976e-01
-6.606745591534310957e-01 -2.102396718288509769e-01 -3.831602657054314909e-01
-1.015068406471872686e+00 4.148424797372762124e-02 -8.122376895364901150e-01
-9.247747208033875177e-01 -1.271531996318605619e-02 -6.741059696712504712e-01
-1.049702007750121791e+00 -1.356332644194617743e-01 -1.673660914518989351e+00
-1.223262173417092313e+00 -1.178793007027580497e+00 -4.828488977344270738e-01
-9.653219823857728255e-01 2.870279297444820465e-01 -5.345674180465086467e-01
-4.221824487478443855e-01 4.474043830375420971e-01 -3.672910338790016382e-01
-1.244585276590716383e+00 5.106990968392373098e-01 -4.922765546133827663e-01
-4.663039448601323800e-01 2.437579351510863745e-01 -8.793303016494924407e-01
-9.532558727584396208e-02 -7.545128640215607863e-02 -2.775716440243849448e-01
-9.971180998199377088e-01 2.537298152264275686e-01 -6.037390073823026837e-01
-1.945902562531747482e-01 -2.809737776212381521e-01 -4.926163604695256160e-01
-9.783615439098801714e-01 -1.242703796896075207e-02 -6.262779387368461181e-01
-8.571107747553048384e-01 -1.584243472941793407e-01 3.106592943387235795e-01
-9.254125648208555432e-01 -1.817701734591909146e-01 -4.823103243721530986e-01
-9.371779133571678244e-01 -3.183490989872886368e-01 -2.835257662961168657e-01
-3.575695409335644670e-01 9.557019206230378192e-03 -5.371859004185373099e-01
-9.234024127088309442e-01 5.838358416945331753e-01 -6.647829618870140234e-01
-1.275125230256154651e+00 9.855217177423032382e-01 3.334465990869852070e-01
-4.504928696958820367e-01 4.729650540324612518e-01 -2.733515717972324621e-01
-9.112128159340200373e-01 3.488741305740254983e-01 -5.821427839816211147e-01
-8.116679781055721188e-01 -5.455408225633857217e-02 -4.738686077508650341e-01
-7.765780849365869765e-01 8.118881031573856044e-02 -4.336720237684424384e-01
-1.464098849266857627e+00 3.305076337964524824e-01 -3.979030744799036401e-01
-1.171320292560792842e+00 -4.664979936336513533e-01 -3.337614449976227804e-01
-6.875589877244180359e-01 -4.000361367546377833e-01 -5.409286585304547978e-01
-2.456771758758327096e-01 -4.108450296696085635e-01 -6.449410361969707406e-01
-1.045457867006928110e+00 1.959564200564188272e-02 -5.297852272386597283e-01
-9.521347955475111258e-01 -3.290365448656222824e-01 -2.881909591051467004e-02
-1.186154673068039900e+00 2.960358067352267253e-02 -6.122560142826620755e-01
-1.064970953736913639e+00 -4.847920152861323606e-02 -6.758429844105491302e-01
-9.515576446311289072e-01 -2.559014506891815754e-01 -1.805619723186236147e-01
-1.084227666735741780e+00 -2.359465458331229115e-01 -3.942294068398424223e-01
-6.531479454054650580e-01 -6.658654174895363154e-01 -6.841972229936927885e-01
-1.420391152501728982e+00 -2.784916251902793682e-01 -1.127069696784349651e+00
-5.140160896161343196e-01 2.309506772112749073e-01 -5.401101727949401132e-01
-1.056874454025713117e+00 -9.489952995689625304e-02 -3.358944724814629246e-01
-7.419317864723691536e-02 4.159025241116192095e-01 -1.292670710922993127e+00
-1.002379776170191805e+00 -5.014999341050554449e-01 -5.649311169478146155e-01
-6.083726619911103972e-01 -3.942541468516623793e-01 -7.744838755427947419e-01
-1.135286498689429102e+00 1.260427599005471411e-01 -5.888112829323847164e-01
-7.481514044585748646e-01 3.168102949236992760e-01 -1.392465686287927273e-01
-5.872142281158568622e+00 4.161868655710990517e+00 3.986434790073767331e-03
-6.624815224564591931e-01 -2.048853655687768796e-02 -4.823064124748312476e-01
-3.639034991524578433e-01 1.714205915839657202e-01 -3.381904025428080218e-01
-6.141819808424314742e-01 2.727394316002622054e-01 -3.452426309063431065e-01
-9.736706094417131307e-01 -9.714532286499935609e-02 -5.363836542852291611e-01
-1.742517449802251372e-01 5.570744815470828754e-03 -2.294729581644719685e-01
-3.355902784271483363e-01 -8.924202657828492202e-02 -5.185585915841085525e-01
-9.349575858106566884e-01 -1.639124578297213863e-01 -2.255769932886284024e-01
-9.054679749720671023e-01 3.639518879969885767e-01 -6.085606268737075997e-01
-5.704080468248184932e-01 2.628114165230678312e-01 -7.243019086287602049e-01
-8.152057472679313799e-01 -1.359799063999502129e-02 -1.374812036828782391e+00
-4.591037289659943843e-01 -5.227213281142882861e-01 -5.232852516386993225e-01
-9.024549190669463039e-01 4.191546525364227560e-01 -6.384663712970873872e-01
-4.684626266171796893e-01 -5.797889204245038064e-01 -5.565554458811468042e-01
9.929631691554142991e-02 1.030897960820232606e-01 -6.211839573998572117e-01
-8.298536706065765545e-01 2.924539472296754788e-02 -5.549715988693252333e-01
-8.925114374873337475e-01 1.110566067750369701e+00 -3.985779908837077112e-01
-2.055729135755855197e-01 8.522735290372193337e-03 -5.428365985793981441e-01
-1.411043792211024717e-01 -8.170250354438238771e-01 -4.627222388412745024e-01
-2.773740490252082913e-01 -2.644480314637576712e-01 -4.351189583995167531e-01
5.831999367964485481e-01 -7.873556208832681591e-01 -1.109917157542283039e+00
-2.918070124967302448e-01 -4.392757031440293058e-01 -4.757569528624721045e-01
-1.036054383931807932e+00 2.297236428134047936e-01 -2.225732318958545397e-01
-6.904718788567218990e-01 2.257214132433025544e-01 -5.346906011832747163e-01
-4.327243979594925793e-01 -5.726905518363327730e-01 -3.752881747880270069e-01
-7.840226995976300461e-01 3.868912759184421901e-01 -4.459845491573485310e-01
-7.010257352160593758e-01 3.262681707400441611e-01 -2.622240384855623607e-01
-3.288796936976181029e-01 2.325894933386228047e-01 -7.299004306653520402e-01
-3.483593755884233922e-01 -3.642898302632391339e-02 -3.711897300083159545e-01
-2.208547968408987483e+00 -2.862367178383641297e-01 -5.419249399826088220e-01
-1.270521523898018312e+00 -3.965588094717699130e-01 -9.397188235329251293e-01
-2.939418658269210560e-01 2.798240356325834913e-02 -2.791604335175281726e-01
-9.156909551883047893e-01 3.512888782520409148e-01 -5.934670767460707985e-01
-6.724897908129647828e-01 -6.857028499553514955e-02 -3.801585318191911256e-01
-5.959878105916485147e-01 -3.017982433791420727e-01 -5.909737864112547534e-01
-8.921258948493600016e-01 -1.826766528861761274e-01 -5.455155718442018520e-01
-1.754027914466615434e-01 -3.692187834245228562e-01 -3.073216729771400813e-01
-8.679481154187398406e-01 -2.106904952178748347e-01 -6.544438368242255777e-01
-2.491848802467795665e-01 -1.183678557214269678e-01 -9.733128151267068651e-01
-3.766349346693764200e-01 -1.324199171480698253e-02 -5.673114872418151267e-01
-8.125036272206738464e-02 -1.161593686647049116e-02 -2.629762174243802653e-01
-1.450906489759890450e+00 -6.810445808368860154e-01 -7.642219681566917444e-01
-7.808573026307047416e-01 5.369385918257099100e-01 -6.504811792203027965e-01
-5.659705858110244403e-01 1.328318280980037291e-01 -5.917124686092182229e-01
-5.824431401947717246e-01 4.771057973951805531e-01 -6.210360033650823286e-02
-5.245991010118326026e-01 3.428253255873602856e-01 -1.052957805754295428e+00
-2.473465059206838568e-01 1.071090067934896972e-01 -4.864950122745848593e-01
-5.952212872554273337e-01 9.240795118258255947e-01 -1.055425149160358567e+00
-9.501640782249898276e-01 9.075810572593429049e-02 -5.582028537892147479e-01
-1.532432581449803433e+00 -6.550462424181251464e-01 -5.231807198461013719e-01
-2.615088116242048066e-01 -2.484488809538382414e-01 -7.489246591869931358e-01
-7.876157205590327282e-01 -3.577397252020450003e-01 -4.933304526241379939e-01
-5.268044871854524747e-01 2.427983203835848147e-01 -5.833477511893421230e-01
-4.179768100488682747e-01 5.508905908221534142e-01 -6.573372708318033775e-01
-4.672250361204117741e-01 -1.726870053226099988e-01 -6.834246708900751921e-01
-1.108586332321600310e+00 -1.549610524470773631e-01 -5.667546250313106881e-01
-5.612981305098311280e-01 3.661450830178897831e-01 -1.553305388398098785e-01
-2.527614904606132473e-01 -6.196402814445511192e-02 -6.644547787159742480e-01
-1.119551982658735234e+00 -9.704054240372854412e-02 -5.541697486322574306e-01
-6.743852288795970651e-01 -3.869623761012236374e-01 -5.977685983552399884e-01
-9.005942489267291240e-01 -2.156205310109310658e-01 -7.621762646584432366e-01
-1.007304747855690241e+00 -6.545682968886082365e-02 -6.570215496098368302e-01
-7.715381356948635139e-01 2.715260784064503843e-02 -5.569474872572390822e-01
-5.004496816889530963e-01 2.499281549359046450e-01 -8.476810621506744026e-01
-9.720040369600512209e-01 4.015456540944169206e-02 -1.005261684431752567e+00
-7.828426201885920754e-01 8.112177396727101586e-01 -6.595016925044182576e-01
-6.305291085587758637e-01 4.163193023380377111e-01 -4.189776305317001737e-01
-1.147507358575558190e+00 3.303414598210883124e-01 -8.153121452464748842e-01
-1.119248907786351444e+00 1.698523960363576002e-01 -2.747003029680517017e-01
-4.541452258166204237e-01 3.991095710907435201e-01 -1.019229909030211489e+00
-6.091238870559896323e-01 -8.748545045566762379e-01 -3.319516785895524347e-01
-8.551346440858654807e-01 -4.928404129755091789e-01 -5.331844016191706892e-01
-1.212866809745563934e+00 -7.627715318032800562e-01 -3.427044652323574248e-01
-4.162961451084815079e-01 7.581267649165134015e-02 1.503470604297242053e-01
-1.108672525174518420e+00 7.535991208194631197e-02 -6.974378780130161548e-01
-2.017497061959047100e-01 -1.147374999752613228e-01 -4.471446461899623581e-01
-4.004948317722234474e-01 -4.089727171243832671e-01 -7.566933783749500986e-01
-3.506839505629438802e-01 1.656596861084516925e-01 -2.883942916996438677e-01
-6.894549201450056453e-01 -4.713113271734168941e-01 -3.943154285669596693e-01
-7.745825457599533337e-01 2.798465405231855274e-01 -6.263037699275485481e-01
-6.517172666862500741e-01 -2.873707831707638660e-01 -4.839077417274785242e-01
-7.976955074268243795e-01 9.763347044303187505e-02 -5.550486776335961103e-01
-1.048632587326651544e+00 -9.392428728910041935e-02 -3.617145097910158813e-01
-1.016392090008948479e+00 -4.158295832624793742e-01 -9.880223127193795696e-01
-1.738560048081811138e-01 -2.839074711152487218e-01 -6.184241964668313329e-01
-9.475106865999324279e-01 -2.256263839726649068e-01 -5.638023653433661408e-01
-9.528205670668733474e-01 -3.315222484060219577e-01 -2.284763957666209599e-01
-7.167473255146795674e-01 -4.636247326167535210e-01 -3.886580908120423894e-01
-1.133762339647036654e+00 -3.303975988340215192e-02 -4.130612244121059096e-01
-3.575994789784670003e-01 -1.243177294881523620e+00 -3.928369503697665688e-01
-8.860362537664284721e-01 -2.510525774570761537e-01 -3.496866332471120220e-01
-1.098903063872652686e+00 1.895521072917903949e-01 -6.538995578688091559e-01
-6.158084634664208190e-01 -3.699966716367764780e-02 -6.069500812668493506e-01
-2.399393183504735239e-01 2.498797762755829155e-02 -8.299764050581974750e-01
-9.794230498343199365e-01 2.406904911648035175e-02 -9.028941397455084727e-01
-9.292012021883879758e-01 3.842706798060325363e-02 -7.291741341518521713e-01
-1.109789613145757192e+00 -9.729609560396494661e-02 -3.302953241402526441e-01
-4.718887596653235650e-01 -1.473049197891461992e-01 -7.771176954641988432e-01
-1.004687512897111112e+00 3.069833227656722507e-01 -5.411667129120014685e-01
-4.697116279542430384e-01 -4.916764249507328266e-01 -3.577493621653285438e-01
-7.060700556670600481e-01 -4.674463356943351355e-01 -4.279802416617004002e-01
-4.288141706460408265e-01 -4.976892956768821374e-01 -3.924256220462388756e-01
-2.255639813605686272e-01 -4.640917243540578774e-01 -3.381890653566493876e-01
-2.961565451243615699e-01 -6.898086546880273506e-02 -5.802163938738491566e-01
-5.750928851707393097e-01 1.147371676207098179e-01 -5.541156731296036364e-01
-1.230812180822545399e+00 -1.141496551736778997e+00 -4.477706702286025214e-02
-3.633172312699285422e-01 -3.355294825624739741e-02 -3.450421925599391204e-01
-1.555562325204866481e+00 -1.954034902822082698e-01 4.737564882370199904e-01
-2.914917945362891505e-01 5.898910729627450111e-01 -5.804982380094398930e-01
-3.259932716918982343e-01 1.890522697633675517e-02 -3.903961434604986680e-01
-6.575747012757787724e-01 -3.511109321778457248e-01 -7.079836488934103389e-02
-1.325975327339855847e-01 -1.622456319656398194e-01 -3.848431597497672940e-01
-3.212839008403177710e-01 -1.806488494243615184e-01 -4.889517004213370099e-01
-1.736374761677522027e+00 5.196094009650102929e-01 -1.013211856049023862e-01
-4.856295949681982416e-01 -2.585122808945757023e-02 -4.966200660441218995e-01
-1.080092305533879138e+00 -1.491576253439444444e-01 -2.758167945571072810e-01
-9.779313779076010960e-01 -2.231791946694374473e-01 -7.978646117425179929e-01
-1.587850055723659226e+00 -2.624420375923262605e-01 5.684331976131348219e-01
-1.492042042370757549e-01 -8.387964697332791486e-01 -4.201811310801361055e-01
-1.035683836795089130e+00 -1.859484849738808898e-01 -6.039611727689139231e-01
-7.630806695888132651e-01 4.243575777852853226e-01 -5.158350746180410118e-01
-3.526385771481866938e-01 -2.867303013215102281e-01 -5.686804431956589134e-01
-5.504597670505233520e-01 1.651619439758896246e-01 -4.367954147937352927e-01
-9.528313907558193518e-01 -1.299386054985586791e-01 -6.917120746763215644e-01
-4.494063011025239418e-01 -4.501217507956741803e-01 -4.956150891070739140e-01
-1.271379978584710457e+01 4.523664772684240276e+00 9.802534769534720915e-02
-5.090512659801251782e-01 -7.169480008161787099e-01 -5.883966735121297642e-01
-1.204825613430534625e+00 2.141250378612267469e-01 -6.905916165145706831e-01
-7.298512042481734019e-01 2.022159627830807660e-01 -4.647465727836624927e-01
-6.709160096729874789e-01 -3.866287176733784192e-01 -5.987466431346247786e-01
-1.022260468816018175e+00 4.128865743829798207e-01 -6.328303561268425748e-01
-1.349676353602724088e+00 8.684349496631499354e-01 -7.000576601492595197e-01
-9.912788043974156693e-01 -2.884360393492307328e-01 -6.012022880297948069e-01
-5.694882212220746531e-01 1.226780671109443943e-01 -5.086659426126718397e-01
-5.916044618631500773e-01 -5.035598102473174409e-01 -7.178263643174942477e-01
-6.310127906051534730e-01 -2.419650162670688165e-01 -5.506325431082187416e-01
-9.104901154300776289e-01 -5.049389131145326504e-01 -5.460253806142366662e-01
-5.785689376029762299e-01 2.828218048716583111e-01 -7.092047458218286859e-01
-7.934279228160370234e-01 -2.666210687518828504e-01 -6.474955055418604166e-01
-9.871041167626720680e-01 -1.095624801502410872e-01 -5.255450969019689333e-01
-6.661631408011217115e-01 -5.333577417432623369e-01 -8.322543401672949370e-01
4.965394718102112415e-01 -4.201954436578174412e-02 -9.095289194585471915e-01
-7.954060153212033635e-01 -1.084902037449018558e-01 -8.592731568446395629e-01
-1.161293480618629692e+00 8.424180799792525542e-01 -1.303241775854698137e+00
-8.900498847441910000e-01 -2.040728109230032783e-01 -5.537644213491682565e-01
-1.043147882510311764e+00 -1.026472391298944020e-01 -5.723956829563063842e-01
-8.819485158182220896e-01 -1.614057406039201836e-01 -4.792074261369489996e-01
-1.291517500139236496e+00 4.641676805493984426e-01 -4.849067206794817064e-01
-1.259429537212799766e-01 -1.875687222771099394e-01 -6.891154193206729950e-01
2.061099331015908420e-01 5.975606597742604276e-01 -9.557641645971498567e-01
-1.125325153705104969e-01 8.146573713979418097e-01 -7.490860294410096598e-01
-1.931551977669039855e-01 1.430091970398080503e-01 -6.177589419307095708e-01
-7.555860577522743871e-01 -9.565045481404986505e-02 -5.538450628576292445e-01
-6.621289779951617938e-01 -2.422667193301542010e-01 -4.827451715210889227e-01
-6.683398318094411206e-01 2.778597173621661365e-01 -2.731965872487047697e-01
-7.467021076878915808e-01 -3.265625673712108101e-01 -6.118346963722373077e-01
-7.772722662953834849e-01 -2.141585423766182925e-02 -6.684383159578529687e-01
-7.642120686081372849e-01 -5.045397116222307687e-01 -9.183097148701864221e-01
-1.141719157204621471e+00 -1.435232745803008969e+00 1.409542358774954450e-02
-1.044594004828857781e+00 -8.556259459583162585e-02 -5.129281326677788133e-01
-4.631045976400165465e-01 -9.401966619354289526e-03 -1.161909644736014574e-01
-1.389612332214326340e+00 1.805281663451515362e-01 -3.557509583224144900e-01
-1.108566706130647006e+00 -3.332085748788386759e-02 -6.356771434686738775e-01
-6.774848213127814267e-01 3.019811112648471130e-01 1.306754549220199846e-01
-1.862754530369664097e-01 -5.353714488065464128e-01 -4.963786991733510345e-01
-4.305511687068903637e-01 -5.021611347482624055e-02 -1.718919959207350079e-01
-2.376391689260275442e-01 -4.552797287450699448e-01 -4.388005313583295264e-01
-8.276548317348955131e-01 6.001288077834454615e-01 -4.766273474342416772e-01
1.581906561167564507e-01 8.969823647560573338e-04 -5.162901382506901449e-01
-6.234951076485000243e-01 5.584122262577530249e-02 -7.010303479951112138e-01
-1.763507183615532936e+00 -8.477452707551540456e-01 -2.752455776457900516e-01
-1.686828442416501428e-01 2.766003446228024187e-01 -4.095627915233269745e-01
-7.382666438444362988e-01 -2.608207838278783774e-01 -5.281856283106174388e-01
-3.072494039493074980e-01 -1.410061572546766062e-01 -4.679740839367727001e-01
-6.152111984837383973e-01 9.975912412360825321e-02 -9.535158739724571841e-01
-2.966882653561194183e-01 -1.552750264473309882e-01 -7.929745152785494522e-01
-9.350436412329961033e-01 -1.383006929136690877e-01 -1.190835017723656797e-01
-7.726726069313808454e-01 -5.265624560725454817e-01 -6.671313968304157793e-01
-1.115276883469017655e+00 5.330292258690472879e-02 -6.630001003498553480e-01
-6.184743666514701532e-01 -5.886500414468707199e-01 -4.257801682296709633e-01
-3.825949058350504028e-01 3.761808833875934788e-01 -5.814941310099297489e-01
-8.212025413508636795e-01 -7.536198348120959345e-02 -2.847398134010630244e-01
-1.096423553166439468e+00 5.163768369374270861e-01 -5.406818965916634356e-01
-3.181950445443209596e-01 -1.752824749199463628e-01 -6.250313097637937299e-01
-9.484976494469424813e-01 -6.360602451294486981e-01 -2.770236300723677991e-01
-1.633112334276717592e-01 5.009186055029798967e-02 -3.168828642498622977e-02
-1.022801565711645599e+00 2.785615511224505056e-02 -5.372617509306013561e-01
-4.796537525176622907e-01 4.795782240011489672e-01 -4.704944328902410100e-01
-8.508086390251421438e-01 4.283409584159627026e-01 -3.920825275197763471e-01
1.453452675048720610e-01 -1.608631701338610887e-01 -6.741294559960980814e-01
-7.160934439667142604e-01 -1.860559843174538486e-01 -5.497297604545597904e-01
-8.070582322830619493e-01 4.672188465969193127e-01 -6.880683825388292929e-01
-8.714041518725272883e-01 -3.012917427506709434e-01 -1.213915326547860690e-01
-9.218025519342640806e-01 -4.699229488339032312e-01 -6.792015142976267628e-01
-2.364457729884709147e-01 1.522935145132863211e-01 -4.639529171328300450e-01
-4.891023375692996611e-01 -4.180285833069444790e-01 -6.898519609995512614e-01
-6.022106504276691918e-01 5.782665414596395159e-01 -6.233888825601657802e-01
-5.356120275532419983e-01 -2.336518397244085610e-01 -4.235716204898847259e-01
-3.195283928634606307e-01 2.554494378945710853e-01 -4.303936598510034739e-01
-8.782745454109250893e-01 -3.311321636108742750e-01 -3.879738289143781493e-01
-4.209057548523297831e-01 8.873446138314736165e-02 -4.892679002808304478e-01
-1.816231680437688789e+00 -5.298714360638652199e-01 -8.876223852770518397e-01
-8.421411717086187965e-01 9.658260461915393891e-02 -5.209683823053761209e-01
-1.669787547273546280e-01 -6.310714152657256448e-04 -4.372486301422552901e-01
2.603573810007645331e-02 -2.302090807054531785e-01 -2.305398704518220321e-01
5.640779995616896914e-01 1.568224376599032799e-01 -3.264260539349831958e-01
-1.866044930822359782e-01 -1.720260566784798939e-01 -7.795978822945588416e-01
-5.450638750208095518e-01 1.005824201807120899e-01 -1.059407809389401711e+00
-6.553710338443693439e-01 -1.684834935912248727e-02 -5.307916539127331967e-01
-4.023986161978239662e-01 -2.577369093169311065e-01 -6.180199994810189335e-01
-4.771123547889095651e-01 2.934409984356232126e-01 -6.129129263659444105e-01
-7.407960383853204878e-01 1.975881558635162460e-01 -5.164717038625719070e-01
-8.615930552357292660e-01 1.984372519009307279e-01 -4.792990470356570110e-01
-5.687282531375492667e-01 -4.619522409603649127e-01 -5.988639392685110030e-01
-8.631450542352890887e-01 4.183515746449775197e-01 -5.222638866441917660e-01
-5.597063426519114371e-01 -3.577880471944857588e-01 -9.640494868968212394e-01
-2.912859326538494997e-01 -5.327128615994340954e-01 -3.323504047960050278e-01
-8.776579469580741977e-01 -4.421488031829761134e-01 -4.240621528345182578e-01
-3.138662330580447857e-01 -1.700266866108542940e-01 -6.631396205139520328e-01
-9.782052601222204213e-01 1.066260282840961054e-01 -5.558164665573863683e-01
-1.015962943751204772e+00 -2.287765740674028991e-01 -6.902904390404707158e-01
-6.113917592049136207e-01 3.882064235731840229e-01 -6.125735642573916229e-01
-3.383910619287456845e-01 4.163606790542493941e-01 -4.241753325449871270e-01
-5.152818557950252787e-01 -1.464382981748559021e-01 -5.845138942431615803e-01
2.405748529944336800e-01 -1.080306978018969050e-01 -5.072766275308281392e-01
-1.011893901750071878e+00 -1.013705938713726079e-01 -2.496547255465781934e-01
-9.405386392846956101e-01 2.020072221667399415e-01 -7.043328604889619315e-01
-3.400984690598323201e-01 1.854624728487482832e-01 -5.942036604917207976e-01
-6.124905883128294315e-01 5.904382630391038500e-01 -1.043195634572334551e+00
-2.205750830598680323e-01 3.570332151670692622e-01 -5.831005106230287005e-01
-3.631378074421353630e-01 -1.111124926106457356e-01 -6.608240131754821167e-01
-2.420590759157122684e-01 2.499427011849392755e-01 -7.055426715629377066e-01
-9.385079777915081856e-01 -3.503899890197902378e-01 -3.065894913869290361e-01
-6.256631329351238779e-01 -1.596612433566197420e-01 -5.496078145311529273e-01
-9.061405947140925843e-01 5.640305175326173481e-01 -6.372111697094908767e-01
2.326529208563737627e-01 -3.475993058796640334e-01 -1.677076240707619237e-01
-9.107175218130337813e-01 -4.819129103258760205e-01 -8.012354571336235409e-01
-3.209171485254898593e-01 -7.589358646296159860e-02 -2.867473900733462644e-01
-2.198824904081900511e-01 -3.942535016728423436e-01 -6.339828249398978821e-01
-6.726158099832836301e-01 1.426323329345021047e-02 -3.974659893022023383e-01
-7.571895995305333305e-01 -3.683877911694025675e-01 -5.279428382639956840e-01
-6.717122815128132585e-01 -6.863669944493360209e-01 -7.795944694208724046e-01
-9.242732815642075161e-01 4.106876383468582858e-01 -5.790699502854260716e-01
-2.292011569619791800e-01 -1.918997449992692617e-01 -3.632411424950479639e-01
-4.308183814781196830e-01 9.935936904288171778e-01 -4.941362970161343737e-01
-9.267182839624631130e-02 -2.228670627546643079e-01 -3.756515945267519530e-01
-6.517032729483523967e-01 4.549692695191345226e-01 -6.420251585912215564e-01
-1.155222578584249371e+00 -6.243215814849165657e-01 -5.349587134721206505e-01
-1.104346343168049138e+00 -5.542085081328981255e-01 -5.049823937955171260e-01
5.251348157787570914e-01 2.333559069677799691e-01 -4.508466762746659029e-01
1.722525266962568935e+01 -7.382314481190492828e+00 8.908644216163974505e-02
-4.297853274605656915e-01 1.612275188968592399e-01 -7.876779273305879459e-01
-5.066431070368436762e-01 2.639804772503990260e-01 -5.541660835195307833e-01
-5.448241186794360313e-01 -2.825038203312985052e-01 -2.142861784859305674e-01
-4.126166761586824716e-01 5.205655865484184464e-01 -5.938355569296930314e-01
-2.295651046203497914e-01 -2.258617938955919946e-01 -3.525112659836101003e-01
-4.751309994856465213e-01 2.528808866531501165e-01 -4.255387248512880194e-01
-1.044160590031814051e+00 -1.565288936349210069e-01 -5.764052290286192370e-01
-8.742000523824726699e-01 -4.505657485902173076e-01 -4.969583631446949923e-01
-1.528417831424054407e+00 -6.841640679049129092e-01 -2.418538812776815095e-01
-1.452344470511816921e+00 5.351589349493767189e-01 -1.203493409296258143e+00
-1.226424390348543891e+00 -4.715393731929047871e-01 -5.679850445377129242e-01
6.322678829428309832e-01 -5.378344209214642735e-01 -1.182043947915118576e+00
-1.136561140153131033e+00 -3.265322370010106390e-01 2.403126854724043915e-01
-7.026925122563383308e-01 4.130151306438896164e-01 -5.164915805682340766e-01
-7.565971664544886011e-01 -4.826433776437747958e-01 -2.641219515544256380e-01
-9.640354771103772924e-01 1.986178908050755254e-01 -5.005409588790544761e-01
-9.628575151425022849e-01 -3.296413059660864842e-01 -4.918399314360725749e-01
-1.117291947124898099e+00 8.119667421440347754e-02 -5.159468287732730252e-01
-3.731310158617501815e-01 -1.448568054562097418e-01 -1.010933061987831172e+00
-9.406768747942811926e-01 -1.544328212986737295e-02 -5.027441822318091669e-01
-3.256594588629376230e-01 -1.554785995050418090e-01 -6.472428385173266685e-01
-6.198698634785826389e-01 1.075746854418232479e+00 -3.554710017524856935e-01
-2.223687780787161339e-01 7.636970248703581210e-02 -4.647703955929535224e-01
-1.369608576787066267e+00 -8.637902180737173641e-01 -5.387651005353014666e-01
-1.101716360115630788e+00 1.103724319289620392e-01 -4.268036778374154072e-01
-5.788625194050708300e-01 2.654864247691772206e-01 -5.915652285846476621e-01
-2.704447479622321682e-01 7.259334729580829704e-01 -9.001962542167013526e-01
-5.561638128415445914e-01 -1.853377188825480471e-01 -2.910422053971370437e-01
-3.270027185014853233e-01 -1.569132490026574067e-01 -3.984028191895818138e-01
-1.212174669562608331e+00 3.747951547168242858e-01 -5.710697730801126415e-01
-3.247752383282460076e-01 -3.946623459734801553e-01 -7.511011800687055207e-01
-6.190315418929859259e-01 2.878939238709707013e-02 -1.290317227577027603e+00
-1.065257038008807999e+00 -3.505990579506293447e-01 -4.210716538832630640e-01
-1.280445648705612338e-02 -3.336175007669318071e-01 -4.200301310002206856e-01
1.506219262376678747e-01 -4.117847865773203164e-01 -7.262643772798585973e-01
-9.417803642991737778e-01 4.645111642966409660e-01 -6.764556799145649002e-01
-8.666184620154541163e-01 -2.046855805541457074e-01 -5.218575239522097453e-01
-6.998489243891243827e-01 2.343856002093794300e-01 -5.106181836484227077e-01
-3.674739780773524367e-01 1.837153905251475983e-01 -8.204852714415655779e-02
-9.258388412911850995e-01 -2.411891681945060317e-01 -3.413521904615170466e-01
-6.593018896687867780e-01 -3.839426629914556299e-01 -9.839201733220270807e-01
-1.394676477889168265e+00 2.358367093021991323e-01 -1.158621425944494021e+00
-6.131025772244514949e-01 1.433701135506331437e-01 -4.608652445752122739e-01
-8.282599185282687460e-01 -6.173193703970637491e-01 -6.771653029688382563e-01
-8.838577570371419778e-01 -5.394704387489935860e-01 -6.374621213528250951e-01
-6.326399661068996538e-01 -3.802704703038000678e-01 -9.059285119618909476e-01
-1.710644885865183040e+00 -4.423570481082463868e-01 -1.055560312857092287e-01
-3.893111721500819300e-01 -2.394770441173756093e-01 -4.606002700913824910e-01
-1.152656604750865732e+00 1.713233823296381464e-01 -5.637893932223994042e-01
-9.107262033715539662e-01 -2.370133063714962851e-01 -7.821912124354171159e-01
-7.632573283635885053e-01 1.893749334749131319e-01 -6.067859104733919207e-01
-3.554682510295095188e-01 -1.177848242444114596e-01 -4.845610014309673086e-01
1.518785984220716589e-01 9.770366649148993776e-01 -1.337425099137514284e+00
-3.709833046492389541e-01 -1.112006848353011834e-01 -4.608585857154446352e-01
-4.536188157784918906e-01 -8.651887727525059760e-03 -3.116570099079762901e-01
-1.023671190168374379e+00 -1.617759843156999777e-01 -5.498997953193042187e-01
-7.390199863566009331e-01 -3.908668730959521942e-01 -4.178192868959536010e-01
-3.262481166394189391e-01 -1.787951677828071850e-01 -4.004009221567861321e-01
-7.023758410603947455e-01 4.468269653062254682e-02 -5.392890431436133669e-01
-1.581262229940482711e-01 -4.553140200611847238e-02 -3.037683213642852209e-01
-6.876610749670206690e-01 -3.956743945359242898e-01 -1.121887467054505649e-01
6.284770899437638891e-02 -5.199290089809399662e-01 2.872086442964675856e-01
-1.519818754075906497e+00 -5.896039226702995961e-01 -4.686846670345350407e-01
-1.091659172475554218e+00 -7.901481720343487281e-01 -6.814921542806204879e-01
6.688187999094485914e-01 -4.632382047378501566e-01 -5.838981189624179446e-01
-4.939389289192032684e-01 4.497297108924881437e-01 -6.835558262504017879e-01
-9.053215646871299871e-01 -8.653530249558004372e-02 -8.275866502340445408e-01
-6.184246253860503639e-01 5.705098911565278930e-02 -8.771118029474056499e-01
-4.738073561250144006e-01 4.823529771309489900e-01 -5.729048929743302265e-01
-7.754906320723010671e-01 2.172790076713953245e-01 -6.065372564484372564e-01
4.564435791593408065e-01 -8.522137384079572775e-02 -7.354433127400935577e-01
-3.090374688430768124e-01 1.254735876064428379e-01 -9.707147994565952231e-01
-1.099880041516431817e+00 -7.854080364628712729e-02 -5.686138529227866556e-01
-4.455528957096367981e-01 1.576452128020051358e-01 -6.811812190476675966e-01
-1.620565311281687570e+00 -4.392520925762398720e-01 2.428548185236802659e-01
-5.869693609515808097e-01 -3.484950085504695538e-01 -3.527483808179315838e-01
-5.865487035255622095e-01 -6.331900787679654030e-01 -6.650530173685242907e-01
-1.051347416970694004e+00 6.304530552299730806e-01 -1.706007352617751049e+00
-8.669983670676881249e-02 2.035331413330206951e-01 -4.450701210330646473e-01
-8.120735226416909702e-01 -2.025026577145155604e-01 -6.461682660741779882e-01
-1.004152564502832856e+00 -3.550222097674823885e-01 -6.506240918106940274e-01
-1.081209031711086954e+00 3.706498036756683545e-01 -6.858449760136279272e-01
-3.772736863512012317e-01 4.221103680026858096e-01 -5.153265663245442108e-01
-5.035786113845708289e-01 -6.453222680704416847e-01 -5.873605889369548638e-01
-4.502741665015873029e-01 -3.608082884511095156e-01 -9.146209299910305901e-02
-4.814434228460605647e-01 7.133972573603188094e-02 -5.589150009499620486e-01
-6.144281793847637951e-01 -1.520006565697414880e-01 -4.543039843994892135e-01
-6.922310630508616835e-01 -1.222631319243464576e-01 -5.537880485026194233e-01
-1.100022194405070541e+00 -5.949276408568503899e-02 -5.439820746530219520e-01
-9.171023926219928901e-01 -1.384529867450196849e-01 -5.146878892306059328e-01
-1.698166872804032002e+00 -6.490520930827975432e-01 -1.025844797706976452e+00
-5.362088034548377902e-01 6.568191741866402644e-01 -1.170211458153200601e+00
-4.321464933727464097e-01 -1.359477940368921008e-02 -2.119111745301799632e-01
-3.887639617377367518e-01 -2.810387109502356963e-03 -4.808684189537633658e-01
-2.335802877667427224e-01 -3.220315431564482189e-01 -4.421019977226343656e-01
-1.865062894651489944e-01 -4.303225338304525471e-01 -2.350075036293703401e-01
-1.008942468976328000e+00 -1.813746616351845642e-01 -5.858317907450116824e-01
-7.032358422753214322e-01 -4.745593614106121683e-01 -6.192750320106663597e-01
-5.542331686006647384e-01 -6.188375476853190671e-01 -3.428907141563328209e-01
-1.176459052072100775e+00 -3.896578583716829303e-01 -5.435257071867641843e-01
-8.682058917498383099e-01 -9.332417447400702393e-02 -4.881790560712454541e-01
-4.623583838404227708e-01 8.910940479318903151e-03 -7.024762110057817255e-01
-9.508784240447147873e-01 -1.399885283202243202e-01 -4.394104100250066924e-01
-1.222966611573057749e+00 -3.209020359176572579e-01 -7.132033241555254532e-01
-1.434809336385882983e-01 7.683315497421688844e-01 4.420899825852056542e-01
-4.198992991239631767e-01 3.539263367914730063e-01 -6.254825068666733934e-01
-9.357418983316583283e-01 -9.992743928361118300e-02 -4.573101019599113970e-01
-6.622235172818294879e-01 -4.618619524975238200e-01 -5.780634823468771000e-01
-7.812544941880271709e-01 -1.585897250029384697e-01 -5.005113041545591335e-01
-8.444496799752820859e-01 2.884706836257163176e-01 -5.969494935619535925e-01
-6.658882964052519338e-01 2.943596846141031120e-01 -1.966719103712683547e-01
-8.587766232963193191e-01 -2.473001816572658884e-01 -7.491607194535931935e-01
-1.112888520398553016e+00 -2.558301243470767483e-01 -3.683235572256516877e-01
-1.156293058035221977e+00 -6.767927796967712628e-02 -4.798015885110877288e-01
-1.163467697335317519e+00 -4.163346627404864581e-02 -5.015938858489636942e-01
-6.943417194470749010e-01 -3.415995930517080059e-01 -6.289775777347597074e-01
-9.944397992784206886e-02 -9.956051962520737209e-02 -1.011950388547548263e+00
-1.008872832553998178e+00 -2.867693190850523211e-01 -5.745425924358911196e-01
-8.756276426564129078e-01 2.561016517105746959e-01 -9.964389631800320002e-01
-4.392583788534618061e-01 6.160193449656300446e-01 3.516204958061597274e-01
-3.337926092197712191e-01 -2.203459964338043975e-01 -2.660369025267294019e-01
-2.066633891921887678e-01 8.147269923339575670e-02 -6.768386639687213879e-01
-8.599722244162004703e-01 -3.048947975690883827e-01 -4.688577228574931643e-01
-3.288448165175958948e-01 -8.858240202442531352e-02 -5.399014519395929357e-01
1.735745417618971231e+01 -9.412216590186933018e+00 -7.117917041970271974e-01
-8.525949262406921081e-01 1.990210448417980837e-01 -6.046555922245441250e-01
-1.004232036689581387e+00 3.468099928067601700e-01 -5.178674136331248290e-01
-3.658397862131602674e-01 -5.431970219541266687e-01 -6.203728437158803066e-01
-1.052736533378048955e+00 -1.133577362632936514e-01 -1.126068835333235291e-01
-7.780852947968183164e-01 6.574031391614646447e-01 -6.671376202437011571e-01
-6.663275062980775765e-01 1.388844194898198603e-01 -6.006954946815042939e-01
-4.829148314444242085e-01 1.533796298413369619e-01 -7.913795256610314244e-01
-5.531748865250283309e-01 -2.758274779559308776e-01 -5.459481465229624186e-01
-1.435031272680921566e+00 -4.064925349381149494e-02 -6.040605844920214906e-01
-7.696373286814955916e-01 -3.829559173606904565e-01 -6.812636830179448211e-01
-7.135652487237030828e-01 -2.276635083263739423e-01 -3.880702921968240404e-01
-7.257072731485024741e-01 5.375405723691585314e-01 -5.354671146829296235e-01
-2.997572039370910435e-01 5.127808779583418325e-02 -4.476673561264099543e-01
-2.316980597047220980e-01 2.911284779966080150e-01 -5.608630341673103148e-01
-9.495716356264404245e-01 -2.117262487120365466e-01 -4.722611280932096367e-01
-2.593534638141820059e-01 6.867607992104763914e-01 -4.245978912050470400e-01
-1.149426191768508465e+00 -1.557889492867717829e-01 -5.251314493380557780e-01
-4.938756394678814887e-01 1.503719042753541846e-01 -8.363246264205409508e-01
-4.809268788916266080e-01 1.859149689670894778e-01 -3.578851598104109133e-01
-5.486309299417825303e-01 -4.552026676199497079e-01 -2.511283900365777200e-01
-6.787535181509737336e-01 9.787497309209043650e-02 -3.572047885351679608e-01
-2.444003529854243684e-01 1.189343030357890574e-01 -6.592941922134414323e-01
-8.600255510647601964e-01 -3.170390334434986523e-01 -5.888903480595589768e-01
-1.185365198367918760e+00 3.837584380945096574e-01 -6.944728289706424418e-01
-1.419588218846729921e+00 2.916578492186667204e-01 -5.373802185657771124e-01
-5.105130059790942143e-01 -2.893003277987368227e-01 -5.361773330194393727e-01
-5.561126998852883307e-01 3.087519955819843509e-01 -7.057050474100092785e-01
-5.613326912480439690e-01 -1.162090461702081773e-01 -1.137845975159244238e+00
-8.436088890446241662e-01 -1.698331962229885639e-01 -4.536663126211367691e-01
-6.715848845893045427e-01 -7.183458058870473284e-01 -8.626996870477706691e-01
-7.891119251651900202e-01 -4.790780960594942517e-01 -4.554589556633548697e-01
-1.006725929617997561e+00 3.737963731616509300e-01 -4.111148779492329597e-01
-6.857365525524323768e-01 -1.808846132192572231e-01 -6.031895377558984528e-01
-4.198213383896768902e-01 1.329320557852794737e-01 1.069503055255139196e-01
-3.979694908137305642e-01 5.518851033208651419e-02 -1.126119978038616631e-01
-8.492124473899892445e-01 1.252571652395128854e-01 -6.121968067793666091e-01
-5.772004965401874577e-01 5.889203521119371065e-02 -5.469568058767955154e-01
-1.154831404459524258e+00 -1.029998906349816751e-02 -4.264711280465696697e-01
-8.196009507761715662e-01 -1.186379264857008176e-01 -5.487496848801255434e-01
-8.298616217590685240e-01 -4.027633864641968486e-01 -4.152195697037255329e-01
-1.843396341944597283e-01 -1.162288602008154648e-01 -5.540016276133429285e-01
-4.819563454190536889e-01 1.026797853405389260e-01 -5.616921576859699172e-01
-9.368359858151157349e-01 2.838963163158089720e-01 -5.554659655785538774e-01
-6.008254263170175191e-01 -4.248711374570920407e-01 -3.217535404027152546e-01
-2.732793908279617656e-01 3.544555661103406807e-01 -4.696701876130478515e-01
-3.661262367064014867e-01 -6.255426335089057099e-01 -2.747778331021211162e-01
-6.839336563680173953e-01 1.616890658307613624e-02 -5.343313629867038062e-01
-5.877892422774569914e-01 1.466496398752811514e-01 -4.110102324841586885e-01
-6.424142921149995633e-01 8.477120435257342601e-01 -2.547308351991852127e-01
-3.894307435865410616e-01 6.580788469276482866e-01 -5.393757106372807364e-01
-7.335288217102949870e-01 5.867507620694878412e-01 -5.791218942875853148e-01
-5.734293883915102530e-01 -5.368993584167135458e-01 -4.612372154938224056e-01
-9.185133137141976434e-01 -3.512432605986324785e-01 -5.135461094473877663e-01
-3.659310959974436672e-01 -9.126048952207059806e-01 -6.807221951691498907e-01
-5.680424037261677661e-01 -3.450856832333755730e-01 -7.517294901054826228e-01
-9.137420173281890490e-01 -2.125855163043643276e-02 -3.919222920184869952e-01
-1.607492352733851826e+00 -3.015576222668066575e-01 -8.437458986003125716e-01
-1.380876673914570307e-01 -3.985693605917354776e-01 -3.786278463913762549e-01
-9.143469058778405101e-01 3.314121892887422760e-01 -7.472146386787559269e-01
-4.018472679510657342e-01 1.829979148899439079e-01 -1.808050872551706101e-01
-3.761920912588521682e-01 -8.686449291916774340e-02 -4.998973732948695514e-01
-1.011628648636841321e+00 3.366586484311316907e-01 -4.890437113834266714e-01
-6.912766481036548144e-03 6.999689094777324094e-02 -7.705440253534472372e-01
-7.982254167149358537e-01 6.818221681052569760e-01 -3.246294212179216543e-01
-1.126055688312368602e-01 -5.631330598164610568e-02 -8.391549690037788389e-01
-6.732493603903615398e-01 -4.387573480650484581e-01 -4.428528759664493997e-01
-5.375738817785667978e-01 5.666455147554680938e-01 -5.619634821438692640e-01
-6.195984875619779952e-01 -5.158173530163835396e-01 -6.063890154164693902e-01
-9.018792160080188469e-02 2.547818996905458211e-01 -8.300835781061228769e-01
-1.482607919780726258e-01 4.340622141859805661e-01 -8.106919426084183700e-01
-1.061505067333139707e-01 -3.532015204574112111e-01 -5.507260951344485900e-01
-4.440239516734441616e-01 5.708703884592642927e-03 -6.933733862839830397e-01
-6.707872654501684240e-01 -7.339498906882462315e-01 -2.481459878673100417e-01
-7.331638748452619092e-01 -9.100017863503973015e-02 -3.103262220978105224e-01
5.868771859381761991e-02 -1.596731306446257104e-01 1.947921820365362822e-02
-8.592432145102633090e-01 -4.579934261223742031e-01 -3.068708151111063653e-01
-5.929789670281844227e-01 -5.566457568933441680e-01 -5.943957821489389559e-01
-7.690154173829873985e-01 4.639838714161695354e-01 -6.336558183403798727e-01
-1.041371769179107343e+00 2.933150383668863270e-01 -5.896078718319390788e-01
-9.923735708870461414e-01 -9.176654128866549298e-01 -6.185738942393256279e-01
-3.856114171460209850e-01 5.474335227056544850e-01 -7.347387243847126603e-01
-6.086467163203179709e-01 -2.964006682051151254e-01 -5.561711108362711320e-01
-2.234197264737214639e-01 -8.774215067277249536e-02 -3.464385253775489892e-01
-1.138758717887218275e+00 1.646208658160948635e-01 -5.831065163005684227e-01
-1.048454295376473944e+00 -2.768089446304502488e-01 -5.352916764778435921e-01
-9.873730971319704119e-01 -3.036031782141679347e-01 -7.360714516853745781e-01
-3.159213987969092807e-01 1.179991806031324350e-02 -1.291901106753825301e+00
-2.135294417890126750e-01 -1.649952267977095599e-01 -5.924212035451831282e-01
-8.068402045284048807e-01 4.587099296829187378e-01 -5.203824280587338036e-01
-6.055933200692984464e-01 -1.832790787403778821e-01 -3.368752703982104690e-01
-8.890479059695317599e-01 -1.859896332186016521e-01 -5.715635967339787182e-01
-8.637501874231953147e-01 -1.535580180078169599e-01 -6.133555596619967298e-01
-7.254219963310631902e-01 -1.342352044441522230e+00 -3.690341999287535812e-02
-9.984222087856899908e-01 -2.050199015419688908e-01 -4.380915319784080553e-01
-1.197736719127014959e-01 2.613247580118280289e-01 -7.025569960865957198e-01
-5.923999392461515301e-01 3.140502670487863579e-01 -5.926119003247769523e-01
-4.179311698856147950e-01 -5.947425598180187262e-02 -7.870167782229330333e-01
-8.027152035211504444e-01 -5.434678939073120940e-01 -4.343725336525555147e-01
-5.524278483019391395e-01 2.233057112016451351e-01 -5.166688326378614526e-01
-3.575391299580832349e-01 2.746479201218337413e-02 -7.154621756985213299e-01
-3.837780681355306700e-01 8.195065454830832707e-02 -5.585978462951848300e-01
-4.686574907224231867e-01 4.727569510267498609e-01 -6.230712459429152972e-01
-1.111178884377759912e+00 -8.684494316791697699e-01 -6.727898649806561826e-01
-7.431435691135093169e-01 3.345536649978163024e-01 -2.685036805762109346e-01
-4.625981200553432315e-01 1.874962692991856972e-01 -5.692456081004444446e-01
-4.400507670649707603e-01 -2.519524525555421612e-01 -8.333241032993772279e-01
-8.280782451558780233e-01 -2.934186176137009161e-01 -7.695778838877938011e-01
-3.787324015887028605e-01 -1.195430464999098913e-01 -2.112963188960465810e-01
-9.454312768610114714e-01 -3.084368329957761223e-01 -4.994595676049299326e-01
-9.971622249386469239e-01 -7.477141574160898196e-01 2.195370633675244043e-01
-8.053695811111265535e-01 3.287185245527373123e-01 -5.680290806996595165e-01
-7.604783309977162231e-01 -5.811492902409233496e-02 -1.369469849443592846e+00
-8.735873734306429661e-01 -1.989184351692833697e-01 -3.874471941785485041e-01
-8.972443193830996755e-01 -1.938908147977679020e-01 -3.576792810459131222e-01
-4.538772126307654697e-01 -4.042603607193033521e-02 -5.180476542362244530e-01
-1.131071066847748385e+00 4.284764932876337223e-02 -5.464669854651783565e-01
-1.142995386591441731e+00 -8.111130146831869725e-01 -4.052222946775602824e-02
-1.013230840629165908e+00 2.906679402150732505e-01 -6.723909249609371086e-01
-1.745596957995275478e+00 4.108673988291361989e-01 -2.198372446601980779e-01
-5.938591757286842965e-01 1.237168029135071734e+00 -7.845007336709096668e-01
-5.423368799242936911e-01 2.677673678619796327e-01 -7.688625637080150899e-01
-4.651103649978425847e-01 2.057348601411631839e-01 -5.757764527877381466e-01
-8.978656679506105132e-01 -5.842533603155416477e-01 -4.448550656697811134e-01
3.301850647391311733e-01 -1.215627461117598368e-01 -5.522300561633723959e-01
-9.177121868431747487e+00 -1.951123529850169902e+01 -6.600355811607616641e-01
-1.074919354974544383e+00 -7.475390299531197158e-01 2.598121662778182239e-01
-1.399753715448828484e-01 -4.258671030916100220e-02 -4.668887601572271340e-01
-1.174688210412103029e+00 -6.132423715679752307e-02 -4.913248758493613533e-01
-5.977220384913961571e-01 -4.430289615937977321e-01 -1.268517603558826923e-01
-6.276295481461641179e-01 2.195798925508672950e-01 -8.111790013659671006e-01
-6.410253831324284057e-01 1.499212198695430154e-01 -1.882037611139207589e-01
-2.484824120723845842e-01 -1.706995886104520077e-01 -2.498864083163682415e-01
-4.652616933168475244e-01 1.081513607565925267e-01 -2.537503974727503553e-01
-8.416064010738401047e-01 -3.646807817660759898e-01 -4.096277046569567482e-01
-3.126194333918212998e-01 2.616385620153712649e-02 -5.861232394423513403e-01
-1.034516526025081706e+00 -1.443198651588191161e-01 -5.999492951743807811e-01
-1.088792363545241892e+00 -1.173030294466366336e-01 -5.597751203542132847e-01
-1.060663412041453091e+00 4.226323074675311653e-01 -6.066844289073931584e-01
-9.345257288421091602e-01 -1.459229254120975594e-01 -5.482914019728305499e-01
-1.068433245446604785e+00 -1.864862724380197262e-02 -4.333887823233633085e-01
-4.804869899092871766e-01 9.135892797761656359e-02 -4.650633014680581878e-01
-1.080766960613247729e+00 -5.019053287620739434e-02 -5.381939369346985247e-01
-7.521775635734962995e-01 -2.744552185659656085e-01 -7.955143849445923676e-01
-1.142094306564570783e+00 1.190387434578401793e+00 -6.587870844977378182e-01
-9.479093697805198726e-01 -2.214881216728965818e-01 -9.220147870825493586e-01
-3.996813322768310583e-01 4.302620212158392854e-01 -4.160269989346097042e-01
3.269780438619603741e-02 -7.416460992731099822e-01 -4.666374485417851270e-01
-1.131924417445485442e+00 1.544257225285869395e-01 -4.900017441837982712e-01
-7.060402049413437853e-01 1.626783301607831467e-01 -5.897762359010206845e-01
-5.378186337117016880e-01 4.111080219806820812e-01 -6.377451638498584652e-01
-7.776563317454127100e-01 -6.425091652216026183e-01 -5.657344664273210588e-01
-1.586617077651331753e+00 7.165337699886594747e-01 -1.565153965282920501e-01
-1.798410216149795848e-01 -4.808539544030454582e-01 -5.822451501395595752e-01
-5.481466356304899312e-01 -1.226539494031323313e-01 -3.577343693460410812e-01
-1.069427651732960172e+00 1.309559436550297162e-01 -5.830717524037134503e-01
-1.255765444432137279e-01 -1.188986665896677591e-01 -4.207350224897344337e-01
-8.552345365381435194e-01 6.770574554141410850e-01 -2.188050296713224541e-01
-3.035634315312454312e-01 -2.539964507021734152e-01 -3.907460871364827337e-01
-5.061901044456369458e-01 -7.673384325581814602e-01 -3.041247541640860752e-01
-8.798940238837785754e-01 -4.082898465155324619e-01 -2.745926699867604071e-01
-4.340706926403872790e-01 2.538586756507436037e-01 -6.547342415160484208e-01
-4.440939825262367746e-01 -8.113573431645629830e-01 -6.010497649237085405e-01
-9.182708558183665382e-01 3.647045553961007491e-01 -5.819911035518213760e-01
-2.227429878304700850e-01 -3.930770384664485917e-01 -3.990303150704007096e-01
-8.474744247275263209e-01 -3.800751679572716285e-02 -4.939874986652132427e-01
-1.187325589114011981e+00 1.013940557529408593e-01 -5.332604651763772630e-01
-7.717632637013582819e-01 3.637155798222538317e-01 -3.728523914679828244e-01
-8.862177274174619646e-01 4.195430997428183373e-01 -6.623062544159006304e-01
-3.895223496106663963e-01 -5.532677920744015765e-01 -3.248802164085571320e-01
-8.636773789710405769e-01 4.179302996749794108e-01 -5.891426132095527457e-01
-9.221083286916902377e-01 -1.660338571168967770e-01 -5.040797802615839540e-01
-6.500719957712562946e-01 4.569601088667855082e-01 -5.151849158292776121e-01
-1.124792062919967695e+00 1.158013232510314156e-01 -9.608604088829850731e-01
-9.840082972109407411e-01 -6.431852391027693683e-01 -5.129823109747646548e-01
-1.268019651292935368e+00 -6.183298586685745946e-01 -8.196290699593293538e-02
-5.385669038275416876e-01 5.007449985723105845e-01 -5.451851422581428519e-01
-3.171906033925442903e-01 3.953520852172947575e-01 -6.317318690364011058e-01
-8.278962876947560945e-01 -3.924140114621592623e-01 -8.328544552917248600e-01
4.035329834138133287e-01 9.759694581188849138e-02 -9.065541820974893916e-01
-7.491166772637235516e-01 -4.166714875745657909e-01 -5.428157413372030060e-01
-4.069613879473134022e-01 -4.146584268924533023e-01 4.047117493610919992e-01
-6.440212996195519013e-01 4.271620095683043572e-01 -5.433691042079189515e-01
-5.072293690252678289e-01 3.497554358781939654e-01 -6.437672431047137822e-01
-1.641945954194233281e-01 -1.193124684715082678e-01 -4.642982297274241277e-01
-9.849773656452167625e-01 -1.173653424120050109e-01 -4.082344529115408682e-01
3.441239957197586574e-02 -2.497706205874445085e-01 -4.900270614041223743e-02
-8.087388885149829898e-01 -2.059179444545456983e-01 -5.983345311159490310e-01
-6.204769757087839066e-01 -4.321580550106299268e-01 -7.523056974660028429e-01
-5.180459849419366547e-01 3.867791166507169587e-01 -5.275613723226937335e-01
-3.642076180809476482e-01 -5.319546063599877028e-01 -5.954149379544680931e-01
-8.437279732624100026e-01 -5.692111319669367342e-01 -5.517153666243637122e-01
-2.359098061637251165e-01 -4.877805574380499748e-02 -5.575294568287243457e-01
-1.042322038510440585e+00 -1.312388460417132086e-01 -7.915778414488345849e-01
-4.339940086423767496e-01 -3.840542548999837380e-01 -5.213355142024044264e-01
-6.768854034950554377e-01 -5.930943254190180758e-01 -5.743390444351241797e-01
-9.640021412147210533e-01 1.800617335568875654e-01 -1.989632032280559126e-01
-2.693882831142618839e-02 -2.594611067944266325e-01 -5.679681215998196864e-01
-1.238873876664391416e-01 5.734028445691753406e-01 -1.023724312208641241e+00
-1.090783088586295912e+00 2.928134464030451509e-02 -5.675439841182409184e-01
-1.127133490913218683e+00 -5.400028777271851377e-01 -7.070095557386820717e-01
-7.152484443119023760e-01 5.873059475497165866e-02 -6.264329498460277090e-01
-6.055771432980838753e-01 1.322657541530289083e-01 -4.395814381027027262e-01
-1.105130472701969291e+00 3.860255172469655160e-02 -7.297715403080804464e-01
-8.035085455918623554e-01 -6.129711201216315741e-01 -5.045441868448520273e-01
-9.598041335772270477e-01 -6.203603519773333019e-01 -2.396057979033557883e-01
-7.092104041152222926e-01 3.097915440230189499e-01 -6.527331812728457416e-01
-4.936987470826419422e-01 -2.876416822486062008e-01 -7.509139194461263989e-01
-8.805723863103663840e-01 1.105059761642646077e+00 -2.036757705558922271e-01
-9.720967709565011550e-01 1.298854429111865327e-01 -5.235914029128996283e-01
-1.125579542886183892e+00 6.621997917743066564e-02 3.381441808762774559e-01
-8.923278918414501160e-01 -4.968120560522350515e-01 -1.330655912445723454e-01
-3.839865287084203715e-01 3.718643446940348429e-01 -3.582160096489529488e-01
-2.907709081191618417e-01 3.205578296458338472e-01 -4.471978428218860713e-01
-8.863437328727211684e-01 -6.028556554636432807e-01 -4.446861258501332292e-01
-3.429599963930884954e-01 -1.175800977647800810e-01 -4.945402809133924715e-01
-6.605736045020538239e-01 -8.998903509648754628e-01 -6.408626671713749667e-01
-7.622586134725527485e-01 1.576028075198222522e-01 -5.860098059377815138e-01
-6.389334502095443957e-01 1.497981421882767505e-01 -5.420399088348440975e-01
-1.139634493546845428e+00 2.958224859313923760e-01 -7.194023350661994387e-01
-9.501246702462641247e-01 -3.475548339498262806e-01 -5.415955277582523708e-01
2.328904786038480113e-01 -8.216943858540843859e-01 -1.145366945933361968e+00
-7.094748720899106686e-01 -1.751247011454051539e-01 -7.253703825846384845e-01
-2.482618288789292249e-01 3.249796639721662106e-01 -3.076032274184221649e-01
-3.092259174761097795e-01 2.482739250384376206e-01 -5.940177342583364828e-01
-1.023474949705948545e+00 -2.023319602039793386e-01 -5.267982049935854283e-01
-7.769709854091714218e-01 -4.971397799796609118e-02 -4.148436199140390634e-01
-1.125618303610490090e+00 5.461907133340724307e-01 -1.313690509162436237e-01
-2.999902674664144397e-01 -3.518259552438844362e-01 -5.803167701725606697e-01
-1.089769179457635184e+00 -6.318128754573668071e-02 -5.350529951799439798e-01
-1.584765486222076358e+00 -8.432760472326433776e-01 -7.681997766249709647e-01
-8.708513619201664335e-01 -6.163841280073262263e-01 -4.167370327415395592e-01
-4.561388816422564663e-01 -8.062991392663165779e-01 -8.125219754107538828e-01
-5.223954976153648566e-01 -1.099728683627152925e+00 -1.049470685668495884e+00
-8.635772617740529178e-01 -1.239899334238594997e-01 -7.260262444516661917e-01
-9.709531688775869807e-01 3.626747362382892192e-01 -5.790693991001740759e-01
-5.078851335640044429e-01 -3.887688441358478908e-01 -7.214692733640516442e-01
-1.310856029287931768e-01 6.427768906379498215e-02 -8.573409060322931818e-01
-8.031185890419261231e-01 3.402970721062881232e-01 -8.678248195503717177e-01
-9.260297699473575284e-01 -3.390200207496417151e-01 -6.149731064022007088e-01
-1.689073951939106255e+00 -4.958313969515427966e-02 -1.836347779059520346e-01
-1.130287995664465139e+00 -7.159244276259284223e-02 -5.390679952304702205e-01
-8.744239182950208633e-01 -1.714608752754150367e-01 -6.212313623907764759e-01
-5.326613925737495592e-01 -1.053803574767139678e-01 -5.272002879031628675e-01
-8.562505705654464006e-01 4.048402646411891626e-01 -5.423485267678828103e-01
-5.067276276454353301e-01 2.722927505724882513e-01 -3.064106431635787997e-01
-3.971459675177133053e-01 -1.589621162269515831e-01 -4.326427857813861522e-01
-7.232101244140830554e-01 -6.518111817812440867e-01 -9.158976999403456443e-01
-8.019478589933727308e-01 -1.328699954903533598e-01 -6.631852887950979714e-01
-7.316712363190128743e-01 -4.364669170914238783e-01 -4.786653832586210688e-01
-3.661148043813073905e+00 -2.225938392210410299e+01 -7.523885692792182667e-01
-6.985432757186414987e-01 1.113283262202080959e+00 -1.074246935825354576e+00
-2.538583777542157693e-01 -1.444508430155425072e-01 -3.107409017904045889e-01
-2.252074700043718292e-01 -3.193327982872858767e-02 -6.103015331536172372e-01
-9.974631300338757667e-01 -5.700193475620608796e-02 -2.933957842026592711e-01
-3.949375993023612752e-01 -2.289852907417944672e-01 -6.008366333410501969e-01
1.676420008036100806e-01 -8.151373880083393475e-01 5.140354422385873256e-01
-5.825931682553903146e-01 -2.822091450701362803e-01 -4.571440669876294383e-01
-6.725014388071166582e-01 9.652486226331416508e-02 -6.164000431712485240e-01
-9.886100739225470724e-01 -3.227856124286037631e-01 -4.479263773240778623e-01
-1.148947902717206038e+00 9.489868459990870309e-02 -8.072796916828411939e-01
-4.517321051523980335e-01 1.809448693006993347e-01 -5.451545755306166363e-01
-4.621356660677560790e-01 3.046294218161881839e-01 -3.971776733020742078e-01
-1.029603080044095398e+00 5.248324945179712042e-01 -7.287428450115857048e-01
-5.468219750369593957e-01 9.255819156565696371e-03 -1.017181864359619770e+00
-7.072024991414680439e-01 5.979919171005037004e-01 -5.046798359966143677e-01
-3.459239323167391245e-01 -6.617193756505106439e-01 -2.759920978314521767e-01
-5.724401948272830332e-01 9.736634878245851998e-02 1.415323580579653517e-01
-1.178558612638439973e+00 -9.198361852675911166e-02 -3.913748604662813935e-01
-9.713035006764012547e-01 -1.213596120600211603e-01 -5.249211628457194356e-01
-9.107343809401723389e-01 -1.965747810699894071e-01 -1.884768819501916326e-01
-5.903273318133938075e-01 1.504423864879320810e-02 -5.562820970426901601e-01
-5.171140069936377426e-01 4.392941832623383225e-01 -2.398750734348744362e-01
-9.996194859507834263e-01 -3.707435790681826160e-01 -7.190715696935950918e-01
-5.013036485948193510e-01 9.831161125028053949e-02 -4.938366857842786950e-01
-1.779693265455389029e-01 -8.302306220739890108e-01 -1.888550413618990953e-01
-4.635973440250356625e-01 1.888317119601540250e-01 -4.519220686232526818e-01
-2.932581444550870220e-01 6.908750055357396058e-02 -7.573661210322262249e-01
-6.231999668869737663e-01 3.227574846011017073e-01 -5.369671087580533131e-01
-1.309559877731323874e-01 -3.382819325513550801e-01 -7.689114667767841249e-01
-9.256379547803847974e-01 -1.119547066391831346e-02 2.379547959691703796e-01
-4.375474376308453595e-01 2.680280846621175828e-01 -7.147427774662698519e-02
2.031679808223840755e-01 -2.133516709264916822e-02 -6.565212231218726657e-01
-9.290720022312253246e-01 2.832047816901562265e-01 -5.116432129272737717e-01
-5.299790112054379998e-01 1.141164688237586544e+00 -1.090701837275466657e+00
-2.027172032635951027e-01 -1.400755308418755452e-01 -5.517958175605583993e-01
-2.283192993333429954e-02 -2.285723456676012622e-01 -6.958244954801008353e-01
-9.657887046014569377e-01 5.362439065327652132e-01 -5.313274530347903424e-01
-8.221946858558439875e-01 -3.438269526366695139e-01 -6.268420650027815011e-01
-1.092482533432487690e+00 -6.590560007521415464e-01 -4.833891060139388074e-01
-7.452933886851572653e-01 3.760547791346565139e-01 -1.410859745228581763e-01
-1.008921491132658499e+00 -2.789138695018560377e-01 -9.604818911983262555e-03
-1.943330275064946155e-01 3.045771270680465159e-01 -1.195128168401474733e+00
-6.434733009818963678e-01 1.844351749181655509e-01 -6.012404126437598251e-01
-2.439970996463421415e-01 -3.386232726726698949e-01 -7.925573796542950689e-01
-5.885524114582649791e-01 1.152189323537584353e-01 -5.476723502022210477e-01
-5.759355840163740137e-01 -2.028057076153907401e-01 -5.412196003712571590e-01
-5.705463947283799797e-01 5.804006211178677072e-02 -5.345879392036275712e-01
-2.172870921384014720e-01 -5.989277837330790610e-02 -5.352139774437909558e-01
-8.369176854022989387e-01 -9.805934451238441929e-02 -5.674118762944615479e-01
-7.405754501354046004e-01 -2.947837231714565132e-01 -8.241335880333828801e-01
2.423822500058886182e-03 -1.737585398740824627e-01 -3.530737266570792565e-01
-1.513075648525824546e+00 -4.287592757933317844e-01 2.850618057026863550e-01
-4.240423162026080162e-01 -1.087681608082137208e+00 -6.929348041829640481e-01
-2.298161601994265890e+00 -2.281048352741761320e-01 -6.110190878571012396e-01
-9.475269752845677518e-01 -8.169177810305363607e-01 -4.591163538603772465e-01
-7.818093316132880277e-01 -2.474571680785935812e-01 -4.684846691461346802e-01
-5.354601467337449794e-01 -1.626608358736222337e-01 -5.840571654718039740e-01
-3.336627949138974425e-01 -1.690175935828682474e-01 -8.226953565562671322e-01
5.391399781741158526e-01 5.782100855624844327e-02 -7.064536526702838715e-02
-3.840022106542774760e-01 -1.059205686037906213e-01 -8.595653199761704721e-01
-7.362067221541311254e-03 5.130116742164723131e-01 -5.746409207479791226e-01
-2.692015501673978850e-01 5.911278459262567786e-01 -4.244686550518894097e-01
-8.304295627735467367e-01 3.440695430513719955e-01 -3.080398916599003112e-01
-2.377009142608786374e-01 -4.379843186448845738e-01 -6.956378809693947174e-01
-6.197941605399306386e-01 2.183151082967899337e-01 -5.188360548204126177e-01
-5.415576958599441770e-01 -7.411888743329421159e-01 -2.549602852016567001e-01
-3.965918223229210615e-01 -4.131366904315027511e-01 -2.962574110819397033e-01
-9.858009612425772117e-01 -3.992336167887886589e-01 -4.837869588156397116e-01
-9.361784733456335328e-01 8.326204570545071848e-02 -2.779762175333995722e-01
-9.150366930835922563e-01 -1.294672899470887817e+00 -3.242626368569496154e-01
-1.128345792686047178e+00 -2.361425878710346205e-01 -1.020625183477636977e+00
-2.322351295976773367e-01 2.703415207170475343e-01 -4.444836132700614173e-01
-8.550923172630711111e-01 -6.132455584342886290e-01 -3.643332358268636662e-01
-6.337429363801967419e-01 3.089410940341685285e-01 -5.629384965092312232e-01
-2.192773745432874954e-01 1.471826023993692001e-01 -7.961165264055790614e-01
-1.263560348036860237e+00 -2.011309739155924328e-02 -1.151542472064704725e+00
-9.170646503408053096e-01 -1.914597902808580776e-01 -4.700772540352596840e-01
-1.266558528926357841e-01 1.376214113658624227e-01 -5.333228166446997154e-01
-8.415923353009242547e-01 -4.155013141236857388e-01 -1.461361070069043255e-01
-1.042900327212180206e-01 -4.850455798907340466e-01 -7.670238840442773487e-01
-9.340699810930607194e-01 -2.719869870199522199e-01 -4.374426233599119085e-01
-5.702748855627185476e-01 9.137815884928550403e-02 -5.493789281629444243e-01
-4.447764089631849327e-01 -3.672943027353871015e-01 -7.714575727784286352e-01
-1.318755700834614464e+00 5.751116927039584548e-01 -9.616683654034474671e-01
-1.683505939332398949e-01 1.047650586807845619e-01 -6.340533075828692633e-01
-5.541281945900449202e-01 -1.417351354528767760e-01 -4.967386998269469611e-01
-4.219247618870533567e-01 -3.424640290731243430e-01 -8.862272176131387180e-01
-5.016462194812166819e-01 -2.800112113160280747e-01 -2.797614151310681696e-01
-7.782603539999515263e-01 -1.794144548383855287e-01 -5.197365355774365980e-01
-7.892905741291353916e-01 5.632915589587464966e-01 -4.812088576315106114e-01
-3.567629792481132323e-01 -4.196967310512053073e-01 -7.744442024949922398e-01
-1.082521878010875849e+00 1.645513084232821666e-01 -5.336434359046885456e-01
-8.385494853243405933e-01 -3.794588623582947906e-01 -4.581014034202047780e-01
-7.605195158729293192e-01 -4.729805678371823974e-01 -3.278454984565894459e-01
-8.319854897682447126e-01 2.653059296820365343e-01 -4.920785421683748773e-01
-9.404788725193511389e-01 3.160363331078310800e-01 -5.278551013354199073e-01
-6.811203446484482837e-01 3.393798856119834007e-01 -3.869690058638090013e-01
-1.084486662660352430e+00 1.708691653758222517e-01 -5.422131661493944099e-01
-7.756355050578268573e-01 -3.807132449361541049e-01 -3.975532994945406018e-01
-6.133618158458952196e-01 -9.580536408282528185e-03 -6.236195056587573449e-01
-9.899499142898476878e-01 -5.355498086723362583e-01 -2.431301247194949111e-01
-3.789329836802580176e-01 4.456204028302384601e-01 -8.419211268041205676e-01
-5.590728769968500433e-01 2.370726257786269775e-01 -5.718206557497390596e-01
-1.789924306493395623e-01 -4.423666344916150628e-01 -1.072541256142092170e+00
-9.719066711492442279e-01 -2.330852008993474778e-01 -7.648461440441775006e-01
-5.403289535995983162e-01 -3.464354939846775450e-01 -3.756948099326899992e-01
-3.929734979145320106e-01 -1.701002627224500185e-01 -1.512329563930045750e-01
-1.143466107469234494e+00 -1.409887903051006419e-01 -4.637696828111446679e-01
-9.385077060109496827e-01 -3.547984470986439987e-01 -7.373482352412705776e-01
-9.026200140042388576e-01 -1.901383080354265009e-01 -6.357088866181002107e-01
-7.345020410088521912e-01 1.441085084802105343e-01 -8.860060520301745735e-01
-5.656240547088041692e-01 -4.007689680304430402e-01 -3.470360859977959511e-01
-7.432733083529945439e-01 -2.116628662349786527e-01 -1.217830708021769626e+00
-8.537385879593414328e-01 1.927692468409234472e-01 -1.078693334223932876e+00
-7.297384388534343680e-01 -1.834556741192515106e-01 -5.000370449497476555e-01
-4.540032606445970065e-01 -1.094003072514525998e+00 -1.635940228240212679e+00
-4.503367447171248150e-01 -2.187692489562775011e-01 -3.738947200228175394e-01
-9.772077644141736741e-01 -4.841839905724483195e-01 -4.861376819658034809e-01
-5.182317816421335710e-01 3.368082363376149746e-01 -5.193717946535311158e-01
-3.621690961556797150e-01 1.039323552285314589e+00 -1.479311375440279797e+00
-3.364550031151304910e-01 7.965486507822728823e-01 -6.895831580002182992e-01
-1.021318546326149823e+00 9.628835688089948386e-02 -8.063368800796293367e-01
-5.009387056986885911e-01 -4.566844590122268732e-01 -6.076487136801752564e-01
-5.815432628761724176e-01 -3.450966169382203574e-01 -5.580933886485797135e-01
-5.295238288096176804e-01 2.683505329045602039e+01 -4.083708600627724561e-01
