-2.401060051851301669e+00 3.861876574541110996e-01 -9.993085814423586788e-01
-2.311077041223929651e+00 4.807305515765172843e-02 -1.335265037783813780e+00
-1.680078759205150041e+00 -3.490260522712075875e-01 -4.855508473469365427e-01
-1.550990216974583946e+00 7.963033158873599193e-01 -8.473732630063949278e-01
-1.877046254864237040e+00 5.786619809793037694e-01 -1.197912796619758691e+00
-2.028528298714808997e+00 -9.516379719032365403e-02 -8.165578037761969110e-01
-2.570546150158237619e+00 8.998356571174970231e-01 -1.026147369722429925e+00
-2.731977323638862032e+00 4.606758278288383135e-01 -9.222280447515420754e-01
-1.977962284277441363e+00 -1.426504917011957863e-01 -1.065802950491760104e+00
-2.357217808764679567e+00 3.305988351286403004e-01 -8.844098171655407903e-01
-1.954288271934798926e+00 6.074185509728708965e-01 -7.754543654735014391e-01
-1.753714751833614471e+00 5.625097623178267892e-01 -6.298808288306435577e-01
-2.573161963375695471e+00 7.212928321150531286e-01 -1.025731390830319389e+00
-2.177923038247611576e+00 3.390830772421165595e-01 -9.080459384554330216e-01
-2.093458487688069969e+00 8.116779444205297622e-01 -7.260399530633763199e-01
-2.535886565844147622e+00 -7.411166060711162074e-02 -1.049143409608183086e+00
-2.919798608748306101e+00 9.416233348159278593e-01 -1.414750273685693616e+00
-1.906055236405057141e+00 8.865349348519184491e-02 -8.480400449576942501e-01
-2.151064327417627542e+00 1.656587992454624236e-01 -1.117248642735765296e+00
-2.196774525991985527e+00 6.637973990445820149e-01 -9.509088592150666264e-01
-1.883643047570051854e+00 4.216131568841497979e-01 -9.159690162614168019e-01
-2.630893821168379887e+00 1.456211496758950674e-01 -1.708869881915450861e+00
-2.287715785333170881e+00 -1.026548857828614957e-02 -1.025970487469819670e+00
-1.607130910055268203e+00 6.496873383595599405e-01 -1.942904587641325898e-01
-2.814512755941774635e+00 9.014823205855742039e-01 -9.375794144673750274e-01
-2.710724094966839193e+00 2.560964340010880025e-01 -9.210609571715510091e-01
-2.364846099026101989e+00 5.784423086533436731e-01 -9.259428907528297614e-01
-3.154582038468982663e+00 -2.224314124586819139e-02 -9.463174792658692880e-01
-2.519616017478551129e+00 -1.697941560298719121e-01 -9.177504945226541144e-01
-1.858351289485738800e+00 8.815734277661852261e-03 -1.032111230213043962e+00
-1.843475039878964994e+00 4.685656037028897436e-01 -8.763697965260573985e-01
-1.624008522745924221e+00 1.665724437366952748e-01 -8.886664341984900073e-01
-1.900553547603648141e+00 6.270230276758520516e-01 -9.317826340042975053e-01
-2.744614804618022763e+00 6.004998515646920998e-01 -1.195527850865565789e+00
-2.223165322305378666e+00 8.293639200736726558e-01 -1.099280047469491928e+00
-2.155155194229370519e+00 4.771224336399177562e-02 -9.617430548162837489e-01
-2.501569180954627658e+00 1.705314821950146553e-01 -7.859601007135669226e-01
-1.618654977401920325e+00 -1.858953877070887439e-01 -8.983769031264665639e-01
-1.910756259593215933e+00 8.630242422883956932e-01 -9.703360861391480130e-01
-2.083213533291882413e+00 2.018509948008671284e-01 -1.176834924493671997e+00
-1.278193705651264445e+00 -3.572198744380925550e-01 -1.180966486828941786e+00
-2.382747285607802468e+00 6.617531264344156394e-01 -1.018850626343187127e+00
-2.574331944326419652e+00 3.922611730799985819e-01 -8.704213216486040849e-01
-1.770264108297939787e+00 4.252862249690707586e-01 -1.126411651074816112e+00
-2.591801729397555931e+00 1.676715014898887482e-02 -1.168597502382005437e+00
-1.892322082069923139e+00 1.163911937175051425e-01 -7.417894711869577051e-01
-2.169229368441742078e+00 4.398846684971250559e-02 -6.656993203434552475e-01
-1.972661752629416343e+00 -1.088861340174932524e-01 -8.408608545700718695e-01
-2.387402822670664282e+00 5.913692353549454550e-01 -8.571113506223672074e-01
-2.331088651696540559e+00 7.411367215848109480e-02 -1.508622962418619373e+00
-2.253505878652278138e+00 4.417058031757052916e-01 -1.448626892413948042e+00
-2.204306499132331787e+00 -1.586012557985015670e-01 -5.839756990550130089e-01
-2.785168150542664200e+00 4.478651979333246325e-01 -4.801534925887853689e-01
-1.661056099682566289e+00 5.674947210001257680e-01 -1.131806224317980503e+00
-1.185511552435990712e+00 2.711146607807831677e-01 -1.780194669426465204e+00
-2.512953555816939577e+00 1.684276740699603980e-01 -6.681526126541998956e-01
-2.668215091792001115e+00 4.151937383796398817e-02 -8.586677655632225514e-01
-2.780852571319728739e+00 -1.013550004339477395e-01 -8.389717112501381413e-01
-1.212694491082204618e+00 3.656299954661024892e-02 -1.443905216227130417e+00
-2.403840347957761470e+00 4.028794438021182089e-01 -6.821556272670982191e-01
-2.069041185801210325e+00 3.316937139578002847e-01 -7.254909416124811772e-01
-2.637885792196800860e+00 -1.038436334681749756e-01 -1.087024609794444041e+00
-2.828646475126427529e+00 -1.476149964625873834e-01 -1.237573003924564929e+00
-2.507818765809726180e+00 4.244261328360471319e-01 -7.995388133406252651e-01
-1.902772585638843328e+00 4.551936851996677968e-01 -9.326605350023223773e-01
-2.067180721760644602e+00 4.195839384500684721e-01 -8.826889874577571460e-01
-2.395276664540369804e+00 5.243613611841316802e-01 -1.185479226889090354e+00
-2.311884146144809193e+00 1.335982350157385590e-01 -7.730212989874492013e-01
-2.223435301515951590e+00 -2.527622271073709515e-01 -1.215471968395658742e+00
-1.100531403128060193e+00 1.290186499251257390e-01 -9.364282962307003411e-01
-2.345822582905293885e+00 1.338265918021028511e-01 -1.088833699332777183e+00
-2.421304279766745005e+00 1.461768194284773781e-02 -1.194408575848036058e+00
-2.446760029505714140e+00 3.699627139822631722e-02 -1.061634850213631687e+00
-2.141695525259633470e+00 4.152150920918009080e-01 -7.885391576961686688e-01
-1.740916690527326338e+00 5.481613638472413452e-01 -9.720470908331515503e-01
-1.910200736475141881e+00 1.368654183142271163e+00 -8.249401487918907039e-01
-2.464679056781090782e+00 5.210888526581197722e-01 -4.005803872506695784e-01
-2.450592941502570898e+00 4.927235442321982739e-01 -1.572535692292110099e+00
-2.466894601455902336e+00 3.642462676155593937e-01 -1.013136691324781680e+00
-1.990772026880801127e+00 3.797517874814207439e-01 -1.230503131755994461e+00
-2.497761019234603808e+00 5.522016461988681346e-01 -9.898364488481192769e-01
-1.917327785807929619e+00 1.766728758562983170e-01 -7.705284777022154419e-01
-2.359445342709398208e+00 -1.495012828555913886e-02 -1.015419821839694814e+00
-2.102068840177809150e+00 5.923954490717572297e-01 -1.672630807945496123e+00
-2.235789841061279315e+00 2.864245418226981088e-01 -1.079218858512616785e+00
-2.199118782540990136e+00 3.938578947180249035e-01 -1.070791748338958849e+00
-1.978601727584526015e+00 5.162154154218888680e-01 -1.201217836027794972e+00
-2.132188400775445469e+00 7.192953152686717422e-01 -4.876263761798753649e-01
-2.136646555383703294e+00 8.330865156206306299e-01 -1.193745332212755583e+00
-2.319236798602981153e+00 2.264032066074575522e-01 -9.207149366362493703e-01
-2.304619655784136523e+00 1.294898241939950734e-01 -4.186121408338090433e-01
-2.215471671238757434e+00 3.914169383897838084e-01 -9.532303659651277794e-01
-1.164683094522425355e+00 2.805962775163225453e-01 -1.566511181657195051e+00
-2.626038323747290182e+00 5.344590785325691318e-01 -6.999095624208974131e-01
-1.661018735536813784e+00 4.964574867117325097e-01 -1.007999740637129493e+00
-2.578203045420190964e+00 -8.740535479684022335e-03 -7.822867269647305610e-01
-3.146184420194018116e+00 9.829501465479707489e-01 -4.570144736932405527e-01
-2.275144297244479308e+00 6.055518546289436616e-02 -9.883231571814126148e-01
-2.485794828017839020e+00 -1.470766564255290010e-01 -7.956816914723459089e-01
-2.236950515144429996e+00 8.432757558576428059e-01 -9.794489729068306394e-01
-2.423303815524866067e+00 -1.217210240188488363e-01 -8.861092390822863374e-01
-2.473499827862992273e+00 1.038636431141010785e+00 -9.491529446547148918e-01
-2.969015441467958816e+00 9.368594318321392667e-01 -1.170478036330281579e+00
-2.657537515129449357e+00 3.264860716874846691e-01 -8.859142574416335458e-01
-2.250081874440641450e+00 4.512381839345401824e-01 -9.763969751629636429e-01
-2.357734745372924934e+00 1.613124181439914151e-01 -1.020085990045909830e+00
-2.453077854133604685e+00 2.895483336306027833e-01 -9.072409032898038905e-01
-2.749830928926544349e+00 4.351569777689997531e-01 -1.089269133071400830e+00
-2.080061787966359876e+00 1.468443109786649325e-01 -9.197381249720644192e-01
-2.603775848170598373e+00 6.131805640031007254e-01 -7.781838322449151635e-01
-2.123536627293863610e+00 9.287029547427281262e-01 -1.015048359894433094e+00
-2.263066234938511556e+00 2.587271942746749986e-01 -9.717872664897763135e-01
-2.067952898221153024e+00 9.040129597462751576e-01 -8.837831508772810984e-01
-2.581423531157875484e+00 9.506779704629921834e-01 -1.437661799395408835e+00
-2.494397262320576569e+00 -4.655661895384376192e-02 -4.425129175751953969e-01
-1.818026979318847935e+00 3.665558048984321471e-01 -1.252743972220648816e+00
-2.617732045668955010e+00 2.406364412178618462e-01 -8.135913124447976541e-01
-1.829398405667319150e+00 2.351662310311552484e-01 -9.651910285282007118e-01
-2.777666405295358576e+00 -3.133470306539655192e-01 -7.883558460139930002e-01
-2.726561320670192412e+00 -6.399788665147146394e-02 -9.336977907712236124e-01
-1.938754131434449191e+00 4.036148739854852896e-01 -9.535709498351523372e-01
-2.152364714325120332e+00 -1.218750934407619446e-01 -1.136729777489839943e+00
-1.767853167647761126e+00 5.193499703258619427e-01 -8.607317205164199958e-01
-2.316652859212545046e+00 4.309756178634784884e-01 -1.191583667193678586e+00
-1.360004190228199050e+01 3.370267274591579110e+01 -3.091649241597513864e-01
-1.780107847341572791e+00 -8.906142293962580891e-02 -9.584020084858129174e-01
-2.298729193886842825e+00 -9.005284639915521472e-02 -1.310406802015521066e+00
-2.549961011659425125e+00 5.798566666627427146e-01 -1.367158340166348962e+00
-2.629517161276374360e+00 -1.565764546029200510e-01 -9.199701562424740242e-01
-2.212979327969085475e+00 4.124435425048774686e-04 -9.936630650324687064e-01
-2.810847503795233848e+00 4.915591940098252288e-01 -9.110971323382739406e-01
-2.007156377369034850e+00 6.245481438882981573e-01 -8.678831943840481511e-01
-2.680400422553756101e+00 7.159661825594393347e-01 -1.168416172062390901e+00
-2.286764411950332310e+00 4.414300295752880965e-01 -8.799035646775827946e-01
-2.340054479454354297e+00 2.791714107521771626e-01 -9.090049136630777848e-01
-2.245329111229378061e+00 6.297351373173298850e-02 -2.495028171949231766e-01
-1.981715911705054234e+00 2.861220049713854019e-01 -7.717692216018431361e-01
-2.858204145448688394e+00 1.355262044063704208e-01 -9.996407968898493035e-01
-1.270773610694988953e+00 2.398869994568283703e-01 -9.439928470615545075e-01
-2.506140286900288228e+00 -7.137901346689991267e-02 -8.072334895671571253e-01
-1.901103057163580745e+00 6.436170754496719493e-01 -9.976297305598507137e-01
-2.736962746959857196e+00 3.928009429314014977e-01 -1.213224152858994875e+00
-2.409212374689610137e+00 7.299131204483029212e-01 -1.083462249144854228e+00
-2.235901841127601930e+00 9.300840945867067111e-01 -1.039937787106857581e+00
-1.907862062910097078e+00 2.551058477601409469e-01 -1.050814386595232630e+00
-2.382970423662052362e+00 3.650804067189132307e-01 -1.169356676092479841e+00
-2.128125657399100756e+00 1.736711842055870536e-01 -8.252214160679151034e-01
-2.086886678041729670e+00 -9.550310571264700177e-02 -7.618677109902525224e-01
-2.636390318274861144e+00 9.111211563905112776e-01 -8.071662520179633260e-01
-2.791213652076080631e+00 1.374721338009498028e-01 -1.187434207774294093e+00
-1.943025814438617216e+00 2.439421035413282535e-01 -8.442225071748310494e-01
-1.929488774454674260e+00 6.276192419743663597e-01 -9.402645963617140001e-01
-2.248472101503284026e+00 8.859539244744217834e-01 -1.010045796955259423e+00
-2.276168973015443964e+00 2.869173349138310486e-02 -5.654329700498610389e-01
-2.440443376112207297e+00 8.096574662222348895e-01 -9.417240531187840435e-01
-2.647171845339566065e+00 1.166167910526434204e+00 -1.285718297086966722e+00
-2.278485007905457049e+00 9.596185110031404952e-02 -9.287103352288254010e-01
-2.569761324927966939e+00 4.241325334677727432e-01 -6.661891932893274637e-01
-3.299835342747066136e+00 7.264806336392795050e-01 -9.530282999165371471e-01
-2.185551106545030819e+00 7.326905320483519113e-02 -9.913710215506168488e-01
-2.393241651191400532e+00 8.244081654330083497e-02 -8.928423823986827434e-01
-2.282509980821216367e+00 1.735331272699654759e-01 -8.954326969866989172e-01
-1.503200821774850038e+00 -2.097437806468563370e-01 -1.197248923789514752e+00
-2.163727223691011226e+00 2.437401448708881591e-01 -1.031112614189960697e+00
-2.041799474917485036e+00 7.430396588310941332e-03 -8.932899755252224905e-01
-1.935890863973139808e+00 7.540643899461394462e-01 -1.006997512632875402e+00
-2.589829584269207619e+00 3.646886155468264668e-01 -8.820950274006426062e-01
-2.133180414290984039e+00 9.231060842843880759e-03 -7.994234650338896131e-01
-3.217377376997123228e+00 8.753043703917441354e-01 -4.682151612185175282e-01
-2.075560458772253813e+00 6.499863980642016370e-02 -9.545870632027549929e-01
-2.902558798098763049e+00 3.175642096630519329e-01 -1.101455924699010991e+00
-2.169356760051687427e+00 2.109778884546300304e-01 -9.757300500111589781e-01
-2.091275053018852415e+00 4.721924359417111194e-01 -1.000229331335564131e+00
-1.960927921681010044e+00 1.824845358822612951e-01 -6.035700760843918378e-01
-1.718212583285759765e+00 6.719141016786556175e-01 -5.095304087762470013e-01
-2.486837298231728610e+00 4.654771341135354734e-01 -8.486281318729108625e-01
-2.733980914622125002e+00 5.835782071434387347e-02 -1.026731680495222676e+00
-1.935533218838349834e+00 5.762670688955119358e-01 -8.944801374213661171e-01
-2.449370072783187968e+00 6.413594796527137820e-01 -9.833148005395703217e-01
-2.425824521926146282e+00 3.966053429221970128e-01 -8.917315942915727822e-01
-2.322311130225367393e+00 -8.488282841283038838e-02 -7.948924947318604106e-01
-2.284129139880120452e+00 1.024208804377027549e-01 -1.018956781588651106e+00
-1.801340944266261346e+00 1.802244182386759930e-01 -1.026109027032911625e+00
-2.834500695207196497e+00 1.289326474103311915e+00 -1.345259838846242895e+00
-2.499651144329022578e+00 6.585417219947138356e-01 -9.585245471175855014e-01
-2.375374654507285577e+00 4.685883500467158957e-01 -1.049913407158763912e+00
-2.306100249889914799e+00 6.324530563316603793e-01 -6.967933440351027352e-01
-2.507331402698970368e+00 3.865759766684554455e-01 -1.027501982310464967e+00
-2.993644255448010494e+00 7.464904685592721467e-02 -1.018354219009056871e+00
-2.197589271364312147e+00 -4.538369546172591612e-02 -7.271865942812237860e-01
-1.691464508566157487e+00 -5.782605107388757992e-02 -1.087355160841402268e+00
-2.331443787121473932e+00 6.739338678139937810e-01 -1.020409212190413140e+00
-3.347366904649186736e+00 7.358298804028460260e-01 -1.363416571938444788e+00
-2.758200944806252330e+00 6.864042008654732685e-01 -8.424096791685617980e-01
-1.938524577082573197e+00 -3.957796164608847755e-01 -3.353071087338772849e-02
-1.432899861040618950e+00 2.546272372481206414e-01 -1.174502969687450271e+00
-2.865649653915608663e+00 1.245506290332950350e+00 -8.585130701132209774e-01
-2.081922304084502517e+00 6.154388713835904356e-01 -7.939539501552762557e-01
-2.798862660452317463e+00 2.310826174213464757e-01 -1.012064443326698981e+00
-2.819572905762578685e+00 7.080136408802356618e-01 -6.899209052039945167e-01
-2.165538256595754607e+00 4.773487592710264349e-01 -1.153303661745814335e+00
-2.295950060124754000e+00 -1.735628457507976674e-01 -1.058542533376774397e+00
-2.132738491830942884e+00 2.735429283425029889e-01 -1.034401542980281308e+00
-1.734426802218921093e+00 -1.821658671482566938e-01 -5.673686076981089288e-01
-1.867175635763502761e+00 6.291827284544118104e-01 -9.959625815432230356e-01
-2.652024315507659047e+00 3.278264788494317239e-01 -8.948261880623130660e-01
-2.893697003737910389e+00 -1.322592166252421764e-01 -8.937238064274242166e-01
-1.873352173604783788e+00 6.310755547979253199e-01 -9.889013484746810301e-01
-2.285856387464025197e+00 -2.026527336381368782e-01 -1.085677783233295779e+00
-1.757072492650032736e+00 4.596605655695021331e-01 -1.112838623529284865e+00
-2.987829263014661230e+00 3.070294460340113329e-01 -2.122086312129519481e+00
-2.511779706648066490e+00 1.134006795265285028e+00 -6.793107552326994591e-01
-2.677698861236478045e+00 5.851810651938795793e-01 -1.273455928940246284e+00
-2.263840353102337222e+00 8.777928406859224486e-01 -1.189293581157722990e+00
-3.029637601999933594e+00 -3.180594647043575307e-01 -8.432704865292317553e-01
-1.791913290940462256e+00 8.963977060368079341e-02 -4.861877176678829904e-01
-1.844589576959100308e+00 -1.081405168564082697e-02 -7.147452948685928398e-01
-1.742368759436872860e+00 5.063585567594454107e-01 -1.031794960238991754e+00
-2.686029332543155679e+00 4.828473345543614070e-01 -1.033790680227024916e+00
-2.183726979896127407e+00 -4.559214748249047072e-02 -1.216605422777401024e+00
-2.331179771522601474e+00 1.952410796116825220e-01 -1.528449821493355509e+00
-2.520174950724677565e+00 4.075130486342997127e-01 -1.051652113362879559e+00
-2.320568516068259868e+00 6.183790718566983813e-01 -1.127821244867402095e+00
-2.103995541527263757e+00 2.603182251103906553e-01 -8.785613315404252610e-01
-3.212287979843316599e+00 6.001059257189038654e-01 -1.156707009345382176e+00
-2.963726341774834960e+00 1.561569422699885745e+00 -5.082710495626415748e-01
-2.602594034965893144e+00 1.472797014446804997e-01 -1.068138845389936087e+00
-1.949096125253398482e+00 4.812435978623941929e-02 -9.386042452571982109e-01
-2.501377403791460452e+00 2.697638966781665815e-01 -8.712130554743915400e-01
-2.641646336008729001e+00 3.947822129164942906e-01 -8.538909088396701152e-01
-1.705645617272612435e+00 4.334936748099533776e-01 -1.502386418730939477e+00
-1.807493844568261787e+00 7.155781195397180605e-01 -1.224761767153096148e+00
-2.098864776668806886e+00 5.730969893565283080e-01 -9.521994417407826372e-01
-1.767934964806485487e+00 5.569562593362412661e-01 -7.483623028881507544e-01
-1.895690957403132648e+00 6.970126121890551918e-01 -1.093127311391204337e+00
-2.440764242099220382e+00 6.315421167618303633e-01 -1.390415737847953581e+00
-2.809197429222502596e+00 -2.526537616754726337e-02 -1.002446268037444188e+00
-2.526934892565418256e+00 -3.223183896453234443e-01 -7.653307791407495397e-01
-2.657006768436291466e+00 3.856163077392608107e-01 -6.563518450259120396e-01
-2.085967447174901679e+00 8.418641484864776148e-01 -1.037326138341291504e+00
-1.706255542496798894e+00 3.103993200829655019e-01 -7.832363435077287495e-01
-3.327263163355861142e+00 6.732557552295121983e-01 -1.088011181641444614e+00
-1.946266237455001713e+00 1.348325782012047280e-01 -9.585857556668520019e-01
-2.784417652644093355e+00 2.840398898278953532e-01 -9.036461701467699559e-01
-1.754033932394072792e+00 4.044215829429627096e-01 -7.831877786604022340e-01
-2.274202437148371558e+00 -1.996007799081892520e-01 -1.029127168395784109e+00
-2.425496371612358093e+00 5.231319237345553042e-01 -8.089806312816356648e-01
-2.183839160950185931e+00 9.365095038306221475e-01 -8.992544634445570617e-01
-3.125571063296793017e+00 1.421899247432589497e-01 -1.223311100294246723e+00
-1.168927338264194304e+01 7.972240352213547432e+00 3.986434790073767331e-03
-1.869817274046347899e+00 2.489057078568803483e-01 -9.565264490370702921e-01
-2.513024554761278395e+00 -7.756421965510615357e-02 -1.140930309086538808e+00
-2.584868798398630929e+00 5.857997815975102274e-01 -5.601791672433115155e-01
-2.444524990378400098e+00 4.196790573200696040e-01 -9.337188472617942159e-01
-2.306961060132535213e+00 5.316047369740135586e-01 -7.152168843143631438e-01
-2.681144785267424613e+00 2.982018684107550222e-01 -6.793548136687760364e-01
-1.906893985456315166e+00 5.759413932843071571e-01 -7.044313865562830124e-01
-2.793560086942455722e+00 -5.880920186777739006e-02 -9.901566554278965482e-01
-2.161161737736116084e+00 6.256503226394405370e-02 -7.193108730775326087e-01
-3.113741375266934508e+00 6.439189899296512420e-01 -1.651796366720671871e+00
-2.232860129781174763e+00 4.160697048514671037e-01 -8.227763507132699328e-01
-2.722270329057213445e+00 7.390550714251286069e-01 -8.743097919181015421e-01
-2.393984330556365059e+00 9.584498772925068022e-02 -9.952585978444663528e-01
-1.553481855495623121e+00 6.841393679245950654e-01 -1.302309094241372645e+00
-2.637607389525832957e+00 3.551068232462379903e-01 -8.960846313762852455e-01
-1.577492915414404173e+00 1.203085607648269217e+00 -1.486024315127980611e+00
-2.423837756599038329e+00 6.058033200597203738e-01 -6.223704149942361763e-01
-1.450811835349693490e+00 -7.499021050607145300e-01 -3.903208781966819862e-01
-2.346564397568742244e+00 6.181706085407873141e-02 -8.223747473034219713e-01
-1.902643299641681995e+00 -9.375775335140015265e-01 -1.093848754209046703e+00
-2.673175700671595933e+00 3.445794663324130980e-01 -8.448384167161272496e-01
-2.755624476362672048e+00 6.815330415586223767e-01 -8.123422674700906398e-01
-2.583029050203184962e+00 5.815153061683652203e-01 -9.493780771390503137e-01
-2.535837504321543534e+00 8.166088166757567990e-01 -9.119773080746266247e-01
-2.234782038842510588e+00 -8.029594346055465848e-02 -1.082954567617237407e+00
-2.615547647930617003e+00 8.307335602496036531e-01 -9.263109221646480540e-01
-2.459639424003226438e+00 3.602145676009956277e-01 -1.024899270506417270e+00
-2.576270111212527691e+00 5.561513668881877537e-02 -1.095618872147117839e+00
-3.321153342246881301e+00 1.224344547465477051e+00 -2.751306529677295387e-01
-2.453683776439371300e+00 2.106374241984161622e-01 -1.523837968053438630e+00
-2.487794210424862040e+00 9.404136413584229803e-02 -8.799859978569739560e-01
-1.874316629566743053e+00 -9.844675218882487436e-03 -8.938006063381759292e-01
-1.938515615298461059e+00 3.452303165522495609e-01 -1.087284944201665882e+00
-2.128490320617262732e+00 3.939254050302160581e-01 -9.677311983324010658e-01
-2.527172318827777264e+00 3.852993363331034815e-01 -9.360614885219651349e-01
-1.979041148153641627e+00 9.098973784712388602e-01 -7.519207011562628606e-01
-2.617801623989892690e+00 5.633277570621868513e-01 -8.990220274944468182e-01
-1.795480742668314811e+00 8.963284699096993879e-01 -7.334275730198377419e-01
-2.078044607213929584e+00 1.882537559198557420e-01 -8.947307103885612234e-01
-1.528876555770569023e+00 7.585436073875098106e-01 -1.279584673078420831e+00
-1.514332831565282200e+00 -3.410927630180111136e-01 -1.170667111401807015e+00
-2.422188965752727352e+00 9.406054011509387136e-01 -8.223165757562408418e-01
-1.931546052118201295e+00 5.822126759586891964e-01 -9.353971551103391624e-01
-2.263985741356442372e+00 -2.145714262908699488e-01 -1.372915070289563388e+00
-2.680814115910490791e+00 1.342959353017560420e-01 -1.038762635388646105e+00
-2.732525553505731342e+00 1.399428993604940330e-01 -8.526080929808613762e-01
-2.490697234909437174e+00 9.830437190741707632e-01 -4.323019870759768901e-01
-2.575188838293020588e+00 5.363528300132516247e-01 -9.312922801179552845e-01
-3.005169105745653546e+00 -2.823274207843999850e-01 -9.147866517728089342e-01
-2.355315593435795218e+00 2.492984511043163931e-01 -7.868212484138248364e-01
-2.087595047592396114e+00 6.353396866403322463e-01 -1.042616732383533140e+00
-2.022732973700404280e+00 2.163085611862311519e-01 -9.360532554859056775e-01
-1.162979510436749075e+00 2.854117809867876554e-01 -3.781588330253811137e-01
-2.234198759406194057e+00 8.166404118817124913e-02 -1.161300522861367757e+00
-2.637802919006341895e+00 3.597058057123448949e-01 -8.819486170606195552e-01
-2.594057881483225358e+00 3.481371400503608937e-01 -1.401997821857831061e+00
-2.230650917376083342e+00 6.754165721161684011e-02 -7.541112090338080165e-01
-2.474959507203219111e+00 2.945886921942409992e-03 -6.720426755356879722e-01
-2.354444295475694560e+00 5.766306070547193574e-01 -7.763843362020355077e-01
-2.489161852425956223e+00 1.215460245573087190e-02 -1.409125839558570847e+00
-1.905409957171642965e+00 4.716236133322510016e-02 -1.193522380609225664e+00
-2.342583038760100766e+00 2.613863110828081870e-01 -9.699505687055978154e-01
-1.829752596924449914e+00 1.528732086795992762e-01 -4.746721323910406687e-01
-1.728461458393730110e+00 5.736131258912219311e-01 -7.259944265895812432e-01
-2.802041205116711176e+00 7.660108886519844118e-01 -9.823609202264753648e-01
-1.934802355202401181e+00 8.771702814490599520e-01 -1.218531836373700550e+00
-1.929713953222454093e+00 7.248667202596171810e-01 -1.247034803777741008e+00
-2.785169265845330422e+00 7.456277655267479210e-01 -6.909885761929071002e-01
-2.706881736446420383e+00 7.488446643448949391e-01 -4.420066870860301922e-01
-3.348999249513788801e+00 1.286015651964510509e-01 -1.046161593518936783e+00
-2.271373401009135318e+00 4.549099840943468531e-01 -9.193937232918423241e-01
-2.701602445100667271e+00 -3.409686591182799209e-02 -1.309845473505963920e+00
-2.853774012455304376e+00 1.540418078522863277e-01 -2.151113285197976399e+00
-2.467024259637350170e+00 -1.109952182254933528e-01 -8.120855928861251405e-01
-2.638746411310991302e+00 1.648085308161050810e-01 -9.577958720944441673e-01
-2.318211095548586176e+00 5.248384233870535542e-01 -1.034697663698305181e+00
-2.419325803558736165e+00 8.995417595969908975e-01 -8.212923091782460272e-01
-2.441536228824298771e+00 3.410288393442798549e-01 -1.192470768662366121e+00
-2.215771377048939339e+00 9.116148869450048375e-02 -7.603671992706806382e-01
-1.977462969884278277e+00 3.803256002015502624e-01 -1.014064934613633895e+00
-2.680539236253545621e+00 3.609742005925174468e-01 -9.805375776970807200e-01
-1.833373118667785073e+00 4.922228163540952606e-01 -7.560069798525057561e-01
-2.281645693728142632e+00 8.111250577546204044e-01 -7.992533899586612423e-01
-2.667752966639180823e+00 5.736429485762497560e-01 -9.055389206166224447e-01
-1.993064793019596381e+00 -5.715022862590462410e-02 -8.741871680649476728e-01
-1.813847437290031062e+00 4.289756380151376058e-01 -9.156594818434192762e-01
-2.337295066241324992e+00 5.138461016509096035e-01 -1.204468067840614331e+00
-2.312799012343966787e+00 -1.324946243333393614e-01 -1.160936627108720920e+00
-2.469534688101766573e+00 1.287165630218703560e+00 -5.036900069733607488e-01
-2.529116373934854334e+00 3.625008051500588913e-01 -1.044930885751713445e+00
-2.655609604134707702e+00 -1.344024429502474749e-01 -9.684035763071413561e-01
-1.792811460536365198e+00 3.791157845406548654e-01 -9.814177162994655035e-01
-2.524439657642751467e+00 4.206082744254098782e-01 -1.008122457270259620e+00
-2.105206494918135274e+00 -4.889471830315280515e-02 -1.162574998072680943e+00
-1.801574756666340260e+00 4.844626575588079631e-01 -1.113038511626466276e+00
-2.232433288682343697e+00 -6.262820539712604662e-02 -1.201596546377070140e+00
-1.698825791709036581e+00 7.112988674611053774e-01 -1.325320252221458661e+00
-2.371418613535492437e+00 -1.136658729978387572e-01 -9.998915762826643405e-01
-2.530007573768620066e+00 1.206512512544192645e-01 -1.037269252792245355e+00
-2.328202965810457048e+00 5.379545040632879305e-01 -8.921232087964074964e-01
-2.280554623125420566e+00 3.301891882056511851e-01 -1.052078293403655662e+00
-2.858631954790479046e+00 -3.079142501042181346e-01 -6.639701152479557944e-01
-2.501501549593498019e+00 8.037353800370533596e-02 -9.176884146593027314e-01
-2.033922601128648644e+00 2.269568574988557186e-01 -1.115371256848955550e+00
-2.729089409848126202e+00 5.340736960730330107e-01 -1.169279349551819891e+00
-2.269114281282605727e+00 -6.555868976162405881e-02 -9.934108873855345134e-01
-1.071045521737964634e+00 1.114697044110007224e-01 -1.090769630082719877e+00
-3.243065852672662341e+00 7.858463862650002518e-01 -8.896296609200935457e-01
-2.644120499807569580e+00 3.093926055834327338e-01 -8.577607659169117493e-01
-1.843701954007183286e+00 1.769692337080625844e-01 -4.950834039534647568e-02
-1.774363972667558187e+00 2.079894249079390356e-01 -8.548249563481311597e-01
-2.465884482202856276e+00 3.101323565538059990e-01 -1.274765064292121108e+00
-2.767660271261783489e+00 1.609811202402686714e-01 -1.374713037746497557e+00
-2.060415731618891577e+00 4.159648180922733696e-01 -8.627598853690132685e-01
-2.729594484454176406e+00 -1.224898196942065219e-02 -8.982391614425252468e-01
-2.019427611245887100e+00 1.105160984267751154e-02 -9.991003283320485373e-01
-2.955654975159366593e+00 3.875460449412011510e-01 -1.750572313947264536e-01
-2.522965998499562712e+00 -5.115582847652728748e-01 -1.182314285676367316e+00
-1.979719978505985578e+00 7.168883270067154534e-01 -1.200931747394558213e+00
-2.631297011184130952e+00 8.681948243285827482e-01 -1.124265440825339635e+00
-2.534082030240172756e+00 2.059037317525629074e-01 -1.174261574352284621e+00
-2.052793027348281285e+00 2.677972359751308318e-01 -8.145075231773620805e-01
-2.567617847279759946e+00 7.722997099306062596e-01 -1.045819390039780972e+00
-2.834401099469148200e+00 1.033204384767716588e+00 -1.293864076304698907e+00
-2.514703282776253346e+01 8.450079655337091822e+00 9.802534769534720915e-02
-2.788615123406753327e+00 -2.131739328110612564e-01 -1.067739297689639377e+00
-2.172030417002339675e+00 9.721083751271681894e-01 -1.230374685830058157e+00
-2.405038731191655010e+00 7.044834095051588641e-01 -8.920617689405179185e-01
-2.357064855712291074e+00 5.774179407553319265e-01 -7.790906969138661209e-01
-2.712330024327738620e+00 -4.194226293567553387e-01 -5.566541022579486464e-01
-1.421036279926177759e+00 2.291024883651237298e-01 -1.494357295439263877e+00
-2.959568993210093701e+00 4.343153748980676521e-01 -1.006328743374094392e+00
-1.807601146521919055e+00 3.203731008283008386e-01 -9.997640798120467354e-01
-2.617283049819786545e+00 4.723337878379307853e-01 -1.221863447212371501e+00
-2.049688988266217482e+00 5.110186538696955827e-01 -8.704369214377838393e-01
-2.275238285835141649e+00 5.083365159695701907e-01 -9.362699151119266983e-01
-2.789977549057012229e+00 5.866893232206420450e-01 -1.230755562933355529e+00
-2.116584153138565405e+00 6.351990890100636111e-01 -9.264813319671931779e-01
-2.433801141769799337e+00 4.044730072477041305e-01 -9.170458146836079072e-01
-2.614976274327204475e+00 3.977050334905612994e-01 -1.232357514313590308e+00
-1.772752565565399729e+00 -1.839435443785064350e-01 -6.825511018743971592e-01
-2.104783823898256134e+00 1.102101186356144874e-01 -1.250050664059842331e+00
-2.892318960313063236e+00 -3.166983839298303516e-01 1.488756400134796654e-01
-2.516131866043052945e+00 4.067664051383913515e-01 -9.627648170089340152e-01
-1.723115407895258189e+00 4.698376419222397016e-01 -1.060264477944547590e+00
-2.348887484190066210e+00 3.099188561929672736e-01 -1.087315354078304264e+00
-2.216332872633033801e+00 -8.182122365518647022e-01 -5.422258696413757573e-01
-1.755632332674479157e+00 6.582433682859314406e-01 -7.839355291844382068e-01
-2.249042620437602391e+00 1.363169739673853798e+00 -7.217050659038882765e-01
-3.635040007223295788e+00 2.828523010071493093e-01 -4.345469552082407150e-01
-2.604757193065320386e+00 7.168203006646641784e-01 -9.898287156404991238e-01
-2.395830757700105451e+00 3.113292795854458173e-01 -9.506331437716515342e-01
-2.087786968634635532e+00 5.049980203623277708e-01 -9.113950025211740025e-01
-2.183523781424026478e+00 1.307878813288816666e-01 -1.118772799881865287e+00
-1.942432049243719705e+00 2.622035561429644224e-01 -1.181401591541423768e+00
-2.590619719043917968e+00 4.652305581715312499e-01 -7.873501728633933716e-01
-2.599165840988503007e+00 -1.168575988752538347e-01 -4.793070252320344449e-01
-3.278571579954864923e+00 -1.646020090481090936e-01 1.230177535819887702e-01
-2.508280509918560330e+00 -3.870671141035814111e-01 -9.258935677742550219e-01
-2.042379943106093609e+00 5.357613026429665082e-01 -4.574593065170935446e-01
-2.625718275050544559e+00 1.193851129966781333e+00 -1.201290822751773568e+00
-2.314537189489040969e+00 -2.244408259947097140e-01 -9.512405931097732692e-01
-1.852147776078869601e+00 6.068202896631508247e-01 -7.750975031933295956e-01
-1.889755922694132284e+00 7.074054202647372946e-01 -9.627316036758293283e-01
-2.208443747872888441e+00 3.815947472100529869e-01 -7.929267963138175723e-01
-2.219501443471975310e+00 -3.480761473312134480e-01 -8.099246821722945189e-01
-2.715500900085746405e+00 2.956450975896299238e-01 -1.112777682100308585e+00
-2.340657590307784641e+00 1.157403983374521772e+00 -1.391681051173982109e+00
-1.917234898101743301e+00 2.302681620410125529e-01 -1.033473743713212878e+00
-2.180600453541422734e+00 1.135016505914599572e+00 -1.044676814482283778e+00
-2.333574334756977287e+00 -7.021636901420524879e-01 -1.347803603563377361e+00
-2.111919615816587381e+00 4.356406438522191227e-01 -9.951588556870571978e-01
-2.635774687081932299e+00 1.175332660390729228e-01 -8.149811128793811310e-01
-2.086724438559300232e+00 7.038841349781719270e-01 -1.363526151247473006e+00
-2.507170670428199521e+00 5.106294828117351470e-01 -8.617957052875643287e-01
-2.379594403181596096e+00 5.100685874788467127e-03 -6.941664424071318784e-01
-3.021862061981846370e+00 6.974874330051041849e-01 -7.551011506460372225e-01
-1.901655136607340202e+00 5.823078054420882665e-01 -9.483096989189500059e-01
-2.347415532521103021e+00 5.874569116080240461e-01 -1.382264091509591175e+00
-2.104016815703383170e+00 -3.855599187587107068e-01 -1.017739230750025481e+00
-2.072576107218953467e+00 5.263411809595881508e-01 -1.275311016131474906e+00
-2.751525884047036907e+00 1.794945714830989691e-01 -9.303940375582898659e-01
-2.395466321850507008e+00 -3.631437416720308953e-01 -1.026918125024255168e+00
-2.169704458792976798e+00 -1.223112683564297198e-01 -7.874766226078321329e-01
-2.537529716762524146e+00 8.820326092552743802e-01 -7.684352202512688690e-01
-2.023615434539447921e+00 7.929303062299651872e-01 -1.092140338740518413e+00
-2.143457845190208211e+00 9.421034223233533123e-01 -1.187300884472898943e+00
-2.540262662628853363e+00 5.778953581927200878e-01 -1.169423784652718012e+00
-2.125797509476722080e+00 -2.347328520754266706e-02 -9.592557997844005646e-01
-2.160727195223004493e+00 7.599670759182532986e-01 -1.039623568591432790e+00
-2.737422194934560515e+00 5.118235515524099943e-01 -9.048283741435477756e-01
-2.748484503540691293e+00 -2.869433255176751518e-01 -1.488595868953877854e+00
-2.427669614371215978e+00 4.921924967308778931e-01 -8.948310224326584406e-01
-2.637538072515049681e+00 2.113488036037397544e-01 -9.908101553521236893e-01
-2.399875148988601214e+00 3.170989573806048401e-01 -9.267786619989369923e-01
-2.646083264328648266e+00 7.985320248204075266e-01 -8.928539595111428806e-01
-2.167179148557551116e+00 3.020183284425287940e-01 -9.284553695953424723e-01
-2.427272517145105724e+00 4.631164210295551920e-01 -1.323496125965792691e+00
-2.244644515717638900e+00 6.582546316212267712e-01 -8.947101070722242033e-01
-2.192384975118266244e+00 2.827152900746510156e-02 -1.007293857748309485e+00
-1.679890021844129278e+00 -2.813196101285578843e-01 -9.449605202408394300e-01
-2.645189842848204353e+00 3.481950398674991121e-01 -1.023007035440411938e+00
-2.608263651940502470e+00 6.207115711662041235e-01 -9.236675433982961536e-01
-1.391735409032076820e+00 1.955240314600537321e-01 -1.280168388777346733e+00
-2.806616137516687814e+00 1.422134107295409011e+00 -1.308830028435196580e+00
-2.095300680375076219e+00 7.942361964228996651e-01 -7.556099121941864949e-01
-2.022637689235693426e+00 2.006506606559746164e-01 -1.331875667995981782e+00
-1.852272542072899153e+00 5.458375377362588710e-01 -9.318277711562398258e-01
-2.430180694379807438e+00 1.655446003184185208e-03 -1.028176594949566480e+00
-2.857401972532317647e+00 4.223080600273341201e-01 -1.014340625460472323e+00
-2.619064179012679183e+00 3.644250455822030110e-01 -9.958500617657466414e-01
-2.621879291779808163e+00 5.841017260586534032e-01 -9.441736507792319877e-01
-2.226819144542406814e+00 5.405644983856711105e-01 -1.017563728272292245e+00
-1.597855438877333389e+00 2.873256268788237922e-01 -1.262206100437378797e+00
-2.170258285614398819e+00 5.342680457031731001e-01 -5.769770233666082770e-01
-2.464068698674778179e+00 -1.263067963350359979e-01 -8.515417835957134196e-01
-2.566207418323479761e+00 3.016658158249101440e-01 -8.790191024942962672e-01
-2.476462294866542457e+00 4.177526562856338499e-01 -1.306459396325903466e+00
-2.472851407234884835e+00 7.438043852844665738e-01 -9.021230969906999242e-01
-2.597507085849165342e+00 4.106896666649985650e-01 -8.507924565592218658e-01
-1.982525798926460192e+00 1.671967658655879596e-01 -9.418029338003673923e-01
-2.702358339504055795e+00 -4.636849281078254670e-01 -1.143852412232709392e+00
-2.001812500854500243e+00 4.425084241022252396e-01 -9.999151524459087836e-01
-1.989242210561474433e+00 -2.236665293749442451e-01 -7.306383447190551994e-01
-2.704521576393383864e+00 2.343292515256162889e-01 -9.378950615969330329e-01
-1.752821158006401925e+00 2.909580737978572640e-01 -1.051511704304813888e+00
-2.632615384836872519e+00 -5.683562505296772815e-02 -8.135516785140187723e-01
-1.851306575390825548e+00 9.132868650875027861e-01 -1.121540375788355526e+00
-2.216370918070058149e+00 9.103834256885455778e-01 -8.972273135642506725e-01
-2.564631378823426733e+00 -2.397008681506892017e-02 -8.957443962840210272e-01
-2.670336022496335282e+00 2.933627565176421537e-01 -1.161447385351899841e+00
-2.534443431112345380e+00 9.249287107920085849e-02 -9.043339510906179823e-01
-1.922429727050838366e+00 3.594801702038887825e-01 -9.780616207669813322e-01
-2.580103470747169059e+00 6.916311073530968523e-01 -8.356781664623176287e-01
-2.618087513199361283e+00 3.412458545897442130e-01 -4.859424295666925353e-01
-2.129599178740994692e+00 7.991476492502681828e-02 -7.915906007118316268e-01
-2.567670718779347716e+00 2.658108151545150455e-01 -7.244361598454333029e-01
-2.547300102990160298e+00 -1.564475390722284420e-01 -8.966097231394069000e-01
-2.034658962553490991e+00 2.177934125530431031e-01 -7.734982442512566836e-01
-2.253277553081213025e+00 6.629822495958951345e-01 -8.785286249585643192e-01
-2.796620948603277590e+00 9.123067133487066105e-01 -7.768588090485484265e-01
-2.787154570270055753e+00 -1.114462791068900616e-01 -9.794454465390597386e-01
-2.459274360078327337e+00 9.086449199243243346e-02 -1.065618277835333139e+00
-1.351988902208056009e+00 3.851002437399319023e-01 -8.603772229649144787e-01
-2.595683075295109887e+00 -1.315654265988814853e-01 -9.389394716520765849e-01
-2.923658248414743088e+00 4.986063767244638956e-01 -1.020765525585672462e+00
-1.987048417535625333e+00 -2.281219893026037449e-01 -9.745722851405346221e-01
-3.158106384849296511e+00 7.013648811996734400e-01 -1.049064995305218240e+00
-1.725247909996653561e+00 3.989266643822859670e-01 -8.800828804235576452e-01
3.411637647008056717e+01 -1.390515680419579958e+01 8.908644216163974505e-02
-2.530054073055286512e+00 1.092645330807465037e-01 -1.197805446474132118e+00
-1.950763340949653646e+00 2.422003436848873745e-02 -9.570744567897537802e-01
-2.484168042306527546e+00 4.028261032735744873e-01 -9.915670676438047559e-01
-1.674380717576781530e+00 7.557234719502724518e-01 -1.026961403202683032e+00
-1.917661921282380888e+00 -2.171811537999045194e-02 -9.043918469428658957e-01
-2.549061628135981028e+00 2.232551188920005869e-01 -7.662114974896264696e-01
-2.511016246517665973e+00 4.115163096611270666e-01 -1.043618301389026559e+00
-2.372976195462590976e+00 5.200876586070650731e-01 -9.248311753432335580e-01
-3.278138648688565304e+00 1.147848200362593385e+00 -6.833064101859649409e-01
-2.581160899987370527e+00 2.774285859451652847e-01 -2.187268566169614237e-01
-1.989065689188224351e+00 5.238934931277759999e-01 -4.911463039874039427e-01
-3.749126310103976234e+00 1.151533535644717388e+00 -5.770136736769081454e-01
-3.233970438228353839e+00 5.629019061010545055e-01 -3.589247328539479920e-01
-2.584000189662808644e+00 9.136530909480073959e-01 -7.653874455120451836e-01
-2.382066688108059438e+00 -9.360972153350152758e-02 -7.790150413379579586e-01
-2.392320313192712433e+00 7.746817947713341423e-01 -1.025301640846195683e+00
-2.289599811606588986e+00 5.103766461461837212e-01 -8.899046214500023755e-01
-2.004319508721539744e+00 6.718760973352502219e-01 -1.012531733657380029e+00
-2.489817692618891076e+00 1.193766548642378966e+00 -7.265668445616213500e-01
-2.370790128709152178e+00 8.748435176648438061e-01 -8.734836150059214210e-01
-2.532034744300983409e+00 4.790698383760951667e-02 -7.403261549843372924e-01
-2.194001486426811809e+00 5.652941241457545285e-01 -1.288824673855752501e+00
-2.637189528581924236e+00 3.260684354892436909e-01 -8.983610695564187010e-01
-3.555590298127425886e+00 -2.617072395085338066e-01 -3.945661639423576617e-01
-1.847735233518309705e+00 3.948840585610399051e-03 -1.183086187841229098e+00
-1.725484624909939146e+00 4.405579130739760152e-01 -9.161629777764302984e-01
-1.673829236557147437e+00 9.770118636407456592e-01 -9.409794069207870759e-01
-2.094514294061896820e+00 4.636376431074742954e-01 -1.117018199663110334e+00
-2.699557412059349293e+00 1.374751537516388511e-01 -9.358118064500995370e-01
-1.915439060596940024e+00 6.316404829460711134e-01 -9.349457875179052468e-01
-1.958016697576669074e+00 3.038414817782193050e-02 -1.394884516878139413e+00
-2.166200970704837303e+00 1.698800086658617814e-01 -1.657415515359722757e+00
-2.426810654413572799e+00 5.390006283709424251e-01 -8.750200208150179515e-01
-1.206875853076803562e+00 6.443531987257788973e-01 -1.263985021882084503e+00
-1.814702503322726423e+00 6.777375554441306127e-01 -1.225412891157144246e+00
-2.522898628331263993e+00 9.573670678549611734e-01 -1.111222048252157091e+00
-2.417683499467783381e+00 3.511102579839197046e-01 -1.010105719878898745e+00
-2.002211250940538090e+00 7.054937912797634159e-01 -1.093367881557995469e+00
-2.501356420563882743e+00 5.985858212660222222e-01 -1.042736008832551464e+00
-2.380529293879782848e+00 6.725832080003227853e-01 -6.990150019637424439e-01
-3.375101817543469274e+00 1.414863648390652651e-01 -1.403407912914240274e+00
-1.864851787814432837e+00 1.230309692873718497e+00 -9.696862463147730704e-01
-2.125761834962703656e+00 7.521363159315365143e-01 -9.222972117260977987e-01
-2.451713901167735354e+00 3.645944553393545839e-01 -1.094665926330798289e+00
-2.457440501592626170e+00 2.181843783204975296e-01 -1.123006436211274162e+00
-2.258872207277168087e+00 6.575586694918632569e-01 -1.268810733184454476e+00
-3.102440994475009983e+00 1.132689547164799748e+00 -6.785200843662301251e-01
-2.416888707497722333e+00 -4.816067230894335860e-02 -8.414178829444762808e-01
-2.777521599271320696e+00 -2.168154081343220962e-02 -1.203357163425599730e+00
-2.779518058116008383e+00 1.966496193416214233e-01 -8.671340226710724242e-01
-2.597944456602165442e+00 5.145541008746030709e-01 -9.006448983046936307e-01
-2.406774224603621892e+00 -1.060544481382717091e-01 -1.037076279114153898e+00
-3.471784268078012659e+00 -6.750488632142417345e-01 -4.552458330360730776e-01
-2.497904295688833098e+00 -1.512308767040296542e-01 -1.118347463199657277e+00
-2.109394184792223736e+00 1.428483759368402162e-01 -1.011965214582092321e+00
-2.407636008186222032e+00 4.153597532936921799e-01 -9.581508220517286345e-01
-2.173673744157247789e+00 6.273198174413499029e-01 -9.492410814111785777e-01
-2.824013262019185788e+00 2.884908011989748555e-01 -8.706753671298104180e-01
-2.620852999130508731e+00 4.047995443303084584e-01 -9.778183051191994268e-01
-1.952888604549094298e+00 7.123497686862804157e-01 -1.103420052204714397e+00
-2.411660516488606465e+00 -6.740774356121516098e-01 -1.283873720117668205e+00
-2.191060194583623222e+00 -1.203969966626869115e-01 -1.061501404416986150e+00
-3.207733606090577450e+00 1.189174620095692747e+00 -1.183786626549738319e+00
-2.691480103181555172e+00 1.524729471348707621e+00 -1.306330372814696883e+00
-3.354134701097381210e+00 1.073286815459875809e+00 -7.306680755392312987e-01
-1.898975847912965920e+00 9.091970992423625830e-01 -1.055725288527524341e+00
-1.739716417743370158e+00 -1.187169575866264953e-01 -1.215752503504433868e+00
-2.267710633720365632e+00 7.534910065967092008e-01 -1.361690945288880128e+00
-2.723390613329097487e+00 3.049551687523726629e-01 -1.009398313704868322e+00
-2.605308231584043455e+00 5.771209165503463634e-01 -9.247662966055084643e-01
-3.628067446442126531e+00 7.480333512437161714e-01 -1.024165945380629106e+00
-2.392788335253940968e+00 6.213077660787930112e-01 -6.235228124001008787e-01
-1.753716851139806909e+00 5.194295301192337622e-01 -1.154209342344071354e+00
-2.584600664574468354e+00 1.347678551183930096e-01 -9.022160874262090680e-01
-1.534345824773752032e+00 1.615363847429522048e-01 -1.510886970228282999e+00
-2.338990233816814257e+00 4.992280523706726370e-01 -1.317090475107995484e+00
-1.969928558397311846e+00 1.972087608614887522e-01 -6.293001840838806649e-01
-2.501381715204201051e+00 1.409984918870571979e+00 -1.974602538877120672e+00
-3.342196416425224914e+00 6.296700798950208844e-01 -9.239361387785737234e-01
-2.254070996433906959e+00 6.951450266809283685e-01 -1.140567578305603291e+00
-2.469407840542279242e+00 5.540834067785133099e-01 -1.066719623838162656e+00
-1.676653016588005585e+00 1.374179553232746931e-01 -7.732497825829457438e-01
-2.368993695216445872e+00 9.771586497232407353e-01 -9.821997353725208102e-01
-1.860499343364045099e+00 2.364588459004407506e-01 -8.854473061402361456e-01
-2.306128027204750630e+00 1.227806127536862579e+00 -9.695875886663943843e-01
-1.944565997862967688e+00 2.717229915568774024e-01 -8.808269909148147558e-01
-1.915658960456737780e+00 3.330316821250886572e-01 -9.777849963649146714e-01
-1.792506084905588937e+00 4.048654357870518083e-01 -8.800244786311061107e-01
-2.043896953636507252e+00 8.237227175667126700e-01 -1.034995480845707805e+00
-2.320590077877314528e+00 1.936641022886753938e-01 -9.756726347162958390e-01
-2.750801116633289300e+00 7.906001948573697646e-01 -8.565772734963669199e-01
-3.067706828291384635e+00 5.140488119927293376e-01 1.798050830255236779e-02
-2.317493693096279728e+00 2.392419907927259837e-01 -1.281347275953965692e+00
-2.265863525243590360e+00 2.389243978581802319e-02 -1.013416677907138963e+00
-2.528757801913122716e+00 1.696108067751870563e-01 -9.322983609337378574e-01
-2.431999027728507734e+00 -2.491711820842434574e-03 -7.475054193632720834e-01
-2.454986396462769171e+00 8.002881525493278358e-01 -9.880379539243931974e-01
-2.215822938378754436e+00 5.048811636086899535e-01 -9.703912200357690532e-01
-2.515010198051125911e+00 1.852653345815109820e-01 -1.038066668816190141e+00
-1.838884628467649440e+00 7.568100354926792228e-01 -1.103860451406864174e+00
-2.026931311325522067e+00 7.175115684038041453e-02 -6.417396701653252933e-01
-2.677620881471810321e+00 4.623212597518102512e-02 -8.153840448593379087e-01
-2.322850648899864368e+00 3.763095537773076815e-01 -9.165524975161049026e-01
-2.345826677066139343e+00 8.927883699791827610e-01 -9.428942461135916275e-01
-2.522581806946964988e+00 1.825538117093383483e-01 -5.665962067280413406e-01
-2.768234229399962665e+00 7.672660726865353498e-01 -8.787230917256104723e-01
-2.519101012945235141e+00 3.301375402446546925e-01 -9.831226717150022276e-01
-2.146631994532861132e+00 3.913430393735939927e-01 -9.153778960002731946e-01
-2.535201871809312557e+00 5.561906301348344961e-01 -9.848650879509244227e-01
-2.371300720403357154e+00 7.059706722872345352e-01 -1.037107372146490958e+00
-2.262602013847646809e+00 8.730524032846642690e-01 -1.556657412620696235e+00
-2.450359257673672353e+00 6.775861360274458844e-01 -7.984933615108716909e-01
-2.846506984329148615e+00 3.756157099725134230e-01 -7.905555000010500155e-01
-2.349037942915694011e+00 -1.112490532938678472e-01 -1.175805327471491468e+00
-2.729103701102588264e+00 7.179102913526951291e-01 -8.601845481904842883e-01
-2.119390512845565677e+00 5.502403250600303997e-01 -8.285549055147509723e-01
-2.923213817698119055e+00 6.250056271878350334e-01 -2.608601943252411570e-01
-2.588871767724847395e+00 7.490754500662447635e-01 -1.003853389853610389e+00
-1.966956164131281826e+00 6.924807626957850681e-01 -5.140715786431607759e-01
-2.539444082329894492e+00 -4.297487629741761350e-02 -1.375106419344245046e+00
-2.075363351126925604e+00 8.711276605788520477e-01 -5.187822427398133263e-01
-2.594629866342278657e+00 -1.440494704568248963e-01 -9.882435449672752892e-01
-2.314808402642309915e+00 7.129001132740099278e-01 -9.600924731741750096e-01
-2.546866142880141570e+00 1.131498205658643119e-01 -7.069031904531355437e-01
3.420054214410043159e+01 -1.839693908072489137e+01 -7.117917041970271974e-01
-2.310156728008231575e+00 7.630261128651935065e-01 -9.891996073887983076e-01
-2.853230439783001504e+00 5.596626971219148539e-01 -9.340276775947650156e-01
-2.398311801929924769e+00 7.225769624657126800e-01 -1.240955304072448584e+00
-2.728244582387949091e+00 3.922252009834960029e-01 -5.690052263180800374e-01
-1.648949156459184273e+00 2.392866279359680270e-01 -1.013915011242512154e+00
-2.407496624734483781e+00 8.002779727087816486e-01 -9.949282357850208758e-01
-2.196465383481659650e+00 6.244703383753986287e-02 -6.447312035243769612e-01
-2.158861444536562590e+00 1.384326162651009495e-01 -8.930956612458355037e-01
-2.390316490342026423e+00 -6.075392519167156502e-01 -1.427519647019140914e+00
-2.187175271628208684e+00 8.233967137108858525e-01 -8.914877760804442719e-01
-1.981289043998952559e+00 6.059891086952422512e-01 -1.201462262973856943e+00
-1.095077374409168858e+00 4.240097461151246527e-01 -1.491608591817511487e+00
-2.588772073741345991e+00 8.140266678055078919e-02 -9.278504562490873520e-01
-1.765857560046986130e+00 1.629313882106451783e-01 -1.028456002037885453e+00
-2.539140714908675989e+00 4.641908325898428944e-01 -9.627084972551404052e-01
-1.640452660612634617e+00 -8.015050668977731219e-01 -1.008567110963905833e+00
-2.136152383965913337e+00 9.553154337146452235e-01 -1.197003830780812628e+00
-2.361064999293511768e+00 -1.881410137391743842e-02 -1.196511289282617962e+00
-2.540498240753934933e+00 2.588641644486524562e-01 -8.954632930842804095e-01
-2.404015237343638312e+00 2.465992687597972355e-01 -1.035215815058173838e+00
-2.284210447933210819e+00 7.201587201734652721e-01 -1.106675195396098266e+00
-2.863827558823462738e+00 2.858256100695861224e-01 -1.025758278613559726e+00
-2.027797162349427751e+00 6.416197960508213116e-01 -1.067145430384738081e+00
-2.671637922000889009e+00 1.454266372829429388e+00 -7.956772798013194148e-01
-3.386853051654314051e+00 1.183334129478923025e+00 -4.263528266701102631e-01
-2.230128054984165775e+00 1.564868886345028784e-02 -9.155034979343177337e-01
-2.674937147497564727e+00 1.524107898572589215e-01 -9.768612721565256285e-01
-2.694769267685237946e+00 5.182125991411692389e-01 -1.368861532362617206e+00
-2.391638321050189031e+00 3.927897619616450564e-01 -1.016905428489755847e+00
-2.717172103840033603e+00 4.551854802270375311e-01 -7.868516044383072616e-01
-2.305001595698328742e+00 3.041765761005764679e-01 -1.055157034901555546e+00
-2.774115577264532728e+00 6.180046458143459986e-01 -1.047164594136536397e+00
-1.920877565456526881e+00 4.782436888541582443e-01 -7.354739478246881124e-01
-1.076560827104811047e+00 1.712468693265448705e-01 -5.876409670271367514e-01
-2.616217344922673771e+00 -5.064460093120031203e-01 -6.360913095114002491e-01
-2.584637466152796659e+00 6.707571262892283448e-01 -8.533941450810592633e-01
-1.873158069724763397e+00 1.658478159252298190e-01 -8.644127896980522419e-01
-2.871504234581824022e+00 5.400874077246391458e-01 -7.460596699226809125e-01
-2.223625428334886411e+00 8.273524887742937928e-01 -8.144337853603359489e-01
-2.183095206257671617e+00 5.212892965274176227e-01 -1.190824389023692476e+00
-1.804602430841158123e+00 -1.215831023568055523e-02 -1.016339803983829615e+00
-1.970675454705362650e+00 2.928258503003923208e-01 -1.000768755215545980e+00
-2.186026970414859605e+00 8.962406322922558122e-01 -9.764018275707045946e-01
-2.533791864360288137e+00 1.700920627028504675e-02 -5.625775972377361489e-01
-2.710335255994671400e+00 3.162967958330294982e-01 -8.672661379672839121e-01
-2.689201842333873937e+00 5.803767692984433957e-01 -7.413249462963851233e-01
-2.346494709396344192e+00 7.833053661819866509e-01 -1.003170391355138413e+00
-1.894892140909487654e+00 6.395733606804036020e-01 -9.929827762561207471e-01
-1.548445238655113076e+00 8.605605658727260021e-01 -1.337680494956836164e+00
-2.129115514202941206e+00 9.433445224319092492e-01 -4.264993513592090224e-01
-2.528674598840743748e+00 9.202053556232249187e-01 -9.403587645361098923e-01
-2.317204697070819552e+00 3.683771765014763888e-01 -8.585280933068860643e-01
-2.276952140264420166e+00 6.511519185250779218e-01 -9.254402715207842300e-01
-2.715535107207389665e+00 1.504868625158458206e+00 -3.274068759458960143e-01
-2.061232260401101524e+00 4.684000050134722870e-01 -1.238844239163853445e+00
-2.374277085450478442e+00 7.755109200437186878e-01 -9.859563026988569234e-01
-1.675198610950895617e+00 2.575446514636073880e-01 -2.114261106146396174e-01
-2.543351429336178082e+00 7.200732479408661346e-01 -1.483262720482245722e+00
-2.808595367496546480e+00 3.366819291282586168e-01 -7.916218138980716246e-01
-2.777162061921637726e+00 -3.530036915817679199e-01 -3.665169067157706406e-01
-2.311527065305334805e+00 -6.404499181351180903e-02 -1.097185984668665348e+00
-3.255665784577512323e+00 5.087243074630835027e-01 -8.441544320746574570e-01
-1.181852646240460825e+00 5.192765392415710224e-01 -1.078560385080924444e+00
-1.634256288417878178e+00 9.424053952095661213e-01 -1.342546838827682443e+00
-2.426587371893237588e+00 2.073964194043540765e-01 -3.744717700042657360e-01
-2.780775098407785695e+00 5.531471389796467353e-01 -1.049173396551914994e+00
-2.605892047928785260e+00 7.218934302061147390e-01 -9.095829674808277865e-01
-2.453720874627914661e+00 7.078541756101063287e-01 -7.606817298259892501e-01
-1.423025314154020338e+00 4.914480124258949201e-01 -5.117895564648659024e-01
-1.983003005360503890e+00 -3.134106258449594340e-01 -4.516973643865777599e-01
-1.654497065887122531e+00 6.095554539400105387e-01 -8.709113765463308843e-01
-2.283167344427555090e+00 7.554760243602078040e-02 -1.199699076859907398e+00
-1.568117929045771630e+00 -3.368905924989947787e-01 -5.493308266276997198e-01
-2.130542585947701628e+00 7.056894556222864656e-01 -1.035652285674474093e+00
-3.013572849233119300e+00 4.914628199419114329e-01 -3.081270938551656791e-01
-1.967722315516947429e+00 1.124272228837349258e-01 -1.293283249120518175e+00
-2.215507758510132597e+00 2.773412157308277060e-01 -9.488975510435785354e-01
-2.299412657994845066e+00 -5.520936970088759221e-02 -8.724324449552468552e-01
-2.469911154337345316e+00 -1.445423795965744551e-01 -1.206280080050963210e+00
-2.540888332172626107e+00 6.926235216944438833e-02 -1.112331583726338780e+00
-3.010638303944027871e+00 8.280481575437448338e-01 -9.811582007331423050e-01
-2.130991795962493551e+00 3.327347733961891763e-01 -9.697421618686363765e-01
-2.512977442141811402e+00 7.935295336981770808e-02 -9.745270267513005402e-01
-2.231294983951367161e+00 -4.678967767037201519e-01 -7.404044457302111359e-01
-1.802093675913036153e+00 7.265935202831576012e-01 -9.395589264518355854e-01
-2.796735039872432438e+00 2.509635742068959119e-01 -9.929766147917715724e-01
-1.795705682336774078e+00 2.082542748690383028e-01 -2.798174274358666835e-01
-2.336633961947001126e+00 5.746415057544471822e-02 -8.858279758940448279e-01
-2.515884712083909402e+00 8.271767562914292826e-01 -1.277312772773937066e+00
-2.219164914241463560e+00 2.472913528954087947e-01 -1.291623295091226753e+00
-1.982041530893075887e+00 2.068770735254858162e-01 -9.674899243717772768e-01
-2.605368454604386930e+00 3.705487999420303269e-01 -1.036228583047962504e+00
-2.226078965571039348e+00 1.379791032856493072e+00 -7.870014679151772219e-01
-2.562047862164637202e+00 5.264706034469844864e-01 -9.015994019684380190e-01
-1.648056739667319581e+00 8.407464307312650931e-01 -1.231045340374095520e+00
-1.918079136564375231e+00 8.713572692543099241e-02 -9.071047146959738683e-01
-2.232723414352754343e+00 3.174479353112265589e-01 -6.674548279058599709e-01
-2.542588530796574098e+00 3.236438383221209025e-01 -1.015382868468271083e+00
-1.785503921132218341e+00 3.150011973182337277e-01 -9.700708960605268771e-01
-2.217652426464239657e+00 2.894908555847208742e-01 -7.471663941717769930e-01
-2.077186049250713040e+00 2.852952793444955559e-01 -9.333985752654559986e-01
-2.776937553703739514e+00 6.072349467982226523e-01 -9.503381501406019671e-01
-2.302398994638476637e+00 -3.328009015058414066e-01 -8.775799056262286735e-01
-1.517771329097687305e+00 -8.009289101091182639e-02 -8.923505805928537704e-01
-2.028936858391672704e+00 2.312638007965751863e-01 -9.576519581159325112e-01
-2.265205898709361954e+00 5.822237696609355861e-01 -1.229664599582666717e+00
-2.173979476093773844e+00 5.613611244005106693e-01 -1.322015550021998997e+00
-2.390104313702909433e+00 3.771122221332465912e-02 -1.124176518478483988e+00
-3.055086161740362627e+00 5.040902057876879283e-01 -7.997248592083201491e-01
-2.621830551954850375e+00 1.763002209416805188e-01 -1.269119716496584838e+00
-2.038606019666197700e+00 -1.137952125249671979e-03 -8.988980522560592323e-01
-1.613430745169190494e+00 -1.576806606107171785e-02 -7.783576905815619007e-01
-2.466812002428539596e+00 5.907051515203007863e-01 -1.141133854286882965e+00
-2.327742145609954960e+00 2.339814805410448187e-02 -1.141137727017920822e+00
-2.053349672581358476e+00 3.877306025027622005e-01 -8.241546004426845151e-01
-2.195677419314680634e+00 -1.641991713681750439e-02 -9.128257181581688195e-01
-1.813542634185900670e+00 -1.960858220319844081e-01 -8.232838741512100711e-01
-2.980712245866542709e+00 1.043773790077557884e+00 -1.191585523387471035e+00
-2.126698675599665744e+00 4.543632714830673769e-01 -3.576123207620935385e-01
-3.175726052214464357e+00 2.093493698181304874e-01 -2.638042981527666253e-01
-2.514488776490168664e+00 6.396671909672883016e-01 -6.140657911505725819e-01
-2.047425154132529901e+00 2.733268347711130808e-01 -9.438043997767370241e-01
-2.592273652253479277e+00 2.318778861147608450e-01 -9.599462194121144432e-01
-1.331311875877360551e+00 -1.535093854660758428e-01 -1.492000554893255559e+00
-1.766483948901040080e+01 -3.854682255084497200e+01 -6.600355811607616641e-01
-2.156424655987306149e+00 3.094526798425696335e-01 -1.725209566995838939e+00
-1.818670661588930315e+00 5.950504457060379337e-01 -7.382407735603069288e-01
-2.803401592786961327e+00 4.035104977913607227e-01 -1.114940804318873546e+00
-1.847401682943867751e+00 5.460450365382782945e-01 -9.733533307058973572e-01
-2.628562883639693482e+00 3.006088248002736218e-02 -1.276594550472268885e+00
-2.509906302344655948e+00 2.529358562130260557e-01 -1.292052689049805636e+00
-2.386811261479997892e+00 3.487813248340846523e-02 -1.123695914776669413e+00
-2.183008698614943732e+00 1.207372630343118286e-01 -7.406864408065748639e-01
-2.212697744745240058e+00 5.939747833656153775e-01 -9.210014640548906950e-01
-2.345157809966253115e+00 4.844771282052179329e-01 -6.583360908624945607e-01
-2.300495615405939276e+00 3.495375548169011304e-01 -1.075601250497667749e+00
-2.672281791512180149e+00 1.010260507145924330e-01 -7.869439616920191893e-01
-1.867152513160035499e+00 6.950266414645500657e-01 -6.975431658185274886e-01
-2.526619644690107691e+00 2.917542431824766136e-01 -1.001467444828296305e+00
-2.163539687836216086e+00 -9.176698077732130254e-02 -8.842873970770890324e-01
-2.043262756643732470e+00 2.831687934528426265e-01 -1.012437055383741624e+00
-2.231554299290687382e+00 -2.058111096562763309e-01 -1.197618142517265172e+00
-1.967253029138503750e+00 5.223686487007693779e-01 -1.001759658187247881e+00
-1.918494354046518691e+00 -2.719081993788578511e-01 -1.035023993750709304e+00
-2.374429932276060029e+00 5.900983496602744960e-02 -8.500171774409265302e-01
-2.482162409167765649e+00 6.951632777410808872e-01 -9.803629290742031932e-01
-1.543343403039140860e+00 1.232725052461272619e-01 -9.899022284152183548e-01
-2.639105720388310594e+00 8.262576217346059293e-01 -9.959049042307982491e-01
-2.198019813724573002e+00 7.522155614998765616e-01 -8.424179011092456371e-01
-1.599650025883244009e+00 6.970089249766610040e-01 -1.194464400494653411e+00
-2.110402059545175568e+00 5.245953388742665702e-01 -1.130176617664376160e+00
-2.212715125716517406e+00 1.088002668663606842e+00 -1.100800851477722775e+00
-2.817001143730994528e+00 3.418968451972404510e-01 -8.602984815625832615e-01
-2.113711127696872083e+00 3.009113660294823189e-01 -1.116094983881509295e+00
-2.464780177386390658e+00 -2.149968392013137108e-01 -8.935100701189457872e-01
-2.533599026760814166e+00 1.157586727784397918e-01 -9.714666093858330687e-01
-2.711692349508078692e+00 -2.926071360755094775e-02 -1.736904558195251358e+00
-2.397574120435570943e+00 1.775341185433107136e-02 -9.912573987346218196e-01
-2.093482894907703340e+00 6.838179689934287264e-01 -1.013605288428789830e+00
-2.638259784268763841e+00 -5.631733297175211400e-02 -2.257976183953341598e-01
-2.850870059493028741e+00 5.749116072593143389e-01 -9.931807408478302568e-01
-1.919950088062915228e+00 1.114557261024478940e+00 -8.955674076636827019e-01
-2.901288861354017978e+00 2.820865990597742901e-01 -9.584324221311862901e-01
-1.833109517539499356e+00 5.434539151302546500e-01 -6.789508387086433672e-01
-2.373488674857718639e+00 1.745369016518401317e-01 -9.141227756367493740e-01
-2.411214384882003348e+00 1.328101405871930263e+00 -1.707790007567129509e+00
-2.323430013321521770e+00 3.468910636189302399e-01 -1.908667395211041340e+00
-2.692103028843532364e+00 6.881376786198203366e-01 -9.280777254312824187e-01
-2.433150021977404709e+00 1.103106300747094537e-01 -9.262265993167217992e-01
-2.752329450616349149e+00 1.915662967798401062e-02 -1.025228805977963287e+00
-2.467861354217865788e+00 3.951696538631241373e-01 -1.036664794895912234e+00
-2.590872278524603445e+00 8.889853690713971357e-01 -1.078483483657557640e+00
-1.831132488207950937e+00 1.048763216720110414e+00 -1.832460456457127629e+00
-2.175463856034002941e+00 -2.393863459823989126e-01 -9.220797463814437434e-01
-2.657766694762146109e+00 2.373682907651251950e-02 -1.204009801913378919e+00
-2.673469117076179291e+00 3.923864264688876058e-01 -8.745450574538304878e-01
-2.781808985894012487e+00 -2.266858230004159536e-01 -7.156464189648442664e-01
-1.809735496182097947e+00 4.824350364958906456e-01 -8.342633801803395199e-01
-2.183188540104847419e+00 8.069766013582281294e-01 -1.299674855082359581e+00
-2.233989395107804921e+00 5.437873720015267143e-01 -9.589630339481114429e-01
-2.678275943386267510e+00 1.076449554305513034e+00 -1.660476370642295807e+00
-2.531550484645299193e+00 9.475685047784286885e-01 -1.042376292778979696e+00
-2.811717964054686103e+00 6.928425684194742251e-01 -9.132597883649545834e-01
-2.356062880139677240e+00 5.842554913657811710e-02 -1.048214397466984416e+00
-2.506758956715906095e+00 5.263370882353168856e-01 -1.045803189846280956e+00
-1.605301039986877898e+00 6.219347758691097239e-01 -5.464980404357742128e-01
-2.319727752581558722e+00 8.049622795495342542e-01 -1.049698754643607401e+00
-2.193791674886961474e+00 -1.251095085746084246e-01 -7.569957036159703501e-01
-2.872185568903764974e+00 3.345170231548117989e-01 -9.823136491044833774e-01
-2.797189105653052010e+00 9.464433745219514860e-01 -1.007079066027236181e+00
-2.239893150733155647e+00 4.261742276157467479e-01 -9.821537353563806194e-01
-2.831651752217760887e+00 3.798581168982796408e-01 -7.858059630789852035e-01
-2.574651526000076185e+00 -1.502501286427632143e-01 -7.227578925689994715e-01
-2.220181857344147414e+00 -1.616527755225169449e-01 -1.273543807761070790e+00
-2.159736309161236711e+00 2.239978771978002603e-01 -9.688340497555626429e-01
-2.232697463277124594e+00 7.367026684010645754e-01 -1.210240095150774353e+00
-1.756880308774412480e+00 -4.414245125026716177e-01 -1.567700629191947914e-01
-3.214263464099909040e+00 9.852350120543973411e-01 -3.713952394163782533e-01
-1.727143124026026877e+00 1.179089282465038829e-01 -8.836951712061459352e-01
-2.179014761939304545e+00 7.315681513435965400e-01 -1.147796131626435789e+00
-2.449681373800829842e+00 6.855050873028180058e-01 -9.535185023798113946e-01
-1.906429288209141149e+00 3.152677323970483059e-01 -8.424206438144110631e-01
-1.767574412872411571e+00 4.922170679196644638e-01 -8.556746225753225632e-01
-2.230552744323936576e+00 1.843628185434559308e-01 -1.051189261476324077e+00
-2.020241879578725808e+00 -6.019757583748940044e-02 -1.500008276580206745e+00
-2.047374939635769220e+00 3.098263340077916927e-02 -8.191865395974528008e-01
-2.487407912255115150e+00 -4.112549134205435442e-01 -7.279995465211849259e-01
-1.202039866109964272e+00 1.291212755513750920e-01 -4.917878830346483765e-01
-2.406568501824726702e+00 8.113126240487859020e-01 -9.732685403821433878e-01
-1.856990917245585182e+00 5.459206193442589505e-01 -4.432772333850902302e-01
-2.592500671411626545e+00 6.281854896811307487e-01 -7.647259476065683126e-01
-2.612205946270735879e+00 1.955139905626502028e-01 -8.588783781997669786e-01
-2.840879990628465634e+00 1.953893073696245930e-01 -8.488225718806513553e-01
-2.250634668579963193e+00 3.346259164430142596e-01 -1.023085068256772034e+00
-2.327126650012544928e+00 -7.881947418471180189e-02 -9.874493158651593827e-01
-1.801856143072412930e+00 8.912357612239958371e-01 -1.298487426476122364e+00
-2.533672587750839256e+00 3.528287393426792207e-01 -1.007667044788528976e+00
-2.358261136917042311e+00 7.454957128942929501e-01 -1.039323426323442989e+00
-2.470430264172616575e+00 8.822329587122741401e-01 -9.621411592023287884e-01
-2.528666604885843938e+00 6.031658307585788803e-01 -1.012328541172934582e+00
-2.485771428736343935e+00 8.721932171856264793e-01 -1.370003281848531040e+00
-1.901135257086780994e+00 4.538971215978555018e-01 -8.084485585792158258e-01
-2.186666346160516472e+00 6.725806633845025084e-01 -6.031505958197965755e-01
-2.780716229795292094e+00 2.584653390474658807e-01 -9.216330233147447260e-01
-2.489206557438551570e+00 5.555273599601761036e-01 -9.215145049780965048e-01
-2.606763042339264924e+00 4.695640389769146217e-01 -8.182397191773163048e-01
-1.754653137117845096e+00 2.672584793297152483e-01 -4.449461459768009886e-01
-2.598886682835085615e+00 3.277449562815777928e-01 -1.132251654672083108e+00
-2.287237071374530917e+00 8.733344709691837071e-01 -9.352863620903205666e-01
-2.338178543831924916e+00 -5.443303234553518305e-02 -1.090543490811525462e+00
-2.309419431530075340e+00 -3.129764624859269206e-01 -1.079116620759735579e+00
-2.678522155247949676e+00 1.390268097375689238e-01 -1.923350030030909652e+00
-2.265730234029005086e+00 -2.950705850711353162e-01 -2.715344499296602487e-01
-2.030599882734565931e+00 7.842800572860721964e-01 -7.444864006039376703e-01
-2.869387862960282476e+00 1.241924712124866520e-01 -9.515353204131312692e-01
-2.170503799210161233e+00 6.224552558093771060e-01 -1.005776317440753909e+00
-1.722867726495766361e+00 2.146725293149867875e-01 -9.326760262143248825e-01
-2.277426193478008898e+00 7.497569342856307273e-01 -1.131792468262497353e+00
-2.249861646050053565e+00 6.272712456646999390e-01 -1.135440667327014541e+00
-2.185703259758450479e+00 -1.742171001849646406e-01 -7.241512294183850562e-01
-2.812636554214027917e+00 8.511114508226244602e-02 -7.821950912598397698e-01
-2.336508218942168202e+00 3.803945881222806080e-01 -8.948072939179761986e-01
-2.186238459847887672e+00 2.934253475605205219e-01 -9.115839593327439427e-01
-2.108477024954393375e+00 3.619220715569263641e-02 -1.000756147042167532e+00
-2.314286439988725519e+00 1.097619419806432697e-02 -1.065968992181552943e+00
-2.104060830012056460e+00 2.690958757175750393e-01 -9.340576388888732762e-01
-2.091211189131469972e+00 7.820915957255623052e-01 -9.522431667065354155e-01
-2.369492332118105615e+00 3.297442144793780172e-01 -1.067401775869389891e+00
-1.725513942908441845e+00 5.286522705416163426e-01 -6.941554556439699653e-01
-6.871070450823952847e+00 -4.382937871021326970e+01 -7.523885692792182667e-01
-2.279239436248511552e+00 6.934796681706640875e-01 -5.594176192601745257e-01
-1.874175461863697212e+00 3.385909551516861349e-01 -1.340604241317523426e+00
-2.821858144858819362e+00 2.646932855950430152e-01 -9.493157716254724265e-01
-2.504127242275252296e+00 5.872346209189089894e-01 -6.059076712169990664e-01
-2.361271387506149733e+00 -3.535399784212270302e-02 -1.081752188504980339e+00
-2.158977972900828046e+00 -1.993284407527682323e-01 5.638922323211918719e-02
-2.184984915458253685e+00 1.822700575882238716e-01 -9.764883874897973826e-01
-2.379346363547586662e+00 7.974325016120924481e-01 -9.754357095721890580e-01
-2.444673584342337502e+00 7.281110083484066964e-01 -9.984457162474922320e-01
-2.891874969502657322e+00 2.277158876732976733e-01 -7.531290199516491590e-01
-2.660968490629283423e+00 -1.268268726954963344e-01 -8.741059354096533118e-01
-2.278097562034148815e+00 1.881301956078057155e-02 -1.097020076302086089e+00
-1.905210997388598004e+00 8.670420097277474758e-01 -1.201630885853099295e+00
-2.296862200214175420e+00 4.617450377179913579e-01 -1.416513120594564468e+00
-2.531151144537845177e+00 8.550624281514397351e-01 -1.013877412461436478e+00
-2.121144255083304841e+00 1.035102945665440810e+00 -1.132667485515161943e+00
-2.449376417028898079e+00 7.871162561795911339e-01 -1.906774674269134051e+00
-2.774208781899702103e+00 1.142331433267051999e-01 -1.014302463086454775e+00
-2.392276295928867480e+00 4.135148764573414182e-01 -9.362124490127534671e-01
-2.594270469660713285e+00 -1.080933632805082534e-01 -1.110582036549395690e+00
-1.851222884570657756e+00 5.260050620641800734e-01 -9.001470760765856172e-01
-2.506410411773534630e+00 1.684385787724818895e-01 -8.484072352056849509e-01
-2.830454886428111827e+00 5.000316692039128430e-01 -1.396977817037925673e+00
-2.233623945136509636e+00 8.810184069656890049e-02 -9.786909153593736921e-01
-2.844145589303332500e+00 1.154855223072558168e+00 -7.868027854524486386e-01
-2.111181913218850958e+00 1.993056322174044936e-01 -1.055628483009701579e+00
-2.652365286228132391e+00 2.956515068669140489e-01 -1.043703018416175743e+00
-2.025018365048070201e+00 1.501446977037222685e-01 -7.881273540073353567e-01
-2.087618691629800516e+00 7.806718579060912822e-01 -1.527118047918726074e+00
-3.111026650016467165e+00 7.562871846158611966e-01 -6.530352387753688426e-01
-1.869320746220621388e+00 3.335706648893466686e-01 -6.632198181579398444e-01
-1.607864572783750834e+00 -5.530832276021505622e-01 -7.638687666982693081e-01
-1.868339684038492265e+00 6.047108592288839013e-01 -1.024670331520539435e+00
-2.511132973363869869e+00 1.483140867419926456e-01 -1.227741309250588886e+00
-2.366591754695096750e+00 1.074174648931052467e-01 -7.995371503069120811e-01
-2.611854173207003527e+00 8.921134530514778227e-01 -7.813650644539923418e-01
-1.843149946748651846e+00 6.578078644929858942e-01 -7.506380746635779033e-01
-2.060213930292950302e+00 6.049123765310644441e-01 -1.140315924079352783e+00
-1.733943015699486390e+00 1.399404928959441519e-01 -5.867623689882817128e-01
-2.577598301401453629e+00 3.920805033732556177e-01 -6.438451249906439466e-01
-2.400373983792632782e+00 8.416135782507888630e-01 -1.226373868226354524e+00
-2.816985262251435529e+00 5.794320312533401962e-01 -1.276902424343277609e+00
-2.178338043911456801e+00 8.067838603387376128e-01 -1.010597456944203776e+00
-2.224474010495719245e+00 8.572376874039476791e-01 -8.467064292848184293e-01
-2.111470200455903168e+00 7.390555793009037089e-01 -1.010971443408613890e+00
-2.042117744219860143e+00 4.196536820930187872e-01 -9.794396765689454831e-01
-1.993538000093299845e+00 6.726911645537146933e-01 -9.187699514366272080e-01
-2.512376974753190328e+00 3.518568107500694153e-02 -1.057049972753280498e+00
-2.463005597064690466e+00 4.530720248602648770e-01 -7.496405348522749978e-01
-2.150703799125730953e+00 6.604200494508674080e-01 -9.021883104092320860e-01
-3.221644479143285444e+00 5.015469275929201887e-01 -8.607794772126838856e-01
-2.088270440714804721e+00 1.268272860739041719e-01 -1.607586048891798791e+00
-2.202646450484448959e+00 -3.018760247023113408e-01 -1.042875705034924216e+00
-3.192226639645990183e+00 1.306389697141549178e+00 -6.787143047811498020e-01
-2.579716698808680153e+00 -1.461060759156500577e-01 -4.947098768954650283e-01
-1.975986677894173482e+00 5.227825460075298247e-01 -1.041935004661706188e+00
-2.252762672207873074e+00 1.947130708845271063e-01 -8.576027985349207183e-01
-2.397393960033511018e+00 3.774265584591132705e-01 -1.185584151406570808e+00
-2.974626136735815329e+00 2.278223428570134712e-01 -1.289420900666552239e+00
-2.260814998198001913e+00 4.521459870858604568e-01 -1.088416159040016984e+00
-8.709519662245571725e-01 4.404103102132473357e-01 -1.375949872357073112e+00
-2.363161031966062531e+00 -2.391103816826004314e-01 -9.391847473181207384e-01
-2.878207177446752141e+00 4.027761068332634253e-01 -1.192911639959698400e+00
-2.557166953090478145e+00 1.013497081544267875e+00 -1.054652903063321601e+00
-1.913238635369194807e+00 6.051723888716367128e-01 -9.549884853167399656e-01
-2.876934286324749124e+00 3.522449367844053270e-01 -1.157153339591386887e+00
-2.481092415170265131e+00 3.176031848391177026e-01 -8.245789724124806819e-01
-2.346413062357138646e+00 5.809184288846687139e-01 -1.169563165559590390e+00
-2.531780541267648399e+00 8.650803675966386441e-01 -9.665037304436620014e-01
-1.653633045484598219e+00 -8.115162866418925702e-01 -5.536858875891406129e-01
-2.056322430101649168e+00 6.299445248208077608e-01 -7.991499468983697119e-01
-2.223714940978959387e+00 -4.472939184280539937e-01 -9.380762036747917199e-01
-2.353909498676035383e+00 1.325424104248738855e-01 -1.002701270741201522e+00
-2.100905217480314668e+00 8.456975237434886938e-02 -9.235509393735622519e-01
-2.563922289021083767e+00 8.023593732200938744e-01 -8.428538321090970342e-01
-1.914110504776291188e+00 6.178506461421682250e-01 -1.434702682931461970e+00
-2.498168510137157572e+00 3.857872626118194481e-01 -9.829539362332891939e-01
-2.698037807561292745e+00 2.010776171010176250e-01 -9.366408287802063803e-01
-2.791690616379939982e+00 3.984005439630390888e-01 -1.361728625963258832e+00
-2.183790929216126830e+00 -4.044791160222571125e-01 -1.165517538953823706e+00
-2.399479352577063906e+00 7.613725295300471929e-01 -1.102597505071460482e+00
-2.077734640082021134e+00 7.301506487578125759e-02 -1.130830590017205983e+00
-2.582924894844699004e+00 5.261590023610553946e-01 -9.841206913890355734e-01
-1.740229055660805990e+00 1.146472551557362163e+00 -8.756415859246757805e-01
-2.642933725576958270e+00 3.069308712364910430e-01 -1.046100065290704206e+00
-2.099044669228084636e+00 4.906523602218227365e-01 -9.673629166333732599e-01
-1.894763628137277944e+00 8.910462457492607236e-02 -1.166933992725126989e+00
-2.319153514589038956e+00 1.605379179443952309e-01 -1.107789856256911065e+00
-2.605109141219067670e+00 3.679171017231912533e-01 -9.640805344355246609e-01
-2.524781231165527995e+00 8.799505664569523544e-01 -1.040559882637722922e+00
-1.695680689699677224e+00 3.354621916128998071e-01 -8.347343419584888347e-01
-1.739879161096663740e+00 5.374523328474697381e-01 -1.068633198454252087e+00
-2.074483325999477490e+00 5.771993347040026423e-01 -1.112663339078752367e+00
-2.307235262793196018e+00 1.998523702921508882e-01 -7.709512451023212698e-01
-2.484441821761149694e+00 6.811140752231630291e-01 -9.101732279394479930e-01
-1.873194056080644820e+00 6.258903768374692034e-02 -8.964484412865737495e-01
-2.160145705600333255e+00 1.187344294104759751e-01 -1.094276822541829342e+00
-2.804185642576317861e+00 7.722912481358722159e-02 -9.366086855050231863e-01
-1.975929566475651988e+00 6.119608738560544658e-01 -9.388533133811749476e-01
-1.965408884185515292e+00 2.416085251891229857e-01 -1.148816700361339427e+00
-2.907088841850046457e+00 7.452240020947554777e-01 -9.217574859947945676e-01
-2.455070997028430568e+00 5.790587476758740637e-01 -8.483314575374322208e-01
-1.773995700136942855e+00 3.494085077189785227e-01 -8.271085882305120318e-01
-2.418260785147785974e+00 1.626600150003921219e-01 -7.764065732444996870e-01
-1.879356016432759846e+00 8.101170519058178976e-02 -9.051204447272617193e-01
-2.208243031737877171e+00 4.278916712848233050e-01 -7.566719759200900564e-01
-2.298184238654540135e+00 5.752380376921328864e-01 -9.509677901943783818e-01
-2.168885190972799304e+00 4.436128308292310637e-04 -1.044554724578782068e+00
-1.860987471367582247e+00 1.714121519863345544e-01 -8.055513388438041433e-01
-2.318459441455313907e+00 2.860839115317941883e-01 -8.862104734732098033e-01
-2.349528694543074447e+00 2.069037693421388671e-02 -1.287034176258679441e+00
-2.503205252769569622e+00 9.518027899886480903e-01 -1.265866481111167063e+00
-1.799010393586343293e+00 7.275791336018391786e-02 -9.797307345911481224e-01
-2.386480043616350688e+00 -3.892457396243770296e-01 -8.211203643934018581e-01
-2.096362835634086430e+00 7.420550056199866074e-01 -8.630278429179419897e-01
-2.504988151235215454e+00 1.259806571221789850e-01 -1.867168048354816534e+00
-2.523307182514793467e+00 -1.214867818155600104e-01 -9.605779083919453454e-01
-2.342513317865730915e+00 5.073979287591457998e-01 -9.244759057936494662e-01
-2.014985608617824386e+00 4.579907250402980301e-01 -1.411562602321808413e+00
-1.834658891019133931e+00 1.458472874838674604e+00 -1.630798464658639535e+00
-1.853060787015563315e+00 -5.550829455806173540e-02 -9.606960715753165569e-01
-1.741392975230441342e+00 6.390196679444323236e-01 -9.788146955108781855e-01
-2.361024815938049581e+00 3.159255526987401752e-01 -9.901776442434215841e-01
-2.199376844999555214e+00 1.799232875377168306e-01 -3.257918238327318639e-01
-1.906148477178094991e+00 5.273388364812604578e+01 -4.083708600627724561e-01
