-1.383188328505886577e+00 6.898832540638658549e-03 -8.434883614509119942e-01
-1.327825628123803892e+00 -4.786457508999906324e-02 -1.145919075638263784e+00
-2.331053142022644575e+00 3.557380852603758137e-01 -1.457283110698144979e+00
-1.752170983472879806e+00 9.188753299472515179e-01 -9.915528680926339877e-01
-1.751181626275696290e+00 7.452205995145035899e-01 -1.014224468811858459e+00
-2.044394276362601293e+00 -1.127520641179947103e-01 -5.597932793039732680e-01
-9.693674806155303525e-01 -4.414330340578899448e-03 -7.515962079439746368e-01
-1.241356096151749577e+00 -2.373649167565703155e-01 -7.321984582343289416e-01
-1.829593120843314047e+00 -3.202439935233106771e-01 -8.283883355213990107e-01
-1.278369057276506737e+00 -5.668672706365274205e-02 -6.726014381949492194e-01
-1.824001234695972196e+00 -5.026120778661841842e-02 -9.342177108573749278e-01
-1.464400323504293722e+00 -3.786938211496964635e-01 -1.088626273552384394e+00
-1.241486580444407961e+00 -2.992870831026948064e-01 -8.252224391494350497e-01
-1.381530125240511886e+00 3.233201316337585562e-01 -6.794610560184011216e-01
-1.736400504233915454e+00 -1.968054722178182725e-01 -6.254475374371728513e-01
-1.512580320589587135e+00 5.498447737602615293e-01 -9.831109014381108624e-01
-1.344506857499847996e+00 4.177371568000795010e-01 -3.405934663062300527e-01
-1.961122391889467131e+00 1.911646944584108332e-01 -7.510436575419493499e-01
-1.787196140036192649e+00 4.513817178300962296e-01 -7.855236681969647305e-01
-1.718984779029751886e+00 4.527645147582946838e-02 -6.997444846200381319e-01
-1.809586059272528802e+00 1.791265005124956233e-01 -7.818320034856112155e-01
-1.301915115363312836e+00 3.099053340065470175e-01 -2.454105518501336902e-01
-1.914118094124830138e+00 1.895583347439439570e-01 -5.140547665017524137e-01
-1.786739982738609900e+00 2.924791836313999499e-02 -9.346864471171386635e-01
-2.245334039560540340e+00 1.767408129693942009e-01 -4.111599633404414145e-01
-1.169351438135728616e+00 6.251333135641082839e-01 -8.000759039211282619e-01
-1.563486790857534725e+00 1.764033409222203197e-01 -6.911222028134672568e-01
-9.449474010884529873e-01 -2.141666995881639501e-01 -7.009010839108387181e-01
-1.677598502071461217e+00 6.318752914631592388e-01 -8.944435559274894754e-01
-1.805542037624518814e+00 -4.837784601168632764e-02 -9.803489863579701868e-01
-1.828002508313385954e+00 1.049158733434250590e-01 -8.551093034720297359e-01
-1.822176080825628430e+00 2.856932877908903157e-01 -2.318719189800896863e-01
-1.818105717909601626e+00 -2.152108074707610730e-02 -9.175091955713421399e-01
-5.536516291020475711e-01 1.016400520706789157e-01 -5.014897600862725513e-01
-1.257413452518576058e+00 -4.491826687740761992e-01 -9.866983995853614298e-01
-1.605286158920655071e+00 5.880317928961831253e-01 -7.573235267524670578e-01
-1.139603391542398203e+00 4.687511506047273846e-01 -5.211323914505027188e-01
-9.000113162038898551e-01 5.312216838227858950e-01 -9.603026898138866674e-01
-1.165732255753300306e+00 -4.286719667678943746e-01 -8.044675186436566205e-01
-1.455195591886237816e+00 -1.869934163165552082e-02 -3.890548652441215283e-01
-1.393415784800133395e+00 -1.463238933575568557e-01 -2.566730516034361753e-01
-1.629272531650415967e+00 4.805430659071970034e-02 -7.757872492215175386e-01
-9.944332690106429951e-01 1.398443746784422959e-01 -6.812940857906070180e-01
-1.890251764594540251e+00 8.142773637059001757e-02 -6.456158201043520339e-01
-7.602747783241952106e-01 3.183212733003272232e-01 -6.481744985584442231e-01
-1.910477381454504409e+00 -7.008949659893005946e-02 -5.297769656910675806e-01
-1.648049317349772780e+00 -3.746266848494641533e-01 -1.159212719765268407e+00
-1.855536831363943762e+00 -2.916601577426686798e-01 -9.376247349846392742e-01
-1.388709039525103828e+00 1.091328392846922235e-01 -9.655163856373579767e-01
-1.513609272238574555e+00 -1.110345142130958612e-01 -1.134999641532636883e+00
-1.605745557059928164e+00 7.497052799440429016e-02 -1.164822979284562576e+00
-1.959499629351111771e+00 -2.357887464488270524e-01 -1.118380923070261046e+00
-1.409990334631078923e+00 4.078709093881641712e-01 -9.897579206491895487e-01
-1.082744906203666924e+00 2.538099248363238636e-01 -3.971989082359049794e-01
-1.186743497848232964e+00 2.175182254885694721e-01 -1.219887208612356000e+00
-1.542748085155047910e+00 5.707780542476247332e-01 -5.730596894932323826e-01
-1.419031676175820600e+00 6.319350242056988032e-01 -8.155460584076881236e-01
-1.858973847109203659e+00 6.041324284046212245e-01 -6.816928815913035899e-01
-4.372808676833738750e-01 -5.282041024683342689e-02 -1.318295864769588377e+00
-1.226481878330498487e+00 3.213546139054485745e-02 -8.692650643218454709e-01
-8.183223698624205733e-01 5.482444880925151365e-01 -6.815275257856997504e-01
-2.163594738686744456e+00 -7.475854454191714626e-02 -7.573962661224190596e-01
-2.359942776211632509e+00 1.064784394560685410e+00 -2.826219237616091617e-01
-1.510187773879687168e+00 -1.089534537305320849e-01 -6.555270306140356107e-01
-1.691582428899926605e+00 1.672794194447704552e-01 -8.697658213093715229e-01
-1.688833970501534498e+00 3.967336322766525369e-01 -8.498196208346371350e-01
-1.577048513916825101e+00 5.386657612443756377e-02 -5.847399039323253334e-01
-1.611813285970840726e+00 3.615282800499515226e-01 -9.808220514793737355e-01
-1.986009104109510481e+00 -8.277774767325665750e-02 -6.958601717834373979e-01
-1.028543911163936619e-01 1.610822745479427720e-01 -4.791332681501255797e-01
-1.365813751567369394e+00 3.462081783741960406e-01 -6.934117430888746547e-01
-1.455660988457684324e+00 5.799468986343917498e-01 -1.053725404986547876e+00
-1.188404732102299688e+00 2.803101167301506047e-01 -6.944859586041739474e-01
-1.689204530661220227e+00 2.503581716918675815e-01 -9.782955210304604687e-01
-1.621954610629140259e+00 -4.692778998915077548e-01 -7.599740572057397392e-01
-1.317187427933393051e+00 -4.151014092759724439e-01 -6.002016895120215745e-01
-1.322190018235446685e+00 -1.212526323902702458e-01 -1.239315686496013980e+00
-1.562921126535753213e+00 2.062345398840879362e-01 -3.237350794192460079e-01
-1.491266790421908572e+00 -5.383504130611758282e-02 -8.158924923398790385e-01
-1.641640742979363132e+00 2.043746694709501766e-01 -5.683520597106036520e-01
-1.460640144534516738e+00 3.340969961510993624e-02 -7.549505898613089183e-01
-1.162709516138090482e+00 -4.750731802769713741e-01 -8.856544559823873453e-01
-1.433446305660559750e+00 5.228617811005372706e-01 -6.377911658619730417e-01
-1.326038288304460133e+00 3.112155599410735829e-01 -1.389325342734176738e+00
-1.269397338842356948e+00 2.175137495408487054e-01 -9.445419808414345919e-01
-1.447176238096844036e+00 3.288132458226704080e-01 -9.529961028973082948e-01
-1.790005635892357949e+00 9.279141385767786243e-02 -5.369160304780533632e-01
-9.750103818950009993e-01 3.756860589670096839e-01 -1.198405895981450087e+00
-1.471652237636406291e+00 -3.422794558292501788e-01 -8.993341421842727668e-01
-1.343762126219395059e+00 -1.210589968864440452e-01 -7.956631127900468670e-01
-1.711980326809852793e+00 -2.856028587777088498e-02 -1.308574303050011878e+00
-1.242086501825734102e+00 5.527831097550525707e-02 -8.737638238595039075e-01
-5.269269284720257129e-01 6.075325588088483775e-01 -1.044507467917462185e+00
-1.107652588974812335e+00 1.493962084472298946e-01 -5.227275022559436657e-01
-1.368000869353694693e+00 -4.063384633604538720e-01 -1.033672637460973043e+00
-2.152025614456114955e+00 4.855267445779144070e-02 -1.083498348879199824e+00
-1.102986979795815170e+00 1.092310457269937141e-01 -2.064515812863058630e-01
-1.389915691899974881e+00 4.442584823743305211e-01 -8.541760209904520895e-01
-1.894698940082919059e+00 -6.660110009018947730e-02 -8.887578329269892885e-01
-1.390986917283174806e+00 -3.616201468710947275e-01 -5.883201591137279252e-01
-1.676265943716865436e+00 6.106779302465811243e-01 -8.876815463320102406e-01
-8.706177070804305140e-01 1.201200165396081737e-01 -7.433698157959505171e-01
-6.948773440422951753e-01 -3.523981314846301172e-01 -1.227876112189901558e+00
-1.417700757455980787e+00 -2.823019222842909071e-01 -6.840618403471964148e-01
-1.368834927142594804e+00 3.031649868075749765e-01 -8.034197026190659230e-01
-1.247581195522783126e+00 -6.472179777001316192e-02 -8.255095279845541256e-01
-1.205665993703177952e+00 -1.391901253586242393e-01 -8.991691330744048249e-01
-1.851733768576584671e+00 5.996628066024399517e-02 -5.250817247783331476e-01
-1.713040748746871511e+00 5.089721168514108607e-01 -8.200397773876590968e-01
-1.425086169124335056e+00 4.844097432418882354e-01 -1.158066198221696652e+00
-1.061396165057769680e+00 -8.182288925997895090e-02 -4.061268147939906537e-01
-1.301398424471958748e+00 -4.918108982950003538e-02 -8.099492847066125378e-01
-1.403135656728907721e+00 -3.129168745067134050e-01 -6.035262933764493631e-01
-1.174655182053924163e+00 1.622565114579710421e-01 -5.056572278254579667e-01
-1.898013192152147699e+00 -1.283806291737470684e-01 -1.005352431124875823e+00
-1.672915552383883453e+00 -3.534181396224965743e-01 -8.218797508892573545e-01
-1.098565956173735758e+00 -8.745853550341546601e-02 -9.002276014474439592e-01
-1.966793454628722904e+00 2.201742280439632909e-02 -6.860423060265654627e-01
-1.827713224598138897e+00 -2.147425488076560030e-01 -9.348828729053588749e-01
-1.868395536846986005e+00 4.512672265665857441e-01 -6.799817336946363255e-01
-1.705275232778111993e+00 2.453353802557569074e-01 -7.378632548098160715e-01
-1.984916490902598474e+00 -6.492611597301951518e-04 -4.003145760618788684e-01
-1.233037726072296225e+00 -5.075284761121030552e-01 -8.943155327776229901e-01
-1.461058821770460980e+00 1.092901621601146261e-01 -5.366109431564068943e-01
-1.066656931442924261e+01 2.676720935078547825e+01 -3.091649241597513864e-01
-1.285399663332467579e+00 2.207347606614874086e-02 -1.077909518500516528e+00
-2.023688981499428330e+00 1.332178624143361967e-01 -8.347259325047668987e-01
-1.606401330996115373e+00 6.788044575406099179e-01 -8.742916378508646114e-01
-1.845989638993011939e+00 5.705339553297473776e-01 -7.506743008486855828e-01
-1.673865963482441765e+00 5.539935698110464157e-01 -7.805174034784888581e-01
-1.549249312490445396e+00 6.742132970644845180e-01 -1.123272975648316852e+00
-1.765805776894853629e+00 2.559406837290199507e-02 -7.889777947797099733e-01
-1.168239181966302054e+00 6.754016551381263334e-01 -6.909453115365592479e-01
-1.313390871289997763e+00 2.869282062375553277e-01 -7.053634224494795824e-01
-1.382297824673772046e+00 1.104728297326625364e-01 -7.432524356230841844e-01
-2.775248996319713335e+00 2.128395897363513645e-01 -1.099655676493505485e+00
-1.601701726094957090e+00 1.945181331309065731e-01 -1.007448505611430845e+00
-1.598991201647215199e+00 7.537275926968773909e-01 -8.740089645158569676e-01
-2.225891265007013953e+00 -6.128779493981492132e-01 -5.659538860322504972e-01
-2.086421597024421537e+00 3.514144015216532635e-01 -6.177603805845278684e-01
-1.955342167762215810e+00 2.018405358370526422e-03 -7.760446348924339155e-01
-1.670767988862540410e+00 5.949089666209559368e-01 -8.043521492494766223e-01
-1.668464774077621504e+00 -4.721761603566272669e-02 -8.488430996788499661e-01
-1.169992096406464288e+00 -3.264152078657278633e-01 -7.559087847513442648e-01
-1.914015255415415062e+00 1.070529879694178677e-01 -9.026341890414902869e-01
-1.219534559812463836e+00 -1.196905658374509095e-02 -5.879209595348521278e-01
-1.567006049847543769e+00 5.215834299675546903e-01 -8.849768343120464342e-01
-1.981353216017251340e+00 5.723853119585910892e-02 -9.953012934244456211e-01
-9.811610389671127086e-01 -1.288171662630511749e-01 -3.896987400824177827e-01
-1.541612692419945363e+00 7.034293853731472534e-01 -9.774791931813860968e-01
-1.924162737824756331e+00 3.097372501983771675e-01 -8.603145292876122063e-01
-1.833693985698411577e+00 8.088027610796839906e-02 -7.383789925155128664e-01
-1.832206756258284663e+00 -1.563575838357955661e-01 -7.618011352644002976e-01
-1.724674695346257947e+00 2.174603578430940320e-01 -6.483437207290559945e-01
-1.470747613985369240e+00 -4.040735015079575665e-01 -7.328473679237751393e-01
-1.782241244857703411e+00 -4.772813671645281808e-02 -1.309441494441726972e+00
-1.286307451877924501e+00 2.915682886987855937e-01 -7.650660278171032003e-01
-1.309272368846188028e+00 3.245526646721755837e-01 -4.969919317497506484e-01
-1.408560634990875471e+00 7.266568611082172557e-01 -1.022357410015520385e+00
-1.551599826359953305e+00 5.709839709596881141e-01 -7.817387307623204773e-01
-1.768636969637545686e+00 4.303525239133171865e-01 -8.016484481748860080e-01
-1.261282096769452465e+00 2.229307652179192689e-01 -9.117692819369596080e-01
-2.525613545602500842e+00 -6.211712875452688465e-01 -4.989919369386625614e-01
-1.468825293059499604e+00 4.140784449573441384e-01 -8.815680661892064673e-01
-1.961983396243560662e+00 3.196249207003994397e-01 -7.179244468346297481e-01
-1.777607372100729721e+00 -2.369708887517970597e-01 -7.825253746876514871e-01
-1.349872066244359736e+00 -2.990297733176119910e-01 -8.512941463315787383e-01
-1.767861288632264660e+00 5.058002732777905353e-01 -8.696342973618905736e-01
-7.057188602253902099e-01 7.778290931245361861e-01 -1.267292291104639812e+00
-2.043515448160225123e+00 3.509033721575729459e-01 -7.187263436747479695e-01
-1.514890931804038665e+00 7.320431992629939932e-01 -9.178951661238191617e-01
-1.360392397588013891e+00 3.527119349014478100e-01 -8.342823786805383390e-01
-1.577311457137957618e+00 3.407877751369277064e-01 -8.650108506274885034e-01
-1.787178851544241498e+00 2.527515325947703173e-02 -5.120332895955265196e-01
-1.743517733489016841e+00 6.439911262024738958e-01 -3.351014220505517116e-01
-1.475853049021427665e+00 -1.445538972862266680e-01 -9.824286900512708698e-01
-1.592456539060312259e+00 6.476883684299465926e-01 -6.866687373801071415e-01
-1.570248739790886194e+00 -1.722525589232072607e-01 -9.742564163976713543e-01
-1.585028719446744949e+00 -1.657896178556685918e-01 -8.491633316046784952e-01
-1.365718959750217065e+00 2.229391984578140903e-02 -8.180024703417450027e-01
-1.980324857620578971e+00 3.203638628791794507e-01 -5.763480279627476444e-01
-1.219138868456906000e+00 2.521683114814539106e-01 -7.870607230194922588e-01
-1.941915576266188603e+00 -2.038211733362612146e-02 -8.148762022453450715e-01
-4.892975401452545614e-01 1.292858603617462812e-02 -7.376510791987836990e-01
-1.696901608758565549e+00 -9.426036502714069121e-02 -7.680972832693909735e-01
-1.302970713994361152e+00 7.150988143181084833e-02 -8.149978546372141919e-01
-1.470001646709843790e+00 -2.034768186340115553e-02 -4.071610208378040885e-01
-1.453615518587075606e+00 -5.831325387802460680e-02 -9.244791209472164040e-01
-1.858348648838166417e+00 7.273525231536971392e-01 -9.144881134664059052e-01
-2.004120615111304460e+00 1.185465175446080320e-03 -7.968854105217345607e-01
-1.266688567971727908e+00 1.075219227065331795e+00 -8.739405027456064179e-01
-1.520183772577106573e+00 -1.297842904779868134e-01 -5.318049259650057259e-01
-2.430677972351000360e+00 3.240451147786856390e-01 -6.210391230781691085e-01
-1.186622483769592451e+00 5.815703795016100575e-01 -1.093615214392742230e+00
-2.326305936151128240e+00 5.300750753386895830e-02 -6.687022432027744934e-01
-1.172256281623523133e+00 6.437209778162202856e-01 -9.616548946298754119e-01
-2.529954021356100036e+00 6.035833578143621203e-01 -6.890221444980949572e-01
-1.572797586156632343e+00 1.072984335489289842e-01 -9.999196994114231130e-01
-1.985734624715250085e+00 1.448453040441380624e-01 -7.462653968565006180e-01
-2.266457278239150774e+00 -9.716212468495209753e-02 -9.265317502536931649e-01
-1.548835283312705702e+00 1.201131264161768714e-01 -6.568485405866920646e-01
-1.952512289940844914e+00 -2.966277975303686643e-01 -6.677964554968542910e-01
-1.521848514368377092e+00 4.254017344604149042e-01 -8.938589851394375119e-01
-1.090411784685459962e+00 -4.186422248953011183e-01 -3.090049337305615373e-01
-1.810681943156811746e+00 3.730545732261061898e-02 -8.546017061302974005e-01
-1.176812839547310974e+00 -4.078010239336781612e-02 -9.516628086620888549e-01
-2.086901035572167107e+00 -2.943337591125417818e-01 -8.602714045556959510e-01
-1.837754492145524665e+00 9.956124143058367459e-02 -6.825969186244227327e-01
-1.999703940761970555e+00 2.461323443363711005e-01 -1.004034090856850803e+00
-1.684148513662466540e+00 -3.243814101037226227e-01 -7.744399725607898910e-01
-2.153163119574624584e+00 1.539895080504134067e-02 -1.623909215029404773e+00
-6.330971843665534893e-01 3.709817573164185256e-01 -1.394240157153164406e+00
-1.359227841064420073e+00 7.282445794198689759e-01 -6.369219845788379741e-01
-1.078159506202778450e+00 -2.931975464508074780e-01 -9.294333705911462795e-01
-1.460007491412941727e+00 9.692661523187926509e-01 -7.069909141182797452e-01
-2.037132161356813853e+00 5.362986148320608715e-01 -4.303190439852136451e-01
-1.777583376489954903e+00 -3.867933152843170408e-01 -8.185459402601433787e-01
-1.954583445353679005e+00 -3.914780754744878050e-02 -7.224165843647720742e-01
-1.074320230551507827e+00 -1.827298452333031287e-01 -7.510519303498408572e-01
-2.082297813244166740e+00 1.134680148682294248e-01 -1.031854956604576490e+00
-1.981832750085961159e+00 -1.002437744968776023e+00 -8.811683890401076358e-01
-1.478593205830737611e+00 -2.312921459036057503e-02 -7.908262818229762070e-01
-1.500225218676872307e+00 -2.755201528858955418e-02 -1.079045539867480752e+00
-1.698483036251128730e+00 4.428608967066181568e-01 -8.322754741675503221e-01
-1.681904417905235150e+00 -6.485954927591769392e-01 -1.181886524558263929e+00
-2.356509316891934880e+00 1.339514112036428894e+00 -7.407711985372027463e-01
-1.090734454365858142e+00 1.556579202445793064e-01 -1.081582483385224558e+00
-2.003791744580510681e+00 2.482707770966635641e-01 -7.029893717148711918e-01
-1.403740578445508813e+00 -2.132008405057965461e-01 -7.573113621807233686e-01
-1.424124852222125703e+00 -1.843740983019807045e-01 -7.169507195455997461e-01
-1.788235502605450833e+00 7.681540124692950444e-01 -1.560441202534039729e+00
-9.860264469160496814e-01 -2.894925532190996756e-02 -6.130935475008658653e-01
-1.609515859794318215e+00 2.624515267422170561e-01 -7.365070475164230412e-01
-1.477939766299402935e+00 -4.081638969274485884e-01 -6.228983332762025871e-01
-1.798967963480437193e+00 -2.543336633830493576e-01 -7.779924249955095794e-01
-1.659962432678109279e+00 6.444944465781830001e-01 -3.351446471383787151e-01
-1.753790366182923055e+00 6.733102726259417858e-01 -9.944854385030456045e-01
-1.899645308708396874e+00 -3.004660656706207300e-01 -9.203398135138743941e-01
-1.920137449919679939e+00 3.158830146076599399e-01 -1.178417404950093283e+00
-1.526999598107329881e+00 -3.932071747665474848e-01 -6.659967472587864368e-01
-1.810721609539371002e+00 -2.753287305094995752e-01 -5.803352151861558283e-01
-6.083764269322974316e-01 9.024515017013592377e-01 -9.311828760065168353e-01
-1.980541904123171104e+00 3.035296506405692485e-01 -7.423882540572604993e-01
-1.416082058695701473e+00 1.244651088312183740e+00 -6.556524860624846074e-01
-2.095862996301041115e+00 -3.119608120808566865e-01 -1.268488384449054873e+00
-2.212247808009190742e+00 1.764422439010373267e-01 -7.657926195909809941e-01
-1.396245437346264939e+00 9.656103167714867597e-02 -9.551013969846391394e-01
-9.660439035724402990e-01 -6.149311079595888574e-02 -8.970351394267985778e-01
-2.664153377536405465e+00 -5.242192380726468093e-01 -7.601935097660164065e-01
-9.236953408489981143e+00 6.365907186040900889e+00 3.986434790073767331e-03
-1.789693163780351259e+00 1.463210337136257866e-01 -5.698753411132594371e-01
-1.511405877253496177e+00 5.687672741638151175e-01 -8.867630634175065474e-01
-1.238191071285935640e+00 3.967162728325973053e-01 -7.506321532524304896e-01
-1.342299950852740897e+00 1.115968757787257071e-02 -7.819674219423276007e-01
-1.120129698161802523e+00 -4.615057867846795725e-01 -1.279883759824131273e+00
-1.319916415081414440e+00 4.998573004268681008e-01 -5.965600728787254781e-01
-1.825972222897448205e+00 -5.380733361032460221e-02 -4.407013289562972669e-01
-1.757293604148491450e+00 7.031392574623067659e-01 -8.673207959787812005e-01
-1.734971802064202873e+00 4.652180262801522970e-01 -8.103858012697754409e-01
-4.523527272406724919e-01 6.896015082285239517e-02 -5.522061915769304052e-01
-1.283294384532319032e+00 2.180491579826059623e-01 -7.365737012500379599e-01
-1.195865330649672487e+00 7.093161781508726671e-01 -7.303857314342654394e-01
-1.143522670783426953e+00 3.234237472880275785e-03 -8.435075537643726973e-01
-1.194744805435638879e+00 9.699748176302076530e-01 -9.983100575116343744e-01
-1.373614500830061758e+00 -3.124667029782637329e-01 -7.628833776946474243e-01
-1.290794367531641118e+00 -9.966124604398710618e-01 -4.089319568596337384e-01
-1.191596448491273996e+00 -3.772711695315220798e-02 -6.080658322213857714e-01
-6.875471349017736600e-01 -9.862232463096605173e-01 -9.987664131583819938e-01
-1.197863489028653028e+00 3.441985754801692443e-01 -9.232732148245020865e-01
-3.362795234080547813e-01 -7.928927867773297722e-01 -6.510706627609490482e-01
-1.152695171872012647e+00 -1.644095340208705514e-01 -8.650679227927220438e-01
-1.316418940343448973e+00 6.333843142526582870e-01 -1.222425382454263021e+00
-1.607476077853220220e+00 -1.326468210033653339e-01 -8.110299280626764862e-01
-1.359023768430781542e+00 -3.755028399785667048e-01 -7.022752672646341843e-01
-1.892978947036347614e+00 4.565691935293020864e-01 -8.844458578331879650e-01
-1.138495053388698608e+00 4.961162635957858669e-01 -1.103379127297488660e+00
-1.308225089890215243e+00 2.515337710092963031e-01 -7.837569710477332308e-01
-1.358526128266712929e+00 6.464664772756174571e-01 -8.589020538624763113e-01
-2.913095290871386300e+00 2.669989912831952777e-02 -7.302158161495006516e-02
-1.952711976314611242e+00 -1.528992698574730136e-01 -1.605763405821298617e+00
-1.337800019154465891e+00 6.102863744820183900e-01 -5.891213013688632039e-01
-1.979136079226247347e+00 3.233222991944730701e-02 -7.500768184543781247e-01
-1.698351668206792509e+00 1.251757229206805766e-01 -1.040290378692732443e+00
-1.507770839609195113e+00 3.435947338203159118e-01 -9.107644082128482088e-01
-1.532841285209271653e+00 -6.972876232918878703e-02 -7.845150005761246659e-01
-2.297517018387201571e+00 3.328242991713872834e-01 -6.547677408506308305e-01
-1.465208618961014952e+00 -7.324335267392009796e-02 -7.247458105141703077e-01
-2.083718656253967350e+00 4.673577119776023969e-01 -8.801041213956557474e-01
-1.692656815761603317e+00 4.850679874403911462e-01 -8.352015011691326096e-01
-2.294320648690624243e+00 1.957401163832787339e-01 -7.066938791604404635e-01
-2.371818521713801697e+00 2.613795849566113993e-01 -6.502323858223810760e-01
-9.777606195209131990e-01 3.789008461483785867e-02 -6.133897310066718234e-01
-1.873356967069936374e+00 -2.342258183569400406e-03 -8.147963722595334968e-01
-1.661702505980722888e+00 -9.359510777224426537e-02 -4.047945447139339459e-01
-2.129726057603794853e+00 -4.318260270036431980e-01 -4.737546375200677451e-01
-1.334654453231842508e+00 6.722264026899282818e-01 -7.427351506399427761e-01
-1.694138024009266941e+00 -2.139283229007237774e-01 -1.136384594299518325e+00
-1.551841601622925060e+00 -2.235537732315626414e-01 -7.813697788013183043e-01
-1.819636455380917672e+00 -6.538257880264872757e-01 -7.872928332046478239e-01
-1.245345071706031481e+00 6.288527224581809405e-02 -1.022411591366110928e+00
-1.594775857631550720e+00 2.082428945866115211e-01 -7.759893763539372769e-01
-1.845540486837475624e+00 4.563039992766993458e-01 -8.016657774411138915e-01
-5.043878206244628570e-01 8.177997521928979108e-01 -9.145365481518668016e-01
-1.476073244458539824e+00 4.428333330867775808e-01 -6.105262572211982430e-01
-1.278371042650539691e+00 -2.167631848315555720e-01 -7.882431012067306897e-01
-1.293656981079396306e+00 1.612379537746518321e-01 -1.155188801146719291e+00
-1.335848915963106842e+00 3.920616028041331025e-01 -1.026171893903538912e+00
-1.886762049608455838e+00 4.300616382738663424e-01 -9.626926455215001344e-01
-1.362270879335122808e+00 2.033865535762377219e-01 -8.004764497824026215e-01
-1.948252490301896733e+00 2.943640538635804993e-01 -4.632902347187956016e-01
-1.902829552828275927e+00 -2.583204263536418299e-01 -7.412387490980301141e-01
-1.405419356850891699e+00 -1.702759610382496847e-01 -7.479627954129376421e-01
-1.417108878435362929e+00 -4.410105440935240817e-01 -1.228866042799418690e+00
-1.200328643574289256e+00 6.901054875165794078e-01 -1.184792600983239685e+00
-2.111024108270885158e+00 1.831581679475969837e-01 -9.283602781168887041e-01
-1.078089092324195253e+00 6.195675641273203915e-01 -6.178693079680814826e-01
-1.023571644302028183e+00 -1.924217762267892706e-01 -8.814962059447031262e-01
-1.218004704687502882e+00 7.590577190294053311e-01 -1.078352063624257395e+00
-2.048936067425285668e+00 -2.986841670613459288e-01 -2.916443086926304717e-01
-1.517181025907744507e+00 1.360318747486545909e+00 -9.048183971400068915e-01
-1.463793147607421075e+00 2.857977872182497214e-01 -7.580298592191716534e-01
-1.456165400263009335e+00 -3.816020797074452520e-01 -9.875594243546685913e-01
-9.167760836957690174e-01 8.028222367173148966e-01 -1.063712198500656347e+00
-1.975214791421348703e+00 4.032594023923922189e-01 -7.025696238295076057e-01
-1.287873380764643638e+00 4.764137510594817493e-01 -7.963473577330413278e-01
-1.303022630246484681e+00 9.727338403184959681e-02 -9.180068870687337901e-01
-1.887271392623640631e+00 4.248384080026620935e-01 -6.389205358116931688e-01
-1.307778640846644080e+00 -1.532235155606442509e-02 -7.431848974884186498e-01
-1.938988443343520718e+00 3.742891544267294424e-01 -5.653594148639593531e-01
-1.692435128763966956e+00 1.697105764567147235e-01 -5.990935705638147368e-01
-1.427453269353434750e+00 -2.370715782074940547e-01 -7.396145531336936196e-01
-1.897020884446028566e+00 -1.832971202389187260e-01 -5.469226365544662682e-01
-1.925515313051256339e+00 1.459864535914282835e-01 -6.497897858584139597e-01
-1.316667126619812000e+00 -2.354149622126538999e-01 -5.279840114431259002e-01
-1.922424863787571381e+00 -7.388664888396000163e-02 -1.134789329255756485e+00
-7.049052638937117754e-01 -9.302734556482940009e-01 -1.304795721832570532e+00
-1.584266297211316843e+00 4.145413712527799138e-02 -5.808000600052118934e-01
-2.049654348700382211e+00 2.051544834577762877e-01 -7.955018833512593757e-01
-3.694314758461715864e-01 8.841329824861383635e-01 -6.142454064353157772e-01
-1.474175289282861678e+00 -7.853667150727144941e-02 -6.780923563308378643e-01
-1.887088135295842184e+00 6.099444575265693391e-01 -8.548270798551635963e-01
-1.858390743669180001e+00 1.938625184604284013e-01 -7.660068788937324236e-01
-1.249920317308893081e+00 6.203778703389478677e-02 -6.159279108126861635e-01
-1.989312247723216132e+00 -1.116388870524585158e-02 -1.073292537536848279e+00
-1.839241763425690568e+00 -1.021636844917525877e-01 -9.339976152453579594e-01
-1.993998466626553334e+00 7.707380831207236074e-04 -5.126542630011413637e-01
-1.248631284940546982e+00 2.069459137706933516e-01 -8.341122104630784850e-01
-1.911589879469260511e+00 5.073361948759580464e-01 -8.694510926660107275e-01
-1.154618481488687731e+00 3.921810117701776677e-02 -6.620164544488913450e-01
-1.457703275536271104e+00 1.251855795771829039e-01 -1.013405789353748476e+00
-1.181676102791188843e+00 2.242327985946574731e-01 -9.060683589992326592e-01
-1.774223133563866073e+00 -4.350776771897837403e-01 -9.447430280109748724e-01
-1.089456348874636493e+00 1.757996939803938286e-01 -8.796198735073620378e-01
-1.795687036614591836e+00 4.977145448722147258e-01 -6.406068740204716727e-01
-8.564972624772295706e-01 5.736985140752725032e-01 -7.556283649781663225e-01
-1.495362174713921632e+00 5.773019351596188065e-01 -7.941659769914678479e-01
-1.705865609030684960e+00 -2.354925384579599767e-01 -1.338275406812666768e+00
-6.062445642413175628e-01 -2.911825707551973230e-01 -9.234995538837169615e-01
-1.143812869316763292e+00 4.638152331742992351e-01 -6.235776773383997496e-01
-2.223755343875262191e+00 -2.764798941812335875e-01 -1.026853820358229363e+00
-1.676963012848851964e+00 -4.852120364160981691e-01 -8.025446746375741736e-01
-1.242256595526153307e+00 6.303795931647085404e-02 -5.726248795447034245e-01
-2.103624514531967638e+00 2.837719756534314297e-01 -1.222577563819287727e+00
-1.713942622963532614e+00 4.167862973355954126e-01 -8.307633228488765509e-01
-2.077849266350583868e+00 2.209930249801805024e-01 -1.027196995566960869e+00
-1.894218050519935748e+00 2.003404597065861978e-02 -1.004328246619179854e+00
-2.554746188917375260e+00 -5.139060455700509428e-02 -2.801838725125017082e-01
-1.051063004707978754e+00 -3.104024094823958357e-01 -7.617595443516871345e-01
-1.645823372648979710e+00 -2.514937894872670832e-01 -9.374064837486333346e-01
-1.087761133873931030e+00 5.732842884932211058e-01 -7.490302339932680686e-01
-1.179990764752799404e+00 2.134582357330012253e-02 -6.803556515618187639e-01
-1.940626817925365843e+00 3.401152115397825249e-01 -9.073034638012029696e-01
-1.423431829654052905e+00 -3.281263159595004253e-01 -6.653839194709685323e-01
-2.021977934452476422e+00 -4.006300315656536326e-01 -1.127602099715907080e+00
-1.990557183950003051e+01 6.794826322452825806e+00 9.802534769534720915e-02
-2.138972077723153564e+00 3.466684379511024705e-01 -6.538098779654945014e-01
-1.162227646030185024e+00 6.715158522046910106e-01 -6.610947807033956680e-01
-1.708569492681108803e+00 -1.426205329131906008e-01 -6.879899193395457857e-01
-1.364795378728238973e+00 2.096477404714140735e-01 -7.968561164865524127e-01
-1.269691794568551746e+00 -6.534813783361476114e-01 -6.624043264149455101e-01
-1.657219679190398365e+00 -9.542946171633217567e-01 1.536813877341565611e-02
-1.623629986471110120e+00 8.510229840235554732e-01 -8.011328970280956474e-01
-1.921334887262089675e+00 1.764506986948388700e-01 -7.386897624737153167e-01
-1.269825570997030528e+00 -1.380212055484322520e-01 -6.120873393412820107e-01
-1.545318439004060407e+00 2.546806648635782100e-01 -9.175639518127199912e-01
-1.334790393947243636e+00 1.297913005637435224e-01 -7.378215350483792179e-01
-1.288795287989352278e+00 6.307270496693250239e-01 -4.474743249204881645e-01
-1.676034401560478004e+00 7.201082150067275589e-02 -9.226409771630919021e-01
-1.353203636896097350e+00 9.787678126856724087e-03 -7.691666366326463944e-01
-1.557361047414459687e+00 4.345916804666095090e-01 -5.700642096166801398e-01
-2.335346888517078057e+00 1.924688564767608190e-01 -8.519844900930070297e-01
-1.829666171491517446e+00 -2.396693716932195642e-02 -1.004046212652474290e+00
-1.702305271338333759e+00 2.173064101012621985e-01 -3.677814018633495108e-01
-1.552248738493333891e+00 -6.823596965451557417e-02 -7.755413422229777698e-01
-1.655251348845801163e+00 -4.018454098517687534e-01 -7.454966394602221547e-01
-1.366373550510823431e+00 -9.313165187022687252e-02 -8.721575353387829299e-01
-1.257748980983519171e+00 -8.966735543385807583e-01 -9.054545859932490171e-01
-1.335384807026289922e+00 -4.068790969270870139e-01 -4.777525806757348392e-01
-9.828357144304153969e-01 -3.017894504414074808e-01 -1.188780556824767354e+00
-2.114126620907103238e+00 -5.229002229443461408e-02 -4.400463352509109694e-01
-1.119595228677889631e+00 -2.663129393988241111e-01 -5.943732021235983431e-01
-1.501464172800465846e+00 -1.386127544110188903e-01 -8.128810237317662946e-01
-1.604047381333497224e+00 3.340296524301241132e-01 -7.873073242635328928e-01
-1.760546719255759784e+00 4.664515951761348256e-01 -5.825386118679924952e-01
-1.751316803679577427e+00 9.258153247082383241e-02 -4.435254540030997839e-01
-1.506946274003417630e+00 -1.666814553549120226e-01 -9.540586414110084901e-01
-1.066787643917950446e+00 -3.077729140437215349e-01 -1.899829862759668253e-01
-2.392493199596962938e+00 -1.169268132884718314e+00 -7.268108170541338620e-01
-2.032808992713090568e+00 -2.466899918046012719e-01 -8.136099740497310107e-01
-1.363393476767877033e+00 -5.357835943808809259e-02 -1.214421204928215925e+00
-5.527286135570617098e-01 -2.557794562943567218e-01 -7.500878851720507168e-01
-2.080500505640171305e+00 2.949777378955813489e-01 -7.812266652612611662e-01
-1.858650265988796235e+00 -1.103003459801662062e-01 -1.490155309542434692e+00
-2.220798810586030125e+00 7.191329516270992261e-01 -8.397677620148996658e-01
-1.430526775347591872e+00 2.428641888620569345e-01 -6.253123657905435007e-01
-1.749902457201347072e+00 -4.017981668062704514e-01 -7.890514285818470697e-01
-2.068729693417830973e+00 -5.728075469545665932e-01 -6.542886852634847150e-01
-1.998180694830779425e+00 5.836765098065541668e-01 -7.144611777198153213e-01
-1.876766353746333715e+00 2.801376347034519876e-01 -9.343005392289002176e-01
-3.523365168248340229e-01 -1.129619663367762289e-01 -3.847475445125328464e-01
-2.613233193160765300e+00 3.742766774534868057e-01 -2.827964757331314360e-01
-1.536951998670908148e+00 4.019443312234234345e-01 -8.776558789576863751e-01
-1.695966594603125488e+00 -1.100247563619839858e-01 -1.194124863333399400e+00
-1.482540164147306605e+00 6.294299902688489656e-02 -1.088866842066694263e+00
-1.303105502566057616e+00 -3.940367597832816413e-03 -3.953328438877771744e-01
-1.781063438463430737e+00 2.313982169975088710e-01 -1.244001912662158427e+00
-1.249973942648294312e+00 -1.795061999896842009e-01 -6.329081327414327607e-01
-1.896184260034289970e+00 -2.486192040283484173e-01 -6.671558058007934777e-01
-1.326519449312533627e+00 -2.026259010938100680e-01 -1.090016144735068471e+00
-1.163906279166911029e+00 -5.137202043885298330e-01 -5.816329708134521104e-01
-1.605283879171507166e+00 -9.134618273957385848e-02 -9.453304317069610718e-01
-1.446433545767985995e+00 -5.304180143835806049e-01 -6.666897191226136554e-01
-2.072115450617381338e+00 -1.096838661663134679e-01 -5.809034141417140917e-01
-2.146876494954617520e+00 1.201156239400873599e-01 -8.527739395494837726e-01
-2.097256331395676909e+00 4.099086310649586173e-01 -3.614633629115849844e-01
-1.698965192525845769e+00 -3.046764361854558123e-01 -8.185032973577336390e-01
-1.030004552815956487e+00 5.746396675263468756e-01 -7.134705026634404756e-01
-1.049700458093458577e+00 1.248596009974444893e-01 -1.108754430391410972e+00
-1.210405623110824891e+00 3.094954254862369303e-01 -7.017061884421509355e-01
-1.762719470029684876e+00 2.897228144229229210e-02 -8.481457519409869583e-01
-1.113600920366834890e+00 2.704903676416791081e-01 -7.440451833615142618e-01
-1.868935130318577054e+00 8.860114188858381201e-01 -3.094848578582115040e-01
-1.379791022354630359e+00 9.900891635910001598e-02 -6.705097199895648785e-01
-1.053287636217625556e+00 2.919344110462858133e-01 -7.435264587876232456e-01
-1.255211617085438158e+00 9.025999776810912298e-03 -1.017956347816616480e+00
-9.988379150080121116e-01 5.381923956483229687e-03 -6.590701492868764610e-01
-1.504424335077363839e+00 4.557525790774354935e-01 -6.848690103815116004e-01
-1.356448437423056097e+00 1.320965951618899986e-02 -1.062716895275068074e+00
-1.545069670471053147e+00 -5.392273406389722079e-02 -1.018282575120319944e+00
-1.635539821299433649e+00 5.469768212017985798e-01 -7.166697885459085704e-01
-1.913479727707974920e+00 -2.549552925631849987e-01 2.802854399326224454e-03
-1.390543738356649683e+00 -2.717588424131183733e-01 -7.594269061508192031e-01
-1.246782947218833870e+00 -1.803679858602453556e-01 -8.955764681068311139e-01
-2.331974466665263090e+00 -2.251445111799864340e-02 -1.548387066906842247e-01
-1.109541368191165223e+00 3.064463542560763032e-01 -1.341411362193719814e+00
-1.341014974239031154e+00 -2.897401197731893641e-01 -4.366755011860554148e-01
-1.379128872106776260e+00 -8.354928648559351023e-02 -1.541242796314101215e-01
-1.826511661077095061e+00 1.047995534689879493e-01 -8.240055291760903788e-01
-1.334463789593034244e+00 4.545190783350973596e-01 -6.564609217998356172e-01
-1.116751057116421642e+00 4.031101498327488430e-01 -8.752600402452187511e-01
-1.503971372308537946e+00 -1.504464831052849394e-01 -8.332859236285508064e-01
-1.527955638999784371e+00 -1.387558166348337174e-01 -7.249136525050068336e-01
-1.435770677133044293e+00 2.592052897776344067e-01 -8.330829497657764593e-01
-9.086413857829575003e-01 4.125906204482169271e-01 -4.754653074970270343e-01
-1.503864008505519934e+00 -1.278968089201464875e-01 -4.826065373599543462e-01
-2.058914870713493883e+00 1.836910322323266065e-01 -8.338333633057286587e-01
-1.234413299646901718e+00 -2.110261819357273916e-01 -8.344839289329907261e-01
-1.247162407194309930e+00 6.512682447748727177e-02 -1.149042155043199953e+00
-1.557735995625105341e+00 -2.130487422102579631e-01 -8.027661425524731387e-01
-1.290502029471188861e+00 -1.500211184742503701e-01 -6.827323511710933213e-01
-1.950906255223175512e+00 3.967635376032777605e-01 -7.506652147135277620e-01
-1.474359355883703149e+00 -6.441711699786353273e-01 -5.723243504094038814e-01
-1.760934103006187579e+00 2.592497990783680928e-01 -8.318463864627464455e-01
-9.519683873891467973e-01 7.057193292833786880e-02 -2.771061893838965284e-01
-1.490942111824597793e+00 4.884596721712916589e-01 -1.130553797987963405e+00
-1.388612789678479009e+00 -2.608500924785548403e-01 -8.738539270194569664e-01
-1.519764716296521545e+00 6.393213068236711649e-01 -7.070766894278924797e-01
-1.369202339542073821e+00 6.347354661495315797e-01 -5.103491884578056359e-01
-1.026991490091008430e+00 -1.202815707516519395e-01 -7.792533416148553771e-01
-1.296435311422230674e+00 4.180615236575233595e-01 -1.020387365527167134e+00
-1.054263358307984566e+00 6.010475654758601349e-02 -8.129815694739248588e-01
-1.604983297834363887e+00 -5.851209911148751441e-01 -1.195672930312488891e+00
-1.751094172650571101e+00 2.689240053868411917e-01 -8.444570438538753221e-01
-9.914629053582666440e-01 8.526713463226202883e-02 -6.422684648157922505e-01
-2.438100605433243473e+00 1.068303805023273600e+00 -8.493647829259572957e-01
-1.814031055586825980e+00 1.950151988486124172e-02 -4.900768073225422183e-01
-1.194012863037951400e+00 4.125101109040597014e-01 -5.599523517525981653e-01
-2.176740779244130675e+00 -1.624154933827374192e-01 -9.405874806909986230e-01
-1.959623630952331164e+00 1.304183513112032733e-01 -7.716873394751849746e-01
-1.556721244455665509e+00 5.918912795644702685e-02 -9.211679682143528725e-01
-1.590951247024042559e+00 5.006959078921788819e-01 -1.134863392173270036e+00
-1.757304929399474469e+00 6.982550911710627695e-01 -8.527275874862288996e-01
-1.225551044671794765e+00 2.840568059723103667e-01 -6.431384325330216090e-01
-1.254076053807350988e+00 1.065586331696714906e+00 -1.004803633279216069e+00
-2.193686873115420433e+00 -2.714726870000881420e-01 -7.764572030787723067e-01
-1.432278051941426433e+00 7.257280399303353002e-01 -9.562082224379699902e-01
-1.090037112240916484e+00 1.074032137746678967e-01 -5.284516810565759171e-01
-1.557919435049575529e+00 -2.870222310227337204e-01 -8.082096992837342064e-01
-2.118883927132903633e+00 -2.852947930898165896e-01 -7.375605074884963308e-01
2.699560859342346930e+01 -1.115533111900728791e+01 8.908644216163974505e-02
-1.193497343936243293e+00 4.363911577181214252e-01 -9.413882673893441133e-01
-1.980234675586450610e+00 2.033119372254799107e-01 -7.647662016514945593e-01
-1.450929000016199177e+00 -8.223137757244522450e-03 -6.988646328905615546e-01
-1.302525086379230590e+00 7.722808709928794535e-01 -8.314751883327518023e-01
-1.746130605324260232e+00 -5.799573425255868386e-01 -9.833082194402312792e-01
-1.543522314324948574e+00 6.112091453172385780e-01 -5.704259960767449344e-01
-1.397110253041149885e+00 -1.564463707246521729e-02 -8.720759568228089176e-01
-1.529836408403763226e+00 7.243242528896096100e-02 -7.639016266230826968e-01
-6.001418421406600201e-01 4.039550873939473652e-01 -1.150320662969382068e+00
-1.972389990116788949e+00 4.384918731440061168e-01 -4.623323582373186635e-01
-4.163214467719534295e-01 6.856499588989632965e-01 -8.499276292811315248e-01
-1.866672337420678396e+00 8.325264119713381150e-02 -1.614932885140059060e+00
-5.718748669764079917e-01 3.638031945956897717e-01 -1.240736731919893865e+00
-1.036083007948757961e+00 4.857964106136745119e-01 -9.629483004061946128e-01
-1.876988821956918629e+00 -1.415309150557790829e-01 -8.729127322404802714e-01
-1.710207689689421384e+00 -1.862318310396866849e-01 -7.804059423925862049e-01
-1.303848736719417367e+00 6.828092814962494206e-02 -6.671542364931307700e-01
-1.812619173052197441e+00 -1.965834977197140621e-01 -8.271444612820040287e-01
-4.609161189817998494e-01 5.412243640756290164e-01 -6.418257024681212064e-02
-1.461704457679201763e+00 -3.330275700011112727e-01 -6.800135503256843350e-01
-1.281321012729939923e+00 4.086791379675470681e-01 -8.294138442729104277e-01
-1.426857481517042059e+00 -7.927035606234472676e-02 -4.263295703420850180e-01
-1.182515811448148879e+00 -4.335837773564951703e-02 -9.480494071926386379e-01
-2.681938769857784788e+00 -8.653874207959320053e-01 -1.092247823867023682e+00
-8.483870642139758056e-01 4.198349334676567124e-01 -1.058992260411953934e+00
-1.901926663860904254e+00 3.281807036998622695e-02 -8.207271483898467279e-01
-1.581347962174892263e+00 9.487031876159331967e-01 -4.401525813073515758e-01
-1.627011944950047750e+00 2.647898389953890486e-01 -8.426647074631206102e-01
-1.211406075688586714e+00 6.026098368606002120e-01 -8.024385075705363635e-01
-7.669843374298633831e-01 -9.951409397983902727e-02 -8.788144099575094792e-01
-1.707409446917810936e+00 -1.958002287162280419e-01 -3.041523099165229782e-01
-1.263956581802283319e+00 -1.670202981670521614e-01 -1.080217655721760428e+00
-1.410564991110471400e+00 8.475535506393064300e-02 -7.152126323567264965e-01
-4.907461277199400285e-01 1.164868075888711552e+00 -8.494718486863749307e-01
-1.352440465839249040e+00 5.643018635376410019e-01 -6.860841592554094426e-01
-9.472492827605302201e-01 -8.614960815343042366e-02 -8.346132014052957127e-01
-1.445897443998591436e+00 -5.218974381731331796e-02 -7.431337356464462474e-01
-1.862012690071820131e+00 -8.139371024890923456e-02 -7.272252675654592435e-01
-1.347611718817440130e+00 -2.974491173888616641e-02 -1.166089019684598771e+00
-1.472763695744139900e+00 -1.516161158535482001e-01 -9.789652369106758290e-01
-1.402189731467967215e+00 1.284654338460572420e+00 -1.046590914339656120e+00
-2.002704359096604936e+00 6.051226320963735139e-01 -8.345713330543294006e-01
-1.806694221874913797e+00 -3.730598861316729298e-02 -8.322816768259481135e-01
-1.232216341590153030e+00 -2.152260159438238452e-01 -8.018043987602930800e-01
-1.452230197937444123e+00 -6.514701044073212266e-02 -7.863563878112891370e-01
-1.520353706976031782e+00 -1.398725353019222295e-01 -1.113264133006137913e+00
-3.791589060316222226e-01 3.297987770749765679e-01 -1.159734299742051888e+00
-1.366342353832793677e+00 4.888824528110541912e-01 -8.910602484013978586e-01
-1.931587643639428808e+00 4.084879937226155722e-01 -6.938723773817522256e-01
-1.993076921330301898e+00 5.100659848060505874e-01 -9.697585368135170913e-01
-1.564952831726438509e+00 -1.050458366106629127e-01 -7.403761077608770336e-01
-1.477580815495443289e+00 5.998665503311179092e-01 -8.483827046804648386e-01
-1.387468898871450751e+00 8.009108517032656471e-02 -1.546261633575556349e+00
-1.506032334668965023e+00 6.286340092781461664e-01 -8.440932184420621986e-01
-1.617546633148387425e+00 5.143231645174423106e-01 -9.045443201205353168e-01
-1.422755905580349811e+00 -8.248386883517000792e-03 -7.290973707589107899e-01
-1.624280686719886901e+00 1.942416173937141777e-01 -6.838056938028576059e-01
-1.208300907859098272e+00 5.688301999669274078e-01 -7.640036906813459927e-01
-1.563695993801663242e+00 -9.714085873583022668e-02 -8.260947478932997301e-01
-1.173503399009039105e+00 -3.290590498558967902e-01 -1.070645668178795251e+00
-1.527431534105511357e+00 2.957504989881631352e-01 -4.965458375985435935e-01
-1.874663497729887718e+00 5.358034274081562298e-01 -6.025624204376952564e-01
-6.138621471932090845e-01 3.137031605320709238e-01 -1.471852211651984543e+00
-4.954276484663556746e-01 3.962319611954746024e-01 -2.160601547970252834e-01
-1.450717608958070892e+00 6.794688077110129232e-01 -7.016372640985006903e-01
-1.091179618948005192e+00 -3.792212727874779143e-01 -6.118353162229329678e-01
-8.922519529049752762e-01 3.082127840794983142e-01 -1.228379117238689533e+00
-1.485288297062498541e+00 4.277168024620831566e-01 -9.295480461959190199e-01
-1.039710291033382639e+00 1.358507789238264096e-01 -8.280822272984362797e-01
-1.574325958763665323e+00 -8.677081590346510942e-02 -7.524191507546215130e-01
-1.237258785316726728e+00 8.548794927694185475e-01 -6.874989851115053119e-01
-1.282838172765653262e+00 -5.644862298568421172e-02 -4.959604420993951601e-01
-1.846712648546921631e+00 -1.605795517457128396e-01 -8.105947815423281133e-01
-1.496327977702142098e+00 5.383988473780945139e-01 -8.506573692412690013e-01
-1.838125547913469493e+00 -1.475469545127779114e-01 -1.414498064794974086e+00
-1.445758148393661902e+00 7.987025303373306018e-02 -8.283340480487104696e-01
-1.837040232995566402e+00 -2.224807737081053449e-01 -6.492318392069678090e-01
-2.139718110021615161e+00 1.233803379486951624e+00 -1.469796735253151132e+00
-5.752549618793845188e-01 -1.246781935966113086e-01 -5.594440497637742649e-01
-1.687392965668544020e+00 -6.687212211032068920e-02 -8.220656237404063704e-01
-1.421114043647590419e+00 3.363883650026508465e-02 -9.150720807687415803e-01
-8.690258831188933941e-01 2.669237068030030358e-01 -6.766796339248147829e-01
-9.550114242737942627e-01 -1.666540218218175995e-01 -7.089480637531239138e-01
-1.648788617417054070e+00 -4.069505335958029657e-01 -7.828732428246198971e-01
-3.505176257870374346e-01 -1.082216769460352807e-01 -1.237912995410866746e+00
-1.945418746824779443e+00 2.883585293106901704e-01 -8.531854459330269203e-01
-1.789823335969259022e+00 2.281194608680171820e-01 -7.391679156143210472e-01
-1.834208300585641105e+00 1.731037444258388680e-01 -8.254010825992854627e-01
-1.637702650029337237e+00 -3.114060918983662107e-01 -8.465455103345931320e-01
-1.301639779946494269e+00 -2.478473718606347825e-02 -7.799313496102922016e-01
-2.865531784095048273e+00 1.463474712025596147e-01 -4.783223581865441165e-01
-1.338012371438827453e+00 1.027180556044911874e+00 -5.196907923532821938e-01
-1.475675293040558111e+00 3.418298679615525137e-01 -7.619564849251362348e-01
-1.481386644510159334e+00 5.388254272985083526e-01 -7.060321856318961808e-01
-1.154252630492363263e+00 2.869764518107796245e-02 -7.904103592981295279e-01
-1.765900720298631654e+00 -5.194639503576747863e-01 -1.071826673243333250e+00
-1.140426646838715641e+00 6.898774256098673396e-02 -7.504205266144043929e-01
-1.518559128292755744e+00 2.109191561979701091e-01 -6.742663124750447601e-01
-1.261542788028639395e+00 -1.885807839228625382e-01 -7.079824927173051785e-01
-1.026375996240184607e+00 -3.042877453961429501e-01 -7.481266544274559616e-01
-1.847119896531352667e+00 4.526470401019421635e-02 -6.605513406993244185e-01
-1.477103920120323099e+00 4.800841218134829780e-01 -8.738449545717982270e-01
-1.396282205231821338e+00 2.686332693908469876e-02 -7.168380639230222950e-01
-9.381178827211308358e-01 5.161047269366292323e-02 -8.834612961759524818e-01
-2.234925453440354204e+00 -2.300121792384882125e-01 -1.531986296816456816e+00
-9.939650641629174110e-01 5.242105234227899535e-01 -8.030367069159893845e-01
-1.447421018672816695e+00 -2.695804849184330609e-01 -8.622504962705290765e-01
-1.450772898749336459e+00 3.078643100173188429e-01 -7.964654086526490318e-01
-1.616031225300475604e+00 -9.264435969059420239e-02 -9.272180828807670139e-01
-1.670740495441472406e+00 -6.938276323620815034e-02 -8.258701431617716526e-01
-6.820448898240116797e-01 -1.449636435010613345e-01 -3.289108633377282875e-02
-1.521923259154455144e+00 -2.339671449384674029e-02 -9.339769084995536153e-01
-1.788373470854070613e+00 5.313302237177396359e-01 -1.136004734322587417e+00
-2.057653244564049633e+00 2.465511388819657534e-01 -9.419893989445046190e-01
-1.479638944376263421e+00 7.367451481111845224e-01 -1.087484613173071990e+00
-1.550479002842619414e+00 2.136411984482852466e-01 -8.938538983754465983e-01
-1.170742980514418052e+00 -2.122705771997816099e-02 -1.557749540971425706e+00
-1.417393872933495835e+00 -2.859936967108787642e-01 -6.657149141875188247e-01
-1.060731600726464441e+00 3.136491795442134523e-01 -1.165228499843994125e+00
-1.744567171381725679e+00 -1.849790390080383873e-01 -1.443969899223853881e+00
-1.819586149090244964e+00 8.896856019455054998e-01 -9.803091013025745371e-01
-2.170705972554945795e+00 2.248316266082416373e-02 -7.232262723640343616e-01
-1.671973482358263485e+00 3.641714569846051658e-02 -7.286962205711595697e-01
-1.388020999965035474e+00 5.045135145039658653e-01 -5.578221342069458188e-01
2.710002466743218719e+01 -1.460926195236644176e+01 -7.117917041970271974e-01
-1.759710961691786313e+00 -9.129338444804908914e-02 -6.902568315001963439e-01
-1.274062813378670667e+00 7.215496903964103703e-01 -1.027390943898480069e+00
-1.377292556681269486e+00 -3.550902091855369092e-01 -9.466888730130156304e-01
-1.543033582226803979e+00 6.515601991766892809e-01 -9.446011351597857209e-01
-1.466088016527655746e+00 -5.990234084120744651e-01 -6.539989057087347568e-01
-1.758016127715065657e+00 -9.489120204424404681e-02 -7.688443604027969114e-01
-1.556107958017557191e+00 4.571743463021484266e-01 -7.202365992542845152e-01
-1.419835448572775549e+00 4.475982935496010118e-01 -8.084332812038437233e-01
-2.074279145899683208e+00 9.025683703639899580e-01 -6.277007480470236933e-01
-1.601686102760305763e+00 -2.176901756959055412e-01 -7.732751377472679710e-01
-1.748519272043763895e+00 5.746427959655858037e-02 -5.814161238258660491e-01
-1.587358739710450051e+00 -5.870139997050256575e-01 -4.918766450547075175e-01
-1.273338266631483418e+00 6.462063900286663110e-01 -8.580242535731910092e-01
-1.160968380042113335e+00 -4.714514176535218870e-01 -6.626097535196742161e-01
-1.618483051374494996e+00 -8.902166936475870707e-02 -8.515981625398677535e-01
-2.312100074828878693e+00 -1.698641912905788920e-01 -1.206400655402665167e+00
-1.004404139470971957e+00 -3.521776959910635080e-02 -6.480924836473124229e-01
-1.426373693921473951e+00 5.028128744558209018e-01 -1.175397588599773835e+00
-1.461214590668111324e+00 5.305394042000046717e-01 -6.329620954000179101e-01
-1.344112414384613707e+00 -1.041100649717947024e-01 -5.574597760227547605e-01
-1.772045225992931350e+00 -7.941134190715937180e-02 -6.473837608973195268e-01
-1.231223524038014938e+00 4.468542649094572328e-01 -9.309927302293442564e-01
-1.738497645643138911e+00 9.292691562845380171e-02 -7.814583030178652301e-01
-1.195954291866022867e+00 -1.876138371593246701e-01 -2.661040358553013463e-01
-2.868579676440337067e+00 8.511153275347120850e-01 -7.916957821986402299e-01
-1.416487072520310697e+00 4.498529124442689486e-01 -7.910170304097331462e-01
-1.185142621486600545e+00 4.906240605149074230e-01 -7.810892948484436937e-01
-2.059743720047856996e+00 2.115770019961485393e-01 -1.261424392025874974e+00
-1.449797184574000752e+00 -4.546308762188866481e-02 -8.678753127081910712e-01
-1.276087421483099948e+00 -5.561164027508526120e-01 -2.769370657300561644e-01
-1.250952023971112492e+00 1.893843725659446198e-01 -8.831980244779989997e-01
-1.513209041887886741e+00 8.407187770113555558e-01 -8.018645600746067137e-01
-1.740977889008376245e+00 8.233219974472159863e-02 -9.434334600629322720e-01
-7.053824343639785166e-01 3.086339434404443693e-01 -9.026422002814650514e-02
-2.660694382269042535e+00 4.437891923065003241e-01 -7.062647594234238158e-01
-1.475319984705639298e+00 -2.478365539433054210e-01 -8.184806881048494187e-01
-1.889795546439725360e+00 2.470464831929277405e-01 -8.297967423497277784e-01
-1.322620969345762454e+00 7.184117318364146021e-01 -8.941377494435615025e-01
-1.639816505071204134e+00 -2.020987392282316553e-01 -8.311516681891603087e-01
-1.575019495123165303e+00 1.835014118670578454e-01 -6.781336391527101881e-01
-1.743574257673652594e+00 -5.055648197180171444e-01 -9.388184102954981736e-01
-1.877497227811762981e+00 3.825851269503866003e-01 -7.784423046448077921e-01
-1.823711389239029090e+00 -1.514391963817025011e-01 -8.165017155471776533e-01
-1.940498143255656949e+00 9.789041474750943828e-02 -1.349477463088884166e+00
-1.081717581290990493e+00 3.259656660992089616e-01 -8.107090275841020155e-01
-1.366243801790590240e+00 -7.707297596247253413e-01 -3.634444261954274946e-01
-1.707128221701280646e+00 -3.908351024451028194e-02 -7.873704024519686540e-01
-1.955040031266222167e+00 8.040501676963298164e-03 -7.791580937287415631e-01
-1.558795515294012279e+00 9.509742341715397007e-01 -1.224947098672429568e+00
-1.367432319442565047e+00 4.337878453700938497e-01 -1.081791555485107637e+00
-8.911841804951338153e-01 1.337606531595174064e-01 -7.090990140379934692e-01
-1.303795345765159430e+00 6.076668593819913033e-02 -6.500427341655085067e-01
-1.393252426275233269e+00 4.750144102116754530e-02 -7.493103657959320207e-01
-1.781221792719760222e+00 8.402110535322233620e-01 -2.323176172197352896e-01
-1.571939774998056594e+00 1.800553457394963863e-01 -5.465205679188887000e-01
-1.412017887325862198e+00 -2.606788529505577601e-01 -9.290821210121370521e-01
-1.809068313016189533e+00 2.720654376012903927e-02 -1.191491899508790447e-01
-1.978545448057094536e+00 4.314938935858442237e-02 -7.858528267503860354e-01
-1.482659282400584866e+00 7.149114973301213816e-01 -5.754351379371716035e-01
-2.163283181219477047e+00 7.672076792857146499e-01 -1.601458562727106960e+00
-1.541289363726552786e+00 6.138460633729693194e-01 -6.937890723557191830e-01
-6.038438546156440490e-01 5.494353474594437792e-01 -7.852584100847360693e-01
-4.782625268964794119e-01 3.188196140714588123e-01 -1.278884169651286706e+00
-1.965801907152048056e+00 3.408242684105952103e-01 -9.424256601078905282e-01
-2.669522891020127187e+00 8.126868609958139977e-01 -7.827752429414113200e-01
-1.627356922180034804e+00 8.431662077704757952e-01 -7.511690630673436564e-01
-9.576414330712285095e-01 -1.196318779748333123e-02 -6.851835821864334930e-01
-1.351594580611279905e+00 -1.567494880480226616e-01 -8.963473829613742838e-01
-2.230346524277512010e+00 1.593814889757224074e-01 -7.351995536862707681e-01
-2.453348030203976293e+00 -9.062643188390055726e-02 -1.396942890034698959e+00
-1.334879422211007860e+00 -5.128879595401356628e-01 -8.213861244632015834e-01
-1.460240185021164150e+00 5.380675296725160317e-01 -5.862809323955908702e-01
-2.533682356110929401e+00 -2.859651847302231986e-01 -9.938991588193253346e-01
-1.736218570091975888e+00 -1.544522951603797059e-02 -6.820848848004076315e-01
-1.377557194520712569e+00 -2.119200956184103812e-01 -5.972740906461031507e-01
-1.757740099837185710e+00 -2.338039720744223560e-01 -4.724538953729244262e-01
-1.291452019428837028e+00 2.143995559741549983e-01 -7.592696557331136686e-01
-1.770266401393840061e+00 5.844095811199573332e-01 -8.290246005778567628e-01
-1.665437092658978546e+00 4.565994269790719651e-01 -1.093508676231390142e+00
-1.331026127430449124e+00 -1.468088239643442205e-01 -8.954873426950749060e-01
-1.999971030322855059e+00 -4.462160278421199444e-01 -1.219090471190232394e+00
-1.563671623700786606e+00 4.239303680786675188e-01 -9.165322610243482604e-01
-1.091465795691440865e+00 3.068488803103912310e-02 -7.987566679672374326e-01
-1.041339984831893828e+00 -5.098835679928634956e-01 -6.418059662828264900e-01
-1.489307576795672716e+00 -4.170502487276739889e-01 -6.673571007373004793e-01
-1.171650960085926618e+00 -6.611416872029843850e-01 -6.353981860004905835e-01
-1.410176248539076527e+00 3.901304123982947125e-01 -2.663736038955972774e-01
-1.249341014318573251e+00 2.712933844273324180e-01 -9.070048776637944510e-01
-1.012174129921740828e+00 3.540771697610891611e-01 -8.209786322983461115e-01
-1.497019324444204269e+00 3.596843199903539956e-01 -6.321150006373122965e-01
-1.881565921397548635e+00 -5.982669267111770384e-02 -9.777359664368711067e-01
-1.514186407697552639e+00 -1.378046496545987654e-01 -5.711884193449701108e-01
-1.626492361105676077e+00 -8.407932847183555713e-01 -2.448498568706825307e-01
-1.562240835867772626e+00 -1.953280361724768835e-02 -7.852476162660473324e-01
-2.134531707065586481e+00 -5.836556004708425699e-02 -9.373611035297894079e-01
-1.990527216261495758e+00 2.764746100831353415e-01 -7.859814233529047733e-01
-1.442101409316313143e+00 3.235915424370034987e-01 -9.651558574670787705e-01
-1.381475922716062010e+00 -2.867918475547784896e-01 -6.566687183563192365e-01
-1.965241416467302660e+00 1.613654870340839043e-01 -7.735760996576745985e-01
-1.443729308559186242e+00 2.872449794206801688e-01 -1.106888268952563648e+00
-1.773285274399489131e+00 4.216724157960762831e-01 -8.092757037348418114e-01
-1.069192996854192446e+00 4.595393275929082755e-01 -8.347632224110795862e-01
-1.336131112385957165e+00 -1.469021820393854039e-01 -8.665988703141939142e-01
-1.614776559712898463e+00 4.252585603909470602e-01 -1.259884988140945739e+00
-1.888853683006373796e+00 3.230170137967902644e-01 -7.826320523102320292e-01
-1.437862215865487903e+00 -3.882513538373857931e-02 -1.047391977056782553e+00
-1.397084850235579490e+00 -1.463889806653897174e-01 -1.072718116218862372e+00
-1.282483692195581781e+00 4.399641611408488528e-01 -8.366726823024434045e-01
-1.895967876314435419e+00 2.647093244120131694e-01 -9.558868234557178489e-01
-1.034282915423899496e+00 6.443185184308402036e-01 -6.208215632322563460e-01
-1.958252192920169943e+00 3.186490824580294201e-01 -7.270825378145328033e-01
-1.758782131394378778e+00 2.401066392547604456e-01 -1.377040404131117723e+00
-1.578072401712841577e+00 -1.242288647253925044e-01 -7.153467653910338120e-01
-1.264318727369294848e+00 4.635001038629178727e-02 -4.339037229447121335e-01
-1.734393715947311065e+00 4.214096407961422375e-01 -8.115523377679274564e-01
-2.067371965616397578e+00 2.952673700379484512e-01 -7.418308610532214908e-01
-2.203303337262980666e+00 7.704840699518121505e-02 -7.465643941574197084e-01
-2.024889112201845975e+00 -6.516389006210094870e-01 -6.083485338197327508e-01
-6.470882371977831893e-01 -6.556359688842002820e-01 -9.251665358132822314e-01
-2.167877519891998173e+00 -4.903395858577530020e-01 -1.741148256579061471e-01
-1.142201623323510162e+00 4.281375114505656665e-01 -6.696273867760442755e-01
-1.830449141573617045e+00 3.989983505432917466e-01 -7.937139928364751462e-01
-1.347759244766368214e+00 -1.631620872664372168e-01 -6.352848981917333937e-01
1.585922964126372167e-02 -8.817957061175353550e-02 -6.533559050537187662e-01
-1.408668402150744470e+01 -3.052201616016565922e+01 -6.600355811607616641e-01
-1.497322580733152941e+00 3.221772262787552799e-01 -2.922334664393200221e-01
-1.424651719004626171e+00 -3.692709901255025184e-01 -5.258632385276578169e-01
-1.765732362635907604e+00 6.638877953164971091e-01 -7.519977549777548953e-01
-1.416049047163316255e+00 -2.350624407315467512e-01 -1.151292122702654019e+00
-1.366439198212391348e+00 4.136811125763537600e-01 -1.103978440941676187e+00
-1.204254282392502429e+00 4.740028245818427299e-01 -1.146579556673124944e+00
-1.224516176399182532e+00 3.087292163351910146e-01 -6.178858746513941069e-01
-1.488102379528006614e+00 4.767747625791659005e-01 -4.914152928624280769e-01
-1.556760018346159624e+00 1.625572441795778977e-01 -6.816105240709644519e-01
-1.465792740280399853e+00 4.973721327466382180e-02 -5.986851864266178325e-01
-1.291972075196241798e+00 -4.043961943221324046e-02 -8.622814961846695381e-01
-1.894779195841113983e+00 4.766092346868858187e-01 -9.894688944302804101e-01
-9.526596973468152152e-01 -2.614247548455213010e-01 -1.001039777247085372e+00
-1.322594078272531615e+00 -2.753241633692595780e-01 -8.126937389071974271e-01
-2.052555857457601274e+00 5.417470208399526727e-02 -5.650342600250612968e-01
-1.787836685928602343e+00 3.716664407824819549e-01 -7.132107110002441352e-01
-2.046073127497183286e+00 5.607592581225519235e-02 -9.818629403793931454e-01
-1.707703406612325781e+00 9.550606707985197230e-02 -4.968559231031784984e-01
-2.150025664702946315e+00 -9.534968387132746193e-01 -1.208340243341635256e+00
-1.914831236669780612e+00 1.242565396466841776e-01 -3.854520014061828537e-01
-1.011007533969171757e+00 6.412816919888207623e-02 -8.335722930864971625e-01
-8.481827024957014904e-01 3.713071827707521977e-01 -8.444742858123025497e-01
-1.444310427756252624e+00 8.539773925203354432e-01 -9.607735141187688788e-01
-1.734216379705322275e+00 -3.397979503105724719e-02 -9.272443580841689403e-01
-9.270017842370593675e-01 5.181122534710048688e-01 -6.832612857472337708e-01
-1.335421132558415991e+00 -3.199963862721754704e-01 -7.974295229919091677e-01
-1.003179127303905460e+00 -4.020884899862596784e-01 -8.325439259911341372e-01
-1.097233023249985617e+00 -5.378596716453676319e-01 -5.444699217674923153e-01
-1.631709033465312153e+00 3.985000116335357112e-01 -8.375396447556692214e-01
-2.075789984762909768e+00 3.737241902108159874e-01 -7.039388248034621487e-01
-1.157083071741196401e+00 1.498853006390933051e-01 -7.696804918565011144e-01
-1.271125392524296904e+00 7.217376490620323048e-01 -2.452655491351891093e-01
-1.220092725119251931e+00 2.948619560147396346e-01 -7.256428055004533473e-01
-1.475906929298565595e+00 9.960213909005498634e-01 -6.290959096715881271e-01
-1.162228613165911195e+00 -4.444162429235429951e-02 -3.716873888951013338e-01
-1.256113318542076085e+00 7.285386609752664278e-01 -9.835257851338461421e-01
-1.841623099124975127e+00 9.266445245479061343e-01 -1.009791561656354197e+00
-1.545128437830706414e+00 7.326235662837322637e-01 -8.645034227992101084e-01
-1.443847164132561200e+00 -3.883127896310398786e-01 -1.044654239613022728e+00
-1.406548489117080081e+00 -1.823917005700501082e-01 -7.206264736020123740e-01
-5.771120220353608277e-01 -1.084855439730267046e-01 -1.506977997961211901e-01
-1.821817807634946274e+00 -4.037869493329384052e-01 -1.413295252029543425e+00
-1.255623515553161873e+00 7.016379497769759110e-01 -7.946208715665346034e-01
-1.296394574479657003e+00 5.286150353919553263e-02 -7.479426760680114583e-01
-1.672169592394624704e+00 6.763048468900103583e-01 -9.161934014114404556e-01
-1.510234165465530687e+00 -1.191964415538046725e-02 -8.062734692074894349e-01
-9.988309667224489763e-01 3.231724610988931379e-01 -7.742608131696335771e-01
-1.078207980718855818e+00 -1.620973522507017373e-01 -4.886158534599118197e-01
-2.049205872353625502e+00 -3.058965281997734209e-01 -7.958631410561853858e-01
-1.977466119048356896e+00 1.312877693716122118e-01 -1.321950059152452450e+00
-1.041329641823176777e+00 1.794043877610314863e-01 -6.371707205038885657e-01
-1.568372575561437721e+00 -5.864293481715958656e-01 -5.415126184463801007e-01
-1.721259622361251074e+00 -2.035247648849873026e-01 -9.690831567767902444e-01
-9.436451817644917472e-01 -6.921067010439879708e-01 -8.337302859335715688e-01
-1.445756569025007154e+00 3.017398672559851724e-01 -7.751291213459737817e-01
-1.287303885705941786e+00 -6.126479734444848640e-02 -1.247275805747685817e+00
-1.099084442396642824e+00 6.222789480197701284e-01 -7.187816887447895375e-01
-1.156606370404374085e+00 6.529726987916920633e-01 -9.178079233534398584e-01
-1.297711657193349133e+00 3.879890150292022444e-01 -6.894389610054656448e-01
-1.456238294364192498e+00 5.077654154156907573e-02 -8.195794952233086406e-01
-1.500890120013914864e+00 7.005520915147004368e-01 -6.957280844294972955e-01
-1.660469697035188430e+00 -6.010686674493379011e-03 -7.837745225368499824e-01
-1.756187358594659020e+00 -2.766363536162472214e-01 -8.058350771127134049e-01
-1.384024549702629114e+00 7.066422514971426594e-01 -9.055959994894263732e-01
-2.028419801581339943e+00 -8.162430723553322220e-01 -9.195954688977052705e-01
-1.452862676970305023e+00 1.589878786732064064e-01 -8.360920308733428286e-01
-1.264671464980033022e+00 6.371357727685329486e-01 -6.909339193176182725e-01
-2.054836309067663347e+00 3.858374033573520046e-01 -8.152468542768293025e-01
-8.464249970440822501e-01 6.465183825545917085e-01 -1.304585362909714163e+00
-1.277163364749899888e+00 6.695285639493377128e-02 -7.670563979776505725e-01
-2.113647002869032399e+00 -2.281858908334066516e-01 -1.427267483044136531e+00
-2.366099836907754383e+00 6.155164745444893226e-01 -5.603556762475285780e-01
-1.656837675545630884e+00 3.002790340008719694e-01 -4.067023846371589091e-01
-1.078256542380509497e+00 -8.310111573483401626e-02 -7.937830686441991190e-01
-9.877944766250731368e-01 2.404052974853987390e-01 -1.130629589126680656e+00
-1.660209172494759411e+00 -5.525394352049254471e-02 -7.261582357335467641e-01
-1.994319555209579153e+00 5.874853690029621656e-02 -7.745874639292769093e-01
-1.878297458256927621e+00 -2.333755994895284069e-01 -7.797339047799957124e-01
-1.345266253430331904e+00 -1.083661556210008259e-02 -8.378288151401713790e-01
-1.470390913256800269e+00 -2.319594542227599587e-01 -9.329981916838173683e-01
-1.928556656899986566e+00 1.578572631569443441e-01 -6.863726549313453607e-01
-9.740673822184497954e-01 -2.050604490068934915e-01 -2.815052543868676871e-01
-1.780327628138175244e+00 -1.056884233688528241e+00 -1.209498603623959223e+00
-1.641081321401473003e+00 -2.382473156157419447e-01 -7.628944204355524450e-01
-1.418466148676735594e+00 4.256236704408457583e-01 -1.456199536811740025e-01
-1.321473652293226886e+00 3.364105533156551142e-01 -3.361106745654939276e-01
-1.044720548969209961e+00 1.259051530260234530e-01 -8.765138884378200768e-01
-1.371862845080944027e+00 6.158966657501735442e-01 -7.641258012175167202e-01
-1.223476143080174605e+00 8.575712991975557864e-02 -8.373360052633039841e-01
-1.494155584311731788e+00 6.133407015599375844e-01 -8.706788057387419011e-01
-9.252378110208321349e-01 1.230637322658930000e+00 -1.048502390043249077e+00
-1.438178487701468278e+00 -2.166546450770568122e-01 -8.410234080282086300e-01
-1.752321297183627502e+00 -9.050746031517108159e-02 -8.016152559469897909e-01
-1.152662401894015254e+00 7.203952705624192543e-01 -7.709011895901523026e-01
-1.454159046762128149e+00 8.047577581540381331e-02 -8.229472850923248428e-01
-1.795988405582399805e+00 9.829080836700908597e-01 -6.936981306232735678e-01
-1.913745888054710242e+00 1.759202646201411258e-01 -5.297463586215717113e-01
-1.560478090508544691e+00 -1.047163517693832924e-01 -4.724515551720802065e-01
-1.239570735666402523e+00 5.771493818670077047e-01 -8.761968304061275026e-01
-1.449018901456109898e+00 4.721297065705318263e-02 -7.416392546047050338e-01
-1.518280412992913275e+00 -9.437274495140618447e-02 -6.675404494092825880e-01
-2.169241601120190044e+00 6.528944118216846171e-01 -6.056354129627918859e-01
-1.171912424447049350e+00 -5.172081958820286263e-02 -5.705033059503992199e-01
-1.623512421337291567e+00 -2.915357341943747849e-01 -8.404113064658133014e-01
-1.176043507773576913e+00 8.081919509930469703e-01 -1.007858361631922772e+00
-2.186075531146903561e+00 -2.708644093598723546e-02 -1.048245911091977955e+00
-1.279835971551542606e+00 7.912441208764148248e-01 -7.882106973679927631e-01
-1.966738793439923416e+00 1.299388367849441950e-01 -1.205550776365069243e+00
-1.698986422055750012e+00 -1.270086068596236462e-01 -5.964507958202819315e-01
-1.731307645440503418e+00 7.330606465739599731e-01 -8.996599387845434226e-01
-1.496674536715105086e+00 9.682499792345253264e-02 -6.512551355712757895e-01
-1.447971785451250160e+00 -3.840271203840956993e-01 -9.458055084646599386e-01
-1.051243952790861469e+00 3.761089071118401544e-02 -1.180559734048701737e+00
-1.609871449560688950e+00 1.334313763149567178e-01 -7.664145407728301107e-01
-8.824402912641319263e-01 7.252468325563922180e-01 -5.386678617138447311e-01
-1.912592391289377414e+00 3.716130779171212262e-01 -1.039453077448205587e+00
-1.332061652784878092e+00 -1.173059197241009717e-02 -7.596844433370835148e-01
-1.502011488849189336e+00 4.572155870705775782e-01 -8.216372949896265654e-01
-1.782591782895598387e+00 4.895804103513353156e-01 -6.866958536055361995e-01
-1.620621663797854106e+00 5.646524709768933059e-01 -6.038269060923352471e-01
-1.595735046252246603e+00 4.554285664068353778e-01 -8.265805050323132841e-01
-2.012717496352605995e+00 7.182810094945007995e-02 -7.896529495186959124e-01
-1.370018524989438546e+00 -1.152063205447352717e-01 -8.901922323786837232e-01
-1.103722961309311579e+00 -2.031349932457631458e-01 -1.103128222774962364e+00
-5.517867867476229371e+00 -3.473614561326528616e+01 -7.523885692792182667e-01
-1.330406513764463838e+00 9.390732535540868842e-01 -6.544242524866914490e-01
-1.598621508887127396e+00 8.387906925351293896e-01 -1.375058029927159087e+00
-1.192950359354832957e+00 5.022137676730916711e-01 -8.826998033595125914e-01
-1.259691369842744546e+00 4.652627564909645463e-01 -1.161968736200231556e+00
-1.369282572971155298e+00 5.229413189922116345e-01 -6.781330236866068839e-01
-8.176481913850024430e-01 -6.486576200930578295e-01 -2.176648313115655820e-01
-1.421301769626758693e+00 4.387742432277050297e-01 -7.541452573934321890e-01
-1.745882001489434288e+00 -4.890910948720617046e-02 -7.313068202905733672e-01
-1.436611899170748607e+00 1.325928448882607857e-01 -7.816313491631881050e-01
-1.706423388874212410e+00 7.918459496372272088e-01 -7.074178875758783125e-01
-1.604322709602309605e+00 6.516560483489951539e-01 -8.166681909566312347e-01
-1.579520874879685399e+00 5.629533459200096734e-01 -9.067354206280970885e-01
-9.151841830968620028e-01 -2.939437474935178152e-01 -8.023559811403839781e-01
-1.534059013631383861e+00 -7.828312624250038931e-02 -6.069319971987636730e-01
-9.956894527931482441e-01 4.148216964250499572e-01 -8.406087203645247197e-01
-2.230267182846168872e+00 6.165899686805387248e-01 -8.487453006097376296e-01
-1.405463381226240260e+00 9.000042015543270602e-02 -1.425297646119404738e-01
-1.935293552432013175e+00 5.422289254254306634e-01 -1.042920030024041989e+00
-1.386444643326815607e+00 3.233309070606378566e-02 -7.894441937268292797e-01
-2.051122644412816332e+00 2.499657258609660759e-01 -1.035304220827845789e+00
-1.883651345935452470e+00 1.357187658700133304e-01 -8.088743162425134914e-01
-1.123345695717846260e+00 2.126109167275671563e-01 -1.048636645795288258e+00
-1.664638882844589940e+00 5.818992486197823721e-01 -4.807729481473906330e-01
-1.637526562563816013e+00 3.926172456995122850e-01 -5.314519126680127270e-01
-1.402780051998579802e+00 -5.153655815788333872e-01 -6.584298425554344636e-01
-1.731469440805550430e+00 4.611785094496188009e-01 -7.145708961450110142e-01
-1.219053333303330211e+00 3.828464176570227084e-01 -7.969474806285026247e-01
-1.912366031662332988e+00 4.660720133131198151e-01 -8.716406957959338397e-01
-1.539807539589746810e+00 7.398108936493306143e-01 -1.102161319704419551e+00
-5.391064806537061438e-01 9.998075777902780403e-02 -9.187546926956705606e-01
-1.502074094317049191e+00 -2.633020750593310644e-01 -7.728858653945577251e-01
-2.732663072544411431e+00 8.319646639586951442e-02 -7.880417988937191698e-01
-1.926723362033657239e+00 -1.304617314504111503e-01 -7.097809596556180489e-01
-2.216769444429096847e+00 -6.537363577053980634e-01 -5.531363109584740423e-01
-1.166943273481563015e+00 1.888527214350051164e-01 -9.606247848992981453e-01
-1.308146952006195463e+00 5.328371748810105668e-01 -1.012481319990188089e+00
-1.038262603467646761e+00 -3.281330652743463250e-01 -9.116323360211009419e-01
-1.716029293890946938e+00 1.503538382650255745e-01 -7.893315036928489903e-01
-8.212362351403874605e-01 5.784624190772988950e-01 -9.210209081672621201e-01
-1.101290777764430073e+00 2.519349798433541121e-01 -7.875688446712229007e-01
-1.477956494340687099e+00 5.696569059176567196e-01 -2.821203548143998430e-01
-6.982848531991985297e-01 4.297042008843174887e-01 -5.935965148722027740e-01
-1.788906988651514540e+00 -6.156433535101196036e-02 -8.211294762826578664e-01
-1.457318693912014185e+00 -1.495961755277258609e-01 -6.327495000438588812e-01
-1.841700992644937918e+00 -4.473809473869692216e-02 -7.966009803804640077e-01
-1.671150104104318190e+00 4.007050864360135467e-01 -8.809042154083545073e-01
-1.849581750199682073e+00 2.263464959495625067e-02 -8.400120858255839540e-01
-1.184358968846134452e+00 3.432590349140961505e-01 -8.299450822669307559e-01
-1.456118894799088181e+00 -1.609863609483718760e-01 -9.063796420931523601e-01
-1.536664225150210061e+00 -8.927954472248732232e-02 -8.278496992354801298e-01
-8.424346680139146448e-01 -3.468989927467962531e-01 -8.136410700110799921e-01
-2.166221877778569560e+00 -1.922149209574193773e-01 -1.286554420963472722e+00
-1.194440898380719984e+00 -4.978013859406191233e-01 -5.795335736068935040e-01
-2.907906991284781917e+00 1.718846604066024963e-01 -5.169318513053323683e-01
-1.981382001894999245e+00 -6.609270664592681310e-02 -1.020104571431189378e+00
-1.702576326389439787e+00 2.098095218061881984e-01 -6.384721210942235770e-01
-1.385993317010920656e+00 4.717049126154224670e-01 -8.556006958050516031e-01
-1.302936420526656924e+00 2.365671704081040161e-01 -1.010764626200865379e+00
-2.314832594048829240e+00 2.194792323578089455e-01 -1.559556177034925772e+00
-1.388770986589540124e+00 2.127855454228356480e-01 -1.150799671508639266e+00
-1.172047324912756927e-01 8.142028205300740895e-01 -6.667527080146596896e-01
-6.577770009484219527e-01 4.593642067613371016e-01 -8.155686822555220372e-01
-1.461302663460672280e+00 7.124413979303082511e-01 -1.023759987196504628e+00
-2.004057301774148758e+00 2.825529342901929031e-01 -1.163620197254651378e+00
-1.842521932963223641e+00 -2.775948556596767591e-02 -8.379724810607617203e-01
-2.047715586814201405e+00 8.118550511409393378e-02 -6.800307402176763993e-01
-1.156526845538651038e+00 2.426533363232653007e-01 -8.217972799892000468e-01
-1.439676700676076893e+00 1.553238370856908357e-01 -8.284917968598710658e-01
-1.197792889663165772e+00 5.065875090680785897e-01 -6.581748552347881365e-01
-1.543700509000922372e+00 -2.349632480484228902e-01 -9.733594227725688164e-01
-1.355199535342480388e+00 6.500209659106894744e-01 -8.436772177746111323e-01
-1.486155011844136231e+00 -5.387672603578709252e-01 -7.234224375112258132e-01
-1.249640825807789568e+00 -7.288787028514323585e-02 -8.581032937026104035e-01
-1.846166067603331351e+00 4.236498476470805241e-01 -1.009131538346101031e+00
-1.236615148551896137e+00 -1.649540816445660141e-01 -5.008078091603134219e-01
-2.021288939724488642e+00 7.106552201811806579e-01 -9.986575037889312556e-01
-1.467964722487772100e+00 -1.986002813286171301e-02 -8.382394192339868155e-01
-1.170515232697834751e+00 7.813574207180429276e-02 -7.980888932442167238e-01
-1.785351998794911799e+00 7.277259949993525323e-01 -5.355851386175985995e-01
-1.184022725916558993e+00 -1.799809859286494451e-01 -3.448510404731642831e-01
-1.522162051533431093e+00 -2.466790646177841329e-01 -5.475165135171932151e-01
-1.821486990629749059e+00 2.280560331494347892e-01 -7.626527659838548967e-01
-1.310163021807271289e+00 -5.965713790269380756e-02 -4.764094534918152379e-01
-1.974632917741782512e+00 6.127347458578380479e-01 -6.250971157053228922e-01
-9.657510290327976366e-01 1.695177713646121506e-02 -8.078066999804507375e-01
-1.584501596801916046e+00 3.833333963635915387e-01 -8.513494041914769772e-01
-1.616454782176795391e+00 -2.744871341738476245e-01 -7.318906304389936057e-01
-1.318966740670254989e+00 3.205511037208534364e-01 -7.607460196243229777e-01
-1.590948521345715738e+00 -1.098971504840925845e-01 -8.827488577526823033e-01
-9.750137012961432870e-01 4.455632003463236845e-01 -8.992600220191895311e-01
-1.563405003295826212e+00 -3.482864667077559817e-01 -4.206609581409750942e-01
-1.866736280723568564e+00 -1.573793703586160164e-01 -8.093091507744639701e-01
-1.550410599031819325e+00 2.104050694492438645e-01 -6.933035790879997773e-01
-1.839625405120439927e+00 5.178667905482082778e-01 -9.462944881870004599e-01
-1.689096860969629521e+00 -1.063665087491610650e-01 -7.346912499437244781e-01
-2.026327298474611460e+00 4.358832380438223963e-02 -8.100061439881858227e-01
-1.811091327811396479e+00 4.502631448743267817e-01 -9.368782634234421591e-01
-1.834843420274582471e+00 6.652392808040824557e-01 -7.659842820425252219e-01
-1.714787377818538738e+00 1.584467998476838946e-01 -7.187506214184479214e-01
-1.911437077915123295e+00 2.838454459631969962e-01 -7.241232747503096867e-01
-1.884826667233667097e+00 4.911222348048401298e-01 -1.043202898763323505e+00
-1.125661015194055814e+00 8.270302595628525877e-02 -5.089143681084064008e-01
-1.945147786885923935e+00 1.004828177214065615e-01 -8.313972809780824091e-01
-1.291314527915453647e+00 8.010555121009714785e-01 -1.778094132806203598e-01
-1.963684492470040732e+00 -2.249620180891576948e-01 -8.846793931151497592e-01
-1.389790805198620749e+00 1.658399088234906171e-01 -9.865315126768852139e-01
-1.301470078910474504e+00 1.214853263168420017e-01 -6.024770739528449992e-01
-2.053718319724230135e+00 1.558150390378122974e-01 -7.102012143245770570e-01
-1.876492156372192355e+00 -1.159955708528842000e-01 -9.845952288140842334e-01
-1.393032557026843588e+00 -6.306851512056790843e-02 -7.596972449659644688e-01
-1.595737209078524899e+00 4.163229098083187085e-01 -1.066886502451901420e+00
-1.710098641439801614e+00 6.323176815326755351e-01 -6.831607748104654432e-01
-9.961223619039561994e-01 1.301110665665503874e-01 -6.270432142710460344e-01
-2.600548551760487381e+00 4.180487949605122822e-01 -1.483030299394947071e-01
-1.740392580506539444e+00 -1.022622162987605991e-02 -8.885631997788533409e-01
-1.461290575581319695e+00 -7.647854547624330923e-01 -1.483227638924338621e+00
-1.363243551108920038e+00 5.830086790280214482e-01 -8.797317797125244754e-01
-1.454647453300521143e+00 1.865237683895296650e-01 -7.955477555276810886e-01
-1.330612993430525748e+00 -2.411561551380636548e-01 -3.728192783065970572e-01
-1.094934050787064184e+00 1.573871242169163853e+00 -9.508224742697926057e-01
-1.536888345754676699e+00 8.490677875709927713e-01 -8.322283927004284765e-01
-9.902485480820388819e-01 6.334340200517764030e-01 -5.155806060111778333e-01
-1.256028789975041082e+00 2.247637795359545276e-01 -7.454622286159048317e-01
-1.650600750177397602e+00 -1.313204045355325644e-01 -1.342425184200343846e+00
-1.325806713649881230e+00 4.181574928165731109e+01 -4.083708600627724561e-01
