4.091896453532364308e-01 1.768315604112548622e-01 1.632213641586269526e-01
5.793465720130962504e-01 -6.811518418418256726e-02 -5.353035585120572426e-01
-1.706817247969059370e-01 -8.732049779848036763e-01 5.007483084149153552e-01
-6.088782683804525586e-01 6.453642697272641282e-01 1.284147662377529697e-01
-3.208380703922625310e-02 -8.501334509989932897e-01 -3.184549235240915488e-01
5.826576294301066567e-04 -7.995525350978696100e-01 2.277493250454110940e-01
-1.635701982626362738e-01 8.622134804550304343e-01 1.186847183206380524e-01
-6.115930970867277522e-02 -6.165825547381577065e-01 -1.872077876053834244e-01
-3.686023816623660299e-01 -5.474603207758466095e-01 -3.157581159466251730e-01
1.461832448639566462e-01 -6.251639409853643192e-01 -2.798659101737965837e-01
3.804862447228751221e-01 -2.283898962844154723e-01 2.158525343334710411e-01
-6.685743819902427720e-01 -6.393973396038714618e-01 -4.696335399800464772e-01
4.027047319575266515e-01 7.857133372850366726e-01 -1.043844088320080993e-01
-6.899893796103581112e-01 9.812517099474075966e-02 1.163638618360783444e-01
-5.443868528285111807e-01 6.753913768068171841e-02 3.232196891757627699e-01
6.065433678364244852e-01 1.607386532597546505e-02 -3.158252574113015188e-01
1.812409922719562527e-01 7.299238978376531017e-01 -6.385956596730167911e-01
9.666748775271737093e-02 -2.639480172651399448e-01 -1.121407728607274196e-01
1.677834039945817757e-01 -4.349261208867178929e-01 2.524837876329169006e-01
-9.483069033129030989e-03 -2.254864224961976027e-01 -1.228757744743165931e-01
-1.863399109580974045e-01 6.925316395302915096e-01 2.486813353597322473e-02
2.081724937424733052e-02 5.950150302652079670e-01 6.873805608100331810e-01
5.175486354402665246e-01 5.273430275089623365e-01 4.502643757698991389e-01
-7.336447225543681061e-02 7.610498997601465865e-01 5.338200969701004661e-01
7.153969131808268767e-01 5.248166107242693279e-01 -4.147505733958511409e-01
5.717954900075703506e-01 -4.714780394143003872e-01 7.960337297491050512e-02
-8.975534339309672038e-01 1.433786386173709348e-01 -4.479826239396066112e-02
-4.387048766862458593e-01 8.602631888317989750e-01 1.980691442757623322e-01
-3.406941617328889116e-01 -1.367522553804274565e-01 7.828989448333353862e-02
-4.043417294047628729e-01 -2.924725018254099584e-01 3.775737685013605960e-01
-4.004238982861451634e-01 2.093402461408802595e-02 -5.471302646198990954e-02
2.408329798730102222e-01 -4.936902882336493548e-01 6.463107686617610703e-01
1.553892926653818174e-01 -5.045490498789897416e-01 -2.164940196446663717e-02
7.915050904006087906e-01 -5.372548013062046213e-01 -3.497174319574725687e-01
-6.228078815108165633e-01 -1.426703737330037129e-02 6.559608667238260304e-01
-2.635651269019266274e-01 3.198767431367788849e-01 1.991514282057941024e-03
5.350669191979324779e-01 3.938695686513701277e-01 -2.586950312409510011e-01
4.042668753642803536e-01 6.498150874880418426e-01 -4.427855699683933555e-01
5.561772602923831244e-01 2.847664995878783079e-01 1.074913371177955816e-02
2.831032401796093612e-01 5.558142113856415767e-01 5.778606420072143202e-01
-5.877550889111193833e-01 -4.891620748586882894e-01 -7.058779441558403756e-01
4.863983688201332922e-02 1.914858978684165491e-01 1.561527261329769545e-01
-7.871622688079131791e-01 -2.143418078569295504e-01 -3.611614222870492275e-01
3.004082842538338682e-01 -3.783316579608351216e-01 -1.296112573252603817e-01
-5.184425318227392498e-01 7.307439376010705923e-01 4.117318008244208460e-01
-1.647795445126045144e-01 3.555713210291678861e-01 2.434977597771707247e-01
-3.106921341621351473e-01 6.422017779192008557e-01 -4.834230565425033377e-01
2.969928667146940482e-01 7.976137811792088916e-01 3.349324205355161954e-01
-2.859279189535539681e-02 -6.931018576968532852e-01 -2.724816080423864140e-01
4.204747365808673976e-02 6.263125115971648338e-01 6.126113216236288572e-01
6.680811801126940175e-02 3.422552073499766090e-01 -3.897333985247664057e-01
-5.854520365129647352e-01 3.122434089290352377e-01 -5.371138534265635922e-01
-6.361922009091803831e-01 -2.924915071341590567e-01 -5.999356513089746379e-01
7.005685372203869221e-01 -8.799269646994391236e-02 -4.389314113521096128e-01
-2.077505525626933136e-01 -5.917810519843318406e-01 7.333212849788175447e-01
1.503817014089760817e-01 2.693849360375449864e-01 -2.572447801323621275e-01
-3.635231979618660514e-01 -2.728553984100782204e-01 -9.506668877945749496e-02
-3.959947580854598220e-02 -4.120290536821467897e-03 1.524507130472503059e-02
-4.656588073720792087e-01 -8.389800733102649177e-01 -5.170987221783296395e-01
-6.641277669185076116e-01 1.452759140177248554e-01 -4.086290092314122657e-01
-7.890577627583600373e-01 2.901130730942366176e-01 -5.780893338347889987e-01
8.524688364631187731e-01 -1.271479245725759544e-01 -4.006951390252086465e-01
-3.505513285259908435e-02 -1.020555014911431524e+00 -4.095363647670338669e-01
2.557347639091358538e-01 2.958316364345667804e-01 2.166417465166656786e-01
3.681762874113524986e-01 5.130525513124301051e-01 3.631436492838606422e-02
-3.526911178713151851e-01 1.337199238604832030e-01 -6.099553187870902088e-02
-6.183760265211468710e-01 5.553642024188922000e-02 -3.443147947004817078e-01
4.291650450552097484e-01 -1.478879979049520232e-01 3.289206000013784603e-01
7.622690251219042812e-02 1.939638887408184076e-01 -1.020849512655656322e-01
5.226798732406985337e-01 9.381267275677054526e-03 -8.544836686708743301e-01
-5.226795081475322791e-01 8.455813880780028990e-02 2.524535939499385484e-01
4.649108303052516544e-01 1.587452408346067267e-01 -2.976404163889154741e-01
-3.496998884883747438e-01 3.712366643246349796e-01 1.776731825331218789e-02
2.292949516766435991e-01 -9.186249054891122701e-02 -1.865147202726773756e-01
2.194469336645906155e-01 -8.406258522793900179e-01 7.690397831038392473e-02
2.535609789213371101e-01 9.327727046558029755e-01 -3.238781979866813820e-01
-5.839876946738360441e-01 -1.925678832312081035e-01 -6.908206397275190591e-01
-1.169227107728461855e-02 4.639855642966684290e-01 5.985040869300428668e-01
8.186711789770806380e-02 2.908352444952564952e-01 1.588487579424046059e-01
-5.093748931414291414e-01 2.582118359881254710e-01 -2.545018172423889058e-01
-7.851110660496236626e-01 4.654389261804989242e-01 -9.715432560800107975e-02
-6.134430311517227175e-01 4.359491561552781280e-01 3.264302487424611821e-01
-2.743132560361991601e-01 2.215179617203626161e-01 1.507956326979567052e-01
1.550086099212281410e-01 5.411896998525425051e-01 -8.831612580645734623e-01
7.797994934738639028e-02 -6.425188911566258598e-01 -3.107311050686595300e-01
-3.413382704378525312e-01 4.153932393409056067e-01 -2.610550858229701565e-01
-4.599666315097669655e-01 -3.489687430315974170e-01 -3.549311825598639447e-01
4.929055687343363856e-01 2.715684032809855264e-01 -5.682587093673581169e-01
1.202471193832172908e-01 2.087341136881112336e-01 1.135248991500081017e-01
1.451654221978289638e-01 1.215174708940788967e-01 3.237801889469108657e-02
-4.035538863727464870e-02 4.385883200903347157e-01 -5.282186514211014705e-01
-2.025943199993403884e-03 -7.553795083123248100e-01 -2.185541734432244754e-01
2.813730315254045489e-01 7.082168762383781457e-01 -7.163282906589822918e-01
-8.752131128099696067e-01 -7.728677209276826887e-02 -2.507662436170395859e-01
-6.251776369654860055e-01 4.006197016032396752e-01 -3.501049957740983709e-01
2.644693662413091784e-01 8.719737027994358680e-01 -2.510536519127156141e-01
-5.831984392390591188e-01 1.044175214762556314e-01 7.590607203608307207e-01
-4.987879290207120064e-01 1.430758454752444064e-01 -2.172080900582651630e-01
7.363952910182676170e-01 1.331022092156462777e-01 -3.511816217051835221e-01
1.951076193875304898e-01 7.424218967949387515e-01 -3.191650561894134319e-01
-3.372965294782599988e-01 -1.347275761921041259e-01 7.587567548274085083e-02
-3.512006700782076551e-01 -8.050278073396134326e-01 2.062002751704587189e-01
7.151881508740086657e-01 2.348144338381313867e-01 5.239898128726480087e-01
1.214718472052983000e-01 -3.651787597966866805e-01 9.349844797196665835e-02
-5.319574517782051926e-01 -4.847416966095116075e-01 -1.743465657534770119e-01
7.146459658497378298e-01 -6.486105379355133760e-01 -2.959890130842016132e-02
-4.268620889178302291e-01 -5.120015814487052230e-01 4.825689300879307253e-02
6.270912583757310976e-01 5.275697722024298431e-01 -4.790044796279621098e-01
-4.955538204523043944e-01 2.050853701411089469e-01 -9.908047723391662231e-03
-3.558045753892770668e-01 -3.559466700070907375e-01 4.104727271847732339e-01
-2.121253714864294315e-01 -7.719640007793372449e-01 3.730592647414708862e-01
-5.241340629979426152e-02 9.522639649775646031e-01 -1.271948633468109879e-01
1.501880403850761048e-01 8.694581922113390204e-01 -2.465364430310656441e-01
-9.295373097433432541e-01 3.210107979962065206e-02 -4.612774066806006323e-01
6.408894304174289624e-01 4.501542944642139554e-01 4.894033980602267020e-01
1.630453008500182266e-01 3.893381480554305996e-01 1.695040866488781162e-01
3.171252665204702947e-01 -8.162425528764182259e-01 1.017152744618274873e-01
1.535506343129998397e-01 -6.261344270404850532e-01 1.501480658838517668e-01
-1.051663224427468402e+00 -1.462176877968626165e-01 -2.072108677418149913e-01
2.932538985440455437e-01 1.781348143844552201e-01 2.138814440426080044e-01
-3.804618643589793847e-02 6.645354461343135899e-01 -1.494980308011043535e-01
3.737667841292498516e-01 -7.897120104462206358e-01 -3.269573628630343398e-01
6.164963822039768448e-01 2.888833709488445312e-01 2.124038830149796442e-02
4.798488909305213546e-01 -5.595150604145382456e-01 -4.213659088672985220e-01
1.122369386271905300e-01 1.283413619861710764e+00 -3.091649241597513864e-01
2.714137034202440679e-01 6.327668821004378552e-01 -5.465547181363797913e-01
-3.294406332365666379e-01 -1.713839346190234869e-01 -2.858232067908126339e-01
-2.562777636877803800e-01 -4.117153864948719377e-01 4.397515134415830862e-01
1.801160066954001493e-01 6.304921680578293164e-03 1.101138677762639323e-01
-3.732310052447368465e-01 -3.253318360017706801e-01 -1.061096488137232841e-01
1.678227906032749295e-01 -6.226186651577592102e-01 -4.205411844045261471e-01
-3.088995632805846547e-01 2.702476479337611592e-01 2.227055757676679459e-01
6.901194302663922198e-01 6.111879761585607002e-02 2.381624909563908876e-01
-5.183272742311217929e-01 -2.966851836870632031e-01 5.425731649059412770e-02
-4.983000797759374323e-01 -5.063883162109420466e-01 -4.380150411720093451e-02
-3.753722997961608798e-02 -7.400449539498608065e-01 -6.851556345722753516e-01
-5.486238708018202903e-01 -1.643990627104953417e-02 -3.079735747746900065e-01
4.443769083792005192e-01 5.481465028256427008e-01 -1.232787290831605931e-01
-3.369997512100731951e-01 -1.018470874861960640e+00 9.413115686779211302e-03
-9.556406563997086323e-01 -8.404601283371510023e-02 -2.954091235496091317e-01
3.655868105392365841e-01 -2.228287333760792244e-01 -1.929643223985806899e-01
5.990202666432454803e-01 3.255637971647781237e-01 5.434338018608730891e-01
1.449547869621733293e-02 -3.970826736910391119e-01 9.207289417146113930e-02
7.910987448938813227e-01 -1.766487949187766082e-01 2.382096023334250579e-01
-1.335080524889866761e-02 -3.221439143698365259e-01 -2.035545826070799327e-02
5.895138930826701040e-01 -5.371503602781979581e-01 -2.467382874171017981e-01
-2.162012466119054288e-01 2.903045415774779814e-01 -1.040066363820946471e-01
-4.800782113475208779e-01 -1.373004830661497533e-01 -3.330116500107542787e-01
-4.063365797739703078e-01 -6.208758233266584714e-01 5.710274334724472212e-01
2.777823311533942352e-01 3.282516338737151429e-01 2.321591011731779230e-01
-4.891461364657439526e-01 8.361993789828728318e-02 -1.210325580600382089e-01
-1.897742527825977410e-01 -1.187989613070516010e-01 -4.386477525297969790e-03
4.082654732844944179e-01 -3.714673998474758987e-01 9.873262244631195172e-02
4.273375119013286816e-01 3.629006078366673327e-01 -5.762607754552379058e-01
1.624781400482955829e-01 -3.011737489128508694e-01 6.842160997232076339e-03
-5.282788965200675745e-04 -5.456407982597561990e-01 6.331073819752410792e-01
-5.336449964195345563e-01 3.747629583539120457e-01 2.985478761125384337e-02
2.289951539068335873e-01 4.353690057470718799e-01 3.507513153528540872e-01
-7.552170046394273140e-01 -6.753253935878358316e-01 3.320902322051338396e-01
-4.757805750022478519e-01 -2.052416090218965872e-01 -3.245760737656747802e-02
-3.426797897526264770e-03 4.581616177037787230e-01 3.821733079756467477e-01
5.662915432283939232e-01 -5.529768656854139319e-01 2.684321868097466202e-01
-7.341007629165349213e-01 -6.404238292029544866e-01 3.423007026407368647e-01
-3.386810672987784487e-01 3.547789685248370906e-01 -2.343317465367035501e-01
3.770659820225539249e-01 -4.536575321693503970e-01 1.009908840580014677e-01
-1.801042100028322490e-01 1.955556524240356087e-01 -9.272216173505581915e-02
5.445395800575977274e-01 7.573818761277993916e-01 -8.351997141729008978e-02
5.812756612175180582e-01 3.148027705964412393e-01 -2.936136227189906772e-02
-6.140315847640537283e-01 -6.855874214787599508e-01 3.987631493108997338e-01
3.935923539312258801e-01 -1.375874637609726947e-01 1.294894825233192659e-01
5.702941302890229824e-01 1.506327084563710839e-01 -1.611147286479208407e-01
-6.934064202439826907e-01 2.445023647814007495e-01 -1.560092758148671765e-01
7.157780004584592126e-02 6.270428414383143467e-01 -6.018145853281709617e-02
-4.266569525703404753e-01 -3.593386115896157751e-01 3.506075796784570153e-01
2.247320456909434327e-01 6.066513048912728356e-01 6.356692940210584286e-01
-2.864512086078261910e-01 4.761269467677994860e-01 -2.913073313241107964e-01
-6.514238186517759543e-02 1.998378617478187291e-01 -1.233623714601579796e-01
3.653234828425906411e-01 6.341433343956061064e-01 5.149399421119644771e-01
-3.729884935639528609e-01 2.605021566288639664e-02 -1.442531082178223345e-01
3.648090534149292519e-02 2.609367525253391551e-01 1.820723562991729549e-01
-6.732183726223874010e-02 -1.371894376710654506e-01 5.526609159610311461e-02
-7.745140008457386538e-02 -6.741015674433715743e-01 1.970306315792987872e-01
-1.150134123039705386e-01 -1.159679274942368998e-01 5.587632563541293507e-02
-2.838554131713229012e-01 9.256554577606215251e-01 2.588024246967541298e-01
-1.109237644513520749e-02 -7.085217488099107008e-01 -2.314572307709237067e-02
7.929874667204616090e-01 -2.891607140028286671e-01 1.505388201234741374e-01
-5.509356844566776212e-01 2.149181836070564733e-01 4.596457229246055376e-01
2.402252993298816530e-01 4.127189579529909058e-01 2.406430795498284980e-01
8.730535184848385866e-01 -3.132902392057340668e-01 8.121123957677753302e-02
6.796733819793274733e-01 -2.008062982791754270e-02 3.816808910429144719e-01
7.623349811903179507e-01 7.026910527429089393e-02 -5.526896783544104075e-01
5.423949398724072779e-01 -4.608615667960445084e-01 4.133244149395043920e-01
6.480940227277328658e-01 3.247129055732485003e-01 -7.332113456181584832e-01
2.078042017153949594e-01 1.129393666130078522e-01 -1.214553562593368302e-01
3.421846585448679590e-01 -7.918462177095263455e-01 -5.841462735645960302e-01
-6.421933223848400596e-01 -9.121875999382004219e-01 -2.713880869590540867e-01
-9.338333363123995090e-01 -6.444592509306020789e-01 -1.013570882557775499e-01
-4.033902180710134955e-01 -3.829167257379785805e-01 3.518030237289492268e-01
-8.359528245385505762e-01 5.602170471576998212e-01 -6.269068329467519796e-02
1.130236150644809562e-01 -8.841411657022780757e-01 -3.583128117529708057e-01
3.600205096619461531e-01 2.318841784831188191e-01 4.294051104800319929e-01
-7.286986374587485216e-01 2.287683118956367057e-01 -4.275636694312659469e-01
-3.995206611738162383e-01 8.639193893867302965e-02 -1.954055244767671506e-01
5.631511115663243583e-01 7.197899355411405686e-01 -4.525227155526533873e-01
2.470686651903647724e-01 1.191664777359204425e-01 1.279527386231027741e-01
2.961702912475087102e-01 7.827347259947489144e-01 -1.135893800576215223e-01
-3.970423607896582663e-01 -8.904304362092039238e-01 9.240205354117551895e-02
-1.600878948921516665e-01 5.746832334944106391e-01 1.948528946315666865e-01
-2.485956235617499677e-01 3.463839652304820937e-01 -3.187410843789861836e-01
-3.413082540537678566e-01 -3.725515419467523293e-02 1.838746632781748935e-01
-6.757091077401913282e-01 -1.216732483512539681e-01 -8.204910342978558591e-01
6.351141255670693653e-01 -4.698870738207493458e-01 -5.903359498237565894e-01
-5.480223201889630746e-02 5.082499024290376699e-01 -3.479313388025680465e-01
-5.203866083253958497e-01 -6.224727177090939589e-01 -2.584131074900935521e-01
-8.737456093151179104e-01 5.703804850038159957e-01 6.602695579510753365e-02
5.850556278728457488e-02 -5.375728190467239376e-01 -5.641531310613530081e-01
-7.082119719970709770e-01 -5.095959342610508758e-01 -2.349025499700021224e-01
4.635591007578824252e-01 -4.723191468422924949e-02 -5.458558183815653310e-03
-1.932507109007845503e-01 -4.136423561279971017e-01 1.662499588953011143e-01
-3.350829296647942490e-01 2.365229121819587277e-01 2.646848717647364846e-01
-5.163104720306033180e-02 6.382381217588071198e-01 -7.751375551624652971e-01
8.003647638352941185e-02 3.296941237970736904e-01 1.712417139986013304e-01
-4.892986746161590572e-01 5.672843604759996161e-01 1.029069225028900469e-01
-3.902820100811294490e-01 3.008428953236513825e-01 -1.155716023507726183e-02
7.398168027177303152e-01 -2.782725944876537211e-02 -3.270862095727934959e-01
-3.068071097626937083e-01 4.687702291354108874e-01 8.055323558612201840e-01
-8.809599816100490699e-01 1.380475733599259291e-01 2.341242134449948997e-01
4.032705170802414196e-01 -2.800411874847477667e-01 1.479764702352607264e-01
-3.141965059453517006e-01 -4.461356194540959386e-02 1.162727676595180781e-01
1.696462120680326813e-01 -3.168852379683682607e-01 -9.944589307804865830e-02
8.075583094490483560e-02 7.239442365648308675e-01 -5.890141958015570056e-01
-5.662159166448551550e-01 -7.109874638647875056e-01 2.459894490655759047e-01
-2.755546872611593368e-01 -6.391973990957191543e-01 -2.610838966461764832e-01
6.532999050618877313e-01 3.670540080527827653e-01 -1.724221217021941754e-01
-2.077422287919080401e-01 1.340422272860141983e-01 7.973803948115970944e-03
-5.297612348272211502e-01 4.059034567301675334e-01 5.100564906387683450e-01
-7.693975022124651675e-01 3.857607475241667805e-01 4.680912942216585576e-02
7.659855327077805254e-02 3.788208450189655130e-01 1.746652021531689969e-01
7.735700849753128772e-01 2.295953840145021907e-01 -3.419269506619372900e-01
-8.642325241664153834e-01 1.696068131489567865e-01 -4.615324693624905245e-02
-9.451517382583237703e-01 1.921365428602245240e-01 1.970698728100671038e-01
-5.587331795726784289e-01 -6.220972202839252230e-01 4.900617146172318583e-01
-3.163311698584194698e-01 -1.846682353089502404e-01 7.735374463862622948e-04
-4.660050942826511333e-01 -7.409237657473677352e-01 -5.017389189932376370e-01
3.542479894007578844e-02 5.360456566156444058e-01 -7.223102619991675910e-01
6.681425319778437899e-01 4.793138836965150085e-01 -9.190673872187345161e-02
1.538217704522447105e-01 -5.792675939603525448e-01 3.310220540436305536e-01
-7.232002462253004360e-01 -5.810930489989861725e-01 -2.883761066521929872e-01
6.139108067251922152e-02 8.688381665548853272e-01 -5.783654304801053581e-01
-2.261032708841410332e-01 4.635667149897471084e-01 3.986434790073767331e-03
-3.940929645725199104e-01 2.730687950871198144e-02 1.935138550529591495e-01
4.457926370764134782e-01 -6.200986732435062043e-01 1.918829458412860123e-01
-3.144090764407281302e-01 3.684737059053818098e-01 -3.843047626603650069e-01
4.575146324054436137e-02 2.036794031874170074e-01 1.622842004766218149e-01
2.735090040741719464e-01 -5.357841896526231995e-01 -6.261280632359289555e-01
-4.462739922341421028e-01 -2.406055080039799510e-01 2.469779410082395266e-01
-4.207650536836845534e-01 3.885525184846164715e-01 2.538020312364929199e-01
3.335461039858991783e-01 -2.339383817178127545e-01 1.102736938528044719e-01
5.018607396195255976e-01 -2.590436981615056866e-01 2.420239275768800158e-01
-4.927561750189881629e-01 -3.647954322357377377e-01 -7.253032005444653985e-01
-6.636780136236765104e-01 -4.687921838510987482e-02 -1.051273264954700470e-01
4.431513591823434406e-01 1.142890935096419064e-01 1.849489450611275509e-01
1.580684962560321982e-01 -8.086487320979423021e-01 2.008397074198171317e-01
-8.035743460714914743e-01 -5.478172613306546701e-01 -3.446862900148999209e-01
1.725670501766121689e-01 -3.141050468977981125e-01 -6.405490718967060682e-02
-8.856081938378693730e-01 5.460789869634045113e-01 -1.675572135685436392e-01
-2.234925230418359776e-01 5.641919690359488149e-01 4.172180553480537846e-01
-3.215374958135932548e-01 4.568783512480088516e-01 -9.208533680507926533e-01
-2.433447036528953861e-02 -4.375203487955848236e-01 2.622669907671988931e-01
8.228984935572768444e-01 5.744381892392480538e-02 -6.527630632070184902e-01
1.390699796332506011e-01 -7.994822898336415573e-01 1.528798929735853962e-01
-5.918033754234911514e-01 8.016332329665137868e-02 4.168325093616594978e-01
-2.245285320362931311e-02 -5.270622130595810084e-01 -3.504158163323949776e-02
-2.013332574883959503e-01 8.569084735670461361e-01 -2.881238833971146440e-01
6.238947176466769218e-01 -1.373385061874184410e-01 -1.213297169983808405e-01
-1.272194281009397243e-01 4.999255569612435779e-01 -3.734332379988262174e-01
-2.477242952214442351e-01 3.997879739926573084e-01 -4.049508919896468995e-01
-4.576200758424612269e-01 -2.016736198429427696e-01 2.507789509709333897e-01
-5.641456460278042595e-01 -8.452935613279070060e-01 -4.337960927036490499e-01
5.455810178917899211e-01 7.231474084219750853e-02 -9.097656145618830958e-01
3.820200107066414330e-01 -6.822639470431183240e-01 2.611620722029751041e-01
5.320324192851891842e-01 -1.781555960523498461e-01 9.670123324746407456e-02
-4.191366179036058459e-01 5.356915758490801011e-02 2.385520425305346359e-01
1.938708250307829839e-01 6.060287506136017299e-01 -3.494128804177639575e-02
-1.664325444363262685e-01 9.377837396716569296e-02 9.143354394074623692e-02
-5.430807699495807661e-01 -4.003878073906897428e-01 4.440790417267510004e-01
1.170611287826932717e-01 4.657016485430351960e-01 -1.979172204396272283e-01
1.823772474676981503e-01 -6.638532532992077462e-01 -4.611901403963449830e-01
-4.264823752206488017e-01 3.278330425008338378e-01 1.118718177879765401e-02
-4.765893170098695064e-01 -5.644892513807215906e-01 -3.282185482750320515e-01
-4.982364997702534715e-01 -9.561210757414135841e-01 6.324375475529243895e-02
-8.786853050434342283e-01 1.717543420503325757e-01 -1.898246652338745344e-01
-9.120833447041659658e-02 -2.542792837351095514e-01 9.100977830136114388e-02
5.690623756071281347e-01 2.061585654634413844e-01 5.418780042045020506e-01
-6.046737174199721121e-01 2.539905455221000974e-01 -6.925985411055891605e-01
3.507762754339457945e-01 -7.753955843933316716e-01 -6.527927108626557784e-02
-7.429018526758034424e-01 9.198146791431484337e-02 -6.480464965507368724e-01
6.065844688056563211e-02 -5.270585185064961126e-02 -1.206152931332489693e-03
7.668762536787810946e-01 6.003351979866788923e-01 -2.874454775965889011e-02
-3.181819784757062425e-02 -6.027829721045314670e-01 -1.825903172968489641e-01
-5.618871813655121894e-01 -4.678288652175058848e-01 -1.330756223218859946e-01
-2.385389900572373045e-01 -3.861363292877229014e-01 7.200097039650164843e-02
-1.682069593510133743e-01 -9.150275912058358774e-01 -6.371240347315556551e-01
-3.260550699648616102e-01 -3.839147798025249747e-01 2.982268363109409348e-01
3.094430449922302984e-01 -7.831533414357871870e-02 1.315589993156155435e-01
-8.317839757720552063e-02 -4.631296305070778385e-01 -4.615594897176011902e-01
3.978952788651852757e-01 -3.372147044144549466e-01 -2.773887579245812862e-01
-4.967321064651958329e-01 -1.783969736468515865e-02 3.610639811023104162e-01
-4.598793369602296455e-01 -4.415098894095056403e-01 2.500105559328600902e-01
4.947727564172614279e-01 -6.680377047616994357e-01 -4.359485447342988373e-01
7.429499360014414633e-02 3.798290104320319882e-01 -1.333596425043724887e-01
1.033501401807795095e-01 -2.870611913360127110e-01 6.890016557016694076e-02
1.207553323305773363e-01 -7.254233538837380202e-01 5.073753413287546143e-01
5.492982801423804684e-01 -3.172689165420959911e-01 5.154564809498881628e-01
5.846234174977581466e-01 7.115916106360589133e-01 -2.822098992263466152e-02
4.623259144688131039e-01 1.607431319393838876e-01 2.357143621988016802e-01
7.303213271172915855e-01 4.076801384988182897e-01 -4.114411434622066710e-01
-1.665065191587431770e-01 -6.834110038718957947e-01 4.037680460626410506e-01
6.259302282595089473e-01 7.607277752135939430e-02 -5.547436562229911550e-01
9.914089252226331306e-01 7.737250372335104098e-02 -2.893223804708538460e-01
-3.487574214393283079e-01 -7.496749871057815096e-01 -1.076177143420962018e-01
-1.714960983346368595e-01 -9.241127261798373071e-01 3.303946373756251331e-01
-2.298514190886512265e-02 -6.276348973719101387e-01 -7.750518323444336444e-01
5.690978882368018243e-02 3.233091854737853987e-01 -1.352757176511773241e-01
-5.157631673926607041e-01 3.360704534353305406e-01 1.134050055470472995e-02
-3.719361705623285830e-01 -4.334943441888318150e-01 -1.192883488552971966e-01
-7.871629636966004373e-01 3.695885684664860227e-01 -4.402173782590695361e-01
2.053942155126690233e-02 -5.356706929109107396e-01 -2.301221154674235603e-01
2.343689670604840458e-01 1.983710751239302628e-01 -2.038754599520151145e-01
-2.948782419776855290e-01 -5.789599372729458127e-01 -3.346339989639052215e-01
1.859629576685394581e-01 -4.865428997354953600e-01 8.441677424289915910e-02
9.240325467942550608e-02 2.985188953549569590e-01 2.078380903866927087e-01
-1.662352475444461575e-01 7.109754372646091003e-01 -5.628443325934580077e-01
-3.236826908481590243e-02 7.523354258437160436e-01 -3.898655483016683632e-01
5.132656050538590975e-01 -4.099901445682168633e-01 4.733483955459766301e-01
-9.294099350628567402e-01 -3.661034067844728401e-01 -4.422302765103502953e-01
2.688204250074555102e-01 -5.709456655273132952e-01 -4.204830737423132514e-01
1.072408678374413421e-01 2.324751485928602257e-01 -9.060496871087025950e-02
-8.694138145400166495e-01 2.446577821743702308e-01 -5.257749511980874813e-01
2.448013363468854731e-01 5.143388757777243026e-01 -1.555587558137573878e-01
2.766757679577701023e-01 -4.368504602999147973e-02 -3.848241654622296115e-02
-3.707800804073919099e-01 -4.315334725578409518e-04 -1.427577734943000776e-01
2.338682644344969030e-01 5.171804236534429666e-01 -3.856973164375787078e-01
-4.173093176082831035e-01 -1.085435524703469573e-01 -3.185478462943616695e-01
-3.341151592308902463e-01 2.553465670815711630e-01 2.631782926394226063e-01
-3.972292034134727173e-02 3.048167775198262208e-01 2.096233120073427436e-01
-7.397917542648524414e-01 -2.617765189316337282e-01 -5.886698766543014827e-01
3.140297767334751522e-01 -7.733205389359712467e-02 1.583800087999310546e-01
1.967270661859762959e-01 -6.833185805981298877e-01 -2.408383598825363514e-01
-8.866777367364679641e-02 -5.886363666414117235e-01 -2.582109737707570796e-01
-5.598988648707912130e-01 -6.961036835464577688e-02 1.874837430326299903e-01
-8.786965198789256082e-01 2.353088749248724298e-01 -2.747455996477708440e-01
4.768560467099738909e-01 -5.547510137311996159e-01 -9.317532209103900065e-02
1.852309273317475496e-02 -3.282177259777729339e-01 1.651476076877208821e-01
8.825962182871800454e-01 -3.845960277425967688e-01 -3.554632769055670605e-01
-4.716870454087661035e-01 -1.049056957199635542e-01 2.253886418236542011e-01
3.463162915736138492e-02 8.182127524263036467e-01 -6.188599927859457228e-01
-7.621523117972135442e-01 -5.736937980781002810e-01 1.402584489483666708e-01
1.663396104913914542e-01 7.563724751402787216e-01 3.253992026242569779e-01
2.272421162208325494e-04 7.013879860297502766e-01 6.699599197371388648e-01
-6.330043205136131057e-01 -6.580166433806802218e-01 -1.057416174566502415e-01
3.974777530374994927e-01 -5.166102658970055383e-01 -2.985965551860789158e-01
-9.369411159695003599e-01 -3.585462185554713632e-01 4.183614656964794731e-01
-2.828942111701615580e-01 2.487035198357477050e-01 1.481251713566517254e-02
-7.648037317479362551e-01 5.180338765649303290e-02 -3.377172227270577309e-01
-5.229526487618781916e-01 2.788097075212140827e-02 3.642686521631239849e-01
-6.177080832545429612e-01 -1.304745231862921573e-01 7.814432912949156318e-01
7.610637804947045781e-01 -3.007732176670279145e-01 4.035863074960736596e-01
-5.262734061274261244e-01 -2.636297987848222890e-01 3.246421474309912902e-01
5.116215413662871248e-01 5.015191010372286318e-01 -8.798886725960060329e-02
2.586460501509571519e-01 -4.734891948371531267e-01 -2.863285070186818437e-01
1.445879860910043724e-01 -4.867397778716642809e-01 2.360134771260686826e-01
5.259190596972872916e-02 4.728346958624118357e-01 -2.105833248085391685e-01
-5.244551751254764721e-02 -8.639765901303182449e-01 -5.208649492328726316e-01
-6.462500687193400983e-01 7.127326806933992343e-01 9.802534769534720915e-02
-3.904046462250880811e-01 8.478274390555244899e-01 1.071794190368359906e-01
8.923005136066095577e-01 -1.607321748401086825e-01 2.362415076016431970e-01
2.748062935998500933e-01 -2.539479306839091954e-01 1.792124536129582335e-01
-4.594202609903097478e-01 -4.285490280175985878e-01 2.515822792564925692e-01
-7.296013618998353767e-01 -5.205875590155703003e-01 2.442965776953532897e-01
8.713602225855346939e-01 3.274241132185761183e-01 -4.348096213630991969e-01
-5.854485508681975814e-01 7.944065454186245434e-01 3.624694971914442509e-02
5.687358912931985561e-02 -2.859409986372701273e-01 1.547663909057601650e-01
6.938878346648079676e-01 -1.480961229402921742e-02 -2.990394571802963419e-01
-5.228732077771192088e-01 2.596330867018401545e-01 -2.655718631881799352e-01
6.919941875396335984e-01 -6.703638030506526846e-01 1.121161813941006502e-01
4.313730841302709784e-04 5.376622740082938057e-01 3.759444256349521174e-01
2.522036728592811361e-01 4.143046405597496928e-01 -1.336115718159599508e-01
5.843154394566485443e-02 2.173545001435133461e-01 1.551964248024506055e-01
-3.741406056257465806e-01 7.210687480769133462e-01 -5.927827220934612784e-01
-1.918886375991553928e-01 9.082381199497338020e-01 3.654430976613868842e-01
-5.726913034180146633e-01 4.341941230663908663e-02 -2.993820865717858326e-01
6.083737592395428440e-01 -3.561810118956809657e-01 6.988019520253143657e-01
-1.501706771738647306e-01 1.153715973687880897e-01 9.108716615669479322e-02
2.224375896318964152e-01 2.141889825763514110e-01 4.240961472115876985e-02
-8.569552757594545156e-02 1.697302512036850397e-01 1.387709740397227720e-01
-7.499339965785853934e-01 4.333613049014559682e-01 5.871757415133385116e-01
1.479712745515139316e-01 7.781850610457166084e-01 -2.870385497582842449e-01
-6.190649232557583481e-01 6.903947616065658766e-01 4.094535758786465030e-01
1.508579614440803407e-01 7.383952729442020413e-01 -7.032727478106299834e-01
4.921498004929102804e-02 8.182518497155486514e-01 1.882385776582430337e-01
2.907893817224240229e-01 3.227176428358570770e-01 1.431136429210433034e-02
3.035594631239433294e-01 3.596569167873716055e-01 -6.523014215285490025e-02
3.488850005001197796e-01 3.016669829496450572e-01 3.460501980530227284e-01
4.653569241511477661e-01 9.761189826209688836e-02 -4.566624582292441725e-01
2.315771637980703901e-01 -8.077603581972420121e-02 -1.593085524440008560e-01
6.931194820455123251e-01 -2.583052369391511394e-01 4.769111544560256655e-01
-8.549794501421233150e-02 -6.714072745437341672e-01 7.217846838595496362e-01
1.903948434226271358e-01 1.930801274826721703e-01 1.351992718167274454e-01
-5.616599465179721307e-01 -2.838892006429917167e-02 -4.894211211661949057e-01
-4.532489894658990603e-02 -1.077086220757100365e+00 -2.088624844348495324e-01
-7.536925798196867365e-01 -1.818806791425157388e-01 1.788125560929968438e-01
1.004562868334396286e-01 4.644302749489782056e-01 -6.125034730491095702e-01
-5.323520842486788585e-01 7.463408656218593062e-01 2.649241453800191270e-02
4.656818853422075022e-01 1.619739943808871652e-01 -4.257166950715430276e-01
-3.819456346439349392e-01 8.414888729380599619e-01 1.071206783877072244e-01
-5.051337539030220647e-01 8.240971326111556916e-01 1.524676447041688199e-01
4.069807968777033325e-01 7.823769200613536201e-01 -3.238625471724176919e-01
1.772051588092426466e-01 -1.912569576740103527e-01 -1.579890106860844523e-01
-2.807718409249664870e-01 8.765581313570515176e-01 -4.976198629565409259e-01
-9.577625531487581334e-01 2.347440372931010599e-01 3.521458373993738289e-01
-1.409133803987034084e-01 7.013784599214963889e-01 8.967389400219215323e-02
-5.836523502692013698e-01 -1.315472685038361622e-01 5.081962055591106031e-01
4.808327039311256490e-01 1.484316675193614044e-01 -5.791385611032345837e-01
4.379892526656808255e-02 5.876286721377670386e-01 -4.236819762764292285e-01
1.811559474891317467e-01 -6.078998727646751643e-01 4.977848091204342684e-01
8.275222850460811630e-01 4.703642498425977259e-01 1.519196858455292010e-01
-2.617065372993601646e-01 -1.230552231820176978e-01 1.708923173272305085e-01
4.412249345378207455e-01 -5.267997825222566766e-01 -3.264263890975850901e-01
5.459435819819685731e-01 -3.523309947676871168e-02 -6.184018590429516543e-02
-4.207272745159412186e-01 1.931667554942105916e-02 -3.034539581343769221e-01
-9.286680796774556823e-01 -3.426225778754286577e-01 -1.071040093758177450e-02
1.775650309091117152e-01 -4.272099142608967171e-01 -4.944749810355250630e-01
-2.965914099638400359e-01 6.662963464026234739e-01 -4.870596611886299776e-01
1.154619433743085538e-01 -7.548584343137194619e-01 5.118677105107269920e-01
-9.128137701999713971e-02 -2.000413672298498591e-01 7.569274287153592018e-02
5.368203152795973931e-01 6.707338820850849981e-02 -4.838700458359012496e-02
-1.614572290927250298e-01 -6.812652527978080297e-01 -3.798486731211291878e-01
8.004906970311430614e-01 3.115700198146800770e-01 3.867509786634646951e-01
2.917968153132606268e-01 1.249217568892965202e-01 1.261397178531915297e-01
-3.562040549587002225e-01 6.979551691297875005e-01 1.110861717486550243e-01
6.422089610897099288e-01 3.023334258764850957e-01 6.283201117428204308e-01
-1.855859980951682087e-01 -6.611641878470304601e-01 2.473490946035941940e-01
6.165567615508639188e-01 4.580407372052369697e-01 -6.389996693996666255e-02
-8.044355207907158412e-02 -5.005007750299708125e-01 -1.789015883486084202e-01
-6.132083856638220754e-01 -5.540403213945181982e-01 1.859656821233218044e-02
-4.010182194829975955e-01 2.980382873213233696e-01 -2.605804613320902852e-01
-7.131676176422980795e-01 -2.029905721694669207e-02 -4.347121159037653504e-01
6.550075506177446827e-02 -7.436065486313924167e-01 3.709583610391614661e-01
-5.371067084123266611e-01 -3.215864943602669834e-02 1.201866142835039397e-01
4.488138780210885193e-01 6.092670290391026811e-01 6.283497178801010774e-01
2.891326687435434861e-01 -4.219751944780326114e-01 -6.222428547185810538e-02
-4.794867506182337036e-01 5.103912961316637853e-01 -4.567380468923114001e-01
2.682320172785042645e-01 8.170416166819415293e-01 5.015780821478783569e-01
6.285015681613826954e-01 2.928856839050021921e-01 6.813706190631310111e-01
9.665308712253109502e-02 7.887150240325592199e-01 -3.317744948913948222e-01
-5.732467124726084995e-01 -4.504734617425470988e-01 -6.762898858749736286e-01
-3.792291754532693404e-01 2.993832539405669527e-02 3.939162753239160153e-02
-1.573080125015715036e-01 4.069092382373654671e-01 -1.013186074935369663e-01
6.746414199715293769e-01 -1.860269775914491774e-01 -6.830476149360414917e-02
1.654430681362950573e-01 -4.456863510181826582e-01 -6.261573401022656193e-02
2.080808294456277519e-01 -2.558575094227711830e-02 1.235834654011341155e-01
-5.600717620217512405e-01 -2.977594150893569935e-01 -8.315435860322513417e-02
-6.445794599274994319e-01 4.061893640336762812e-01 -3.531548171758484012e-01
4.249601525362266541e-01 1.805729752805856347e-01 -4.561467578946329926e-01
4.960247355241938494e-01 6.983278693530681203e-01 2.451076993597020859e-01
9.063614708879974557e-01 -1.080504645745487546e-01 1.820970684029640241e-01
7.090773025928950313e-01 1.163848979965648317e-01 -3.033481852285729863e-01
1.213200166405418584e-01 -8.930935102145971805e-02 6.362677442759173685e-02
-7.991306214921842788e-01 -6.880465235208724564e-03 2.449200303420812075e-01
3.320098398271033036e-01 -4.935868992319041859e-01 1.338363570433746264e-01
3.063311088878502009e-01 7.763356774625389534e-01 1.874637125734734261e-02
-7.810152347818136165e-03 4.762453989528259712e-01 1.331877634285275891e-01
4.308062071331234671e-02 -6.803387129348740237e-01 6.124173975527341662e-01
-9.351254188590130134e-02 -5.841358589847046590e-01 4.490268935008049356e-01
6.626159566629954423e-01 -7.032267207814146825e-01 2.769609036866357843e-01
-1.960679478959961308e-01 -2.873339455016063471e-01 -6.221576590526246148e-02
3.597740739885627037e-01 -4.943766813407955429e-01 6.779938802280993659e-01
5.924949987391792128e-01 2.269722564667067677e-01 2.250837125540189332e-01
2.353980028774930733e-01 -3.570019630577748737e-01 2.801056587121001917e-01
6.723549606334420226e-01 2.661443358435227474e-02 2.059104076503362191e-01
8.660754164387497456e-01 1.388479027358182627e-01 -4.142750216312107714e-01
9.207998228429935261e-02 5.966251646619021853e-01 8.335386376424500088e-02
-5.845768585084540891e-01 -5.451047471838610381e-01 3.136084493789914607e-02
-6.739738975656123232e-01 -3.127690179440920648e-01 -6.665430012094939460e-01
5.404636273789903411e-01 9.893395700272446247e-02 4.283817434447086958e-01
6.139596478821645054e-01 -1.776382758840669984e-01 -2.234570573151902217e-01
-7.214073936804825671e-01 -3.876518257064494599e-01 2.658205359575186444e-01
3.530963340564428621e-01 -9.851525066265344466e-02 -2.109909980415739517e-01
-5.911415419901954182e-01 1.080206215033701206e-01 2.716783009051079723e-01
4.247134931109883965e-02 -7.570221361337039490e-01 -4.474567952919282776e-01
5.101933188774561145e-01 -1.827748872487900134e-01 1.231184318957397050e-01
-4.295724221815275801e-01 -3.263970953677423070e-01 -6.592942141623585328e-02
7.463519135862387577e-01 -7.110286170870956379e-01 5.793603058840668396e-02
-1.916298363904089461e-02 8.567558427305713709e-01 1.469007951751929997e-01
2.924233169349698680e-01 6.760755288307570554e-01 -2.138607255708240840e-01
-2.508108801527822451e-01 -7.363969689285785325e-01 -4.162940078629864260e-01
5.925184607275962856e-01 7.905447138790141492e-01 -7.418398321897172465e-02
6.197039389682191812e-01 7.936918239058969871e-01 -7.042172710246265288e-02
8.309266279991969206e-01 -1.051320461806426021e+00 8.908644216163974505e-02
4.752948236631989176e-01 3.325507836674828077e-01 3.586117500764108845e-01
3.459711984226345738e-01 -7.554546052800872324e-01 -9.000267938077426144e-02
4.381926726312884157e-01 -3.325499760931766025e-01 -2.989767362068096457e-01
7.452577223046631394e-01 5.008710596354399858e-01 -1.804607611316070420e-02
8.666657571528932902e-01 -2.265212922729896716e-01 3.284715369161304022e-01
4.657981812146785860e-01 2.047268997234818755e-01 3.841156891873856449e-01
9.655841554939900706e-02 -1.782595436089774200e-03 1.940521679475662106e-02
-1.160474598101410293e-01 -8.044115338329242970e-01 -2.650160121196911550e-02
-1.281522971207284534e-01 9.494402678909750204e-01 3.557358202224150667e-01
-7.405117369665757954e-01 1.944414112916668658e-01 -7.122291439335318719e-01
-5.659154371738021050e-01 -2.829402534527073465e-01 7.633931413053912651e-01
-5.606726463695851370e-01 1.813722069205734866e-01 8.374514282848187774e-01
1.408147766926130251e-01 -5.760044213882553610e-01 6.745683180006816215e-01
2.920297431995237392e-01 7.820381236048064288e-02 -1.326214031560233597e-01
-4.305867877452681514e-01 6.772064633109833309e-01 -4.726368478191152467e-01
4.088198917675615607e-01 -3.332921565598729874e-01 2.774898437108444874e-02
4.506695751869539412e-01 -8.431147904076805588e-01 1.966064943526304731e-01
-1.625371479650197237e-01 -6.010720849966609547e-02 6.308368779080628097e-02
-3.403666170559363491e-01 -5.877105322685798328e-01 7.066517996026798754e-01
-1.404774149263246785e-01 -2.126630233875255183e-01 1.093642358015251420e-01
-4.532573184846833692e-01 -2.010167715293305624e-01 2.394424259047921166e-01
-8.442624738771886683e-01 1.093119080037763813e-01 5.222202985499529992e-01
3.071304369288072600e-01 7.808854916854131023e-01 -1.136200223591091046e-01
4.205085904818440246e-01 3.767740923593411173e-01 -9.003790305765628776e-01
3.039824684046578129e-01 -7.669210058996466239e-01 -3.543851603516533499e-01
2.439740463058874542e-01 -7.874084479495653266e-01 1.080412269638297978e-01
-1.045799815923331849e-01 -7.295044100943494092e-01 -4.843150038332597052e-01
-3.223268193062234221e-01 2.422323814318276813e-01 1.832016935316961581e-01
-7.697425447504620266e-02 2.913408702375416826e-01 -8.008250233714714339e-02
9.599052196425421624e-01 -7.690550345190239057e-02 4.837543342764848847e-02
8.646127411770389293e-02 6.400139648261790049e-01 4.597350831396695425e-01
1.727117387278476746e-01 4.336440339957423618e-01 6.077849068399553412e-01
-7.796224968176352910e-01 -2.431834631022433690e-01 -1.901232129974241847e-01
-6.881865890196479096e-01 -8.706990973494366237e-01 1.028781237897916923e-01
9.181645054444277365e-01 -7.506586976760856733e-02 -2.733375896796884641e-01
8.753336403506594143e-01 -2.051870357740147310e-01 2.603100390618225402e-01
-1.597627316543601961e-01 4.805422429928155742e-02 -5.009684469327405770e-02
1.289655590689461340e-01 -5.579096334887801989e-01 1.836913476305648274e-01
-1.760110227089622115e-01 4.348127575714215709e-01 4.167021307888678083e-01
-6.886809089037213560e-01 -2.545810397709389328e-01 -3.146914546259948486e-01
6.832168423260708279e-01 2.350593352347278564e-01 -6.602083593008721829e-01
3.037010058185103945e-01 6.502694532912451919e-01 -5.498051994850252644e-01
1.600365923346184355e-02 -3.955693821121339382e-01 -8.817193196516599774e-02
4.739733896266938584e-02 -7.576018383090110664e-01 2.791994260345793677e-01
2.235931474556507315e-02 -8.356112468376518665e-01 1.375504557111697779e-01
4.893944928179896903e-01 -2.850523153069602356e-01 -4.368936520731307449e-01
1.445605151527150078e-01 -9.672963510255606634e-01 -4.156349156870582373e-01
-3.934581086827018126e-01 1.541307813669792748e-01 -2.071877534430174861e-01
-2.743771365023516332e-02 8.910070969486957870e-02 -6.659031216559108124e-02
4.704220569633291715e-01 -5.548918692509248185e-01 -4.197248927754745340e-01
1.678419531632011907e-01 -5.483803180826617441e-01 -6.033580474027468860e-02
-2.084752406197438179e-01 2.050682510249971779e-01 1.131165750788059865e-01
-4.153724216495709443e-01 -5.466424376466982871e-01 8.105135433029071468e-01
-1.686935181842383613e-01 1.930274907481870361e-01 1.082165698537307374e-01
-2.580341440225839555e-01 -2.659133614278440527e-01 1.659943469332696431e-01
1.771669470849191463e-01 1.611619823780433836e-01 8.638204433342880698e-03
-7.626393072497950065e-01 -8.259834458721912465e-02 3.928340390217419098e-02
-1.206272626282772348e-01 2.889772486769944804e-01 -4.441720435001324241e-02
2.531363806364574781e-02 -4.031081864133953530e-01 1.447728291899222919e-01
5.952498105362079572e-01 2.916702924052209100e-01 -1.879442811396981328e-01
-4.944933942141651051e-01 -5.432005866351965473e-01 -6.363606289156711338e-01
4.632422759793901057e-01 2.424960321380276729e-01 6.843367168507060727e-01
3.648993618129270367e-01 4.979471521833801484e-01 7.000172710705563350e-01
-2.172659861082820165e-01 7.744150999450776229e-01 -5.872618643791308601e-01
-4.507835977675803130e-01 -9.632854407766477944e-01 -3.463530203299534649e-01
-9.044880131631612974e-01 1.830055620832546914e-01 -4.705859102297942770e-02
3.301772582426641400e-01 -4.535697142750924060e-01 5.198898226319298432e-01
3.968139103429022541e-01 -2.706785862629337847e-01 5.251053218065933059e-01
-7.091177502825231072e-01 5.197538687659536416e-01 -1.722732251713118834e-01
1.494116143862054547e-01 -5.212722505458006195e-01 2.073787517044944559e-02
-6.443105183563875293e-01 -8.259757338447034636e-01 -3.335399915012907113e-01
-2.001476850263800011e-01 4.851254477832816492e-01 -4.165563550280671490e-01
2.674534634588792148e-01 3.493205520989802193e-01 2.133423489683649310e-01
4.876266354015065807e-01 1.701681076502200851e-01 4.170522884775087480e-01
-6.449037706351019583e-01 -3.430212779753968322e-01 7.175560457244269941e-01
1.209229517930277414e-01 -3.982294891277130544e-01 -2.852430025342213016e-01
4.646513729577718688e-01 5.898521704295720536e-01 4.501427199152398528e-01
-6.253018083683282713e-01 3.850496583500478409e-01 -7.869649526383298843e-01
-8.226357404927167050e-01 -5.288847188121634790e-01 -2.065698364578308910e-01
-1.183050988658821967e-01 5.986110838934810552e-01 1.953102352595142699e-01
-4.857490965297670549e-01 -6.066808033848610782e-01 1.764078678238965026e-01
-9.148355860277382900e-01 -1.210116252467823422e-01 1.100841334531988541e-01
6.006423712051043307e-01 3.039607870070532014e-01 3.641891417669673118e-03
7.086169643432117526e-01 3.375790547602969816e-01 7.459773449869593238e-03
-2.015075891664740992e-01 -9.545694179446198024e-01 -5.181428218606214386e-01
-4.654787683183597147e-01 8.128290853479130940e-02 -8.688271318317902780e-02
-1.941401689467262270e-01 6.498717122990670392e-01 -7.347472741795348095e-02
-3.214674569927800790e-02 5.912384063859308370e-01 1.138002754681288475e-01
-1.081340216524485920e-01 2.142771464540027815e-01 -1.012285192719014626e-01
-8.455674544049773811e-02 1.342414671188277564e-01 -4.571237286766133279e-02
-4.121375251084618552e-01 8.486840093165599619e-01 4.263219990709103402e-01
6.148438738568015038e-01 -5.965454221320668493e-01 5.837451039382467455e-01
3.766908987443816081e-01 -2.483390742672010876e-01 3.174775342061625927e-01
-4.451878395256985144e-01 -1.004074838584129714e-01 1.909654914488518040e-01
-4.499328555743135616e-01 -3.622459808543200821e-01 1.793160397761126290e-01
2.533277831698765858e-01 7.794335555156899353e-01 3.028820968459474683e-01
8.965382660635854428e-01 -4.778423878286407467e-01 8.825829752188978083e-02
-2.777174790829736173e-01 -5.565589177624166162e-01 -1.763788868840825697e-01
8.722193806606680644e-01 -7.737585498303592435e-02 1.972714108050801496e-01
-2.686121499264015888e-01 -9.955594325286489799e-01 -1.727778349202219524e-02
-2.469658209018528450e-01 2.353534924061239653e-01 -1.967148435466356260e-01
2.229085338558200735e-01 -4.879017750368412898e-01 2.780690569030946357e-01
1.531921729793831455e-01 2.376200071305508976e-01 1.330735514929198005e-01
-5.809625935227522575e-01 -6.853040024482642822e-01 -3.129502623082112689e-01
3.582453327472520654e-01 -7.719196633355220882e-01 -6.269267636748552253e-01
4.049370575088674928e-01 -5.290590569661982601e-01 1.529393373049623139e-01
7.039364695001888717e-02 2.077744460110788893e-01 1.251474888972103905e-01
-7.069918600093170191e-01 2.921729705074284644e-01 1.382635549360717100e-02
2.177060622547013213e-01 2.212463713707900348e-02 3.590287563729868681e-02
3.757485322705483299e-01 -2.650850840630882832e-01 -2.607502648480304955e-02
-3.850997477214375131e-01 6.292502767040835110e-01 -5.963445575306968172e-01
-5.597834281781312038e-01 1.312183679561167438e-01 -3.334438513954632866e-01
7.062900737959230124e-01 -2.634259703654479590e-01 -2.785578276397393527e-01
-1.035830130100074131e-01 2.296226333648598295e-01 1.493698787863248223e-01
-6.850193866234141060e-01 -1.612903762532892360e-01 3.114651572413369429e-01
-3.655846808368553580e-01 4.802324431121842152e-01 -2.332617492304830120e-01
4.633718009062415266e-01 1.907747740833970196e-01 -6.955521013777515860e-01
-2.267310716301195739e-01 -8.859307979241156650e-01 8.263751318998749373e-02
-4.882916656419402646e-01 -3.150864593168844485e-01 -4.116978149954812483e-01
3.092751323698562094e-01 -7.148497739796514372e-01 -6.879060827666683142e-01
-5.947646855611919969e-01 5.999851666891827841e-04 6.399765336149434436e-01
7.120038350752857514e-01 3.432777698601793825e-01 -4.509013086653948510e-01
4.776129634307346161e-01 2.653436221549905771e-01 1.164890670475509510e-01
-2.709310676619503325e-02 -3.868149164726254474e-01 2.165251803306653955e-01
1.009751148513003072e+00 -6.917506434930995596e-01 -7.117917041970271974e-01
4.508061856908780474e-01 -1.780889208439527527e-01 -1.503631051096561144e-01
3.837226003271863584e-01 4.728962330713543660e-01 -1.226389741765379904e-01
3.428601428303129084e-01 -8.331814192465757385e-01 7.420900701920639386e-02
5.802950558368007439e-01 -1.714637328433813238e-02 -5.203892096760988073e-01
8.357700850842624263e-01 -5.096941105903277647e-01 7.924357243026108888e-02
-1.648531580436767841e-01 -3.816754307246651989e-01 6.700883518050700094e-02
2.813089571331757743e-01 5.010883946835936742e-02 2.453417947848372527e-01
-3.741906885253193371e-01 4.419038126449491566e-01 8.213342777516587090e-02
-5.380774962420841190e-01 -3.469760146900944253e-01 6.418328645773270225e-01
1.709597953443618146e-01 -5.862677487761241979e-01 -3.967766450146634760e-01
-1.372227377810661675e-01 6.378220405413222993e-01 -2.053525759200844902e-01
-7.100163898316222966e-01 -7.615841016729182344e-01 1.513613362039382682e-01
-1.591543402937319329e-01 -5.304567800390757037e-01 -5.469428561003700923e-02
6.027009233262685672e-01 3.154512948165121289e-01 5.560542502522117930e-02
-8.877923563227564652e-02 1.198257597239422434e-01 6.443077152191152568e-02
3.569255216467954323e-02 -8.083357035855250894e-01 6.183806752034736176e-01
-4.901329468571068992e-01 -8.443550751455805026e-01 1.102617845191569412e-01
4.662305576141426156e-01 -1.715350531235915188e-02 -2.463501662081553911e-01
4.825294247591889740e-01 1.534672297779985095e-01 -3.159132953267627664e-01
-2.827277952652699766e-01 6.433469338190385134e-01 -4.814507212904341471e-01
4.515099065068706174e-01 -1.048696815461096638e-01 -2.215223910159667409e-01
7.767061601014225714e-01 -2.576957345614196843e-02 3.030566661050118071e-01
4.686808417557115081e-01 3.380767165977159872e-01 -1.281734248935629920e-02
3.981660206049549844e-01 -3.800194221102518588e-01 -7.655642537570652717e-01
4.391363771506394675e-01 -4.123897019780588535e-01 -9.112843259529301854e-01
-4.666613845339195876e-01 4.147127426138501605e-01 -1.011949789781788067e-02
5.421827633748997899e-01 2.061146196373999095e-01 -2.550860274598644173e-01
-5.315641914879314367e-01 -7.485337031146604980e-02 5.949082793534373748e-01
1.724715898245542389e-01 6.109256115039823215e-02 1.170748272792840883e-01
-8.709707445146818161e-01 2.604928696274186328e-01 -4.498439413986449753e-01
4.377121740242213010e-01 -8.844246925681769067e-01 -6.095506014502667658e-02
5.092548597799292365e-01 3.451318453699682154e-01 -6.809666802986447109e-02
-3.566551990358378110e-01 3.343340458069155030e-01 2.320627899538235950e-01
-7.130435315144990627e-01 8.591178716347878941e-02 7.546946569501012947e-01
-5.966716202012786185e-01 5.203474069600796392e-01 5.929009781876296570e-01
2.952682203980798725e-01 -2.194028376858745549e-02 1.831675944233530084e-01
-3.844966821192101203e-01 2.243361097547957594e-01 -1.336340847270662234e-02
-8.814507317851404400e-01 -8.863990568892692046e-02 -2.257037612742602839e-01
-4.657103956228237918e-01 1.649545120672596121e-01 3.039547372673953030e-01
-7.345847052705459790e-01 3.464511641750969706e-01 -1.525743788229703968e-01
-3.195425921088146937e-01 -8.819221309634656114e-01 2.787968611887627346e-01
-4.773523722492558630e-01 1.418235569780298792e-02 9.335342365232300599e-02
4.324527478581129403e-01 -3.010838353318519012e-01 2.537979642422906121e-02
-2.428402266557343203e-01 4.962587806831194603e-01 5.392428396320664286e-01
5.471678663262289355e-01 4.450396359277347114e-01 2.077412628845832498e-01
-4.511166044682559662e-01 -8.291100549151002586e-01 3.445831388608742718e-01
-1.761557356552760634e-01 -1.164056742369342645e-01 4.956504300187885431e-02
3.564063253945150556e-01 -2.198864284481871767e-01 -1.919653717560053097e-01
-1.954034959274652539e-01 8.676210756880288200e-01 2.536740833884154056e-01
-6.774389084058551891e-01 -7.733656187387301373e-02 5.697309551711181586e-01
-4.038425081169809694e-01 -8.421480641688754432e-01 1.527967560799981805e-01
4.138423267808710726e-01 -7.489072051202785296e-01 -2.497578391324311031e-01
-7.152590677875728109e-03 -9.512858738111545920e-01 1.256994700948236600e-02
1.884988987431898966e-01 -5.085356393174346179e-01 -8.233658747990801885e-01
-6.332216355969997323e-01 -3.018250254024671952e-01 -2.924904938109140762e-01
2.280611141670360609e-01 3.771468500308282068e-01 -7.118017483787988930e-02
-6.127840061612829237e-01 -1.260944904500522212e-01 -7.879740049950965108e-01
4.119060608155418191e-01 -3.871590572261998653e-01 -5.802167148393435614e-01
-4.888673608529330306e-01 3.476911737985394768e-01 3.826219811664641757e-01
9.173512693529671802e-01 -1.218094561268847215e-01 -5.154711909589578811e-01
-9.670432859862136687e-02 2.949591135683403142e-01 -4.854905832116485770e-02
7.700260075311873287e-01 6.310431016206490273e-01 7.769816576057579638e-02
-5.981965767503827358e-01 -6.901848350758713058e-02 -9.152714786519402512e-01
-4.962685501889622652e-01 -8.436436491489164302e-01 -2.250343261881534440e-01
5.958800853956269794e-01 -6.694574260998610582e-02 7.583728914887988282e-01
4.028325292447068051e-01 6.286786111125841625e-01 5.418077262929170690e-01
-5.498976747639822832e-02 -9.557756281561986533e-01 4.362177201217513900e-02
3.628401591825833883e-01 -6.619586639932725225e-01 -3.686117154429677800e-01
-1.634838117175457795e-01 -7.963950751863787536e-01 4.132849942432044177e-01
-4.902525954581813394e-01 7.019375239556328028e-01 -5.685149784717580257e-01
5.821292397206554448e-01 5.882354213026625978e-01 8.452631709925237380e-02
-4.301526940658143006e-01 -1.235669264227772512e-01 -2.037986908949817877e-01
4.497982255003424856e-01 -8.663902394114221250e-01 -3.584108668011850019e-01
-3.582349958617637720e-01 7.111125023865796924e-02 2.025982787299410726e-01
-4.770589798796184278e-01 4.266321669592350041e-01 -6.131741397646551794e-01
3.626211585060037934e-01 -4.301713886778159024e-01 3.873084338234903390e-01
-1.102055308650648352e-01 -6.695636966518156985e-01 2.144534138741356344e-01
3.597042704248836209e-01 6.656666096353339723e-01 -1.515534821036931268e-01
-3.228322613587529533e-02 3.266626853394108410e-01 -2.415240056611429598e-01
-1.436796765226606154e-01 -1.005839012060435023e+00 -1.134230276304143137e-01
3.848997315175591849e-01 -7.351964652069652439e-01 -3.999223857418851003e-01
3.339207322065783079e-01 4.847849893888907524e-01 4.632797675895873601e-02
5.603361983288677184e-01 5.440633244228714194e-01 -1.340700895078658084e-01
-6.438278097063385719e-01 -6.653708041662873551e-01 1.835044138247309831e-01
-2.221925649449776330e-01 7.524384489570760115e-01 -1.235757987344492242e-01
8.913461439522651908e-01 -2.958081497818465522e-01 2.652151024197163531e-01
-4.859930470208310704e-01 -3.811208135566938604e-01 -6.343444039582188942e-01
-1.061264794270542627e-01 -3.973820102471273263e-01 2.144335753757741214e-01
-6.714721790173879823e-01 4.714297602436340884e-01 2.912436925137016908e-01
-5.678916583171174093e-01 -4.376236474810364652e-02 -2.268298288865421009e-01
-4.467831646000591794e-01 -3.076926357034002746e-01 -3.669642126874018140e-01
1.147002977352653136e-01 2.482053240070357103e-01 1.860208244194463123e-01
-2.448343856510947630e-02 5.388768948664285352e-01 -9.168227110832936066e-01
5.721777171609563305e-03 1.080793811021624612e-01 -7.276558135955629725e-02
-4.138730805287941794e-01 -7.487034370425521557e-01 2.991142109015937356e-01
7.197901938220600815e-02 -5.684333018701507312e-01 1.309958730968570906e-01
2.440340865365435152e-01 -1.582887928343627015e-01 -1.954990478844747803e-01
5.697732961615541436e-01 -6.814909959764522407e-01 -1.112118183079871259e-01
-2.891242091327807517e-01 -2.660227718839757172e-01 -2.606424437984504981e-03
4.229556608430262155e-01 1.869922116159591224e-02 3.884815424184644428e-01
-5.040458373604775888e-01 1.349778678019841749e-01 -1.235804349640903521e-01
-3.714327693953554665e-01 7.738784161996410393e-01 9.620371540917278808e-02
7.354179067155875993e-01 -7.086246142188731278e-01 -8.187197446466859541e-02
1.155747614747411611e-01 -7.846340615012709074e-01 5.499667428408133718e-01
-1.995861472851136187e-01 -2.467916276597978964e-01 -1.210038750818050526e-02
5.031698108452095086e-01 1.441914385769009210e-01 -4.286786570924211448e-01
6.349543870001655987e-01 -5.046744813768008209e-01 -3.379669176420687093e-01
3.265860299827019197e-01 -2.152711751803179918e-01 3.276182669144613868e-01
9.322790766794532002e-01 4.978521906673377684e-02 2.011673707539244349e-01
2.822744635122830803e-01 -7.018388995584032841e-01 6.500487541321935403e-01
3.855152520975996255e-01 -4.604796133700603811e-01 9.207275733088977898e-02
4.726395332624578893e-01 -1.583662692970059516e-01 6.905656603970137253e-01
-4.417403639538332316e-02 6.325409448108165744e-01 -2.284921645043970495e-01
6.660472362305956961e-01 2.981649897507928082e-01 5.626238926547200148e-01
-2.560285414764579270e-01 2.408967896387110008e-01 1.323497701678780919e-02
-1.891255794794381995e-01 3.782940414231973636e-02 -4.828173922627134601e-02
-1.685240269567907234e-01 -8.816083795762134079e-01 -4.701441716378859104e-01
7.943920537624795664e-01 -4.181726776924336031e-01 3.515640944778485877e-01
5.364550799426638372e-01 -1.110292689773538510e-01 -7.682549148772841452e-01
8.035385854074520440e-01 -4.977288745619832810e-01 -4.467486929243076332e-01
1.703852204249226010e-01 4.279508805304561014e-01 2.873713809981515710e-01
-3.462690887518269922e-01 -1.273139998892920954e-01 -3.691084070931403838e-02
7.979113214353328321e-01 -4.269288493771975501e-01 4.164343726122742700e-02
-6.198469380873049550e-01 1.384622344313740927e-01 8.122877653075023519e-01
-9.390430014037083328e-01 -1.035518259465750379e+00 -6.600355811607616641e-01
2.355035403302534747e-01 -5.840201363621010389e-01 6.812675848516432930e-01
-6.490825920874181421e-01 5.462778239638653721e-01 2.245396451909519031e-01
1.790638931452049609e-01 7.009304605141251088e-01 6.013767342824717643e-02
5.450170037952966062e-01 1.261377034632691352e-01 4.402849238562247525e-01
1.565329552647690414e-01 4.599896979417547604e-01 3.674629966899034539e-01
-2.769812426675573591e-01 2.316937667071357898e-01 -3.422971359190468132e-01
1.533308693941054512e-01 -5.185750962297953626e-01 3.040001314084088135e-01
3.395242091717828870e-01 1.054047400422973013e-01 3.492684361893881317e-01
-8.494548090354212544e-01 3.363693484944506318e-02 -4.323140034323912084e-02
-2.486545657552184097e-01 4.616779232348094952e-01 -4.555604249131690597e-01
1.748140815516009416e-01 2.623726843967146838e-01 6.043123919814796449e-03
-6.448197319340985834e-01 4.821668423947353954e-01 2.464547106672541066e-01
8.208574096253775654e-01 1.187359529159861954e-01 3.875387765828292586e-01
-7.667829904994873103e-02 1.641328103394622817e-01 -7.241312720876315334e-02
9.662264510741723489e-02 2.317701260821226072e-01 -1.003565789792218443e-01
-5.363589456669752842e-01 1.065855464649682893e-01 -1.367185292002916774e-01
8.926564617567804560e-02 2.639073570528949197e-01 -8.948045126075253319e-02
-4.542085595594947955e-01 3.433027382061499821e-01 -2.726449017962011001e-01
8.073674012784916032e-01 -2.385709169821385034e-01 5.615610739991813150e-01
4.001130213985203410e-01 -1.476843629126901314e-01 -4.705215479033117987e-01
4.667372372480924937e-03 6.503329937320724285e-01 -3.403072928181983259e-01
-4.969110130446027784e-01 8.544044787126054974e-01 -1.623495232043803138e-01
4.739222595415399364e-01 5.569400664702039983e-01 -1.657849017382697146e-02
9.548624091317588214e-02 -4.701169552820045894e-01 1.879931188986710411e-01
3.734568339464005571e-01 -4.557493655350378092e-01 3.083355255042343618e-02
3.373150982486051164e-01 -6.611380125201153923e-01 3.041119759074872864e-01
-5.025299144028047005e-01 -7.967837772063778301e-01 -4.506257194854229597e-01
-7.938763983339180985e-01 6.439558324878749129e-01 1.052247176247256277e-02
-7.026167351072754030e-02 -2.868405812820545298e-01 -1.669410839048014183e-01
4.413243062733091526e-01 1.193876314817713669e-01 4.625101679726963816e-02
8.359982976971932489e-01 -1.312886115405403620e-01 -3.683409701272554685e-03
-5.061983040952495738e-01 2.977966453519423351e-01 6.757247274948711135e-01
-6.075740347023086407e-01 1.633943446627681428e-01 -1.081916570850060232e-02
-8.961231313424958822e-01 -4.024444993891643230e-02 -3.786292158801486951e-01
5.831370886077726912e-01 3.972124001190843190e-01 6.008164956390269484e-01
1.529530694565254811e-01 -6.645695212384684636e-01 1.106079089097405099e-01
-5.855620895157256367e-01 7.532575747102286945e-01 -9.975810072453869526e-02
9.253550810805426241e-02 8.023756223116019770e-01 -1.671360544119477598e-01
5.903818835876493143e-01 -1.008044908997744044e-01 -2.932388578925574363e-01
-1.469833678869221227e-01 -1.643882990509208664e-01 6.338476843950895112e-02
-2.871975042141278744e-01 -8.099278279534433134e-01 5.192774552803048893e-01
4.583204904877590247e-01 -2.255549090756285568e-01 -6.747526173422174756e-01
-6.214941596402159263e-01 5.357293169905220642e-01 2.273891081675205317e-01
6.041654216950268497e-01 -6.141028141807358676e-01 -1.748019192718057169e-01
2.241802132299332562e-01 7.711562900818388355e-01 -1.689738783364821417e-01
7.350425560993373297e-02 3.331466690080365778e-01 1.769092050710028563e-01
-5.536794769308318875e-02 8.547056784218939329e-01 2.573561683017909496e-02
8.079860086861033741e-01 -9.002267394208950113e-02 -5.693713545715818336e-01
4.959603555887416859e-01 7.995776022810294759e-01 -1.294216482832067083e-01
-5.819347945339093942e-01 2.391553672620552184e-01 -6.589173989720589208e-01
-5.810311150083948828e-01 6.616709333829683404e-01 4.033366775927855336e-02
-4.114561782195293449e-01 7.199870806273603874e-01 -2.521777783671012574e-01
6.508840750737493464e-01 2.665503056656269298e-01 4.843835485719908962e-01
-2.856495706285960279e-01 9.113794924283530330e-01 3.310433492627795626e-01
-7.413349737093499758e-01 -2.776045425930025456e-01 -1.101913903244353260e-01
-4.439670070440208671e-01 3.677632590459712358e-01 -8.039915934750777593e-01
5.882716478968184060e-01 3.089069211950868366e-01 -2.583221145925722328e-02
3.113630284539982140e-01 -6.198411949471948068e-01 1.234664116398702660e-01
-1.707828008360348093e-01 -5.380420173706160769e-01 -5.018492260335479654e-02
5.302246472469300531e-02 1.925395968330263496e-01 -6.753275083182111449e-02
7.261987321024285791e-01 3.625000885197082745e-01 -4.528739403553602161e-01
-5.839259098253274946e-04 2.813135978671544302e-01 1.932076395012905234e-01
-3.805491212109028409e-01 5.850925880656864253e-01 4.479126612316048361e-01
3.894232787571383358e-01 -5.836748740434183347e-01 -6.714844648111896160e-04
1.949617772491413215e-01 -9.856139674057311506e-01 -2.618409405474226292e-01
-2.668054629734973870e-01 -7.600002566435860585e-01 6.021246659412656660e-02
-3.680286295703751875e-01 -4.442744836055138591e-01 2.178426849368719220e-01
-5.930198347329764808e-01 3.249234712834205840e-01 3.432277216397260355e-01
-8.592103054562675313e-01 8.752982859932155468e-02 -5.028196760769161333e-01
1.685015427688544426e-02 -7.618386554325026205e-01 2.034698663141526476e-01
-7.464609554928526569e-02 -7.613325083422263218e-01 -4.825204048488601072e-01
-5.410476440261134945e-01 1.751742368819235798e-02 -7.377799065625555430e-01
-7.314842234929147535e-02 -7.533647611068640115e-01 6.692981003073880109e-01
1.862357099271488570e-01 -1.034221909630181235e+00 6.139291295267015544e-03
6.007342110808807645e-01 -6.462328429465351576e-01 -5.345711776305523966e-01
9.332007947943107840e-02 -2.202887356748522152e-01 -2.712336497053657522e-02
2.691974455395168553e-01 -2.876113525829018247e-01 2.113986422427948653e-01
6.382163524196464433e-02 3.162230951749368524e-01 -1.389803986475813269e-01
-6.739550897815588248e-02 -7.821198732026247713e-01 -8.766087178630541099e-02
6.056188737272315548e-01 3.747402697400195604e-02 -5.753451484197016352e-01
5.583059204709636125e-01 -2.903556749695839767e-01 1.932244948746739965e-01
-4.717275202373745202e-01 4.199362508421085605e-01 -6.128844757849670755e-01
-9.023059884710544765e-01 5.971469902608833591e-02 -4.805948570016259636e-01
8.314966724856608093e-02 -1.191939664673689614e-01 2.727487336731075976e-02
-6.935865007183371622e-01 -3.110933450692063840e-01 7.157563121878393053e-01
-3.366196341720987251e-01 -4.047609833440062310e-01 -5.741313203503014551e-01
5.003360318215310798e-01 4.979421782732657703e-02 2.347670459237068685e-01
2.534440815192370855e-01 -5.978078572639173860e-01 -7.692917341445680568e-02
7.494343955809472657e-01 -6.320997033721217351e-01 1.664959726925646991e-02
-1.914684593107414678e-01 1.968063419107590473e-01 4.223762749884885787e-02
3.206765251672002992e-02 -7.510160091693841578e-01 6.972185817532227103e-01
3.046663909935089509e-01 -2.157859446780491242e-01 1.830134686275225187e-01
-5.159084839106854725e-02 -3.633111942703765584e-01 1.373763339925393179e-01
-6.388722147885276259e-01 6.027313933936230272e-01 1.185789750414993626e-01
-7.332386489098546845e-02 -7.899914192329176021e-01 2.120430290599111534e-01
-8.558759117136722772e-01 -1.922216521549899859e-01 5.572081887888159502e-01
-1.626493965406764775e-01 -3.704461692649397841e-01 3.002158302179290805e-01
3.609781538148196800e-01 -2.680197427192714810e-01 -5.532227198450783145e-01
5.753528707428147149e-01 2.803746284354851487e-02 3.159892939930843414e-01
-1.098362988825915543e-01 -3.108969726232968175e-02 2.390531200248349059e-02
-2.911298632353361282e-01 2.733568317285129182e-02 1.331839414668751498e-01
6.799031311125860455e-01 2.856138338554882194e-01 5.567286325005038616e-01
5.436657283158591314e-01 -2.041407235255930097e-01 3.801048104614631051e-01
-1.193876416988164380e-01 2.139832174058486081e-01 -9.488728147158778659e-02
-6.521078137271514308e-01 -8.121336561890339922e-01 1.676755443284765335e-01
-9.383239785685643097e-01 3.308413121509734545e-01 -1.968311247562774813e-01
-7.662225425301002479e-01 3.338196529394806267e-01 5.842278845320764136e-01
7.508517161389428596e-01 -1.597928562473554803e-01 5.572945106505708956e-01
-4.332718886693443516e-01 8.519580490957788521e-02 -3.003580077074890498e-01
4.214888269332358051e-01 -7.789956254789319468e-02 7.757004123231858381e-03
-2.775164558956562111e-01 -3.245290184593633831e-01 -1.771356146335365811e-01
-4.811067856753952765e-01 -5.096643551486749191e-01 4.314327623100752129e-01
-8.667920777128979015e-02 6.921447277465940795e-01 -5.206995257188236081e-01
-3.848447565888323818e-01 5.644884952543047785e-01 -2.609805766839242702e-01
-7.258927607950481642e-01 -6.907157978198495973e-01 -3.459394846933234180e-01
7.559744766758999535e-02 4.953971651211818705e-01 -2.608843987418489885e-01
-5.440257055898713168e-03 2.053806462322618764e-01 -7.853908421251837302e-02
-1.428584241983429370e-01 6.851482370420316492e-01 3.091945096868892705e-03
4.239059416179508655e-01 2.981016248666533142e-01 -1.768772557966921677e-01
4.574444696081103601e-01 6.596770641412498526e-02 3.523781349139277763e-01
-3.898686592108328020e-01 9.600218924894779460e-02 -1.904159729531968159e-01
-9.397666380667696329e-01 -6.561392433924165268e-02 -4.513003237974551052e-01
-1.365619763885737858e-01 5.093056233227198915e-01 -2.243570412310790241e-01
2.958399045074915912e-01 6.526745308349602981e-01 -5.521388700045249953e-01
-5.456351193630700758e-01 -1.323800745409909219e+00 -7.523885692792182667e-01
-7.551379445329349238e-01 5.238691539744332326e-01 -5.585629351762768646e-01
-4.427625247195610125e-01 6.914649557528164125e-01 -5.042821379425782569e-01
-7.607969680306767013e-02 -5.434541097731181436e-01 2.023690108784522157e-01
4.837873789632396448e-01 -7.024040384546815785e-01 -4.093906527071419221e-01
-1.629960224259789647e-01 4.280392527942217251e-01 -1.072883766745524187e-01
4.655126850151517504e-01 -4.309676735484582188e-01 7.780568501704108186e-01
-3.927459277474856791e-01 4.470497912408499253e-01 -9.876791990502167828e-02
-9.923047227338843701e-02 -4.730375465727626461e-01 1.222667486671400600e-01
-8.136959177220777217e-01 -8.684070260822991660e-02 -2.521845485881052396e-01
6.463391434571517935e-02 5.595164116240921581e-01 -2.720584098663577644e-01
-1.698713209620514308e-01 -3.030944388260610189e-01 -4.604928161146708276e-02
4.760072636922617617e-01 -2.559786951261214250e-01 2.560651743356652799e-01
-3.023819027892746258e-01 -8.413808793812842524e-01 -8.468969542634463554e-02
-4.662031802660525082e-01 -1.588596452800137560e-01 4.806353402047659484e-01
1.838272704559324455e-01 6.705907029486105619e-01 5.310652815180952335e-02
-6.557359137308448327e-01 5.760233357252924069e-01 -3.294736674188235570e-01
4.673293477372531535e-01 1.022463788116510092e-01 -6.756832256416899218e-01
3.547174438486457859e-01 5.029135002667755039e-01 -1.202025333838593057e-01
3.231587879444745848e-02 2.409241613636035895e-01 1.522302909521794090e-01
5.753984747196198846e-02 -6.566069794917140934e-01 4.407613116847437507e-01
-3.314354384065056336e-01 2.072445244987484309e-02 3.965569962623088918e-02
-3.085961664506829405e-01 -7.257200264939854817e-01 -2.993918558140486463e-01
-3.556361615116517827e-01 6.610705384522536088e-01 -5.088334257658743143e-01
3.327480916979397851e-01 9.468421762166429057e-02 -2.481064373280301161e-01
-7.496984352834158427e-01 -5.083722748839099026e-01 2.652178005010469852e-01
-1.361685108539564260e-01 -3.723243706022646426e-01 -5.042444549114195873e-02
6.773019748428574793e-01 9.722770085720709721e-02 3.524911974519303604e-01
5.113518445988568528e-01 -4.028534175870378542e-01 -3.493993971307280538e-02
-3.248508829247459540e-01 -6.453485195661475826e-01 -3.847512820093012542e-01
-5.750632228411890479e-01 -1.868643455812054877e-01 6.997148282524595642e-01
-5.096215267124919457e-01 -5.137455476683120414e-01 6.429648880071004990e-01
-1.596396779107281047e-02 9.898646447189136666e-01 2.235212736805334000e-01
4.380018626070097953e-01 -3.469423474653195449e-01 8.264096693904797453e-02
3.288020338333907944e-01 -7.495348568573034775e-01 6.397744834083747278e-01
6.633532688704517621e-01 -5.642045141175462408e-01 -1.214390114748436014e-02
5.829261346146371592e-01 6.945262023911807914e-01 2.829872594604723735e-01
1.342157491987862883e-01 -9.376113053314425461e-01 -1.585557750477642469e-01
-5.110647522139132315e-01 4.775428856927434462e-01 -2.560952612865808886e-01
-7.719353662591286191e-01 2.745653077273614850e-01 -4.707347763838458099e-01
-4.879632258789463051e-01 -2.205563430832719052e-01 4.399588630595605010e-01
5.964376468530697695e-01 1.542458988745560866e-01 -4.667393425099397031e-01
2.561679551249465003e-01 -6.235461720957984344e-01 6.547252352526827801e-01
-1.751755438455468161e-01 -3.476334377815790688e-01 7.650915464814558864e-02
6.520175383524992041e-01 3.327474568051419501e-02 -3.473886374954095468e-01
-4.519917362319079285e-02 -3.031958557009628019e-01 7.369791005954300089e-02
1.942439560055987391e-01 5.465236028932295431e-01 9.433772957595604192e-02
-4.575917496956964925e-01 9.651160991501940437e-04 -6.333480727612586514e-02
7.674605238383416239e-01 2.856313225388862898e-01 2.748705755419854624e-01
2.394854499133127479e-01 4.218868400718160383e-01 1.693297424008737284e-01
-4.451249901524818586e-01 -3.469477428302585320e-01 3.131063289315116349e-01
-8.384882555341512944e-01 -4.367189171008402648e-01 1.215339165240079261e-01
3.907604223979276314e-01 3.822229479792441098e-01 -7.964380757106083175e-01
-1.008406886643760769e+00 2.969077714816351632e-01 -1.083031705797762867e-01
-7.121923871882278601e-01 -8.795431911187806540e-01 -1.158773382529350998e-01
-8.298517065132706705e-01 -2.514369003401084601e-01 -5.448608830626242572e-01
-4.564378766299004853e-01 4.767822458352782289e-01 1.502554985940518228e-01
-4.823443085109871409e-01 4.426823170355904113e-01 1.693976091179029697e-01
2.605670588172535607e-01 -1.878052034730647579e-01 -2.060961614703951672e-01
-7.488691511712002313e-01 -3.644853320207984138e-01 5.560658259739913456e-01
2.348008894617258091e-01 -1.593150516686067109e-01 -1.997593467182103011e-01
-7.151234898680032259e-01 -4.546104962152616724e-01 6.731753393580743872e-01
2.789998087727147413e-01 -9.881305758502328951e-01 -2.126650840914214857e-01
1.137565920051263474e-01 1.581625681496401370e-01 -1.165648642764908482e-01
-5.695540113122866677e-01 -3.813073321989623454e-01 -5.047410022778802130e-01
-7.386379646901927720e-02 -5.765541844103331259e-01 1.619341231693112448e-01
-8.730811211617699463e-01 -2.121532743324365256e-01 -3.926992765791658124e-01
-3.072843196268703059e-01 -5.228633530574461341e-01 2.644129498845695370e-01
3.748204543487355656e-01 -9.252204999588343748e-01 3.552686382758589445e-02
-6.276251786269425592e-01 -2.298055041629570167e-02 -3.708259751608931065e-01
-8.487761122463854946e-01 4.563379113458304603e-01 -4.606434136135879043e-01
-8.147375835944699052e-01 -6.701450959309972200e-02 -5.228202262942154288e-01
-5.815962059641190951e-01 6.618508283326762776e-01 3.078455975377305739e-02
7.593529037854785946e-01 -1.822731549527422390e-01 2.867437481278381495e-01
4.876569320959653897e-01 9.171330629438133319e-02 3.372835838800703478e-01
-1.743947105217704963e-01 7.461912187851470479e-01 -3.353451841310704507e-01
2.921527049727444258e-01 6.349263301110301683e-01 -5.520565313538107199e-01
1.214095994804275103e-01 2.497532292213924254e-01 1.662463058556878925e-01
7.627894885683775827e-01 -1.451944155023202065e-01 8.263619926384956071e-02
4.742855521717447842e-01 -6.385602998784984941e-01 -5.022062039096398811e-01
-5.649333341875573122e-01 3.590027443825114656e-03 6.404342903336134318e-01
-3.275998358640120345e-01 -6.551355744512926682e-01 -2.708126665966698599e-01
3.454584601380759068e-01 -3.144113342944381689e-02 2.244750255552052098e-01
6.373662942332810610e-01 4.053808045855190056e-01 -3.445328196243475083e-01
8.904436718231081294e-01 6.994286234491856047e-02 -4.002962729340669989e-01
6.829211914759538704e-01 2.001171002143934952e-01 1.933746886242804774e-01
-5.474214173502447295e-02 6.219524879824416264e-01 -5.354791256790782800e-02
-4.547333031873632136e-01 3.902964816307397111e-01 4.263665355689905123e-01
-4.532808394491502080e-01 1.729905273124528187e-01 -2.013645841188562158e-01
1.211611608235912685e-01 6.277520828947792675e-02 -2.375809781950771055e-03
-4.043309558834738970e-01 -6.990857489014734583e-01 2.594311292058534835e-01
5.480125925205805437e-01 -7.253497146542990659e-02 -3.530497866775006433e-01
2.529643959197082070e-01 -1.612350305428293107e-01 3.766424623211235556e-02
-7.507804713322838719e-01 -2.015631382835544883e-01 -1.785152812738021177e-01
-4.194664524566825703e-01 3.886358703656037084e-01 -5.764352235903752453e-01
3.980738070475283163e-01 -3.789025165226710956e-01 1.558154109899631268e-01
4.916386070253866980e-01 -3.198776237049981153e-01 1.370778934140845680e-02
5.820106026001166111e-01 2.476781387185015768e-02 3.164492223726038111e-01
2.371209396970468675e-01 -6.679332058385388515e-02 9.933384139806891722e-02
-7.454138515889274785e-01 3.046810603830902853e-01 -7.314055962552476475e-02
1.775690148598229601e-01 -2.378483142584068566e-01 1.813820773703691547e-01
3.142036139986392751e-01 7.266896263930981981e-01 -2.902470539019796902e-01
3.259856088576338490e-02 6.654646644045161263e-01 1.934858845702272512e-01
-1.265524638209798713e-01 -5.664320242612536083e-01 -6.476577388400189816e-02
2.985122404196252632e-01 -4.755621039689310048e-01 -5.419069918363976779e-01
1.735807156685413855e-01 -8.283061732840193425e-01 -2.442173982066805915e-01
2.736112541874011761e-01 -5.249881352088475728e-01 -4.164667778771435347e-01
4.739225992934430476e-01 3.530051968945622232e-01 4.387937593820444016e-01
-2.295340761068766222e-02 -9.099056231794440119e-01 1.759209750082266210e-01
6.046902237169279326e-01 -9.910841070256835861e-02 4.551581127712083785e-01
-8.216861362263222501e-02 9.510522047697218817e-02 1.889976836459382123e-02
-2.324204019004201260e-01 3.943161807217800408e-01 4.068331280767597535e-01
4.009183591962272031e-01 8.407265341335686815e-01 -2.831236466373664995e-01
3.264221929931676036e-01 3.292641840505892148e-01 -6.496181729873409250e-01
7.245357206435559805e-01 3.024502030259507701e-01 6.222846248031735916e-01
3.508444408626740230e-01 1.223095129324222458e-01 6.208193101167411992e-02
2.647755324660178711e-01 -6.499617275970186459e-01 -7.745870448705063360e-01
-2.288890827341297229e-01 3.601175992064646336e-01 1.483747285736213839e-01
8.955576363097169645e-01 -4.339053266533817732e-01 9.227176911834931994e-02
4.532048531705702432e-01 -5.950206871871337455e-01 -4.893022119373545142e-01
-3.280387030433783851e-02 6.196460213925079064e-01 -7.961915071168141900e-01
-4.917366356994720689e-01 -8.751376775471917391e-01 1.680119620147341730e-01
-3.845206021034071608e-01 4.187732660796272266e-01 2.563218720571481812e-01
-4.663792736467265998e-01 -4.724681346288313044e-01 2.919328726251486580e-02
-2.997885659197914721e-01 3.806798154470944495e-01 5.240357442435269464e-01
8.066118593119491198e-01 1.697953237419746353e+00 -4.083708600627724561e-01
