-4.385206908959429661e+00 8.873286539422609032e-01 -1.163515971500558077e+00
-4.480071771621992660e+00 6.662937446027481503e-01 -6.628801100092232002e-01
-3.508116705465295748e+00 1.857546952905082094e+00 -7.866508401946445961e-01
-3.908565336046466498e+00 9.364108705381973818e-01 -1.131407152939618133e+00
-4.827974450889045421e+00 1.388008707008867137e+00 -1.075812186163610518e+00
-4.555354637356026082e+00 1.524366869842872951e+00 -1.358258600110505920e+00
-4.328046956635662745e+00 4.374773304290156539e-01 -1.268111594809790743e+00
-4.621927310739593509e+00 1.173498657809472379e+00 -1.394092572033434507e+00
-3.957501842335411357e+00 7.385478852564090202e-01 -1.320601927554647226e+00
-4.628210576167052004e+00 1.154473072147562229e+00 -1.392423927364886627e+00
-4.357573045998089256e+00 5.992406502012090908e-01 -1.274689931445126767e+00
-5.366145856629247035e+00 1.084240200010338162e+00 -6.600118845005700230e-01
-4.512426416086835701e+00 1.488169867957264358e+00 -1.412167157833547515e+00
-4.179580973810878675e+00 1.339086800008196132e+00 -1.268610873133747985e+00
-4.868119425257238397e+00 7.815618507755099920e-01 -1.168141461868507758e+00
-4.907196192707014681e+00 1.235510328009318926e+00 -1.157805736018556741e+00
-5.327327220495648774e+00 6.149719675727941537e-01 -6.260452787335870628e-01
-3.869320999378079939e+00 8.221891188736160094e-01 -1.249359587579196074e+00
-4.261220006084931455e+00 1.058068245556916809e+00 -1.247421245549916513e+00
-4.184899574461533156e+00 8.006925087986750400e-01 -1.292117545922017774e+00
-4.541115063014088626e+00 5.781851563553214168e-01 -1.121737126307294607e+00
-4.200270823705394285e+00 1.229372086525411412e+00 -1.812550322335047259e-01
-4.819690865578453831e+00 1.365291447241508971e+00 -1.355195564332191571e+00
-4.704699176759361556e+00 9.990852408031315468e-01 -8.887557452454485363e-01
-4.315597224973418022e+00 1.672796362614333621e+00 -9.696600143875236943e-01
-4.664046234548211878e+00 1.089020731086399296e+00 -1.227933089244512166e+00
-4.694211819799479990e+00 8.924467665580155806e-01 -1.180351301889927207e+00
-4.775043067255320572e+00 1.754868006034105088e+00 -1.066672001589709540e+00
-4.601136389845777330e+00 1.554232587253081110e+00 -1.227398799482058989e+00
-4.457515754787269024e+00 1.634737478334631344e+00 -9.663483186477135334e-01
-4.911789375187050943e+00 1.012639050270347063e+00 -1.242241650155800237e+00
-4.827032874724995537e+00 1.763715155159724768e+00 -1.198931416352966961e+00
-4.188215637881258502e+00 7.512748473848548381e-01 -1.343827565274197777e+00
-4.768758775909056169e+00 1.462533665443161546e+00 -1.093764071973319485e+00
-4.911983851502264464e+00 1.499658047198602961e+00 -1.928261555559521945e+00
-4.266283437361038544e+00 6.829260455441813482e-01 -1.209148076051397291e+00
-4.524290601635068576e+00 1.017612230247399996e+00 -1.132955334757944854e+00
-4.106217113418433762e+00 1.500401611192184737e+00 -1.291493466235566379e+00
-4.674261820537593870e+00 1.572234977887360108e+00 -1.412846105048952250e+00
-4.151100895036912597e+00 1.164318998892469148e+00 -7.580755984754183885e-01
-5.323416235670395125e+00 2.732199207485155878e-01 -1.129116570643079687e+00
-4.535584136778624931e+00 1.454452788484285941e+00 -1.176528302486852917e+00
-4.232166124352194636e+00 7.363898342641496120e-01 -1.543542636382228217e+00
-4.791938914746592282e+00 8.592675965394812598e-01 -1.309701215023493015e+00
-3.815355149336665530e+00 1.524242636836447007e+00 -1.777746411100540103e+00
-3.941993934691011781e+00 1.484772677417665721e+00 -1.095019665757838823e+00
-5.148807491979979112e+00 7.384128688388884587e-01 -1.479936568814048670e+00
-3.820891123292381675e+00 9.979006758244457487e-01 -1.519230115493152011e+00
-4.625097433942562120e+00 1.005790198584009865e+00 -1.424035173797445708e+00
-4.185639982315782603e+00 8.757629503656005898e-01 -6.996401280683574031e-01
-4.326599755699493066e+00 7.912420026340493129e-01 -1.607382536244126525e+00
-3.829241790568059578e+00 1.266492885905436516e+00 -1.329773236594621100e+00
-4.114109103868052841e+00 5.149193344884879231e-01 -7.283457413009566395e-01
-4.019255015958362875e+00 8.394878090146226102e-01 -9.353689820500267205e-01
-4.198820231884743848e+00 5.325628420665424745e-01 -2.411406787488075576e+00
-4.703254127994322076e+00 1.050445047069322069e+00 -1.251070182498447814e+00
-4.677231892273945313e+00 1.365669423440754482e+00 -1.247040966919677807e+00
-4.720284918095726034e+00 1.230142900167351394e+00 -1.233229082312373492e+00
-4.190235710116803958e+00 -1.771203748579978365e-01 -9.329247977467076680e-01
-4.490207957955625773e+00 1.229878191997346271e+00 -1.171866340908626292e+00
-3.682652106293715644e+00 1.950787575833481668e-01 -1.290109632373328985e+00
-5.046044787208266769e+00 9.118085393967034769e-01 -1.525114365385801474e+00
-5.578044061882017068e+00 6.476533895904794669e-01 -1.136780841603742154e+00
-4.391906806125597917e+00 1.099371473096182106e+00 -1.147306460431567698e+00
-4.218395805965236001e+00 7.599730627473708644e-01 -1.232243140519756919e+00
-4.146923728686298105e+00 1.202385126252655478e+00 -1.283456604024638237e+00
-4.142094494063527144e+00 1.116651942271712050e+00 -1.270321965407905651e+00
-4.398019538053141275e+00 1.071497910861751057e+00 -1.168253559220627569e+00
-4.054876321849717691e+00 6.097527777167255358e-01 -1.554460620084896938e+00
-4.565557736357652274e+00 1.022871637257098509e+00 -1.864189743147847800e+00
-4.329284978836867914e+00 1.051096509267288592e+00 -1.409103363164689648e+00
-4.756089021986017684e+00 8.645426736859552763e-01 -1.064542981729642790e+00
-4.206063772897917552e+00 1.073652467894416374e+00 -1.218232101693774716e+00
-4.249403828122477300e+00 1.152565169373925391e+00 -1.166337614061348171e+00
-4.807045173872698918e+00 1.508474505250362530e+00 -1.071017995931348610e+00
-4.033208382097087430e+00 5.072591426128622016e-01 -1.187578180578516385e+00
-3.707559348116951981e+00 1.356846429214143335e+00 -1.940615750934631123e+00
-4.442613566685078119e+00 1.433330232689638883e+00 -1.301295161401343936e+00
-4.415318699882619491e+00 1.029541626357697970e+00 -1.229877207922585480e+00
-4.481920804729383256e+00 5.999189260476742724e-01 -1.356710159177009878e+00
-4.478802386139290270e+00 1.114803856408425720e+00 -1.389503814110379709e+00
-5.081883979167950649e+00 9.355963101019405537e-01 -1.175953023096228289e+00
-4.675636619043521236e+00 9.504128482411020595e-01 -1.451972988009706533e+00
-4.465676188613471709e+00 1.200108546771355922e+00 -1.219022289199661602e-02
-4.283551297878882558e+00 1.354360614025183596e+00 -1.327750792296215510e+00
-4.520800431732144631e+00 1.488380569183595847e+00 -1.243282081069185585e+00
-4.306559554386510946e+00 6.528610651524919817e-01 -1.263313429508204022e+00
-4.325938018544165153e+00 1.609048079532283460e+00 -1.358835864978015007e+00
-4.825532879829170341e+00 8.132091056380706950e-01 -1.318656503539881619e+00
-4.553990604467917258e+00 1.443172920771986778e+00 -1.300388967401870488e+00
-3.854075196595729391e+00 1.030745081486640125e+00 -1.157800265601917955e+00
-4.254462690708135320e+00 1.464155364856946973e+00 -1.503231463241246901e+00
-4.829489509954107973e+00 1.765195325481405675e+00 4.281424252489717669e-02
-4.466812731099232714e+00 1.451026485318225090e+00 -1.455184141524809904e+00
-4.214562114567694806e+00 1.580858877838759780e+00 -1.531516179261018351e+00
-4.072989190347238164e+00 8.072759332664335430e-01 -1.364591167424596962e+00
-4.281731742617155945e+00 1.085079595165173938e+00 -7.074369255659243017e-01
-4.418998178529079723e+00 1.086096671766588528e+00 -1.307285368414963012e+00
-4.109017768789914093e+00 9.479977125437067942e-01 -1.518908481097299035e+00
-4.254943975103527620e+00 6.736827321381329003e-01 -1.279781928137998515e+00
-4.781297424002511676e+00 7.836722139651111085e-01 -1.232547839998939132e+00
-4.337520408693440466e+00 1.805273309880365051e+00 -1.330338701355965325e+00
-4.705205914442889714e+00 1.799271340399039021e+00 -1.900010649655891060e+00
-4.562001896290435177e+00 1.090827988618162658e+00 -1.290001614099180349e+00
-4.698031229764069394e+00 1.176203437942032748e+00 -1.257850655486257407e+00
-4.418811585913029916e+00 1.456064827102655057e+00 -1.249401789880669744e+00
-4.491246775077493147e+00 1.177175973019308097e+00 -1.401728982634216969e+00
-4.567060863123576731e+00 7.384418196957935887e-01 -1.469500079831750350e+00
-4.448441568646041233e+00 6.834243935089013844e-01 -1.155025410968872013e+00
-4.924463057926486087e+00 6.945750632886038556e-01 -1.465730050117118211e+00
-4.213680302930281840e+00 1.755349547731627657e+00 -1.271539479868417644e+00
-4.676409762282135674e+00 1.245736249825222908e+00 -1.188962396477064809e+00
-4.806158394439435710e+00 1.686916226791272511e+00 -1.429340619532037504e+00
-4.486612147943096041e+00 2.131630393972877346e+00 -1.021923712244016791e+00
-4.676582624145091849e+00 5.657133524090116605e-01 -1.341723733302960797e+00
-4.439850930708920451e+00 1.558231060110808031e+00 -1.150711543678307969e+00
-4.476633515927370688e+00 1.219556306531206280e+00 -1.262012595581246233e+00
-4.841991342283658462e+00 1.076142739218432398e+00 -1.270136572358838700e+00
-4.717357911546921301e+00 6.828807404908083800e-01 -1.308431027113402312e+00
-4.616806681436864679e+00 1.354713481846488099e+00 -1.291893793324106365e+00
-4.197163164531113821e+00 1.195134176078187727e+00 -1.205849988667717643e+00
-4.880918655909483483e+00 9.831982465825863660e-01 -1.162397995966032216e+00
-4.097381075749122914e+00 6.117371478166634402e-01 -1.103571498707015985e+00
-4.081331797733504629e+00 1.349257812158873859e+00 -1.066975067809590838e+00
-1.997863927354319813e+01 4.878327338421438242e+01 -3.091649241597513864e-01
-3.584581055363894819e+00 1.144368524638976092e+00 -1.599111458595926960e+00
-4.846231732416004689e+00 1.148454936760856748e+00 -1.401581367747894991e+00
-4.788604272265591710e+00 1.092039012759225436e+00 -1.697055591164672528e+00
-4.058584139460998941e+00 1.482690488729587752e+00 -1.366885962459191806e+00
-4.524003191571164706e+00 6.670516651563995758e-01 -1.170985301536511480e+00
-4.134824570287624290e+00 8.073938603583771245e-01 -1.071821771466761719e+00
-4.162026353729413763e+00 8.055172449106073884e-01 -1.407555663627527487e+00
-4.742027377538756028e+00 7.381184306710345533e-01 -9.048116209378278540e-01
-4.624957623593181744e+00 1.096192295472389944e+00 -1.208143035414804167e+00
-4.588730922731018680e+00 1.437127269739575608e+00 -1.239564188762691366e+00
-4.909725707000151651e+00 5.086704828151137336e-01 -2.431048372978076300e-01
-4.696800611987249852e+00 7.744846388585727714e-01 -8.904369361439120611e-01
-4.250193859377300321e+00 4.536711747584845078e-01 -1.072909807402678606e+00
-5.293940422473773388e+00 5.681755045534496729e-01 -8.863490951229824333e-01
-4.601061435367946650e+00 1.369854888620509747e+00 -1.114961825447172927e+00
-4.150772576223100252e+00 9.513034447772596991e-01 -1.295277724898367122e+00
-4.549855382133836557e+00 4.672265465562797648e-01 -1.499589736266411011e+00
-3.967380413329140598e+00 1.394786280665111233e+00 -1.252248217588770585e+00
-4.590847111501520139e+00 1.712543693569857028e+00 -1.357952538420242217e+00
-4.902255278873656863e+00 1.125772886553306096e+00 -1.267906346193353073e+00
-4.525544083286932917e+00 1.187461697056347409e+00 -1.069138818396285995e+00
-4.283281074611435812e+00 1.129955086370733941e+00 -1.467394848295485055e+00
-4.028902041330669981e+00 9.015315787893086741e-01 -1.119579679271885064e+00
-4.631720031301163942e+00 8.177012958681495469e-01 -1.061315718372489947e+00
-4.064385572740974339e+00 7.931773690588529435e-01 -9.407813185967845993e-01
-4.868751624626137087e+00 9.749134123136476981e-01 -1.273881681220935924e+00
-4.122504282787761376e+00 9.935450222839198320e-01 -1.220379297621843939e+00
-4.388323093578494927e+00 4.965697304539828938e-01 -1.140019051522497939e+00
-4.686649732898602316e+00 1.265127233084491598e+00 -8.787646286631486392e-01
-4.078619640263044133e+00 6.101040403108429766e-01 -1.207342758710045594e+00
-4.565565529558171853e+00 1.514338637446534630e+00 -1.705439959607963019e+00
-4.456810056569588951e+00 1.287258986237590053e+00 -1.211509562791321937e+00
-4.722042688872745586e+00 1.235948491978959840e+00 -1.036209397272324972e+00
-5.695995410569292261e+00 1.158438505988999889e+00 -1.643022740996592068e+00
-4.211413764894457401e+00 8.775034120508846680e-01 -1.289877907746874275e+00
-4.494500037231327738e+00 8.157988757009490000e-01 -1.135104133591671838e+00
-4.367537535224240486e+00 1.234714744765409433e+00 -1.330014115002151609e+00
-4.852380580067846338e+00 -1.442318032996472987e-01 -1.710299104940780968e+00
-4.258922459022422835e+00 1.305817943832551675e+00 -1.316187598432640771e+00
-4.930259023828262421e+00 1.211145544986493405e+00 -1.289640678555376452e+00
-4.817351681709792999e+00 8.174846826609906136e-01 -1.218704094427241591e+00
-4.566545797315400002e+00 1.166731408439433570e+00 -1.247263765303953553e+00
-4.843043492598015476e+00 1.135800662295272989e+00 -1.176511434705951764e+00
-5.035307013392422704e+00 2.443403811354967481e-01 -1.487881641525812482e+00
-5.001375969656820075e+00 1.228925689231138652e+00 -1.261119134573782663e+00
-4.913605544720173413e+00 7.183189241965054483e-01 -1.127821320499431845e+00
-4.327814175570677158e+00 1.293205951593345171e+00 -1.264218533373109077e+00
-4.029777036099879695e+00 1.257124608705541879e+00 -1.204432853642701806e+00
-4.832961724143679305e+00 1.219804652361439423e+00 -1.101085662395969500e+00
-4.657139194963348494e+00 1.408279485636637185e+00 -8.584848103642758188e-01
-4.446280932598376090e+00 8.094787087822531424e-01 -1.369579840454064223e+00
-4.408930554432059168e+00 1.541513869651438551e+00 -1.348308900862420723e+00
-4.709561430277513061e+00 1.154146793841520413e+00 -1.637665456545488230e+00
-4.036796324055497820e+00 1.273563466137438427e+00 -1.024978329196455373e+00
-4.341349891047997289e+00 9.696082809087110954e-01 -1.137355790502006858e+00
-4.815900134565513468e+00 1.112129089643312918e+00 -1.112538495962571927e+00
-4.381730239312196851e+00 1.267238981717113022e+00 -1.312537808827139107e+00
-4.700571925737955681e+00 1.441191215454414865e+00 -1.191522077843810701e+00
-3.928001110497048032e+00 9.293765966571663206e-01 -1.359487843936000750e+00
-4.498643777584777403e+00 8.170930352639467209e-01 -1.254794715124609716e+00
-4.223496869750298366e+00 1.003603424771888797e+00 -1.233884085479916237e+00
-4.311496770790894217e+00 7.247473821189850396e-01 -1.557042647140671088e+00
-4.451327745738915986e+00 1.020098910538201231e+00 -1.311187849317533294e+00
-4.860637413400122675e+00 5.425093118057714436e-01 -1.016828341637512123e+00
-4.371087788795372298e+00 1.567927809448544929e+00 -1.161520580904967126e+00
-4.142254548484699761e+00 1.561699429705489361e+00 -1.779156547606797867e+00
-4.064864935012849401e+00 7.703637410890984416e-01 -1.385827224789808243e+00
-4.847691499648839830e+00 8.185785526521206501e-01 -1.765198464404405421e+00
-4.116368273259229937e+00 6.725309188783851200e-01 -1.082226808047621613e+00
-4.403042337164675857e+00 6.175464224358442333e-01 -1.518636041784551471e+00
-4.724138466442580508e+00 2.621619280632654814e+00 -1.191137535958149529e+00
-4.892579492109867090e+00 1.694530505773939932e+00 -1.374228967327820961e+00
-4.099879499113222359e+00 1.097473950178204261e+00 -1.466026417739639820e+00
-5.171160437237654506e+00 7.563130109453664041e-01 -1.079078527687018285e+00
-4.454277076451089279e+00 1.614427867008195516e+00 -1.154891374152919203e+00
-4.354724923560365113e+00 8.663210973930804970e-01 -8.374670043590699553e-01
-4.424208739499586152e+00 4.569778640709101780e-01 -1.625109306044607793e+00
-4.297340516124355858e+00 1.320845969280868060e+00 -1.276461230460477880e+00
-4.721450116045872392e+00 2.651063138058397106e-01 -1.398269503640802380e+00
-4.659697069552222182e+00 6.914949854003427099e-01 -1.133984995653381622e+00
-4.483328200606529812e+00 1.030993308489338345e+00 -1.268898655174657497e+00
-4.832569728850099722e+00 8.193349614879783527e-01 -1.142840986980738105e+00
-4.217680791973712040e+00 7.822972300694568393e-01 -1.300587985500452959e+00
-3.979560583472393720e+00 1.448161542103884036e+00 -1.295314751758300131e+00
-4.045856809928464415e+00 1.495015044963812656e+00 -1.235728660305620119e+00
-4.070940807995266475e+00 1.282538871244747414e+00 2.249056147342826384e-01
-3.911233089906509530e+00 1.943100206515768202e-01 -6.702778886480963427e-01
-4.980641904428436462e+00 8.989899364609653665e-01 -1.489758178307044822e+00
-4.778786471234862887e+00 6.541618851230712739e-01 -1.117618314884257558e+00
-3.925607714959788996e+00 7.504991587972251743e-01 -1.507885000154719268e+00
-4.474775966234437519e+00 1.441096187484731450e+00 -1.761931206570642061e+00
-4.217992980945005854e+00 4.837046934084509031e-01 -1.045642540777286911e+00
-4.927217794576131737e+00 1.266890371139984817e+00 -1.282126307765425022e+00
-4.499862963253054460e+00 1.488033465735990157e+00 -1.291163502994574053e+00
-4.318034541764282253e+00 8.446063153934209033e-01 -1.180366005763040516e+00
-5.057371987134162694e+00 5.424337585545343510e-01 -4.407523141083051765e-01
-4.478342708987367082e+00 9.731224947521802671e-01 -1.268495054115444720e+00
-4.448645706092229091e+00 6.090404767038904987e-01 -1.370669633000394239e+00
-4.212129653143580121e+00 7.636711010257108967e-01 -1.340392444777188885e+00
-4.932947658527035983e+00 1.713579227115930692e+00 -1.528410968721026331e+00
-4.266201291757808711e+00 1.101475137934795567e+00 -6.043675347781755081e-01
-4.578064015325320035e+00 1.019316138592045284e+00 -9.601464106762788164e-01
-4.785227043735694963e+00 9.107485288680517987e-01 -1.204109732151344092e+00
-4.522759275046986716e+00 1.201726163953127369e+00 -1.090671618442571322e+00
-4.573665941745889363e+00 1.054573020226056368e+00 -1.313743750555411038e+00
-4.152167397532424253e+00 8.834325265786460157e-01 -1.251799961378084136e+00
-4.507640854368120564e+00 1.620461778321093060e+00 -1.279635887840266495e+00
-4.035799434150471043e+00 1.308522919744564916e+00 -1.246933055620306874e+00
-4.561287371745200048e+00 1.594037375849055360e+00 -1.432169137543447990e+00
-4.915596145364270697e+00 9.436887085568369526e-01 -1.214516639269939136e+00
-4.027419898248703944e+00 1.599768954664086751e+00 -1.459652352553545418e+00
-4.035320170116966310e+00 8.122310200400160163e-01 -1.067710660763693920e+00
-5.185187739508966054e+00 1.068541096456024242e+00 -1.045755852836244282e+00
-4.572004354264805670e+00 5.937257875010408803e-01 -1.052921261472707481e+00
-4.281538901910100670e+00 1.718507063163191129e+00 -1.453266257042383769e+00
-3.982363187783527270e+00 1.647516198862519765e+00 -1.464816233667155521e+00
-5.244145063061138146e+00 8.548333670735128731e-01 -1.197129054653537805e+00
-4.896859687524773186e+00 1.493562148194842676e+00 -1.283501942499046145e+00
-3.496699620073106640e+00 5.091832944910795744e-01 -1.284892821587997336e+00
-4.012975567988548597e+00 6.277945060705646396e-01 -2.095509135331662609e+00
-4.795487556150910713e+00 1.126070589373869613e+00 -1.146713097041729412e+00
-4.451193060421007708e+00 1.379238617654515719e+00 -1.130721495917265340e+00
-3.891099642358298638e+00 1.073427821374423274e+00 -1.150431557568040164e+00
-4.515231680607517895e+00 2.083099226521845537e+00 -3.643098727313165419e-01
-1.702164355900199055e+01 1.146508107400755705e+01 3.986434790073767331e-03
-4.604802615277218791e+00 6.573263259851417351e-01 -1.403926381751932295e+00
-4.930124666181876059e+00 1.124835414856783844e+00 -1.268141563574151309e+00
-3.976570891585535339e+00 1.179297189909847665e+00 -1.014935597221942709e+00
-4.492523827523918989e+00 1.051806442937130104e+00 -1.236704363843673660e+00
-4.579672495566640578e+00 1.637490389037845162e+00 -7.745307190345118720e-01
-4.709128513925064929e+00 1.056001235866353305e+00 -1.401607290409222717e+00
-4.797749935108667430e+00 9.410508050206788377e-01 -1.005951855122175997e+00
-4.550816291248195533e+00 1.537704568965228002e+00 -1.217132798598568932e+00
-4.418431526265218956e+00 7.532082174310965605e-01 -1.319197914653353898e+00
-4.075494638423197813e+00 9.001350278299721230e-01 -1.664542003761360633e-01
-4.176542501047875611e+00 1.418040216672076026e+00 -1.304583574975348270e+00
-4.825322754909688427e+00 6.894192455463945546e-01 -1.119428098970436380e+00
-4.413291983175864353e+00 1.331715807134552509e+00 -1.169334877670147321e+00
-4.899832635799870495e+00 1.898590675733290212e+00 -1.358005435480207357e+00
-4.482655734522094981e+00 1.004385848920508861e+00 -1.256872274126694444e+00
-4.671857978609898154e+00 9.159531845085674417e-01 -1.447345463503135088e+00
-4.283567254315039818e+00 6.517591643075651975e-01 -1.114678082151154825e+00
-4.597334736177147718e+00 1.387144586851149608e+00 -2.668823710134270666e+00
-4.344714517151281541e+00 1.262978536692495712e+00 -1.422973918862792564e+00
-3.905309760255514462e+00 1.867710143445958204e+00 -1.433535083672380583e+00
-4.263586050216441770e+00 1.057118579448800721e+00 -1.299618513071433279e+00
-4.209166060429475387e+00 6.518974007963970196e-01 -1.075579942182610660e+00
-4.898265457065451578e+00 1.052347757549664919e+00 -1.286111077700816452e+00
-4.065572462050050184e+00 6.231066702517039646e-01 -1.272414000612998919e+00
-4.564911343590916992e+00 6.676572371135299777e-01 -1.216482262914622581e+00
-4.236290250420640113e+00 6.504419781094341602e-01 -1.071344665364924120e+00
-4.539027913838675765e+00 1.107929749583934864e+00 -1.068095090988926854e+00
-4.557519528203578751e+00 1.526730694290581170e+00 -1.348420289992833254e+00
-4.185225366772427513e+00 -8.517246076947426747e-02 -1.583409908189594928e+00
-3.933219468431470744e+00 1.986264156718746399e-01 -2.200205386531159935e+00
-4.298503444496208026e+00 8.830320590769938915e-01 -1.279389380401303233e+00
-3.772707506931761490e+00 7.488710071789625999e-01 -1.270804061315587763e+00
-4.667588118569044653e+00 6.844635139245766053e-01 -1.325806472264709379e+00
-4.119508450059844229e+00 1.238299905032628434e+00 -1.393766117280349492e+00
-4.370933990125686286e+00 1.055683340964958639e+00 -1.173523056979777435e+00
-4.444392918828141248e+00 1.775471742212141324e+00 -1.251687856242584163e+00
-4.502113108229395699e+00 1.265956310419376951e+00 -1.467353595871448979e+00
-4.670698288222194350e+00 1.768490688374555697e+00 -9.676177944714113854e-01
-4.213596312334126459e+00 7.479637930178597571e-01 -1.264913218918743976e+00
-4.656899399593266153e+00 1.527230917965169965e+00 -1.530184719899133627e+00
-3.931826430269516504e+00 2.112753646050006484e+00 -1.659773485136607274e+00
-4.904123885023908613e+00 9.628612106393140690e-01 -1.369672801774911797e+00
-4.181327271341932494e+00 8.055199697861986641e-01 -1.112815628324219652e+00
-4.959613763293718058e+00 4.937647514684421757e-01 -1.049936102305730978e+00
-4.822979005463607471e+00 9.165210277594411092e-01 -1.932093034687149880e+00
-4.745231144481134145e+00 9.238791791415523758e-01 -1.182101284004333008e+00
-5.025468608855171659e+00 7.307642447335296332e-01 -1.431681492616356577e+00
-4.817285343724693192e+00 9.170758492171038334e-01 -1.276019520675766294e+00
-4.996970045823022843e+00 1.703321998011386285e+00 -1.224566700784734508e+00
-4.230595748606226003e+00 1.435028078405327090e+00 -1.183362971952953702e+00
-3.973116501499637909e+00 1.177041272563595031e+00 -1.253912485445264124e+00
-4.174683717757264212e+00 7.542869772707577747e-01 -1.217263227397219261e+00
-4.021866558580313722e+00 1.408366577275439901e+00 -2.736637716994371416e+00
-4.313099605423776239e+00 1.190069798069913531e+00 -1.417628770212162603e+00
-4.287044858985577633e+00 8.123621736700055163e-01 -1.161976524593960614e+00
-4.221231343460591923e+00 1.001553846992305985e+00 -1.294405288385458208e+00
-4.184293155176419532e+00 1.118561848889052746e+00 -1.406646791027713839e+00
-3.925253970582187169e+00 1.101614410385346021e+00 -1.642204312292573132e+00
-4.332164961569152872e+00 1.409978695144362471e+00 -1.135543342814620882e+00
-4.271122142196264626e+00 7.434946468394207919e-01 -1.441532827097919744e+00
-3.886621930159271709e+00 1.252982157281739450e+00 -1.502069190847526103e+00
-4.569210035370709022e+00 1.311113336285382402e+00 -1.314487577374471083e+00
-4.121224201440080392e+00 6.488966948719516736e-01 -9.314621556770013022e-01
-4.273208466889546919e+00 8.238016193840088652e-01 -8.967508068907337204e-01
-4.979395950527866432e+00 1.445160830739822266e+00 -1.146879731743012831e+00
-3.787859861710350273e+00 1.008168340089175663e+00 -1.069462544121155601e+00
-3.911230966822067057e+00 1.507021726587973287e+00 -8.412150193397350817e-01
-4.873941994813458578e+00 8.585747564006291910e-01 -1.421980597078134290e+00
-4.243650903586608791e+00 1.749090097958150736e+00 -1.625344114216365154e+00
-4.816156348840546997e+00 8.247719100003746417e-01 -1.048447177134238961e+00
-4.649633044055605069e+00 9.333368733361876446e-01 -1.237009907070851567e+00
-4.471443828781681340e+00 5.342293977969957419e-01 -9.608976184865637427e-01
-3.718350386502486060e+00 1.409720042356735759e+00 -2.367301286298799212e+00
-4.227667767118011177e+00 1.624307376997220054e+00 -1.219554217851081424e+00
-4.236475258464795779e+00 7.739299833255329775e-01 -1.182495241158220134e+00
-4.493226319613066622e+00 1.224992930248866019e+00 -1.465621991739053387e+00
-5.106740895374981548e+00 1.548309293805332221e+00 -9.938456707821076153e-01
-4.433608046195574914e+00 1.266502466711171948e+00 -9.061971483592163867e-01
-4.458274152716746208e+00 7.629863685817273034e-01 -1.408923579325984887e+00
-4.433939483470492604e+00 6.228144365299314034e-01 -1.377821603481566015e+00
-4.591164603739446903e+00 1.099460993946860032e+00 -1.192567301649263500e+00
-4.889593193505278101e+00 1.170430143173651238e+00 -1.101989374307167813e+00
-4.190258540628568618e+00 9.462541550955253511e-01 -1.332486248747945412e+00
-4.747545202981675594e+00 1.013782851764780224e+00 -1.256904866809350763e+00
-3.981914773942985430e+00 1.202020985970196243e+00 -1.569107746400400849e+00
-5.305944243100428004e+00 3.492702776189629543e-01 -1.068325408503016494e+00
-4.090569196898827364e+00 1.233577094052916712e+00 -1.058510262879394537e+00
-4.682822176819339433e+00 1.369456628122126540e+00 -1.439771668622884970e+00
-3.344479135261515967e+00 1.444130494041729440e+00 -1.167443027309057912e+00
-4.422756263580494007e+00 1.053097525149225833e+00 -1.096990487431547479e+00
-4.430760113912144860e+00 1.564998640623511017e+00 -1.235679873472704804e+00
-4.746998498315837089e+00 8.319702720807293783e-01 -1.129717461850339166e+00
-4.332039385028022771e+00 1.359963875208608952e+00 -1.556151913798117903e+00
-4.238764366970501740e+00 1.476441680046463034e+00 -9.683504433750135254e-01
-4.543902963459083288e+00 1.618195460590650558e+00 -1.112405545726390388e+00
-3.881229794420701484e+00 9.801357053631301053e-01 -1.480875932726376965e+00
-4.129263828569172290e+00 8.949527167545725526e-01 -1.119464864507779156e+00
-4.883488495248711203e+00 1.003292908446655307e+00 -1.189253455217041289e+00
-4.587443324927908073e+00 1.242133899223064386e+00 -1.338595520607500644e+00
-4.472192161014358902e+00 1.307242707746076649e+00 -1.305386109030723940e+00
-4.362912604938627759e+00 1.439981967843946054e+00 -1.304582271177357145e+00
-4.147207576882153468e+00 5.731686713344316120e-01 -1.100867393047247234e+00
-4.432397834913997414e+00 1.276917937385295243e+00 -1.182843387466936402e+00
-4.287535736919594775e+00 1.290743181045867161e+00 -1.317023277140314530e+00
-4.142581122642194913e+00 6.374477287530115888e-01 -1.192393120156406194e+00
-4.572920436395750521e+00 7.046923841416020684e-01 -1.082004726433807962e+00
-4.430341643868054291e+00 -2.058646079856232269e-01 -1.462287261083046630e+00
-4.585034121423909426e+00 1.726359017155814302e+00 -1.270547111446252320e+00
-4.670231812164325369e+00 1.238904334506919724e+00 -1.385422889949196712e+00
-4.023676022003072283e+00 7.751260363077506765e-01 -2.270939295776087441e+00
-3.915173588543385375e+00 1.449143658512072275e+00 -1.360604673137073117e+00
-4.559994459984957338e+00 1.137370246301206755e+00 -9.769790970045993950e-01
-4.580030310827670093e+00 1.555253863887067767e-01 -3.812742483754045231e-01
-4.161739567578293553e+00 1.186056498115189095e+00 -1.217912942383265751e+00
-4.082613525416856959e+00 6.214789957088031613e-01 -1.330689430659546257e+00
-3.884295466691351173e+00 1.460507556614015767e+00 -1.350542985905852200e+00
-5.600531957099269320e+00 1.001926626003330600e+00 -5.903306559185724778e-01
-4.911407389691127889e+00 5.958228825505802462e-01 -9.655167821077293988e-01
-4.729413442056128680e+00 1.533773995785417732e+00 -1.514813830439557973e+00
-4.764284749053855350e+00 6.820025558346063388e-01 -1.131974668178027610e+00
-4.520199182569725416e+00 1.123832784841221955e+00 -1.518491353467013028e+00
-4.444571939361076751e+00 6.754487445312282734e-01 -1.133284895529431680e+00
-4.000931341521660300e+00 1.322748243888414166e+00 -1.159656028803385031e+00
-3.923730153494833228e+00 1.304508571850841125e+00 -1.289335237417217117e+00
-3.654416311616730439e+01 1.204929329778357783e+01 9.802534769534720915e-02
-4.910939805014610471e+00 1.333927933335154359e+00 -1.424344258544812503e+00
-4.070116714454593776e+00 6.291934836342842896e-01 -1.111001657638237106e+00
-4.650366279892775623e+00 1.287434893089251409e+00 -1.336573027602033559e+00
-4.334822141902885839e+00 1.410822401994134889e+00 -1.133322578956508675e+00
-4.817041128829738561e+00 1.742742201311060501e+00 -1.376974934363296654e+00
-4.553623968038611025e+00 2.530402788387594026e-01 -1.911899709674225845e+00
-4.848819709170904879e+00 8.572284484943096805e-01 -1.104959530606315576e+00
-4.786943488102838984e+00 8.476717541926851451e-01 -1.095179882099587942e+00
-4.367756862982114185e+00 1.494757139606744500e+00 -1.095913112544191215e+00
-4.204392464930948314e+00 1.051384719288931624e+00 -1.432805799033877614e+00
-4.329961389335607258e+00 7.987405290026274862e-01 -1.182307736334018644e+00
-4.627025073020441859e+00 7.564247992625993122e-01 -1.123437231696661653e+00
-4.121169422671437488e+00 9.204501945604329771e-01 -1.354182143042690578e+00
-4.526463443885330840e+00 1.056693095478010935e+00 -1.358481832094003749e+00
-4.652802210475790012e+00 4.987271708575441997e-01 -1.089481992869144378e+00
-4.079209884560780708e+00 2.091379897073661009e+00 -1.802473777660092091e+00
-4.328612745228900494e+00 1.252961262092614492e+00 -1.603002073956241613e+00
-4.627066215253902826e+00 1.390524656617335708e+00 -9.279718461947596142e-02
-4.451842264431509655e+00 1.065977055492076442e+00 -1.137464885710771201e+00
-4.440533878259476985e+00 1.646494604536829165e+00 -1.144132966125466888e+00
-4.360652983133608274e+00 9.319579382369043152e-01 -1.292383055721585627e+00
-4.989802992435569351e+00 5.829600032094911510e-01 -7.467016307787120999e-01
-4.667474666585770926e+00 1.392441549415861957e+00 -1.263320872051969967e+00
-4.029796792439740649e+00 1.390988459052819204e+00 -1.704390834678499944e+00
-4.461599073423521133e+00 1.653352542668135028e+00 -2.388636793857658314e-02
-4.508723897425581661e+00 1.486788542351502151e+00 -1.382015444979401986e+00
-4.465098896725709032e+00 9.131819688964476489e-01 -1.232495228296009326e+00
-4.100301855621694358e+00 1.374338794832225430e+00 -1.342921530994565016e+00
-4.360939942242497480e+00 1.068690429359695715e+00 -1.032061994977061081e+00
-4.499560710200575464e+00 9.249759123569570862e-01 -1.543254638221813080e+00
-4.440717788470401217e+00 8.116697610088610126e-01 -1.390385217547034813e+00
-5.119877157265392498e+00 9.482898928797176552e-01 -1.623589638256413892e+00
-4.203860087505013610e+00 8.822603054454638549e-01 -2.822310243222121429e+00
-4.625971608746854535e+00 1.764304092955425673e+00 -1.268487558731908882e+00
-4.616094755578371789e+00 1.082509132935477014e+00 -1.427206420330116243e+00
-4.673873124991493988e+00 2.102633726014783710e-01 -1.320146216518740312e+00
-4.746792145657236617e+00 1.307790101421234974e+00 -1.236182181401437319e+00
-4.442713505515472505e+00 1.056624128328079948e+00 -2.106603928973707074e+00
-4.610505362253249473e+00 1.955477762012151066e+00 -1.272494943737852102e+00
-4.239993138440756759e+00 1.242527424616782561e+00 -1.595737804948351934e+00
-5.031455392792940629e+00 9.456100797667716940e-01 -1.390672873150425426e+00
-4.460794241370330759e+00 1.442929920263781307e+00 -1.346620279774777496e+00
-4.511873985805554987e+00 1.600821846824797223e+00 -1.181767603948792988e+00
-4.842160203101325777e+00 1.000509413358341426e+00 -1.066822648437891541e+00
-4.832081042478164612e+00 1.413635200844738371e+00 -1.015187806356053324e+00
-3.422136890226297190e+00 4.689313622797087189e-01 -1.327372909305400750e+00
-4.034563828484296621e+00 1.399475126608228592e+00 -1.277183845376364202e+00
-5.046848194269343502e+00 1.442859098909640370e+00 -1.601656729039761196e+00
-4.731837855107071888e+00 1.324395886987306925e+00 -1.720007562325797545e+00
-4.155619303321071989e+00 1.169688355185149353e+00 -8.346321791511340793e-01
-4.248273446383417529e+00 1.419444798461646062e+00 -1.290319617257994489e+00
-3.713619062063005405e+00 1.373309010890492177e+00 -1.455819646648860211e+00
-4.773462921930101466e+00 8.052157524258880539e-01 -1.201497319564780675e+00
-4.677797068407144820e+00 8.356478395446014229e-01 -9.799155294025713170e-01
-4.690119484313643561e+00 6.024632065151586113e-01 -1.291221062229735761e+00
-4.651758282231650554e+00 7.146970248440231988e-01 -1.131605774757731275e+00
-3.891509722354885792e+00 1.586076113145811872e+00 -1.331025843413978782e+00
-4.905215199069060006e+00 8.470071887555485901e-01 -7.517973589525576150e-01
-4.597370607365119710e+00 1.278978381758930860e+00 -9.474013667257585869e-01
-4.124841297941685525e+00 1.474415289776905391e+00 -1.282957097354006759e+00
-4.562250703595024603e+00 1.737610814376746804e+00 -1.196785887587173303e+00
-4.317892961379865113e+00 3.941650819855397891e-01 -1.098565373581830151e+00
-4.249978329905304442e+00 7.246879277623715643e-01 -9.094186238864793159e-01
-4.861194903873276907e+00 7.828553815333531007e-01 -1.034864818590043090e+00
-4.110856450873308532e+00 7.749671814752153720e-01 -1.242191247175269631e+00
-4.124135767537247865e+00 1.469864705668399107e+00 -1.457092319491732679e+00
-3.623677420697184459e+00 1.438413957945002819e+00 -9.274532116928719816e-01
-4.489015902057628793e+00 1.024174697720603433e+00 -1.233752196720724781e+00
-4.840113289357616644e+00 8.872340411826864504e-01 -1.340173410958882094e+00
-4.457689373492645046e+00 1.332892614515484464e+00 -1.145587004494537320e+00
-3.947033945672935751e+00 1.230637474109471663e+00 -1.334965528750374775e+00
-4.097361959942205978e+00 1.281113372567185937e+00 -1.129009347627723647e+00
-4.061424166578111006e+00 1.040110044128739197e+00 -9.117966811384541348e-01
-4.709178421618378074e+00 6.751108244677258563e-01 -1.359237094047600847e+00
-4.300343959472673561e+00 9.073041863612557600e-01 -1.358447710973153866e+00
-4.030050562764016853e+00 1.915179448008899721e+00 -7.506257575699569751e-01
-4.357241710102189636e+00 9.615921937815089526e-01 -1.212766532662903796e+00
-4.184615245169745812e+00 9.901419669757032249e-01 -1.599860955690593833e+00
-4.725888091437569827e+00 1.973806086952777594e+00 -1.992392000188193180e+00
-3.748222867844724249e+00 8.901533977796233232e-01 -1.484516421450827517e+00
-4.762862365931258779e+00 1.583809678423954592e+00 -1.156916717227685298e+00
-4.353012065484723081e+00 1.543884968632916355e+00 -1.021738524298012152e+00
-4.410573801010960970e+00 5.786406644758571582e-01 -1.101762545427135587e+00
-4.325277469336265668e+00 8.529030285085547058e-01 -1.102427198222456495e+00
-4.078480934799840973e+00 6.447296270238457305e-01 -1.297414211383137728e+00
-4.409040444927807556e+00 9.776487456537920062e-01 -1.146350424585225847e+00
-4.744282168189702276e+00 1.137877917879654310e+00 -1.183716447932525284e+00
-4.379050168592072190e+00 1.597256013142596798e+00 -1.311733276520540503e+00
-4.651803840791504108e+00 5.406188859867664398e-01 -9.133811458325037380e-01
-4.690051491976586107e+00 7.943081722748233098e-01 -1.601675691316169825e+00
-3.855011753004656150e+00 1.462293901821047237e+00 -1.136652679844610159e+00
-4.517319974893998058e+00 1.098901771950061113e+00 -1.067706709754642658e+00
-4.209100920691941639e+00 1.170317574715666664e+00 -1.635853390500166871e+00
-4.629290160939643961e+00 1.254093420945423976e+00 -1.283109060372800814e+00
-4.379731278187863452e+00 1.040033629564750095e+00 -1.165001849134311929e+00
-4.798240955672421926e+00 8.304348819600160247e-01 -1.245982927932126394e+00
-5.069158929859446161e+00 1.099851139308914760e+00 -1.084111926607508325e+00
-4.133971140061557747e+00 1.240468401830217893e+00 -1.348783489845244876e+00
-5.088544078497911904e+00 1.268153082375506502e+00 -1.635717982023533912e+00
-4.381985451436421819e+00 5.330274786936676223e-01 -1.339751995084332847e+00
-3.679787096868333496e+00 8.110092404756638063e-01 -1.497671037881478595e+00
-4.689254747822310776e+00 1.316184557991929571e+00 -1.348186483224963261e+00
-5.078165757173573880e+00 1.084791244508890529e+00 -6.181351404123817117e-01
-4.199500440036457505e+00 1.697668522417865367e+00 -1.282243825276373039e+00
-4.335889125232223584e+00 9.262674128337462509e-01 -1.038616121826059002e+00
-4.640195518564145694e+00 1.381417684412440394e+00 -1.131563106892446324e+00
-4.436529155629775900e+00 1.390747027247340561e+00 -1.420279353488949070e+00
-4.184510482578557067e+00 1.095474325303874563e+00 -1.278897798245137052e+00
-3.988767217745742943e+00 1.423464880186270820e+00 -1.458531779931172778e+00
-3.389196282370944502e+00 1.395739778997605596e+00 -1.198971640811460126e+00
-4.667135666661505589e+00 1.180000406148005831e+00 -1.150352354461370963e+00
-4.553334900767160853e+00 8.849967718441376086e-01 -1.047637177841487022e+00
-3.987490363639969893e+00 1.362569259989450332e+00 -1.196489785537992345e+00
-4.705813174762575102e+00 1.334496366737706996e+00 -1.227520894803698859e+00
-4.035350418449321630e+00 1.092671032496445926e+00 -1.168670200921370750e+00
-4.163969861037827513e+00 8.076900028740201520e-01 -9.583930879889616117e-01
-4.022181190545305540e+00 6.943798478906357818e-01 -1.151998363358484267e+00
-4.305261546840200459e+00 9.234722163617596902e-01 -1.366673563948092252e+00
-4.614104337527793476e+00 1.305712801639222320e+00 -1.201298503965926301e+00
-4.305089481739638124e+00 3.439770025394636721e-01 -1.096498927750571895e+00
-4.946137897875129141e+00 7.718860154160979148e-01 -1.214445136774835454e+00
-4.773831914691742284e+00 2.283694409742152986e-01 -1.057849154529044711e+00
-5.015567969926373770e+00 6.963777187421620329e-01 -1.216344710675265617e+00
-4.882655055603125405e+00 1.572680935869524843e-01 -9.885455748159207578e-01
4.959990662043942677e+01 -1.988442893361732899e+01 8.908644216163974505e-02
-4.834974887093115292e+00 9.942771189103858376e-01 -1.071479469713321864e+00
-4.785725415718519393e+00 1.439550540584968896e+00 -1.328000358339255893e+00
-4.689437935145985392e+00 1.063791756416318401e+00 -1.461399382381818102e+00
-3.834988580123051882e+00 8.183753241435424153e-01 -1.266789775933730988e+00
-4.779367927546583239e+00 4.271534224988979278e-01 -9.638990884433371598e-01
-4.417206121624162485e+00 1.006083892802184909e+00 -1.199751842351682862e+00
-4.502205649986978919e+00 1.114432014137989313e+00 -1.170310258449750007e+00
-4.322626170103160526e+00 1.048006579106770531e+00 -1.155439507570117375e+00
-4.747502284123259919e+00 1.237618869636386787e+00 -1.496764024016308925e+00
-3.993834219727418589e+00 1.177172204828832003e+00 -2.001260121460687547e+00
-3.792407632478788759e+00 1.320644716357651127e+00 -1.646338128612074847e+00
-5.604435090235697636e+00 2.118524240214047616e+00 -6.322889886358061817e-01
-3.687838390387612186e+00 3.703519463258747590e-01 -1.624245549271663869e+00
-4.979551137465688448e+00 1.100962196145258254e+00 -1.375448907628041839e+00
-4.041835950108871423e+00 1.068727137435087959e+00 -9.582668562625537012e-01
-4.642097186729588820e+00 1.438147983335340108e+00 -1.268582675922701020e+00
-4.417222046598087815e+00 8.736471864650775521e-01 -1.246829961764222894e+00
-4.148751004136639331e+00 9.589376388117930583e-01 -1.316368395139578817e+00
-4.556969596312885784e+00 7.043737726847704161e-01 -8.209125077588642627e-01
-4.109466488110673055e+00 6.678745049000681666e-01 -1.317977459827039954e+00
-4.494581114957060919e+00 1.087739744468446457e+00 -1.405494449587627814e+00
-4.934756910473631741e+00 1.904418458633720723e+00 -1.519947700035269023e+00
-4.500918360057527323e+00 1.032531577942854550e+00 -1.422881447933231458e+00
-4.843654738642587887e+00 8.409004343049124586e-01 -1.630333911988783857e+00
-4.258425979366103675e+00 6.707583632244894511e-01 -1.252723101883861379e+00
-5.028238732287189983e+00 1.355985820039055545e+00 -1.248459200735616337e+00
-4.765846417530755552e+00 1.670250767062882336e+00 -6.622662510320548312e-01
-4.126059421176822006e+00 1.079012586865985890e+00 -1.354801150792969144e+00
-4.482734134653416191e+00 7.210934028893304371e-01 -1.227562067358021869e+00
-4.188917640652907615e+00 1.420166088042019048e+00 -1.376531527000004473e+00
-3.910346170122719567e+00 8.299856928755161567e-01 -1.546245912021095181e+00
-4.385558603834890157e+00 1.077420801480061252e+00 -7.805213280339312609e-01
-4.531047274983477813e+00 8.799939337583351229e-01 -1.089504793118991621e+00
-4.809894257735106926e+00 2.103390151048634138e-02 -1.819678649654629776e+00
-5.114185524964887541e+00 1.532336224030071081e+00 -1.369124487665655421e+00
-4.807628138586063749e+00 7.090720475321542482e-01 -1.281354765350131597e+00
-4.492443457834245812e+00 1.012063422007416058e+00 -1.093007894533541302e+00
-4.160199488426782999e+00 7.750640385138115596e-01 -1.115704558241464861e+00
-4.194569654837455808e+00 9.505969617996757881e-01 -1.369214959937758325e+00
-3.965125296678444045e+00 1.237040948315325295e+00 -1.167472196204363932e+00
-4.900053095198037667e+00 1.293705688596526127e+00 -2.212135178515891865e-01
-4.713942133912669696e+00 1.584515853458101420e+00 -1.695355142760958334e+00
-4.119135465142051089e+00 7.383633414607101431e-01 -1.286200769302430214e+00
-4.601125246400418867e+00 1.129684997324571727e+00 -1.383277220093500404e+00
-4.513184939190181488e+00 1.129779331417189114e+00 -1.348585077080084238e+00
-4.655005504304024377e+00 9.150032083831328711e-01 -1.111632694222838058e+00
-4.412912863006574149e+00 1.856222975814749265e+00 -1.922714589864182644e+00
-4.446842808395666147e+00 8.258729860495716002e-01 -1.072582984584521171e+00
-4.779042003667940186e+00 5.902704731091237278e-01 -1.460792820577455853e+00
-4.385538884231757528e+00 7.462197520286840691e-01 -1.510219250240802724e+00
-4.263499237041635581e+00 1.044806327103321886e+00 -1.192553855612833225e+00
-4.673549450371941028e+00 7.138115735122790850e-01 -1.274601281935922703e+00
-5.274904858172911659e+00 4.708629361541795677e-01 -6.801267924193236114e-01
-4.070793281426043464e+00 1.467667989013327956e+00 -1.107600873131637353e+00
-4.287927525460131228e+00 1.107731428482585434e+00 -1.493764758693898020e+00
-4.379483784167617522e+00 8.115149012732559841e-01 -1.222307572109428531e+00
-4.030291146749775955e+00 1.181812637631183271e+00 -1.272656778623319829e+00
-3.839452090050983202e+00 1.062251578187634049e+00 -1.298417702643222649e+00
-4.598224550815993794e+00 1.159698360795943017e+00 -1.332626708956144324e+00
-4.385970172704528380e+00 1.450960772576447511e+00 -1.475788080998214680e+00
-4.949490230766549814e+00 7.797801788830081016e-01 -7.029199772826612014e-01
-3.479284744642215710e+00 1.605739090434035621e+00 -1.460830323549259235e+00
-5.117694969106790559e+00 1.315058479618113507e+00 -2.440919408109025190e-01
-4.984882206480421907e+00 1.292297868747821044e+00 -9.071427540538270495e-01
-4.596805172356511981e+00 1.424109502736820854e-01 -7.175356027309256479e-01
-4.749217249519493755e+00 1.661329839409382725e+00 -1.166921113632128915e+00
-3.913237991702853691e+00 1.294161615156995238e+00 -1.744410902538299668e+00
-4.459716324572989166e+00 1.189997213751423200e+00 -1.456186574763595365e+00
-4.723797035827609569e+00 1.093007107919555132e+00 -1.351196774062840777e+00
-4.776385884008762517e+00 9.148429386044942824e-01 -1.167540886570780811e+00
-5.290128695280690074e+00 8.739678996689620449e-01 -9.548960697248123353e-01
-3.994944077727331955e+00 1.096376702898575139e+00 -9.471017032436332972e-01
-4.917605586078463986e+00 9.900647774049522454e-01 -1.340808021572637232e+00
-4.507942083334251393e+00 8.952101017818943074e-01 -1.449434601836743219e+00
-5.138962243980330413e+00 1.603222667307422578e+00 -9.311813379514372047e-01
-4.207938952546302680e+00 8.789698369186178528e-01 -1.379890410244749788e+00
-4.287226047669836504e+00 1.632921320074767868e+00 -1.269227690417438659e+00
-4.717355845759900745e+00 3.472343565686721867e-01 -1.036358422697794657e+00
-3.477695475079762844e+00 9.541950142071257135e-01 -1.172929062235516406e+00
-3.976989010764246490e+00 1.004282835937237550e+00 -1.138070021451315306e+00
-4.250264390647617851e+00 9.696474745596832534e-01 -1.276621917601602263e+00
-5.109683801763041266e+00 1.344609005990977213e+00 -1.301106919548204344e+00
-5.058017106457049827e+00 1.251404570322796950e+00 -1.196205349237184024e+00
-4.363121738502891311e+00 1.595498848708744033e+00 -1.340504497352392077e+00
-3.771748735329911284e+00 2.053899539106304406e+00 -8.098998347047282609e-01
-4.645470802333197646e+00 6.298135128510371494e-01 -1.163271233486349088e+00
-4.679426632778544537e+00 6.307331067598647145e-01 -1.176900030449385959e+00
-4.901520112918173133e+00 9.402843254919038829e-01 -1.236356086006357158e+00
-4.678637591197861489e+00 6.266460003846331395e-01 -1.106853542132182344e+00
-4.196481136592010053e+00 1.411929211288743380e+00 -1.296259618219053555e+00
-4.443733600535790806e+00 6.092376759913651352e-01 -1.511435669354603162e+00
-3.875769468147635788e+00 1.020391095548051075e+00 -9.479636043654274813e-01
-4.305360948948665722e+00 1.075821446472289278e+00 -9.689775521305484807e-01
-4.405605080899999138e+00 1.157061415975427110e+00 -1.370889977641492230e+00
-4.630876686265300357e+00 1.156937097230932299e+00 -1.225746700406570744e+00
-5.030090508980870290e+00 1.009018205317564476e+00 -1.193121740499271333e+00
-3.854684124609506490e+00 1.130251008585320571e+00 -1.415295194962983949e+00
-4.082171807406863806e+00 1.309659971055075589e+00 -1.438700181991643845e+00
-4.574896345520319763e+00 1.326310595163044281e+00 -1.318005713733852335e+00
-4.704578403296354239e+00 1.525008211662958857e+00 -1.171163575143025604e+00
-4.755981316062184661e+00 1.361518534332265329e+00 -1.041522765036567044e+00
-4.473627363415086045e+00 7.858787608933026636e-01 -1.361856120144411930e+00
-4.481405796729374558e+00 8.723370908524944456e-01 -1.283240865431158229e+00
-4.515502511923084050e+00 1.767821394348483510e+00 -1.442536111875033944e+00
-4.698532231008786475e+00 9.029854361800371265e-01 2.761049473568678511e-02
-4.009919545150772535e+00 6.465508746429444731e-01 -1.231275264455944596e+00
-4.443383569042040904e+00 1.122535643024275887e+00 -1.350354570857565495e+00
-4.522049943756240253e+00 1.464806852519095370e+00 -1.260059565976479945e+00
-4.806787542827354542e+00 1.058951510236281646e+00 -1.363077185470891184e+00
-4.190969733531465735e+00 6.340841832955418367e-01 -1.429752858884339783e+00
-4.193040190025625336e+00 5.652903790492087577e-01 -2.146930997698730081e+00
-4.045357079530641720e+00 1.189261681049770925e+00 -1.265675363462515524e+00
-4.127641987689847802e+00 6.987332027898370823e-01 -1.229523252437082270e+00
-3.826887212959664719e+00 1.136872748131535271e+00 -1.443185765461052039e+00
-4.865542800767782339e+00 7.234774549859740445e-01 -1.414954227527341457e+00
-4.144819646367744248e+00 1.085299855920035528e+00 -1.481031028707453068e+00
-3.979300262936160237e+00 8.628405026194495564e-01 -6.940901021559109374e-01
-4.712584330466950355e+00 1.142598136724047420e+00 -1.211708130684128193e+00
-4.030410502460029853e+00 8.803497806415897520e-01 -1.614767387006199151e+00
-5.072436884938410273e+00 -4.764219145105812181e-02 -1.113277857011468530e+00
-4.520350634850796467e+00 1.171820437667230541e+00 -1.896923430499243501e+00
-4.373643042460949815e+00 4.749733484721268550e-01 -1.450186827503292086e+00
-4.036144306167103402e+00 1.238315887978558738e+00 -1.173429321994804209e+00
-4.351234130532292355e+00 1.058872618312665548e+00 -1.081985997490293672e+00
4.964003944801859092e+01 -2.663293469702699667e+01 -7.117917041970271974e-01
-4.077151503810084066e+00 7.668306443095695979e-01 -1.197792917884324293e+00
-4.005002452216400499e+00 7.862445088336178500e-01 -1.244317162304664048e+00
-4.360848513164973461e+00 5.724679584779723829e-01 -1.361615309519892625e+00
-4.137736912405395096e+00 1.011763121360711448e+00 -1.513866402015621615e+00
-4.022850910516279299e+00 1.050488349295550794e+00 -1.178397541580612273e+00
-3.958738931316500231e+00 1.231346112463984399e+00 -1.260486799493618859e+00
-4.233266783286341095e+00 1.021106419149536038e+00 -1.483714467370837564e+00
-4.283698694204828072e+00 1.210868197789725542e+00 -1.271297009617707641e+00
-3.673801571322157233e+00 1.625778938396034601e+00 -1.371568405933941470e+00
-4.764164777312910992e+00 7.432702756738865935e-01 -1.359142110018112248e+00
-4.265141735054089445e+00 6.637657383805617428e-01 -1.140657250548071877e+00
-4.030018308586594600e+00 1.164054131215032095e+00 -9.791148399027210791e-01
-4.724717317361168512e+00 7.405991412395570572e-01 -1.222580009727492811e+00
-4.040824292019266295e+00 6.239613495847433633e-01 -1.283708327596120302e+00
-4.272742920188912663e+00 1.062570504739124067e+00 -1.240227702884046046e+00
-5.137397429214511924e+00 1.947342748768763898e-01 -5.748584031435007846e-01
-3.833658652950960644e+00 1.276226684430171732e+00 -1.458903536595477002e+00
-4.404102611406404577e+00 8.775892557532883886e-01 -1.188732071490242070e+00
-4.594961140958446322e+00 9.908532663443693211e-01 -1.097211284428909028e+00
-4.400066006109007333e+00 1.421314427104366507e+00 -1.330078493713953591e+00
-4.134622679289760683e+00 8.905194311456005041e-01 -1.146039594783762050e+00
-4.791997380102689164e+00 6.747538556432566281e-01 -1.032186307550895910e+00
-4.032191105275300558e+00 1.122529341545808190e+00 -1.314920780343549866e+00
-4.884630469903338046e+00 4.417430112843835910e-01 -1.401585548685893468e+00
-4.231968048377710012e+00 6.704926635757174624e-01 -1.927887565665028058e+00
-4.200030439829255613e+00 9.711650400970552877e-01 -1.369827361386707576e+00
-4.853169362462955050e+00 1.123129444974431124e+00 -1.192986116594892065e+00
-4.492856800448375765e+00 1.679728135774975373e+00 -7.656097316692128674e-01
-4.309880704497664361e+00 1.024077134494771446e+00 -1.238775798275755013e+00
-3.951531572458303110e+00 9.829568436970026468e-01 -8.659995309701464805e-01
-4.478939206650567328e+00 1.486595192448844971e+00 -1.327852963830931765e+00
-4.963783694419195314e+00 9.062615600527789139e-01 -1.077723014966528670e+00
-4.650398102332538919e+00 6.826414994139791137e-01 -1.143510224292697997e+00
-5.375107091525129555e+00 2.132515411389158899e+00 -5.339768320955814440e-01
-4.584465775511677776e+00 4.111711292736506262e-01 -1.573878679057067798e+00
-4.669533978176345634e+00 1.105691963799861677e+00 -1.254974759157963415e+00
-4.818850609873491564e+00 1.444884594291590663e+00 -1.228804219577399381e+00
-4.217626615655224676e+00 5.524597885827738919e-01 -1.372136897951612644e+00
-4.665010186133981662e+00 5.363724645241385591e-01 -1.290508283704601356e+00
-4.211831291153612433e+00 9.327531825379228314e-01 -1.064426428303099303e+00
-4.000966862157064874e+00 8.334768114985241505e-01 -1.367863901026687090e+00
-4.179783515952627759e+00 1.101153290899379744e+00 -1.291986350299899611e+00
-4.480580882037920709e+00 5.318266463579758296e-01 -1.171587077032519186e+00
-4.057559899925661462e+00 1.080512080270102482e+00 -7.877022544805587501e-01
-4.000494972431013707e+00 1.483707644864389108e+00 -1.205691462915203571e+00
-3.866906388864228550e+00 1.025054754036523574e+00 -1.555190585460934694e+00
-4.017649111895860159e+00 9.526634736758893274e-01 -1.266300874814955124e+00
-4.156260787590418282e+00 9.557210510822442551e-01 -1.290419551887963978e+00
-4.394554440551495134e+00 1.788345243390001116e+00 -1.454331721047965154e+00
-4.181153875467845005e+00 1.012721610499357050e+00 -1.645553281042444471e+00
-4.424504270578117016e+00 4.316250507198846620e-01 -1.147315429358913397e+00
-4.592652592022884228e+00 1.290218897131073961e+00 -1.186265390005047493e+00
-4.553107922225471782e+00 1.045155877674881495e+00 -1.195282193009175264e+00
-4.239356955942647609e+00 -1.602143051766772852e-01 -8.369411370158157393e-01
-4.350568977120874870e+00 6.969950674649934008e-01 -1.267297649254881753e+00
-4.743449459131258372e+00 5.501667997000895260e-01 -1.320498443767958330e+00
-4.715607614416797766e+00 1.047402253068616229e+00 -2.418107796412815702e+00
-4.166203410406355445e+00 1.396185245613835280e+00 -8.833586305614801182e-01
-4.099293221186101732e+00 7.933421749519475874e-01 -1.448514254055832895e+00
-4.971794786004634759e+00 2.265102123751040197e-01 -8.116342116465464773e-01
-4.663108985614330848e+00 7.589170359480577055e-01 -1.024857368929426915e+00
-4.026692371262121206e+00 1.913400003267918814e+00 -1.322305751652102179e+00
-5.535818018175007182e+00 6.577896487845870110e-01 -2.074240072861798900e+00
-3.643493122566236142e+00 1.400066379587114440e+00 -1.218131127324155294e+00
-4.595816037563765555e+00 1.352681239493326970e+00 -5.898823933034218481e-01
-4.546052519377916212e+00 1.358719689494198635e+00 -1.590681546591798723e+00
-4.687487170124351898e+00 1.107110703647376848e+00 -1.269011099907020546e+00
-4.094528036970513263e+00 9.722377744649648434e-01 -1.059778737765945555e+00
-3.636283956298937081e+00 1.491861802185687980e+00 -1.168497083606434339e+00
-3.486230225778932823e+00 1.890586583526852271e+00 -1.551217162532849470e+00
-4.472441780319966753e+00 1.542235831534859436e+00 -1.266563352478566218e+00
-4.229802382050676712e+00 1.089708576513022775e+00 -1.367029076464248538e+00
-3.596417538107911316e+00 1.738899811716869248e+00 -1.712690910134498701e+00
-4.167070789364886174e+00 8.285020501385736980e-01 -1.438884846765982717e+00
-5.040076436204318000e+00 1.208952133900067727e+00 -1.849618278736024024e+00
-4.492558523711807084e+00 1.189191760002506149e+00 -8.696177840880547905e-01
-4.331233637772635703e+00 1.445357772260237317e+00 -1.297204842279604309e+00
-4.811923334223577875e+00 8.406738132075599612e-01 -1.239851979165345286e+00
-4.833894351661314204e+00 1.203287751962438756e+00 -1.226231605582534190e+00
-4.809611438851669085e+00 3.337463317849031497e-01 -1.369764889080132830e+00
-4.280908957633848821e+00 1.357573418480885641e+00 -1.551307441869789194e+00
-4.068561786198098496e+00 1.268447814233087945e+00 -1.388770152632864407e+00
-4.404314576283572258e+00 1.072975931983877862e+00 -1.162550281014690823e+00
-4.880453406831615659e+00 1.486849699906984457e+00 -1.337441286354008385e+00
-4.815907969393493637e+00 1.575788046529241315e+00 -1.449774358445449884e+00
-5.150013810050131369e+00 7.838182746668515000e-01 -1.387670743287221731e+00
-4.341543544846627967e+00 1.382387438646771827e+00 -9.010249025494759811e-01
-4.306848065241575263e+00 1.048511413041680163e+00 -1.175057505202810049e+00
-4.954502170520344251e+00 1.093869684097324768e+00 -1.242129604518001251e+00
-4.234867198272497468e+00 1.127842019650722394e+00 -1.397444594658187045e+00
-4.720039784126403681e+00 1.255667887932347293e+00 -1.036587686199013536e+00
-4.648586766746392485e+00 1.046929937814545353e+00 -1.425547285154054045e+00
-4.479394224987868434e+00 1.217895620374071619e+00 -3.360803313120875324e-01
-4.433756340159649589e+00 8.180540351772709329e-01 -1.255615296094519717e+00
-4.139438573998111437e+00 1.456644724591721340e+00 -1.151153476718307589e+00
-4.756437401207666227e+00 1.400445262189233597e+00 -1.288023878610527362e+00
-4.245781056151791688e+00 1.247868672462374207e+00 -1.378362947053159537e+00
-4.569607867298025816e+00 1.164428468250786386e+00 -1.193498939568827355e+00
-4.984181851957551146e+00 1.317395697641314145e+00 -1.276896892852670495e+00
-4.201158293133702593e+00 1.249833110115443180e+00 -1.321759016878981452e+00
-4.225458240211638739e+00 1.220139988584347357e+00 -1.381641453220072036e+00
-3.849317534217328696e+00 1.071444136637860645e+00 -1.268528190561101443e+00
-4.390424204104027339e+00 4.722136932711379909e-01 -1.216048906476069558e+00
-3.562322674787179899e+00 7.338887373087229493e-01 -9.995463142242082544e-01
-4.321762229705718994e+00 6.476563918422815203e-01 -1.164073805476197432e+00
-4.640241403239492968e+00 9.694691572288703929e-01 -1.678607638441290240e+00
-4.928143889191268556e+00 1.446575417448199730e+00 -1.161300055971569600e+00
-4.456757200772266003e+00 1.259575462564419102e+00 -1.219908268910113502e+00
-4.057483304508346045e+00 1.757897511417072067e+00 -1.186832611769061741e+00
-4.503277327747731817e+00 1.333262210871740461e+00 -4.558610864598327539e-01
-4.923296890614488497e+00 1.218207006131222236e+00 -1.297931730644496628e+00
-4.480567378083990526e+00 9.647030733273589398e-01 -2.117195105857371917e+00
-4.750502213273657404e+00 1.125579937209246983e+00 -1.403798728453098610e+00
-5.031247659959192653e+00 1.122513138706379587e+00 -1.059440121982983651e+00
-4.179354255317238476e+00 1.171633994099844589e+00 -1.167278484589401533e+00
-4.839862207402174654e+00 9.349087345302556917e-01 -1.246196274529477233e+00
-3.699031510747287754e+00 1.068884838148347560e+00 -1.680525455536595159e+00
-4.715005819398445652e+00 1.895914311164897503e+00 -6.441263500739355941e-01
-4.270730680424660086e+00 6.797362188531728133e-01 -6.303626836961199187e-01
-3.998051769536998812e+00 2.043329183159356965e+00 -2.203235687815116584e-01
-3.946657632355230483e+00 1.099989271107402189e+00 -1.062923017520706059e+00
-4.207354270891261905e+00 7.540530443753031831e-01 -1.230888366017645952e+00
-4.480661169417863299e+00 1.046016879601814331e+00 -1.169694624001925032e+00
-3.673953282892475247e+00 3.378841827000239051e-01 -1.188392855015589111e+00
-2.544524730790086764e+01 -5.599611086544938843e+01 -6.600355811607616641e-01
-5.234262060960562124e+00 1.212849164958467396e+00 -5.724910336488987506e-01
-4.836847887245643740e+00 1.276344312550540483e+00 -1.467025669472128868e+00
-5.116926896739301789e+00 9.557548277035609052e-01 -1.179111892901148373e+00
-4.662953770552373811e+00 1.248461750001978121e+00 -1.650087017870303985e+00
-4.191176827453249487e+00 1.322456688533286240e+00 -1.132881546124844929e+00
-4.136366986736052631e+00 8.572351784851036660e-01 -1.169901481729203940e+00
-4.456512494257978574e+00 1.192856562508184615e+00 -1.244953467194672259e+00
-4.143080590749145031e+00 1.009940074926334530e+00 -1.225587887826091515e+00
-4.168235415326283722e+00 1.518657591373738791e+00 -1.226041841946360789e+00
-4.180106664457324150e+00 1.092044433531064618e+00 -9.048612856727488163e-01
-4.540427296180553185e+00 9.262508715897962430e-01 -1.296598350077860395e+00
-4.132984102690939743e+00 1.466065063462199669e+00 -1.186870568015089500e+00
-4.309244975332293670e+00 1.716978107803867948e+00 -1.255292539286475773e+00
-4.568469518312768152e+00 1.116064256538499277e+00 -1.329019485511865994e+00
-4.490142463579968712e+00 1.564660947158113657e+00 -1.369990795241541326e+00
-4.238513112229676416e+00 1.165046650580336740e+00 -1.326900721073474454e+00
-4.013265447797974339e+00 1.250291050916615854e+00 -1.167451793623212275e+00
-4.706708517108611822e+00 9.644186853943952364e-01 -9.127051663098830758e-01
-5.456580491113204090e+00 1.728048538543377699e+00 -1.041547294739500362e+00
-4.523720525568331929e+00 9.739056996351512785e-01 -9.619815800798106054e-01
-4.571409684555725050e+00 5.249778863485913272e-01 -1.064380871672056639e+00
-5.266149528558872639e+00 1.335317238042242893e+00 -1.197619526092479569e+00
-4.855637405120739380e+00 8.375096577744033377e-01 -1.144728642402756735e+00
-4.132862122209060018e+00 7.011580324024325739e-01 -1.374395776162328220e+00
-5.351041738873437481e+00 1.180435436054792619e+00 -1.114279202797265000e+00
-4.876637836195500064e+00 1.528879992888154904e+00 -1.223320753202700839e+00
-4.621615903799386693e+00 4.938093697096097023e-01 -8.951372995107705899e-01
-3.949829169558956465e+00 1.866548245609972900e+00 -1.175432473708780012e+00
-4.175324947272193832e+00 1.372289512969104175e+00 -1.378381428391931118e+00
-4.621177996259657306e+00 1.357064165398575106e+00 -1.225379716826981102e+00
-4.533332962364507779e+00 1.231060234468661418e+00 -1.215056129782122518e+00
-4.032195363291627643e+00 1.250659875355556672e+00 -5.907112148348887537e-01
-4.312256843410127161e+00 1.143541962382866650e+00 -1.305442613933171403e+00
-4.487925003686215497e+00 6.586024581045404336e-01 -1.111122303732965610e+00
-4.248910740306567568e+00 5.111636137841067962e-01 -1.856788996696512317e+00
-4.440335772261142289e+00 4.186954678167094657e-01 -1.184375067539843673e+00
-4.947984481194799500e+00 1.653095206426022701e+00 -1.048079983425127315e+00
-4.507146723932366150e+00 4.367443509539992719e-01 -1.095801131348175472e+00
-4.699785028925608010e+00 1.421280691983288547e+00 -1.602445015693989117e+00
-4.572217456133615521e+00 1.264980562337226111e+00 -1.142078677243721252e+00
-4.926394068233164170e+00 1.134079828080326147e+00 -1.288754104182405991e+00
-4.932958466728145197e+00 8.655872759786034099e-01 -1.709435686867146309e+00
-4.643951629062935460e+00 5.675182969577386993e-01 -1.239989362832109920e+00
-4.514585294283619987e+00 1.349878047850642249e+00 -1.180372959821090584e+00
-4.668029601367641668e+00 1.185134875346098626e+00 -1.295382058112272805e+00
-4.379696184732289055e+00 1.019823938271509300e+00 -1.221478060621276285e+00
-4.568027964421399467e+00 5.952855739688251990e-01 -1.255770542970233272e+00
-4.549891330970534220e+00 1.593950184201062603e+00 -7.057391973834733490e-01
-3.825577455630251311e+00 8.558246760749306237e-01 -1.260903809996171354e+00
-4.280168681178192713e+00 1.632261960707932280e+00 -1.167782415444655664e+00
-4.705335429703167982e+00 1.251501713554463047e+00 -1.175098554670151341e+00
-4.925056442756111430e+00 5.066379477979091606e-01 -1.091668335935255474e+00
-4.611901462331521984e+00 1.404230137780004606e+00 -1.558305679665368704e+00
-3.995243359592581811e+00 8.829230508446215264e-01 -1.353286983230860274e+00
-4.035741970715095661e+00 1.397148620155671317e+00 -1.241654775034997105e+00
-4.556264427898168989e+00 1.037025809887766492e+00 -1.373743429726100584e-01
-4.577705103534449371e+00 1.758438706608195012e+00 -1.268524352611408279e+00
-4.012481113771119823e+00 7.444249104229587743e-01 -1.207587056750512255e+00
-4.263324439562918400e+00 9.346791571473443971e-01 -1.455450794833150097e+00
-4.454855498439345141e+00 1.127345348566418659e+00 -1.187315632396494403e+00
-4.389786825229160527e+00 1.225290602934794748e+00 -1.144452160407951835e+00
-4.365199041228789767e+00 4.329422059872615192e-01 -1.339363824522980195e+00
-4.235384122778441451e+00 6.997913135978661714e-01 -7.761891948373741412e-01
-4.945107764793857719e+00 7.380218627231396322e-01 -1.204996736967812732e+00
-3.522795463356126699e+00 6.423154940955785319e-01 -1.391309480255704001e+00
-4.673966902489695485e+00 9.177019692336177981e-01 -1.200241256378903998e+00
-3.910755923778192589e+00 8.321006813663291979e-01 -1.401099531344056848e+00
-4.135682154162655166e+00 1.458322111025505130e+00 -1.180348105257851721e+00
-4.239500340054735084e+00 1.973267751728258856e+00 -1.900046970034194205e+00
-4.233716877754058139e+00 1.513120338017940769e+00 -1.303438700349923485e+00
-3.702733649242457847e+00 1.149060725590222543e+00 -1.166889088846524203e+00
-4.657281788825317292e+00 5.071692575693100835e-01 -4.232283350866698490e-01
-4.630463481649841562e+00 1.738048356980665510e+00 -1.461411038171819499e+00
-4.075731241037475527e+00 7.057475517765053885e-01 -1.192331597723042647e+00
-4.609775796840888340e+00 1.695292406346649461e+00 -8.994679441276502985e-01
-4.629585917039563903e+00 8.666051428277994351e-01 -1.226412685250363843e+00
-4.710860771650552614e+00 6.747377874831267386e-01 -1.258010239194172097e+00
-4.856083872936172163e+00 1.035852123194639152e+00 -1.117544639921546290e+00
-4.673819199094506160e+00 1.227730936426713715e+00 -1.393014981393973395e+00
-4.663138141056939467e+00 7.998239491137340007e-01 -7.669762838128625360e-01
-4.277337078679300575e+00 4.586845563796538849e-01 -9.353874548914531406e-01
-4.128030105596066868e+00 5.910918142432987077e-01 -8.918518412911384807e-01
-3.274922187843398280e+00 6.163409675907884910e-01 -1.264410551539171035e+00
-4.147221688362610514e+00 1.527533226269387034e+00 -1.274806737615314045e+00
-5.263187260704539128e+00 1.568346196529202041e+00 -7.736744726609225964e-01
-4.573969460831410316e+00 1.005106324287148079e+00 -1.809764570850977083e+00
-4.401192586056389189e+00 1.071997236411985188e+00 -1.166770078477167072e+00
-4.233588587111662527e+00 1.502858667082424216e+00 -1.405870320464630119e+00
-4.664172342765095181e+00 1.278316203966623155e+00 -1.262214810485921657e+00
-4.612821611669058797e+00 6.935575870196908355e-01 -1.163360626133052023e+00
-4.219274202203797230e+00 1.071834343009538504e+00 -2.344949837505596602e+00
-4.316520216208759919e+00 1.034009508618963347e+00 -1.175584037110260383e+00
-3.966438440962983147e+00 1.186791930418471974e+00 -1.304496474285274932e+00
-4.128748647010837658e+00 1.557808848659087309e+00 -1.372457328942639609e+00
-4.356778090850272456e+00 9.358787128848512493e-01 -1.155923883284380338e+00
-5.124048158276015563e+00 1.411996655724774064e+00 -1.321286739522237408e+00
-4.465810141107859899e+00 7.472824513754239284e-01 -1.391225419903358018e+00
-4.830606112014607767e+00 1.210308590711093535e+00 -1.475345075285611207e+00
-4.711803831914469498e+00 1.350341975459690813e+00 -1.165334628173523734e+00
-4.432681617012125486e+00 1.106071736240194836e+00 -1.249128296451132991e+00
-4.334753337264553252e+00 1.099213090858839337e+00 -1.162659004494594583e+00
-4.462000315498834802e+00 1.594121848426308885e+00 -1.039485244726480406e+00
-4.720316485720821298e+00 1.120960373002102717e+00 -1.044537747625065682e+00
-4.126648456180020297e+00 6.504524389508118398e-01 -1.227323922270312284e+00
-3.719397073188681180e+00 1.594405145550710889e+00 -1.642686174536963417e+00
-4.128376407114926039e+00 9.827639073554000904e-01 -1.295640644890586612e+00
-5.514602053520305525e+00 6.589405646198389643e-01 -9.868721244812134197e-01
-3.836385314409598735e+00 8.691774099748627025e-01 -2.096927784518432869e+00
-4.174667015221953825e+00 7.132722534199760211e-01 -1.347997585276901500e+00
-4.337146193165824393e+00 4.005186240702478528e-01 -1.101076134366849368e+00
-4.128729778283686258e+00 1.004616100918309662e+00 -1.469165434343099541e+00
-4.243718373312601599e+00 5.860989854649316655e-01 -9.606098454695471967e-01
-4.916565527723737006e+00 1.107095092613759935e+00 -1.579552246956219097e+00
-4.019391735527200638e+00 1.233642443587367410e+00 -1.247859931247938370e+00
-3.918399636626451521e+00 1.996398425780154362e+00 -1.073516243675883608e+00
-3.957830906290726425e+00 9.151070932576667039e-01 -1.233244437772178070e+00
-4.349322455791628350e+00 8.786847258624113088e-01 -1.158127580226603781e+00
-4.191947020741020324e+00 1.194621084321733306e+00 -1.338086072577788332e+00
-4.363940700110092941e+00 6.066655361223691756e-01 -1.223495696281996947e+00
-4.293912896280931868e+00 9.740119100804589536e-01 -1.072008168157615682e+00
-4.240619156221480779e+00 1.274093649351048185e+00 -1.329349123302576707e+00
-5.104311691778826265e+00 1.025226770634605433e+00 -7.222615359106669963e-01
-4.576542348543653382e+00 9.078587962113733312e-01 -1.158811017028848145e+00
-4.539190022224389054e+00 1.658641763084393705e+00 -1.138030354491962104e+00
-9.813499323917257655e+00 -6.360187393264667577e+01 -7.523885692792182667e-01
-5.062680351865856743e+00 9.594533140124419379e-01 -1.652513027646024257e+00
-3.856053695592314590e+00 1.554246019254281741e+00 -1.655977136822445184e+00
-3.832550848494838291e+00 1.056032346608411165e+00 -1.412183670499494781e+00
-4.763502184668256589e+00 7.067365170706366717e-01 -1.265445428509888171e+00
-4.204891501357828965e+00 7.313149350903771495e-01 -1.244889738740107887e+00
-4.219494978408697250e+00 8.153924130535952219e-01 -1.918666269404505798e+00
-4.200375497167756933e+00 1.292569992344609009e+00 -1.387437957357376517e+00
-4.090235854785024827e+00 7.900696150695321052e-01 -1.255351639891220117e+00
-4.713927996417940136e+00 1.167804544881796192e+00 -1.267573949349079632e+00
-4.506005613747706029e+00 3.890489063346407872e-01 -1.268159439186033133e+00
-4.656983894315482431e+00 1.409850697659271068e+00 -1.284015156859414697e+00
-4.283379471479141110e+00 1.122732158653542367e+00 -1.214461319457474264e+00
-4.355266695092869789e+00 1.615236681861004664e+00 -1.244257356886116606e+00
-4.376275798352538438e+00 1.329794024054332002e+00 -1.492081941255744670e+00
-4.913149650305155269e+00 6.287613839433952023e-01 -1.240668654489963441e+00
-4.533621048013166899e+00 1.828468861430304848e+00 -1.161370160609785485e+00
-4.421430688227403927e+00 1.372605319409384128e+00 -6.201900099789178222e-01
-4.608585708904940681e+00 4.847553964212873434e-01 -1.339526408760728371e+00
-4.504643857719035083e+00 1.052566897733868467e+00 -1.245716403504774972e+00
-4.026822377085071736e+00 1.070588201039856413e+00 -1.556136312495470797e+00
-5.001042440957829349e+00 1.313768762555699965e+00 -1.236997980309132883e+00
-4.557180644959514915e+00 1.179244534909004605e+00 -1.303644145680094901e+00
-4.406342686812168452e+00 1.649877347854658449e+00 -8.538579848097833658e-01
-4.337427564857439855e+00 1.218395180629974428e+00 -1.089603691896551041e+00
-4.362747582527086720e+00 1.720670990252566979e+00 -1.387163051142753067e+00
-4.334610907520987766e+00 1.223290775067117364e+00 -1.279148454560898207e+00
-4.843944826614257515e+00 1.095273023317189454e+00 -1.171801442104851487e+00
-4.321324053655799524e+00 8.058869114097205744e-01 -1.095404342023611255e+00
-5.112995763268306959e+00 1.195928336471161924e+00 -1.410877104993361719e+00
-4.477475904502530746e+00 3.312315597163209557e-01 -2.040325969084038071e+00
-3.944164889975665833e+00 1.896903280614803844e+00 -1.648387715323872404e+00
-3.848051179185136839e+00 1.697760175532473381e+00 -1.422327252867224612e+00
-4.691940468645743323e+00 7.598044755338394518e-01 -1.150349496296650065e+00
-4.258578242648728640e+00 7.762682204426188948e-01 -2.268317613621817497e+00
-4.518952514548833399e+00 1.037235898175454585e+00 -1.309619231147122864e+00
-4.645225015956886416e+00 6.103102149558010669e-01 -1.192184161916594487e+00
-4.860285280492075088e+00 1.433598729147014916e+00 -1.471372569529195262e+00
-4.275132913316311623e+00 6.829611894794068716e-01 -1.206741695977723294e+00
-4.429366828583507498e+00 6.565536448100200984e-01 -1.539025626467478647e+00
-4.192894486959870548e+00 8.447105361301309179e-01 -9.854429808003373203e-01
-4.131434153001899645e+00 1.243996590687064030e+00 -1.781673399114324319e+00
-4.586088955286191648e+00 1.343965624266437953e+00 -1.759872218223543783e+00
-4.226995922471993516e+00 6.127808831551750934e-01 -1.225129243606937424e+00
-4.840506007805196020e+00 8.198131367529071234e-01 -1.265721112352268918e+00
-4.154628536265526861e+00 7.082229830173711882e-01 -1.172254389071293312e+00
-3.998346608172322902e+00 1.278354119070056027e+00 -1.251694405631833540e+00
-4.088243953220097815e+00 8.959620644058372552e-01 -1.130699612497691575e+00
-4.175711029843991007e+00 9.815547772337173127e-01 -1.237026241202769272e+00
-4.518040097421932799e+00 8.436329537252298394e-01 -1.395994556727458979e+00
-4.722868738112914855e+00 7.185607733591744539e-01 -1.422871414503000809e+00
-5.153402643061705035e+00 1.823905341167766814e+00 -1.174867143599302999e+00
-4.796823790731507664e+00 1.815609621131640816e+00 -2.032996878808512042e-01
-4.389349383019274242e+00 4.971571149678898904e-01 -1.349051216017937094e+00
-4.839989052263339531e+00 -1.308806866720740592e-01 -1.369460602295059504e+00
-4.250833093530236084e+00 9.977601644461955299e-01 -1.050764669639043358e+00
-4.247202123046266209e+00 8.053585679057569946e-01 -1.162511960088692842e+00
-4.165374086654555441e+00 1.294384863272820985e+00 -1.125334491416312588e+00
-4.086559767475782756e+00 1.084815735784282920e+00 -1.044545313754222882e+00
-4.416156536031484947e+00 1.533584751771034815e+00 -1.408284648562589503e+00
-4.381195425317452319e+00 8.440718807585895211e-01 -1.584106871832232200e+00
-5.322403551264652144e+00 1.667470210865342750e+00 -1.612615290172833005e-01
-4.235001822826394147e+00 2.129403106245490118e+00 -1.612216798682636121e+00
-4.833378682155600181e+00 5.542969813156994885e-01 -1.277517646954370312e+00
-4.402955896903501198e+00 1.777462625541088359e+00 -8.263500813522840494e-01
-4.326953545838930104e+00 6.181951203280414697e-01 -1.144859188319317322e+00
-5.158359936641748078e+00 1.268168514451509132e+00 -1.260067524246110793e+00
-4.538966358624028530e+00 1.334893837006771777e+00 -1.444975053142637522e+00
-4.095776432821588209e+00 1.433120524025238485e+00 -1.340064265790890996e+00
-4.741031842040825062e+00 1.027534099995254246e+00 -9.268041223252060368e-01
-5.557080860305990910e+00 8.422433668033321164e-01 -6.202417670768912705e-01
-3.796469766666854984e+00 9.673986201768680626e-01 -9.683584978168908730e-01
-4.987902098894683611e+00 9.823955778605615308e-01 -1.293265574158407816e+00
-4.345898046320249009e+00 1.417124016064962078e+00 -1.222521016715659936e+00
-4.448048773990470828e+00 6.572789332067984214e-01 -1.357859629375247623e+00
-4.072898822496513915e+00 8.462963655902218107e-01 -1.329750293559723628e+00
-4.021985631806211714e+00 2.650431676598112851e-01 -8.088646443897788973e-01
-4.432671504497607273e+00 9.966469629295854338e-01 -1.273027227982509224e+00
-4.520130575158058939e+00 1.256235940768240189e+00 -1.276840292504817231e+00
-4.564869581594944492e+00 1.466595668018891852e+00 -8.150145060459990098e-01
-4.621625241408282569e+00 1.208608124970509623e+00 -2.057313570653423795e+00
-4.090675064210561374e+00 9.534285903519459371e-01 -1.481081845406742703e+00
-4.224970972306992145e+00 9.718754113338459177e-01 -1.075096488023097097e+00
-4.644497410722622455e+00 1.167827649087899600e+00 -1.059654057241926628e+00
-4.668973675104864718e+00 1.463287337354684192e+00 -1.059253628024590110e+00
-4.456138061910848158e+00 1.531114380993201296e+00 -1.148581004466156852e+00
-4.096811633799268826e+00 1.344350053692745961e+00 -1.305397383854081550e+00
-4.312292146783025082e+00 1.432777089149059435e+00 -1.641265559130982821e+00
-4.344123589744426361e+00 1.411325863255019630e+00 -1.167206437043003531e+00
-4.348313744220031474e+00 1.040908975426078742e+00 -1.159457842427737750e+00
-4.973896732314835312e+00 1.137940141424559570e+00 -1.127862077076341896e+00
-3.860325054033764136e+00 1.407215940822341471e+00 -1.291960771466401647e+00
-5.020889530721107441e+00 1.026679018512937525e+00 -1.211100771416963928e+00
-4.115910819975085566e+00 1.074705314987602689e+00 -1.347358505073984469e+00
-4.077418549198807085e+00 1.204804472257733128e+00 -1.001891554347944746e+00
-4.675495555041899287e+00 1.010012261101647324e+00 -1.239399797957853266e+00
-3.960086050571939964e+00 7.254225581684978774e-01 -1.108792733637740557e+00
-4.266632543546171163e+00 1.066389789233936680e+00 -1.155088268244870209e+00
-3.967299271542827022e+00 1.240901414816939274e+00 -1.340127683369026323e+00
-4.161585380912659282e+00 9.504620148612447084e-01 -1.192199526085859107e+00
-4.408445831770550605e+00 7.175999282968024140e-01 -9.988676673592680189e-01
-4.340969499161872136e+00 1.733890996919678740e+00 -1.631854232826599693e+00
-4.224859483871097332e+00 1.376252187612910793e+00 -1.414073081189493930e+00
-4.943484889325636011e+00 1.455393145878176808e+00 -1.184630451122039796e+00
-4.561819862653598179e+00 1.585743016351177870e+00 -1.010219387609804453e+00
-4.618017079062670227e+00 1.525816633304460712e+00 -9.849952428695566420e-01
-4.124652909024256076e+00 1.433437041653828015e+00 -1.085747161908733993e+00
-4.136529037608013937e+00 1.394541798310461100e+00 -1.200744614365373719e+00
-4.858982846121520538e+00 1.051915991789092786e+00 -1.065285986137944452e+00
-4.593537158349366045e+00 1.476937890505783058e+00 -1.454995389953896989e+00
-4.629798070644076446e+00 1.402627582121925398e+00 -1.231350003638908674e+00
-4.427569821082681933e+00 9.367242459384224063e-01 -1.140347954513652784e+00
-4.345500937046077539e+00 1.551210367644237920e+00 -1.512033758888551072e+00
-4.635906304955332402e+00 1.514494797757970357e+00 -1.476152237474980700e+00
-5.288862353109038850e+00 1.265577243622009851e+00 -1.593435384453426140e+00
-4.064699350041434123e+00 9.951826154106119260e-01 -1.409274027287146014e+00
-4.918771299342639125e+00 -9.552427447133918226e-02 -2.145556445239987564e+00
-4.781703419468820826e+00 1.340203779296654796e+00 -1.252273441698008138e+00
-4.588162191213999819e+00 9.043058918364118570e-01 -1.363888219225137588e+00
-4.123950453185989851e+00 1.287980756619578226e+00 -1.458398102763760473e+00
-4.773359399401391201e+00 5.934324048849645150e-01 -1.427570344964746996e+00
-4.883201614684125502e+00 1.262973274578523375e+00 -1.072059198705259897e+00
-3.861750782290524597e+00 1.203411813795184360e+00 -1.097045690172844701e+00
-4.430448352930273614e+00 1.514517405930572824e+00 -1.341722844693295613e+00
-4.281713240394147135e+00 1.207474559444146944e+00 -7.787807899910116349e-01
-3.168054404849908412e+00 7.647447814265690624e+01 -4.083708600627724561e-01
