-7.120599510627128481e+00 2.280681153276208573e+00 -1.398869680499423840e+00
-6.509487183557832068e+00 1.521958337739863110e+00 -1.880843661289725466e+00
-7.260818752308908941e+00 2.632687553177185613e+00 -1.936898295366662470e+00
-7.755102610582366829e+00 1.675561246981932095e+00 -1.306813666432682375e+00
-7.639485647981644867e+00 2.419435690397464978e+00 -1.803324971220055861e+00
-6.816988226025355146e+00 1.665702549164362445e+00 -1.349025750572805826e+00
-6.945719273580459152e+00 2.659985396269717306e+00 -1.535891362443297936e+00
-6.788142793042339918e+00 2.357343925548438524e+00 -1.747794847907568894e+00
-6.574744498894032674e+00 1.963453282619643137e+00 -1.758598549204555050e+00
-7.272714148216253172e+00 1.876080077041867744e+00 -1.190219229542518020e+00
-6.955214130782565007e+00 2.510328992151126926e+00 -1.530128880807516634e+00
-6.681851277744228490e+00 2.059492324953952735e+00 -1.230138708468536235e+00
-6.694165280138154372e+00 1.954342606700065099e+00 -1.309173958212709765e+00
-6.840314043292011092e+00 2.179872419270054706e+00 -1.260665495438679784e+00
-6.517928181091107831e+00 2.010967051335595279e+00 -1.629638559901770867e+00
-7.126499755927800273e+00 1.529592545772949119e+00 -1.468390128007826645e+00
-6.643576750471907211e+00 1.508110450131686431e+00 -2.115711710497077735e+00
-6.739545032314414819e+00 1.589767921355390135e+00 -1.458799315885618286e+00
-6.721894027779748981e+00 2.390412993522661900e+00 -1.598569574704481022e+00
-6.953124381730004799e+00 2.382139292690745869e+00 -1.304058363995719283e+00
-6.424597215023729824e+00 2.241914427516356056e+00 -1.676380891834160947e+00
-6.705761493179981159e+00 2.465637636653652542e+00 -1.134782914103500850e+00
-6.839649045810419103e+00 1.815352327655995524e+00 -1.753068102884392410e+00
-6.530922538756663620e+00 2.382078496202706841e+00 -6.275549894376195592e-01
-6.861128709939677606e+00 2.549775861197736582e+00 -1.375279294306927413e+00
-6.974872184291879940e+00 1.917767157061582850e+00 -1.454278667983599727e+00
-7.130786439988050063e+00 1.668605219285613783e+00 -1.473349495708870638e+00
-6.865466459270989752e+00 1.340662992509817020e+00 -1.196148381604217104e+00
-6.563231920385312890e+00 2.125667936008221570e+00 -1.504760350189022988e+00
-7.446165582808514927e+00 2.014717040251905456e+00 -1.458547838155916265e+00
-6.668145029753167030e+00 1.784554600784134193e+00 -1.550512602892029301e+00
-7.444037958387020204e+00 1.552348802718192422e+00 -1.978900978988008985e+00
-6.949325011313121969e+00 1.922330380382077264e+00 -1.387454778625753171e+00
-6.712691057108207460e+00 2.937156053173107573e+00 -1.513708935244200360e+00
-7.179710688296745857e+00 2.483613659682241348e+00 -7.453093768219994919e-01
-7.416672383557244785e+00 2.128842094758488290e+00 -1.509846456855340024e+00
-7.069481130594574836e+00 1.853624544463172930e+00 -1.353517532064681950e+00
-6.558320909221905914e+00 1.971628651819506972e+00 -1.824285426523494236e+00
-7.081326436668839541e+00 2.702633683145403420e+00 -1.402910283225906607e+00
-6.900636800822439909e+00 2.186415948506758244e+00 -1.771541007804435797e+00
-6.672594099875067464e+00 2.463661322887785943e+00 -1.030356867303190871e+00
-6.715938672950634292e+00 2.245172660954215527e+00 -1.466088145645809693e+00
-7.370977530432238467e+00 2.116059651551179144e+00 -1.628457210229358409e+00
-6.712721792099361373e+00 2.547936263401357593e+00 -1.391616031141100329e+00
-7.826180614068480423e+00 2.811915511923099853e+00 -1.943441011801452234e+00
-6.921243308329626309e+00 1.512447440228558149e+00 -1.695406308414987739e+00
-6.546843327670259782e+00 1.709206510387355271e+00 -1.752139682944976684e+00
-6.639986393615102678e+00 1.967315167049028313e+00 -1.598985545034589340e+00
-6.991881542249216430e+00 1.796047906356906587e+00 -1.522251279534031276e+00
-6.432807196989803522e+00 1.807496726664268305e+00 -1.781988927414155821e+00
-6.997343863709221345e+00 2.118065850947265183e+00 -1.869161120139741561e+00
-7.158564562359824635e+00 2.445759499583462393e+00 -1.710853185976966673e+00
-6.674802877865465334e+00 2.383031790088032675e+00 -1.555090845959133938e+00
-7.212444759578442444e+00 1.572163964030093286e+00 -1.760182843779286355e+00
-7.457612984762289621e+00 2.402751254977669504e+00 -1.786837295278518534e+00
-6.872099588270868864e+00 2.319180726766190581e+00 -1.055218756468275787e+00
-6.560273414365308753e+00 2.161497452416248244e+00 -1.658556612760635929e+00
-7.026287813826997741e+00 1.761411341153776400e+00 -1.387331733908875320e+00
-8.210826138027769616e+00 1.898435382485944789e+00 -7.301124378745512677e-01
-7.093504971167808648e+00 2.490848897739004197e+00 -1.392307546985515065e+00
-7.365447507730155330e+00 2.278324992744566124e+00 -1.131622241085075586e+00
-7.562105317796102177e+00 1.668391037361883988e+00 -1.338913535116901921e+00
-7.816596372722318442e+00 1.551615079002999664e+00 -1.005925929470501190e+00
-7.156721903738814561e+00 2.013830861312286391e+00 -1.365491343415655257e+00
-7.193285367504101302e+00 1.578977468922193372e+00 -1.398013280775029399e+00
-7.154737588783065760e+00 2.409940785054990098e+00 -1.516045084722836611e+00
-7.174777078890040904e+00 1.658284763140010387e+00 -1.165167614967506315e+00
-7.011727578092111557e+00 2.049820774685312763e+00 -1.515070286463693794e+00
-6.437979522449905900e+00 1.840183480415881645e+00 -1.589689164501529195e+00
-6.851935634711992407e+00 2.211899829141494411e+00 -1.170266951360844077e-01
-7.154481439061097348e+00 2.254175317804320233e+00 -1.464995898677761810e+00
-6.950851284696121013e+00 1.691039073219566369e+00 -1.496655059241583263e+00
-7.066048245056325783e+00 1.958914277843715634e+00 -1.431593457607629460e+00
-7.149745659832456468e+00 1.959467362710130001e+00 -1.254169721524974745e+00
-7.033051005664316513e+00 2.695451223221753345e+00 -1.305045584758457666e+00
-6.540705562576415666e+00 2.967054284800675568e+00 -1.379330323617472986e+00
-7.496983553831489289e+00 2.504383280451235372e+00 -1.384331805955847372e+00
-7.337757388149086069e+00 1.995005826132579152e+00 -1.023435633789102850e+00
-7.154027457293747005e+00 1.971377156111268958e+00 -1.386462219973751075e+00
-6.538400212644638998e+00 2.291189173359552633e+00 -1.184716713125214982e+00
-7.109033978750414207e+00 2.149999971946536359e+00 -1.311686547055368246e+00
-6.543542434351725667e+00 1.927406051956033650e+00 -1.671683487771637555e+00
-7.075874281098124996e+00 1.826822302203259030e+00 -1.120974178708210367e+00
-6.993716818099379395e+00 2.007876937763660496e+00 -2.635752152085528710e+00
-6.863830478199419716e+00 1.802363530426325466e+00 -1.391864684989302381e+00
-6.577021160386897769e+00 2.245191292329263621e+00 -1.451124712292837682e+00
-7.385052591460969929e+00 1.997902867204025545e+00 -1.329328285164806278e+00
-7.343493484905819990e+00 2.043760643659933596e+00 -1.780762992797346955e+00
-7.084465028911504092e+00 2.496345344442010283e+00 -1.379489790264079918e+00
-6.724782777869138251e+00 2.190579452404952221e+00 -1.417090744647669487e+00
-6.727350811538654440e+00 1.687029836327287313e+00 -1.931485220487653587e+00
-6.816254535741746778e+00 1.742902060653533258e+00 -1.524823360143989337e+00
-7.065461866453964568e+00 1.525840018613712656e+00 -2.492959637674936779e+00
-6.663866517208175466e+00 1.970147202985322865e+00 -1.454861124895272528e+00
-7.388610398780584454e+00 1.998993400243574303e+00 -1.170553917367884500e+00
-7.269792659020708925e+00 2.287615325264463984e+00 -1.676477372448851755e+00
-6.891222773130774470e+00 1.906394035865386138e+00 -8.253425004742221960e-01
-7.117240906259140409e+00 2.163310635113414815e+00 -1.600831229948981305e+00
-7.261713598895489952e+00 1.860757238846310502e+00 -1.592065286125534218e+00
-7.471462914360020413e+00 2.099107108616880435e+00 -1.375775362662083223e+00
-7.026317592314049953e+00 1.739811561450088639e+00 -1.289589074933107371e+00
-7.424519972157760606e+00 2.402042591586559972e+00 -1.512877942636044803e+00
-7.856112493849940037e+00 2.399303622703214511e+00 -1.717348057183967436e+00
-7.127809415360241374e+00 2.316225565379225415e+00 -1.443741569646134648e+00
-6.975264646171846827e+00 2.048260260550363476e+00 -1.439019745043667031e+00
-6.631899714485027353e+00 2.152640681686582180e+00 -1.437438693072299323e+00
-7.159190867709822825e+00 2.357205467497535789e+00 -1.443631132797775996e+00
-6.352720552301211576e+00 2.124588514350176371e+00 -1.537244131495377530e+00
-6.607332994930787073e+00 2.464755616578524933e+00 -1.564198194141215081e+00
-6.842456176856775762e+00 1.832113093343803234e+00 -1.301771019087828218e+00
-6.316018617771069543e+00 2.372014886522828103e+00 -1.480604852206888422e+00
-6.973160981468395470e+00 2.055355537725991333e+00 -1.380682758272177901e+00
-6.392424789632935145e+00 2.361247979366792649e+00 -1.627344634187625871e+00
-8.054366008111223607e+00 1.700870756040959941e+00 -1.359158575839454652e+00
-7.574668114951236042e+00 2.125731433693275108e+00 -1.564318203806651875e+00
-7.399888079445188893e+00 2.009678127878633536e+00 -1.148502184452077524e+00
-7.139555259075367921e+00 2.127797001384038822e+00 -1.439714361092835571e+00
-6.784470709865391136e+00 1.730196418686457793e+00 -1.513161767559961790e+00
-5.978725568000940349e+00 2.228931928884335445e+00 -8.841475292820856202e-01
-7.401105349214107676e+00 2.119000714655886686e+00 -1.440413781455899267e+00
-7.111534972639140584e+00 1.828842244628989588e+00 -1.389928846914076255e+00
-6.753291483272827911e+00 2.459396704359107844e+00 -1.451167729247349270e+00
-7.481860651608893242e+00 1.956542873109998082e+00 -1.491056336759994050e+00
-6.989559938200947009e+00 1.938334027052311281e+00 -1.688031425643573114e+00
-2.632312649843402497e+01 6.378322909931351603e+01 -3.091649241597513864e-01
-7.779124424455756248e+00 1.794967231280905740e+00 -1.140409980271242185e+00
-6.815091604217465182e+00 2.047991664832817360e+00 -1.443415977978763642e+00
-7.433017551452125282e+00 1.665154694906436639e+00 -1.294160807015053649e+00
-7.265499749949936081e+00 1.593656281725605472e+00 -1.458145728270668462e+00
-7.287329299131887872e+00 1.671155382957451252e+00 -1.533360844299690440e+00
-7.212684688589611426e+00 1.686482968496945789e+00 -1.515536013069151755e+00
-7.241837592594300155e+00 1.666515615189726685e+00 -1.266538718432060229e+00
-6.945431294330382421e+00 1.614187067280888677e+00 -1.217529334726398238e+00
-6.980288311260311573e+00 2.161728064106874569e+00 -1.460534868278698939e+00
-6.951631339019621159e+00 2.407483780538953066e+00 -1.452005890746390415e+00
-7.566524589159025815e+00 2.067176890807311374e+00 -8.178588124083462363e-01
-6.701926047439049405e+00 2.123203512278647231e+00 -1.853605298585107919e+00
-6.820280520209495378e+00 1.624667551319534109e+00 -1.587832790021177276e+00
-6.796761063008060155e+00 2.480768130148579331e+00 -1.519235718813230385e+00
-6.954873410355365770e+00 1.567276501516051024e+00 -1.233530789003367989e+00
-7.103643190786121941e+00 2.497492367015855308e+00 -1.455235625917082221e+00
-6.848017838826077508e+00 1.534695219980640957e+00 -1.585125002148347395e+00
-6.875827375388301022e+00 1.633384430949406552e+00 -1.433868622985349006e+00
-7.285661159208213888e+00 2.406134605702863194e+00 -1.348729108718009995e+00
-7.136830666869526496e+00 1.476277126725157984e+00 -1.463075627850600302e+00
-7.157403210782546488e+00 1.852529647551943270e+00 -1.191922011489587430e+00
-7.161259262168756301e+00 2.383806591722452239e+00 -1.464978842358196198e+00
-7.006394099213347992e+00 2.469073063322465345e+00 -1.847722109449624561e+00
-7.759570526099063947e+00 2.550092499560157933e+00 -1.605972519507599783e+00
-6.818743836693096583e+00 2.369441824042382461e+00 -1.583031615160931160e+00
-6.544767503954321164e+00 2.216462325332916095e+00 -1.578326407015433919e+00
-7.236116238849984228e+00 2.181757325344711340e+00 -1.452595106717676110e+00
-6.435545522335107904e+00 1.901310457780968077e+00 -1.612691202078388120e+00
-6.945108770947082455e+00 2.011469072066545127e+00 -1.906308032836555144e+00
-7.230746365664358244e+00 2.501485145868283855e+00 -1.329563036307902957e+00
-7.762988219071688789e+00 2.141702858579266788e+00 -9.881772838384585977e-01
-7.005801772512826098e+00 1.863474699104752164e+00 -1.420372550317084093e+00
-7.195565576275833486e+00 1.694588359719401804e+00 -1.260045566263102490e+00
-7.852382293450428818e+00 2.189657801059607056e+00 -1.196341872358149372e+00
-7.202737947305795529e+00 2.225713834210015563e+00 -1.502478157760828825e+00
-7.272255070171057767e+00 2.146811991504278261e+00 -1.137020503172503583e+00
-6.761719993714368826e+00 2.183575457991731472e+00 -1.771849292156456146e+00
-7.172062910514997114e+00 2.470569832361761531e+00 -1.778521960654020795e+00
-6.829141733105453582e+00 2.172074024221153365e+00 -1.472980980762460979e+00
-6.698428223899641765e+00 1.839970571957060708e+00 -1.473012852360414682e+00
-6.540518748491860990e+00 1.916005346510888163e+00 -1.659107833423844713e+00
-7.102079334419695300e+00 2.141583593213924885e+00 -1.536037674605020165e+00
-6.734165703761789246e+00 1.756456017875617892e+00 -1.304543827961853752e+00
-6.577914273279931834e+00 1.468355857916150198e+00 -1.513865380891327161e+00
-7.603212786407114621e+00 2.045343418654423040e+00 -1.486013494929608880e+00
-6.737215103506458469e+00 1.796088415637365099e+00 -1.650408782453407053e+00
-6.617303844293740411e+00 2.444516870930120156e+00 -1.524008645033279707e+00
-6.794627700517171576e+00 2.110535328001199140e+00 -1.366098712618544653e+00
-6.640568883370916886e+00 2.161330593128494737e+00 -1.479135117953376932e+00
-6.754197479755199574e+00 2.275515131127197055e+00 -2.173623935773161264e+00
-7.249949684482984047e+00 1.817164806740375615e+00 -1.250448482573723874e+00
-7.314303842712351234e+00 1.602341120947700093e+00 -1.680440464580573501e+00
-6.683772700543582523e+00 2.086381081597915799e+00 -1.595049739609226247e+00
-6.995699874092697002e+00 1.862182968545731843e+00 -1.664788169947184926e+00
-7.174458915092365885e+00 1.936876272203608140e+00 -1.455321274081317062e+00
-6.606608979362717626e+00 2.016543676503737004e+00 -1.264459095136577282e+00
-7.088448856758119199e+00 2.443184824276512845e+00 -1.555734288092897710e+00
-7.498898204785583665e+00 1.827292911324718050e+00 -1.578414242544404988e+00
-6.747698532866429844e+00 2.516914747825125254e+00 -1.571391115361885804e+00
-7.444807185608717681e+00 1.786896763474461469e+00 -1.363680710795335482e+00
-7.058896138273050624e+00 1.876359517577535163e+00 -1.440321801028131787e+00
-6.912890320599044180e+00 2.368261631486546559e+00 -1.210661409192059113e+00
-7.146701372006624808e+00 2.163187691986083294e+00 -1.327621671678793858e+00
-6.977628506307956613e+00 1.535794309311701467e+00 -1.589763030899219665e+00
-7.187668690704148489e+00 1.534890929776163482e+00 -1.426020496112679448e+00
-7.472615230798073327e+00 1.835647130981991726e+00 -1.656451958354776988e+00
-7.541049485045483003e+00 1.809800239289798718e+00 -1.577366431193716778e+00
-7.479850820244296372e+00 2.042460354718264703e+00 -1.139920795324496527e+00
-7.259655715376468699e+00 2.375796626167244074e+00 -1.219379647869433869e+00
-7.158838692720015828e+00 1.628152248797537283e+00 -1.890904357459756380e+00
-8.594863779525436343e+00 1.894691359222711702e+00 -9.751023015138367001e-01
-7.032218891347942424e+00 1.619914989982951026e+00 -1.296220370077400208e+00
-6.897242218243223810e+00 2.265782648833028379e+00 -1.543807044029390729e+00
-6.457965104596603112e+00 2.168238513301889991e+00 -1.565576316336386054e+00
-6.973484873915534621e+00 2.615817588142272943e+00 -1.570502624770826916e+00
-7.225193758682436851e+00 2.197509629079824389e+00 -1.307892686153698580e+00
-7.243118275856451405e+00 1.548955159387948477e+00 -1.688695104848866757e+00
-6.662229510189773052e+00 2.161130372081710327e+00 -1.482396023006324670e+00
-8.230933553466568853e+00 2.059010504819680065e+00 -1.898453671317279712e+00
-6.690380262878707462e+00 2.440555649902361512e+00 -1.502793709381675225e+00
-7.182894883976626232e+00 2.136336644262822215e+00 -1.314727433622950414e+00
-6.759805313904609037e+00 2.692420280722101378e+00 -1.550397682975395153e+00
-7.020803369389437165e+00 2.438624258515254883e+00 -1.368434220804726653e+00
-7.330277330908869793e+00 2.181159264347723781e+00 -1.233237580552565493e+00
-7.531090049333037051e+00 1.857756023431558212e+00 -1.578066243160824556e+00
-6.295910217841655054e+00 2.123052744362380562e+00 -2.719411562563332385e+00
-6.434762011475781307e+00 1.911401700790193114e+00 -1.242356383948292731e+00
-7.645302169544575754e+00 1.887163770781777439e+00 -1.522643554211024375e+00
-7.198099654095880595e+00 2.459233295348321580e+00 -1.559490485012225980e+00
-6.245523165872910454e+00 2.755050678509663786e+00 -1.523103729460023148e+00
-6.803326307698120523e+00 2.410758148412387669e+00 -9.215956702188152772e-01
-7.464148049864142820e+00 1.721399629076667548e+00 -1.313320213357929589e+00
-6.437545182366642749e+00 2.456471896801212473e+00 -1.507358886097356132e+00
-6.906152420463040009e+00 1.645500070995296715e+00 -1.388126452071117845e+00
-7.544429058786310094e+00 2.242913494514932271e+00 -1.474969392228713483e+00
-6.504862941006346766e+00 2.324974995035463010e+00 -1.395547559835580431e+00
-7.225613929238593691e+00 2.072704217276001959e+00 -1.244096673244386775e+00
-7.199026441731932735e+00 2.316203103076138081e+00 -1.389119053533170556e+00
-6.882045798622601573e+00 1.806133881407430364e+00 -1.590003148706579772e+00
-7.252784333945975881e+00 1.855884413379166320e+00 -1.443215147722937575e+00
-7.466202378522582173e+00 1.244011821294953135e+00 -1.306620742413106218e+00
-6.787241164336769828e+00 1.983611390614386627e+00 -1.647011682690038725e+00
-6.559482133605826881e+00 2.070431147976250053e+00 -1.566397359662714983e+00
-7.055977826427347388e+00 1.918671888565989914e+00 -1.377118499018048059e+00
-7.052522636455213600e+00 2.173707095478637275e+00 -1.254856197958993169e+00
-7.574088305917960007e+00 1.742356790712603631e+00 -5.861511683762330449e-01
-7.474095110765438754e+00 2.390141071480395230e+00 -1.191224305864399202e+00
-6.733613960935288745e+00 1.931748863381334225e+00 -1.380499848297826571e+00
-7.567419663195424029e+00 2.365232885933410856e+00 -1.555962946124389790e+00
-7.062636766573430869e+00 1.569440915146603110e+00 -1.510967044550002747e+00
-6.591674824446334569e+00 1.922568159179944614e+00 -1.085157321904786976e+00
-7.314597644868833015e+00 2.352932844691621117e+00 -1.630196994280103562e+00
-7.264266803859757538e+00 2.788470399736095118e+00 -1.323714316634505339e+00
-7.298445224493872452e+00 1.574646249998598702e+00 -1.494119336370835605e+00
-7.373727786986324695e+00 2.375302166547937244e+00 -1.377311184397505217e+00
-7.096837865648019772e+00 2.647070982188977517e+00 -1.412428913383447115e+00
-7.958792849182962925e+00 1.806996564968925023e+00 -1.065191165959276764e+00
-6.591793761086154113e+00 2.538774611629163402e+00 -1.502095816473617562e+00
-7.594461577390694274e+00 2.244033903677322694e+00 -9.598209827694524909e-01
-7.289734088413171165e+00 2.692903092319800518e+00 -1.221330184854974243e+00
-6.663917480159454065e+00 1.885887292596359011e+00 -1.382269881718052096e+00
-6.683527640172959750e+00 2.014280952925236345e+00 -1.301524657790537276e+00
-6.536146872136415098e+00 1.850586389088609618e+00 -1.326342999014656909e+00
-6.474144069797556966e+00 2.019675501574701215e+00 -2.071634492813106410e-01
-2.232549838685206467e+01 1.493924350317165306e+01 3.986434790073767331e-03
-7.281250993780702174e+00 1.774600979005340085e+00 -1.398873165920212935e+00
-6.970430140587526857e+00 1.739820127631473090e+00 -1.640880854131639088e+00
-7.312170932025654047e+00 2.155088885421528211e+00 -1.627085377078859585e+00
-7.220264670407421370e+00 1.930844107127946963e+00 -1.395938864845741589e+00
-7.490266338516200939e+00 1.806494574290469668e+00 -8.413035507942222546e-01
-7.180127174413978075e+00 1.968175410617960308e+00 -1.557359288043138390e+00
-6.700224640176788427e+00 2.501836056231969252e+00 -1.269281040204840671e+00
-6.777765541184996856e+00 1.707486409271333994e+00 -1.432339618329740549e+00
-7.440175003409542853e+00 2.017026245303836784e+00 -1.270466574195370457e+00
-6.619184684848630873e+00 1.664508031675292488e+00 -2.544488241918718696e+00
-6.955678645095537682e+00 1.729184655979416174e+00 -1.656178328614088757e+00
-7.078051783577059552e+00 1.648267112169004900e+00 -1.613222152795760644e+00
-7.138597474862275583e+00 2.469666264156537228e+00 -1.452146942589008560e+00
-7.109268922061915852e+00 2.377667724948737682e+00 -1.637212478063238663e+00
-7.191487311939578575e+00 2.274073125346348423e+00 -1.430608811128732505e+00
-6.252369421784316650e+00 1.360403700304550600e+00 -1.989648536312590643e+00
-7.181301909078785961e+00 2.359602775419975096e+00 -1.698312293712296306e+00
-7.137705103187700573e+00 2.278241694562738395e+00 -2.033505916206769903e+00
-7.113118510338829026e+00 2.498363631307074950e+00 -1.423958718867188722e+00
-7.278075840527628237e+00 2.338403748420180950e+00 -1.885202381390924664e+00
-7.117834118267454713e+00 2.097831764081090178e+00 -1.468573076865542726e+00
-7.309096896498465945e+00 2.040474872330915179e+00 -1.223799379040963364e+00
-7.262706270221212179e+00 2.379924697535204192e+00 -1.354503482026060190e+00
-7.366416714817966671e+00 2.379399274067435233e+00 -1.373566323698927283e+00
-7.225952413830101229e+00 1.693505562721970836e+00 -1.528259957319849427e+00
-6.512204038778457438e+00 2.346403515753604729e+00 -1.711252159401231765e+00
-7.084497633797082194e+00 2.023841720756759610e+00 -1.328114312620011672e+00
-7.620827291895990285e+00 2.221473107963382265e+00 -1.663169408179894226e+00
-7.861754447712137051e+00 1.999398579839050116e+00 -1.774153221784896983e+00
-6.758096611532160125e+00 1.455014310661264076e+00 -1.436850171803504495e+00
-7.057091843518216834e+00 2.326958057684289205e+00 -1.323337460589534276e+00
-6.690016388872179753e+00 1.875073026273696319e+00 -1.493502332546627009e+00
-7.135321667616779884e+00 2.311253988183394448e+00 -1.744527098131751552e+00
-6.831543553977009964e+00 2.190430675552546891e+00 -1.397264377224721299e+00
-7.197224185558065201e+00 1.961141189284216324e+00 -1.490696757164442277e+00
-7.913078876887199797e+00 2.110934243085538675e+00 -1.377276330869208865e+00
-6.571592707239604536e+00 2.033251547045499485e+00 -1.512817184656741309e+00
-7.715693104785634304e+00 2.511227983094761917e+00 -1.850561463275307128e+00
-7.559617399798868931e+00 2.016065737420480453e+00 -1.431710264392020093e+00
-7.634011156320748448e+00 1.449387666621653858e+00 -1.488375218263920718e+00
-7.067368516577037241e+00 2.545081198716004245e+00 -1.381599880580471007e+00
-6.784220787299565458e+00 1.689775637439099754e+00 -1.583561319354030550e+00
-7.358408754621043713e+00 1.703377919648029870e+00 -1.628506997870464046e+00
-7.210098853547189712e+00 1.510446467964294603e+00 -1.099736781493957594e+00
-7.703102002214853528e+00 2.289735443896120159e+00 -1.601478142349973544e+00
-7.110191814803422439e+00 1.672152952172210050e+00 -1.422862161932763492e+00
-6.756779680278800271e+00 2.064504692163565913e+00 -1.968842070529312149e+00
-7.259127892471431309e+00 1.799566080950210756e+00 -1.435186641026213961e+00
-7.494736041191097264e+00 2.516079461293447839e+00 -1.525251471757959498e+00
-6.850688217584175455e+00 1.956381539214706144e+00 -1.580819735868612907e+00
-6.888366096895969015e+00 2.117012343627918458e+00 -1.391601659417321502e+00
-7.488779214333447953e+00 2.155163558005387614e+00 -1.431398999404115635e+00
-7.244403904975146524e+00 3.336087022238833910e+00 -1.132229221896557503e+00
-7.086448475284134574e+00 2.368071742044311812e+00 -1.657226221655353049e+00
-7.467502656721520360e+00 1.972120543931096703e+00 -1.346243041163570409e+00
-6.867645785911148160e+00 1.976267296309313526e+00 -1.737120565277603612e+00
-7.237541033490338727e+00 2.164221065066347816e+00 -1.286552012179964066e+00
-7.109839508487924675e+00 2.369695736287186438e+00 -1.309161742793160110e+00
-7.120405698065884081e+00 1.546913495446434750e+00 -1.317832325027928464e+00
-6.571955878922946859e+00 2.181549523271509639e+00 -1.700536509206628688e+00
-6.728330907547307227e+00 1.535337003668337585e+00 -1.424284829346252002e+00
-7.281015757400499666e+00 2.175776044242900387e+00 -1.508839624723218753e+00
-7.037169573406909961e+00 1.460205956189531751e+00 -1.135699830539196542e+00
-7.346351286372988731e+00 1.873096967396305157e+00 -1.882144435826087481e+00
-7.808358354327816109e+00 2.355494603987957625e+00 -1.489643888720037612e+00
-6.452813963251533558e+00 1.986395388356441583e+00 -1.216488146453835739e+00
-7.329241507723903482e+00 1.450480050646274499e+00 -1.764290901671566436e+00
-6.467718635441729980e+00 1.991311731771842286e+00 -1.590963253439749980e+00
-7.631101020262922141e+00 2.432595537738456493e+00 -8.736650198021674862e-01
-7.950996800482274196e+00 1.345648678103606111e+00 -2.033256146577913537e+00
-6.939073524673583293e+00 1.697524962042149754e+00 -1.306046545171748896e+00
-7.671080792604878518e+00 2.292264601141266400e+00 -1.798343477006936419e+00
-6.364889249428132167e+00 2.738732160485144451e+00 -4.157614520144321535e-01
-7.404388340605322583e+00 1.602284419170821650e+00 -1.360898400994777768e+00
-7.056723517945997060e+00 2.407202303037435875e+00 -1.507384120701422026e+00
-6.748222902419602320e+00 2.425828659362584627e+00 -1.455479440445186956e+00
-7.509526624920857429e+00 2.416688561302632543e+00 -1.713297284714231816e+00
-6.971825341719086744e+00 1.819130996233826902e+00 -1.790319607251081413e+00
-7.130282215342994334e+00 1.612502841713869817e+00 -1.327490629465472027e+00
-6.978932635362364856e+00 2.470741797669455675e+00 -1.625484096844530324e+00
-7.034723734048674793e+00 2.345409187667248041e+00 -1.412401968006271602e+00
-7.408886748571287484e+00 2.452358580051118064e+00 -1.222118755920031496e+00
-7.638453001989564228e+00 1.763073813089218067e+00 -1.304044308487300130e+00
-7.001175086480290410e+00 1.843683559756444490e+00 -1.495742663550466700e+00
-7.022199621314263673e+00 2.431000094172624859e+00 -1.731225987734603455e+00
-6.759911972541133629e+00 2.804706030659473548e+00 -1.780164149453772771e+00
-6.958430224953648491e+00 2.073904938349098170e+00 -1.582965672410010072e+00
-6.613729700747831508e+00 2.126147210390109343e+00 -1.601811549737256923e+00
-6.474809557127206183e+00 2.240134540869644031e+00 -2.216424710816501609e+00
-7.177945695295974815e+00 1.920750796576773611e+00 -1.431961855710145226e+00
-7.535744398524272469e+00 1.880496458539163918e+00 -1.492795020984900800e+00
-7.258861291720066333e+00 1.672580825771663449e+00 -1.387836335275657751e+00
-7.011620006858906073e+00 1.668366192147305416e+00 -1.165526054748721174e+00
-7.529783125472901517e+00 1.923013551219515005e+00 -1.719566399944296498e+00
-7.567548383825457137e+00 2.470460436514796854e+00 -1.471673402080011295e+00
-6.700971269445128442e+00 1.904748821389821600e+00 -1.743551707898830072e+00
-6.806767099372526886e+00 1.629089710117644918e+00 -1.251066441665264595e+00
-6.610876734106315489e+00 2.426444093665421242e+00 -1.595465549518405579e+00
-7.047730890769714485e+00 1.818400147244222165e+00 -1.361747431283082399e+00
-6.816039716451562924e+00 1.860727816582359750e+00 -1.708455870582768599e+00
-6.742261058112164918e+00 2.141113763538993187e+00 -1.438523276858127531e+00
-6.513277202382491637e+00 1.653105285844982175e+00 -1.496122775974454200e+00
-7.146047952590354413e+00 2.059202368173693287e+00 -1.514712495459687114e+00
-6.731331217353198504e+00 2.187513992468358204e+00 -1.577202024773430633e+00
-6.677855261503156115e+00 2.416258975252441488e+00 -1.166618238044735412e+00
-7.245877344053178071e+00 1.651339305044501993e+00 -1.417645312679645109e+00
-7.303534765289171560e+00 1.823637654797227281e+00 -1.091930081690237531e+00
-7.231514986662202382e+00 2.536797338331699070e+00 -1.551747739404918391e+00
-6.661878545061577839e+00 2.408318358945401805e+00 -1.264261271680489740e+00
-7.182854401496824970e+00 2.543087292230981067e+00 -6.534843203239866227e-01
-7.084866301443828895e+00 2.490166870309809433e+00 -1.386369471537850950e+00
-7.170911936694492006e+00 2.141258826725750186e+00 -1.766727187245987762e+00
-5.965483227701866120e+00 2.446771238695634398e+00 -2.574169070275369009e+00
-6.789076187862130851e+00 2.367456165717479522e+00 -1.207834134175891805e+00
-6.346167654098330502e+00 2.061241037053193725e+00 -1.251182498122398012e+00
-7.311323681036723698e+00 2.237881828019001595e+00 -1.521387703859284235e+00
-7.535703009445059664e+00 1.914788841858509727e+00 -2.690589745949107492e+00
-6.639328197369431805e+00 2.846032352868016257e+00 -1.006912130575459363e+00
-7.561617361677988036e+00 2.371924009555482105e+00 -1.292245672787582622e+00
-6.410909063672471042e+00 2.265903130714145508e+00 -1.401576910987340607e+00
-7.093701131709422292e+00 2.185738644705563782e+00 -1.682036663348551508e+00
-7.365259883647119032e+00 2.122092992082801555e+00 -1.450560486024478513e+00
-7.505060737850461905e+00 2.272825511266860055e+00 -1.413185706951391785e+00
-7.634884980179066361e+00 2.087821829858449441e+00 -1.163864024858675794e+00
-4.788034618373873030e+01 1.562925980845227514e+01 9.802534769534720915e-02
-7.277272646120010791e+00 2.457082068546933673e+00 -1.520463670037841553e+00
-7.776542407101429077e+00 1.982150697655901794e+00 -1.476902650399467998e+00
-7.104400789760461521e+00 1.837465557776231329e+00 -1.295917231008264725e+00
-7.125555223584532527e+00 1.552814433343826073e+00 -1.318435243523370826e+00
-6.685498497402564411e+00 2.737182721758164128e+00 -1.392320956781694319e+00
-7.547386448319380214e+00 1.441276061551478138e+00 -1.298383849645977417e+00
-6.755478425620450089e+00 1.772177514859214265e+00 -1.483060988091702059e+00
-7.305262855500023633e+00 2.162760995066368430e+00 -1.478767868453901624e+00
-6.723902999186583962e+00 1.867340179609108475e+00 -1.632687142339962039e+00
-7.104099770130001268e+00 2.387802004186312832e+00 -1.589966011863337636e+00
-7.132226361641366807e+00 2.381774246823568753e+00 -1.468456008987351291e+00
-6.911118665657561166e+00 1.529915048669999722e+00 -1.517069320939950838e+00
-6.995874974715434291e+00 1.856391304425998756e+00 -1.625120336498376394e+00
-7.169478232552090269e+00 2.133215971839679259e+00 -1.518089022854794523e+00
-5.977935955371578736e+00 1.828094316311210665e+00 -1.122473513454404381e+00
-5.871465843978099564e+00 1.587375883477209815e+00 -1.174100666824575923e+00
-7.304393005919821213e+00 1.847700055978182876e+00 -1.219339757994554851e+00
-7.194963128665256669e+00 2.452074354233386710e+00 -4.797991226280039490e-01
-7.154674431430979809e+00 1.981850171460538323e+00 -1.412263838138161365e+00
-7.616356873002026795e+00 1.943046572586146326e+00 -1.524914990271794890e+00
-7.185011723984309207e+00 2.161418781854728355e+00 -1.544750564122009173e+00
-7.502488994721490556e+00 2.205494892049611355e+00 -9.206616428510077110e-01
-7.517025456395737493e+00 1.917121140927776857e+00 -1.574713168724160228e+00
-7.374494726675557388e+00 1.448586704279168247e+00 -1.484408926809712925e+00
-6.705840092932983332e+00 1.765210654188098971e+00 -8.438965733358396726e-01
-6.561024683722275874e+00 2.088255245469793131e+00 -1.383551063594012920e+00
-7.066314004705500196e+00 2.313039181458444116e+00 -1.490990464241806590e+00
-6.754490313284885694e+00 1.816678922860271328e+00 -1.367468279615211557e+00
-7.231745026537593546e+00 2.047120915752838943e+00 -1.379896435073455718e+00
-7.066036703731668034e+00 1.744365901868713431e+00 -1.256926224292731931e+00
-7.516572222041371099e+00 1.945411925933241637e+00 -1.280659858600202927e+00
-6.423261593143886117e+00 2.648757814460255489e+00 -2.004580525796405777e+00
-6.424849674170149960e+00 2.077657136897689494e+00 -2.130245412587060017e+00
-6.476662725305627255e+00 2.165403743525465163e+00 -1.529844489764021986e+00
-6.731568379729700347e+00 2.112094549045911318e+00 -1.239160777636765687e+00
-7.936386277813540779e+00 2.690093686747390134e+00 -1.285327430240263524e+00
-6.591560172921863803e+00 2.288565455077018918e+00 -1.505670576022424711e+00
-7.113224772487107828e+00 1.983002356146428058e+00 -8.272006607194106742e-01
-7.524165887006501130e+00 2.232058321785638011e+00 -1.427394046673443828e+00
-6.805291355784958363e+00 2.059732752486973961e+00 -1.488945559870022972e+00
-6.305936744725888055e+00 1.508989477175761262e+00 -1.688109423202541537e+00
-6.637963982179959643e+00 2.125585557984187801e+00 -1.635573178193640453e+00
-7.870557493939969618e+00 2.065988589885248583e+00 -1.182168325049171909e+00
-6.645556722443010322e+00 1.939031135785445725e+00 -1.553927200925384389e+00
-6.834513232400225569e+00 1.412641861181643366e+00 -1.293948615110024347e+00
-6.642847339003073337e+00 2.877418094290244532e+00 -7.577694369479404113e-01
-6.757022851838446087e+00 1.929512824262892723e+00 -1.384586149284908307e+00
-7.202005494186013657e+00 1.666306452044645114e+00 -1.716771295558224164e+00
-7.341472852897269696e+00 1.649409897849338558e+00 -1.008716809861624597e+00
-7.212576354272643542e+00 1.964924783041672507e+00 -1.066655541977146404e+00
-7.043023977543874103e+00 1.831784918310183086e+00 -1.797230522888077164e+00
-7.432609397844336385e+00 1.255309709757135961e+00 -1.489025252117410991e+00
-6.625428345432244015e+00 2.286805435148418386e+00 -1.512569131544628354e+00
-6.816115457430059976e+00 1.886128953662455920e+00 -1.078301009548314315e+00
-7.293964470596427496e+00 1.413530793750174652e+00 -1.508441524213780305e+00
-6.603896364851443934e+00 2.253903709682916645e+00 -1.370456586660771858e+00
-7.435347901812180638e+00 1.271249556980819539e+00 -1.375197995898483905e+00
-6.548258179063057405e+00 2.026584146541274833e+00 -1.906698715310549241e+00
-7.063305186239087874e+00 1.781910325222363811e+00 -1.780145895594715144e+00
-7.182436467041151573e+00 2.416806026923915329e+00 -1.086311721069700864e+00
-7.095340669319512017e+00 2.589292062088966784e+00 -1.448956179267218314e+00
-7.685053964065509113e+00 2.144554313409494650e+00 -1.620474675571518919e+00
-6.556128871415272563e+00 1.773835569014526881e+00 -1.109575692428972138e+00
-6.551016929103385955e+00 1.568714735369912239e+00 -1.189380823457896863e+00
-7.424908623633182714e+00 2.306551348558156356e+00 -1.497317711950180597e+00
-7.360328491994908795e+00 1.678186290430806249e+00 -1.616458710910540830e+00
-6.729583924305223341e+00 2.642120924494729461e+00 -2.235180251222270265e+00
-7.149563424436374603e+00 1.987194777546728020e+00 -1.411221855682174509e+00
-7.088407662010522081e+00 1.779105414321233702e+00 -1.401258840123599470e+00
-7.126268127657443330e+00 2.494236228195268801e+00 -1.670265066666692277e+00
-7.136252563371297875e+00 2.544526638230483417e+00 -1.534280077641152706e+00
-6.862637204494174803e+00 2.045207724866038301e+00 -1.412382569433118684e+00
-7.336085405995180331e+00 1.838214540260340701e+00 -1.155576507928274932e+00
-7.051345078461604743e+00 2.447304351755631657e+00 -1.394289398336407970e+00
-7.068702824872535651e+00 2.489318915578797142e+00 -1.354480758689041053e+00
-6.805349512181869009e+00 2.172162191981211521e+00 -1.120835291490386521e+00
-7.167371723947074891e+00 2.042393429429655960e+00 -1.409913214801248538e+00
-7.119677605737321890e+00 1.702714821904233622e+00 -1.635376681765015716e+00
-7.324866604659320934e+00 1.861124436372076918e+00 -9.042071981988306639e-01
-7.788167066260395899e+00 1.365288726664897423e+00 -1.387987422243505131e+00
-6.787942895535537424e+00 2.684606505348420047e+00 -1.172542221702895571e+00
-7.534636318728456850e+00 2.272116812915367046e+00 -1.303025148124634436e+00
-6.807634656139511797e+00 2.477384904336374039e+00 -1.529062906870035432e+00
-7.025210241363494035e+00 2.116307830559317260e+00 -1.469811348564453057e+00
-6.946201670708120446e+00 2.508045127338180080e+00 -1.519824770589695229e+00
-7.210978864860677184e+00 1.883348974548514354e+00 -1.381676826112722134e+00
-7.230260837360430237e+00 1.841097637747123761e+00 -1.257509391458637937e+00
-7.581232724066600426e+00 2.139333224718397819e+00 -1.379130790641064142e+00
-6.242095167717653936e+00 2.344542821449643988e+00 -1.093077080977788329e+00
-7.043302283886952786e+00 2.405806516538892215e+00 -1.812175783752936420e+00
-7.570866480922190611e+00 2.128813637232028988e+00 -1.291267735808072636e+00
-7.139626736707221255e+00 2.269322751396369409e+00 -1.291455316608939974e+00
-7.067025035798486954e+00 1.997116909303050969e+00 -1.788183877544432088e+00
-6.968745385075430399e+00 1.721482828179546010e+00 -1.445404778106400556e+00
-7.069115975014372388e+00 1.941897158229953790e+00 -1.385172150877513220e+00
-7.355146732547662047e+00 2.074879259673292342e+00 -1.481154911320891943e+00
-6.404825100067682797e+00 1.827582357090322907e+00 -1.370852077746798292e+00
-6.789664122592905748e+00 2.252962953968415505e+00 -1.484507871705951665e+00
-7.462547746902837176e+00 2.027240560771170763e+00 -1.047034609737729438e+00
-6.812759806689136610e+00 1.574455440919074967e+00 -1.510581360798826100e+00
-7.825043235373438044e+00 2.029805196677857637e+00 -1.343606433692497326e+00
-7.282298181267288228e+00 2.318496256022343438e+00 -1.469473048890183486e+00
-7.405476815866041562e+00 2.783063659015200919e+00 -1.181860061883358570e+00
-7.445961535826260302e+00 1.815309779502691567e+00 -1.327702968160650920e+00
-7.172029312535901369e+00 2.286319111505208390e+00 -1.543780359986126838e+00
-6.613533463510687938e+00 2.322379572801837710e+00 -1.799241790282896325e+00
-6.595135961400575120e+00 1.345816642451304279e+00 -1.261423824554056772e+00
-6.777917760335846253e+00 2.472208486530147020e+00 -1.350968346025032574e+00
-7.443299102369799414e+00 1.628865523839938989e+00 -1.572539438882547547e+00
-7.597037759609337471e+00 6.681822409190830703e-01 -1.039402408463249605e+00
-6.534850132453542848e+00 2.109340865219228700e+00 -1.480475196674032823e+00
-7.417265062491184224e+00 1.958118727794037728e+00 -1.430808922975870701e+00
-7.346367568517581326e+00 2.320823439555865342e+00 -1.538049849958960991e+00
-6.717944687894083167e+00 1.866070674079952640e+00 -1.370544200368012833e+00
-6.998016224009696806e+00 2.100892699210388237e+00 -1.436822851151222880e+00
-6.132212551909790754e+00 1.651514607788153288e+00 -1.447458438175374118e+00
-7.306603379264339893e+00 2.420809149035276775e+00 -1.315488392546253049e+00
-6.911930311554904449e+00 2.121215431042501987e+00 -1.244531703284157853e+00
-7.481861453724024003e+00 1.409952645333736099e+00 -1.473938204685240283e+00
-6.935602267407675825e+00 1.568875471239737696e+00 -1.458505073177706945e+00
-7.060770554873299965e+00 1.544411642679041963e+00 -1.397997029717812811e+00
-6.417239218808635570e+00 1.632181440390467531e+00 -1.719626927919684967e+00
-6.396648745047880169e+00 2.564346308467838398e+00 -1.590695373836529702e+00
-6.870731219317494087e+00 1.251392740585455021e+00 -1.378535482111826305e+00
6.500063714433436246e+01 -2.583172634576922633e+01 8.908644216163974505e-02
-7.318818867752004742e+00 2.318299964539118907e+00 -1.478173926585368836e+00
-6.601581167075403656e+00 2.060655396723289901e+00 -1.391494751504569694e+00
-7.039446748805471721e+00 2.142777756574098635e+00 -1.258255727890813747e+00
-6.459967628990345823e+00 1.977790189825416212e+00 -1.369068770665727186e+00
-7.217136275375047205e+00 1.441958809618168136e+00 -1.434297041659340355e+00
-7.086790443440609266e+00 2.159491437554482030e+00 -1.629991241972647220e+00
-7.093294157234023345e+00 2.261690274503076470e+00 -1.442330621851338091e+00
-7.151710393734811433e+00 1.926873492724805681e+00 -1.390450093365073858e+00
-7.108914320960351141e+00 1.507819498243311740e+00 -1.713792536659948462e+00
-7.879205750594262092e+00 2.594965279924359880e+00 -4.208910339402232026e-01
-7.100514047166584852e+00 1.892593545806468880e+00 -2.856665115098803387e+00
-7.249631894930019804e+00 2.719556970215527780e+00 -6.787215757286544360e-01
-6.671795071603351168e+00 2.830822447275068487e+00 -8.979872879059905832e-01
-6.727889804537056762e+00 1.752694511944197675e+00 -1.448181469875519989e+00
-6.660286227342324672e+00 2.452723937121562781e+00 -1.151539961877977802e+00
-6.644842185173563287e+00 2.245351263145925813e+00 -1.487331231376736618e+00
-7.168428192577146696e+00 2.195299068476269433e+00 -1.499383707849626379e+00
-7.100202639130102078e+00 2.420974652522076109e+00 -1.515269135682532298e+00
-7.801887132834783856e+00 2.738623905957725313e+00 -7.815185861170149684e-01
-7.230260212185141810e+00 2.456283956860867868e+00 -1.493746037265962778e+00
-7.084820216924835989e+00 2.061977123710123649e+00 -1.185095262161580454e+00
-7.551686560344198718e+00 2.894206227595700565e+00 -8.241475049721928015e-01
-7.049796251330495700e+00 2.179202067529581566e+00 -1.214852287378449969e+00
-6.754458963461298815e+00 1.840823924242771081e+00 -2.968096769765957266e+00
-6.954935823949127460e+00 1.077943397094682565e+00 -1.097081285438134213e+00
-6.648062150210050092e+00 2.481394269138582853e+00 -1.615228868803463724e+00
-7.504869612231671816e+00 1.995030656617178266e+00 -1.636193091799134303e+00
-7.036347869062049121e+00 2.451835096430973415e+00 -1.569974935692435070e+00
-7.367202905395324741e+00 2.083688626167421898e+00 -1.222999588382682967e+00
-7.518492385761716079e+00 2.491243050299794426e+00 -1.379363074528664912e+00
-6.887659449951483381e+00 1.592554641644891911e+00 -1.216581896028880339e+00
-7.261039737558125040e+00 2.369259973150064535e+00 -1.854993407898212210e+00
-7.104230363200795040e+00 2.292317341330390335e+00 -1.391712227923662004e+00
-7.990231725672202856e+00 2.544268874145231951e+00 -1.999899387478803137e+00
-6.733641344622291136e+00 3.030895480936387276e+00 -1.262841933297831343e+00
-6.436223589922211552e+00 2.255744918960429057e+00 -1.657065639900723086e+00
-6.896352628026515497e+00 1.693898028974158532e+00 -1.478341346486637509e+00
-7.141701953415785731e+00 1.629028800554211287e+00 -1.501619089861133904e+00
-7.211284170610213984e+00 2.174207750998486954e+00 -1.550469763065424278e+00
-7.056249620837438563e+00 1.812851838526495118e+00 -1.634488343806668853e+00
-7.670372054305292231e+00 2.069160585955022835e+00 -1.457972378582235606e+00
-7.613617597584696028e+00 2.094574705510873436e+00 -1.598030741164127244e+00
-6.933634497853015333e+00 1.614844356642962886e+00 -1.533218747012208505e+00
-7.230221345818803158e+00 1.955306853897951225e+00 -1.201103200024501216e+00
-6.941861342574875415e+00 2.038830634502900807e+00 -1.178020808097366201e+00
-6.775131048957043767e+00 2.354127177575963348e+00 -1.454085526704461451e+00
-7.690448325101076676e+00 2.648385149656713455e+00 -8.471737810878046115e-01
-7.470498832909716391e+00 2.067103924874553744e+00 -1.185951246035325646e+00
-7.464872836975674275e+00 2.380145534626190607e+00 -1.405424111506082818e+00
-6.471005989416816817e+00 2.093211393201601656e+00 -1.212221508486187149e+00
-7.170478058812534528e+00 2.032867123033624157e+00 -1.419526035138002795e+00
-7.173175072861088353e+00 1.724592106576181338e+00 -1.514706142759471907e+00
-7.539542910677002219e+00 1.701731813321434972e+00 -1.564918983402087349e+00
-6.904280348909247245e+00 1.824666793102917683e+00 -1.559534689813379726e+00
-7.072676910602845091e+00 2.422888384743759005e+00 -1.647353727002676127e+00
-7.239390349624843957e+00 2.231060458394569235e+00 -1.439280448019186309e+00
-6.923228187559844926e+00 1.690016246666088406e+00 -1.513433627469627618e+00
-7.495974512467701523e+00 2.138495607105021623e+00 -1.377326662765278709e+00
-7.045491093934256099e+00 2.171699803059884193e+00 -1.459560550285773139e+00
-7.614054955790381385e+00 1.941024794745985993e+00 -1.426489372994825811e+00
-7.961702330101714686e+00 2.636147677325793470e+00 -1.843529091858902902e+00
-7.650727623516655918e+00 2.984625424857704878e+00 -1.824980054065825863e+00
-7.291736526868154655e+00 1.976072949358388176e+00 -2.073259251426981642e+00
-6.289381916280770923e+00 1.367347743161100526e+00 -1.161992107725096979e+00
-6.691402796713803447e+00 1.561623276298054197e+00 -1.687410054696701689e+00
-7.394754108729946651e+00 2.334378632626546324e+00 -1.555862239728073915e+00
-6.416215360726043038e+00 1.598244250852193460e+00 -2.116095726686295642e+00
-6.799442156653800140e+00 1.744897284306630159e+00 -1.404620659259605997e+00
-6.980417201380535452e+00 1.866147201027373193e+00 -1.332877021520586069e+00
-6.919702485215389665e+00 1.914292014170519973e+00 -1.439607130184377359e+00
-6.742267297994542830e+00 1.005198696398381442e+00 -1.678058404283320648e+00
-7.083189615879244450e+00 1.761741736188140672e+00 -1.643051321887521121e+00
-6.562367179986020815e+00 2.263352365876657668e+00 -1.628503200972153175e+00
-7.022007742418848508e+00 1.802411764253441184e+00 -1.591037257060190946e+00
-6.700150248929769958e+00 2.328051413475808129e+00 -5.117080897380502091e-02
-7.196735033630485390e+00 2.021838398166523110e+00 -1.013022391840295411e+00
-7.479295635234741724e+00 2.088001660527880166e+00 -1.676259828478300351e+00
-6.880887886480881122e+00 2.537525047462878103e+00 -7.031487589891696199e-01
-7.565675436558530365e+00 1.710808105435742021e+00 -1.156448278283336739e+00
-6.963721387270250140e+00 2.073757449074370207e+00 -1.330936402328753765e+00
-7.343074393708922898e+00 2.131598350241252326e+00 -1.476081077973943056e+00
-7.370621973754351686e+00 2.704117198460206595e+00 -1.509878585739151013e+00
-7.305731371897962845e+00 2.711342206999347137e+00 -1.358315269426179306e+00
-7.517641861214817034e+00 2.180649227148135694e+00 -1.312210959529465759e+00
-7.042619712611193350e+00 1.546750792986319123e+00 -1.054203412237418869e+00
-7.375551791988205430e+00 1.968623081991387691e+00 -1.486205700449629186e+00
-7.368369574615551088e+00 2.038271140232150280e+00 -1.424920877621841608e+00
-6.693045976431849731e+00 1.840411039855771591e+00 -1.640280905939515144e+00
-7.291074138686025385e+00 2.437256996615596805e+00 -1.408321195931379277e+00
-7.328112711094584064e+00 1.595919084922411191e+00 -1.464509481904552990e+00
-6.795467323690475681e+00 1.210687247840209091e+00 -1.605087567538401538e+00
-7.289877511051098047e+00 1.466563579484007729e+00 -2.503180271151477232e+00
-6.916416989694797124e+00 2.362831601299979489e+00 -1.747836461132612484e+00
-7.180604613216561738e+00 2.154942217077835842e+00 -1.276351928966268146e+00
-7.043710540877784254e+00 2.192262775961130838e+00 -1.492979208046738560e+00
-7.075266513235046517e+00 2.607087892603694002e+00 -1.133516779849359057e+00
-6.126939810474163473e+00 1.892520284152459986e+00 -1.623732876114201140e+00
-7.008784151287716035e+00 1.678953754613625726e+00 -1.240547023794024595e+00
-7.257245430679860831e+00 2.012348846018643833e+00 -1.312548094173384694e+00
-7.539521944032222756e+00 2.265815205306764835e+00 -1.485989457835611427e+00
-6.663306198929245028e+00 2.375117390063825162e+00 -1.286409636205093410e+00
-7.236476246320468597e+00 1.911440297420868850e+00 -1.606620401496757777e+00
-7.015124071581289478e+00 2.103685562517248364e+00 -1.263874883474728872e+00
-7.519993214755463562e+00 2.285676442111855611e+00 -1.460893212796506191e+00
-7.248553263326025231e+00 2.108133846114253362e+00 -4.530347067554188478e-01
-7.321128059089208051e+00 2.292010001551927800e+00 -1.434755583106365417e+00
-7.127828071778585795e+00 2.247486091509691697e+00 -1.447073955847142823e+00
-6.618509903201363898e+00 2.235856487655541791e+00 -1.540388765822594985e+00
-7.192336601233601634e+00 1.759453340741236493e+00 -1.391784979844528980e+00
-7.257723007329469844e+00 2.349545020756065306e+00 -1.681201740553370572e+00
-7.314367298711293763e+00 1.655585251025648130e+00 -2.247456997879622165e+00
-6.884753205372997620e+00 1.798080131228759093e+00 -1.555315817314415927e+00
-7.189854147562076747e+00 2.428250523902567348e+00 -1.678921250577583679e+00
-6.644584823356430192e+00 1.800213214992200772e+00 -1.703619450093447618e+00
-6.690200620043579072e+00 1.715011582424221581e+00 -1.363546370875727165e+00
-7.018840243161823089e+00 2.467457587905163674e+00 -1.522079587326221395e+00
-6.982984559616354225e+00 1.245486452277768885e+00 -2.070241169913081603e+00
-7.005847816118691895e+00 2.100701279169911562e+00 -1.458115666329983906e+00
-7.436073493866799389e+00 2.723966241684013134e+00 -1.461973996956445143e+00
-7.307142031657041237e+00 1.642741067303775004e+00 -8.424386347410121045e-01
-7.159825111076315807e+00 2.033884060706984798e+00 -9.093566815122779978e-01
-7.084217787515735942e+00 1.632913139473627595e+00 -1.737055373946398529e+00
-7.145420784612196208e+00 1.553667033794388086e+00 -1.498545002104437973e+00
-7.160201299494812766e+00 2.324920560458791030e+00 -1.363341452285031563e+00
6.499697259522272930e+01 -3.482488755604546071e+01 -7.117917041970271974e-01
-6.915988465435515486e+00 2.258332088810153238e+00 -1.470073085185621631e+00
-7.111377395421180303e+00 1.644811270940903514e+00 -1.332728516174243039e+00
-7.381141535327178538e+00 1.956294797606727975e+00 -1.456709532024593523e+00
-6.942264785084375056e+00 1.770426975770786671e+00 -1.193643938616535394e+00
-6.691981764197310945e+00 2.513049168435883995e+00 -1.540724253908265950e+00
-7.634984874872349891e+00 2.034421413569389436e+00 -1.438552841511469449e+00
-6.886087536402579090e+00 2.048481839773350632e+00 -1.642639577980650856e+00
-7.073547608489270111e+00 1.883565592749811168e+00 -1.354666437838525139e+00
-6.823071878558934600e+00 1.545951413405917574e+00 -1.077501509071102426e+00
-7.336444595849382466e+00 2.062138201830940876e+00 -1.530788992872630150e+00
-7.218880957487286310e+00 2.347675202248806769e+00 -1.377018011397640906e+00
-7.035033381259201413e+00 1.387723040290125720e+00 -1.221073393630122128e+00
-7.188566694049066008e+00 1.739112623013526315e+00 -1.463682793472215415e+00
-6.568582115800688292e+00 1.961008964281356626e+00 -1.471897153053507434e+00
-7.079800108655384783e+00 2.081831224591236484e+00 -1.458834797942539341e+00
-7.911208132226881240e+00 2.140355095812578767e+00 -5.156537611066928095e-01
-6.696550574323944183e+00 1.690775199524388483e+00 -1.231538776056770423e+00
-7.307973926483144034e+00 1.956519833614488002e+00 -1.752490639085464430e+00
-7.331159260762526664e+00 1.836022682648904558e+00 -1.443312002220950685e+00
-6.789082744203624564e+00 1.940645895137512289e+00 -1.478221420484952198e+00
-6.956106015340774107e+00 2.262074447751599493e+00 -1.238228328439188619e+00
-6.818409482828532653e+00 1.650748509902205008e+00 -1.310122270650054599e+00
-6.950180357743772852e+00 2.082553180217813882e+00 -1.424238086601228970e+00
-6.384469396565345178e+00 2.118311565515529793e+00 -1.227604329545504136e+00
-6.518443542191082685e+00 1.098191228365236416e+00 -1.513086345517209441e+00
-7.138963632996634168e+00 2.444207280521024206e+00 -1.317797888818307062e+00
-7.214372422671168295e+00 2.441015084908990662e+00 -1.459352152381969248e+00
-7.275835325117999020e+00 1.344057361822009300e+00 -1.606927851643020988e+00
-7.119922667101021396e+00 2.083147946688379104e+00 -1.413168092062665027e+00
-7.122543450473365567e+00 1.728232574018379930e+00 -1.730326598095075274e+00
-6.706221903136889040e+00 1.923767624137217469e+00 -1.498487116464274793e+00
-7.490639043810210396e+00 1.588507027544486139e+00 -1.436088623837637801e+00
-7.326701414736576545e+00 2.036471424183420531e+00 -1.387167490617367882e+00
-7.626400924077196386e+00 1.794956524984885560e+00 -2.871708527187700977e+00
-6.900537026560051856e+00 1.590736152659758984e+00 -1.372066879167782805e+00
-6.891810494513444851e+00 2.009576511331400805e+00 -1.368645069800030978e+00
-6.768797199069860326e+00 1.694885492131848581e+00 -1.377222880032440200e+00
-6.670050045705953501e+00 1.807925416249069217e+00 -1.363534434231015835e+00
-6.584712481220052815e+00 2.077537952334824745e+00 -1.255679555799307234e+00
-7.052949957407557591e+00 1.856533444227579155e+00 -1.442688859834594384e+00
-6.908374469493890224e+00 1.718471990416164052e+00 -1.406796247187403592e+00
-7.240098160642459035e+00 2.383082696722446769e+00 -1.397082697807539908e+00
-6.507493914320250816e+00 2.295947258683965320e+00 -1.600141316106667544e+00
-7.199045244679569855e+00 2.315041824772346324e+00 -9.915381100661382341e-01
-6.812340589730128571e+00 1.868765841279810491e+00 -1.407827923114740587e+00
-6.869113751650005817e+00 1.634284233698149125e+00 -1.302241413434937378e+00
-6.864671041671615903e+00 1.898310231760421907e+00 -1.495392015532556851e+00
-7.105931486815804554e+00 2.492201366188300238e+00 -1.454171180982839040e+00
-7.733420579648012883e+00 2.578094683027292611e+00 -1.441942421679006214e+00
-7.746734658379055283e+00 2.160906575110995043e+00 -1.454711286824338146e+00
-6.736551686867653821e+00 1.569894130141826105e+00 -1.590407452453039383e+00
-7.245498716992095467e+00 1.917779159310755599e+00 -1.384577530555385572e+00
-6.845341942731995033e+00 1.919108167210535232e+00 -1.546696176572338599e+00
-7.021564526695877717e+00 2.387147076229555243e+00 -1.983538232112699085e+00
-6.483027127813156376e+00 1.923854475917247786e+00 -1.075954932335523084e+00
-7.267689022651802944e+00 2.306754051245455628e+00 -1.558523646318727307e+00
-5.654484561938474485e+00 1.852483472638492223e+00 -1.236649529721555840e+00
-6.688387229123553546e+00 1.657102507095290500e+00 -1.006011657354094702e+00
-7.455319469257865705e+00 1.831013051758323629e+00 -1.599252523185166641e+00
-8.048603582037094029e+00 2.386620614108963867e+00 -1.787954740609480009e+00
-7.111994323237472493e+00 1.753389046932741335e+00 -1.286898480451187154e+00
-7.191822439341659212e+00 1.684064757260286926e+00 -1.503184494149670813e+00
-6.861436413196916995e+00 2.291248546137538700e+00 1.016448863625721427e-01
-7.306382312819446057e+00 1.441527322821671619e+00 -1.744787678350746107e+00
-7.027430357493122060e+00 2.550529704056370583e+00 -3.925226472861131910e-01
-7.541416271912863678e+00 2.232711269322508851e+00 -1.457479224752446179e+00
-7.092313935926955359e+00 2.235000851025832347e+00 -1.462803343033993508e+00
-6.965180928681470540e+00 1.911016336889453715e+00 -1.524936511672092543e+00
-6.494432618886404995e+00 2.137339284476081236e+00 -1.378438707301908872e+00
-7.217476859517135246e+00 2.588081072375945979e+00 -1.706398864690125805e+00
-7.031448616669454310e+00 1.618471666129255304e+00 -1.379447740818874557e+00
-6.823195955065982865e+00 2.361116366680435341e+00 -1.258739254000435404e+00
-7.897134043883429655e+00 2.597509371942656298e+00 -1.834690971833015327e+00
-6.949226661866985566e+00 1.689540400212377280e+00 -1.551859365625575915e+00
-6.966288410647544893e+00 2.638861908058138361e+00 -1.286822252155375601e+00
-7.101154903931419682e+00 2.104500020556170359e+00 -1.046787713099609940e+00
-6.780125812506199168e+00 1.658282620311379185e+00 -1.414694486929391148e+00
-7.167549147857267933e+00 1.688075691310351845e+00 -1.293262378304289140e+00
-6.704338899686274722e+00 1.574554528610385029e+00 -1.415543270853420799e+00
-6.337426489308089828e+00 1.507575754629348008e+00 -1.732926736113420185e+00
-6.718268512087345101e+00 2.541446577305818799e+00 -1.318983817665347003e+00
-6.803820887804276296e+00 2.102689756319378045e+00 -1.504090450408521296e+00
-7.116099562852578941e+00 2.112496428907699286e+00 -1.445609080231797572e+00
-6.440201025553472292e+00 1.859461535804904031e+00 -1.652783396349361444e+00
-6.711460353533019507e+00 2.754476660120478648e+00 -1.661173072879628343e+00
-6.555371279502786308e+00 1.943772706518972271e+00 -1.598961260215104874e+00
-6.514377991403979884e+00 1.711048583946189749e+00 -1.066524349148307849e+00
-7.251325095202851401e+00 2.114968162370942650e+00 -1.269764303201649458e+00
-7.504237381268446860e+00 1.834839100506860499e+00 -1.182843226796843838e+00
-7.141064951246381298e+00 1.894160543025003918e+00 -1.131549637098202554e+00
-6.904330103970414356e+00 1.807240353674406608e+00 -1.472124174667175156e+00
-7.099778168543266155e+00 1.868090328732145977e+00 -1.638844025270638216e+00
-7.062901571917928223e+00 2.319742166389808347e+00 2.204585363989677860e-01
-7.314351464651204004e+00 1.721906452598673809e+00 -1.591186789915533195e+00
-7.421278712884740614e+00 2.288837145675278517e+00 -1.548108334981463718e+00
-6.559687728817076291e+00 1.847479381755618988e+00 -1.444761402526242078e+00
-6.841106962041830108e+00 2.300470581325225972e+00 -1.566867108411724940e+00
-7.143762937022544612e+00 2.243319478413439594e+00 -1.448683015457655987e+00
-7.035746153587961516e+00 2.774262059476036768e+00 -1.463775332584985822e+00
-6.933528407260435955e+00 2.059381527516924049e+00 -1.705819918156656678e+00
-6.780513963612460948e+00 2.316245498760258759e+00 -1.654867174893636328e+00
-7.202757654677719223e+00 2.376241897517287427e+00 -1.480518758126103451e+00
-6.468796747678653425e+00 1.729332557067253529e+00 -1.450348336142752714e+00
-6.387073408026913590e+00 1.713292755781113286e+00 -2.022376785856978554e+00
-7.463566605635591600e+00 2.119625321119622985e+00 -1.449325927597710839e+00
-6.757391450148966250e+00 2.203141428348359465e+00 -1.044415250955135210e+00
-7.418896541555172419e+00 2.406202310145189038e+00 -1.510884233390185072e+00
-7.290823072566499086e+00 2.193165271766543967e+00 -1.509280117214599093e+00
-8.023455124376335235e+00 2.228210062676003300e+00 -1.226356549600972956e+00
-7.182548159921085862e+00 1.941511363585967320e+00 -2.128891945824448850e+00
-6.697518366287326330e+00 1.845559789795700567e+00 -1.477911744156199303e+00
-7.596958499694020261e+00 2.029906197033167548e+00 -7.627756917740822207e-01
-7.067194666096429323e+00 1.992377223403966502e+00 -1.379045598240838277e+00
-6.909547938776192666e+00 2.376422455333591977e+00 -1.320284486306508853e+00
-7.146849086944493834e+00 2.433885421793208437e+00 -1.424529891220836841e+00
-7.187745112620910426e+00 1.830217435684805327e+00 -1.451195741188000321e+00
-7.215760165865254372e+00 7.659743930429498970e-01 -1.471918666816879107e+00
-7.376078287337361594e+00 2.151918158128288461e+00 -1.162928935655371143e+00
-8.250271908762702111e+00 1.310751097987269853e+00 -1.245029243952388898e+00
-7.398700406561867560e+00 1.450229139852656335e+00 -1.561804637501849058e+00
-7.131440949393588191e+00 1.633229832721015518e+00 -1.353512874671794375e+00
-6.966404646687800906e+00 1.703492861187669405e+00 -1.348564305586338108e+00
-7.184405708705964955e+00 2.248810965593580846e+00 -1.506055451095801967e+00
-6.833838215570810171e+00 3.015544971382104755e+00 -3.677839362706154525e-01
-3.318404866786678298e+01 -7.335208747783667604e+01 -6.600355811607616641e-01
-6.708297074492024947e+00 1.924225549498967736e+00 -1.257978261463945646e+00
-7.352229070421377521e+00 1.528191493699369463e+00 -1.283870627594210001e+00
-7.524094010116375131e+00 2.574511581240067848e+00 -1.453390215111218575e+00
-6.718373280609815978e+00 1.924405589862444810e+00 -1.498164272690654109e+00
-7.209886668527584419e+00 1.732384320219654272e+00 -1.177852820480668639e+00
-6.601943656886646750e+00 2.134471883489786670e+00 -1.363377081051989625e+00
-7.239963179107966162e+00 1.804694306655476810e+00 -1.339334201507916600e+00
-6.863718518605436358e+00 1.996564425121578168e+00 -1.648356921875336445e+00
-6.979710096779866646e+00 1.684477157811562265e+00 -1.543550292378665700e+00
-7.375585171343669977e+00 2.163454439537008334e+00 -1.812348136913299435e+00
-6.926140904127293219e+00 1.689704250747982917e+00 -1.480483367654750637e+00
-6.818742473723612640e+00 1.820644859339026755e+00 -1.462288293189307531e+00
-7.400835033768979443e+00 2.414453892872273855e+00 -1.661767239726108292e+00
-7.048788717161695416e+00 2.114432980948274921e+00 -1.500133528882390710e+00
-7.286507146442139593e+00 1.475881056148971915e+00 -1.576349526315720118e+00
-7.323259073915025397e+00 2.097146685637204300e+00 -1.380060701400775969e+00
-6.944633528244092524e+00 2.589975722611229436e+00 -1.173007007388521039e+00
-6.884333946202211507e+00 1.732285216163649499e+00 -1.415743073554771359e+00
-7.893964790412697496e+00 2.821549725169743894e+00 -1.826033583590168874e+00
-7.102698653401207096e+00 2.020419738258499187e+00 -1.646018783514167083e+00
-6.781432665237532298e+00 1.631732938230535668e+00 -1.206299520561864957e+00
-6.195771940294617863e+00 2.408852904394130690e+00 -1.576222791556850966e+00
-6.510063173355778332e+00 2.025897585511784449e+00 -1.569899026393086539e+00
-7.472929492791629436e+00 2.299239740942506049e+00 -1.490165078072493987e+00
-6.127887713335720576e+00 2.071503681916220252e+00 -1.418447627023588620e+00
-7.322709398128025349e+00 2.445841604394812130e+00 -1.191878421164391799e+00
-6.467287405865689287e+00 1.475834441519211726e+00 -1.734194252716358298e+00
-7.595767646673997397e+00 1.529403753724137838e+00 -1.483468503108276160e+00
-7.030467122736836494e+00 1.549321624932625818e+00 -1.384621342294568125e+00
-6.554634311323171758e+00 2.123836361589662936e+00 -1.636361527380039593e+00
-6.997638029491861644e+00 1.912686815222595094e+00 -1.389890528804138325e+00
-7.465160464998626288e+00 1.984875608342438369e+00 -4.593315494123322296e-01
-7.087786601866595149e+00 1.889127090847521284e+00 -1.392985530798843463e+00
-7.291849991529100627e+00 2.670485117365152483e+00 -1.646044094437804084e+00
-6.266559410594483737e+00 1.912978071661886714e+00 -1.021156364046086118e+00
-6.604501575340595565e+00 1.789850957302116852e+00 -1.595184288161933583e+00
-7.245797135071383899e+00 2.442832407867231215e+00 -1.560365387324335273e+00
-7.081532948229138924e+00 1.563005054113696390e+00 -1.419929854839207639e+00
-7.582569055502278665e+00 2.230986014989388977e+00 -1.610952754930955466e+00
-7.223266098572226568e+00 1.810653778493077848e+00 -1.462878165509143180e+00
-6.549884504364619886e+00 1.743802438054081971e+00 -1.144970508511132357e+00
-7.407921517244514753e+00 2.321970212787384913e+00 -1.983128346758821881e+00
-6.588949903484913939e+00 1.843185241459233348e+00 -1.518614348396646774e+00
-6.618532106282549954e+00 2.212839863256767625e+00 -1.596087130471067761e+00
-7.021707653972026897e+00 1.785746922521961100e+00 -1.266449916666247733e+00
-7.174755161097262857e+00 2.006229042745260038e+00 -1.381888443440858483e+00
-6.354076930205430074e+00 2.142027564395576622e+00 -1.589614056478669379e+00
-6.968571667638863154e+00 3.001137279766187493e+00 -1.262655869424343935e+00
-6.617270545868850107e+00 1.881209574225562564e+00 -1.390458616627771038e+00
-6.673279411230874203e+00 1.776107837049832217e+00 -8.694220665408586290e-01
-7.157157272512936430e+00 1.753939801386788400e+00 -1.499641595356195012e+00
-6.617708416060223087e+00 1.339662450518193992e+00 -1.761983474599456256e+00
-6.894005012302411473e+00 1.803815074276029273e+00 -1.678941450978738592e+00
-8.051226723257807194e+00 1.724647189470389863e+00 -1.544221289147707621e+00
-6.900765489345490167e+00 2.096083556389578550e+00 -1.374540592600340450e+00
-7.130847541831509595e+00 1.626269658416447106e+00 -9.142514198904123646e-01
-6.416169356888200781e+00 2.571719070740769553e+00 -1.438828523234084500e+00
-6.838955439722056440e+00 1.814228744195257148e+00 -1.345483404407976868e+00
-6.992779822754937591e+00 2.361554334255842935e+00 -1.270113063780726304e+00
-7.192224349361023172e+00 2.112359778033084723e+00 -1.465303430374502280e+00
-7.472424558035854147e+00 1.472575092113535655e+00 -1.530816266731729991e+00
-6.439200260629670325e+00 1.807490984354739760e+00 -1.365665845833158532e+00
-6.949870832036169510e+00 1.437755074386292353e+00 -1.491360481079309963e+00
-7.271677107473744073e+00 2.707486005471083423e+00 -1.578138480783899844e+00
-6.898079678620712585e+00 1.713512468519723164e+00 -1.214906334080533279e+00
-6.946431688809289184e+00 1.626630011794604647e+00 -1.413373904013083049e+00
-7.449126997632727232e+00 2.252410182733371791e+00 -1.541201399113721004e+00
-6.944802160886935916e+00 1.657420306020895184e+00 -1.329922840251829053e+00
-6.512818533162715084e+00 1.849339361596175069e+00 -1.241304370052497053e+00
-6.696666291418646111e+00 1.803955395325361755e+00 -1.490527024924443333e+00
-7.262249523501435711e+00 2.745381563724268670e+00 -1.185574089423184763e+00
-7.376302524409291905e+00 1.680202475870834489e+00 -1.271991009110090110e+00
-7.838158601498244948e+00 1.722951483840830189e+00 -1.902156251171729373e+00
-7.024575318721796080e+00 1.378036132789090429e+00 -1.356688594228601996e+00
-7.599206838721491941e+00 1.617672165711777188e+00 -1.575621504572958687e+00
-7.267145270926317124e+00 1.645443884546677005e+00 -1.535397690328428988e+00
-7.267087543226553592e+00 1.786697613857126221e+00 -1.569629818469637783e+00
-6.780592488185643418e+00 1.671985007055906802e+00 -1.641884345746577711e+00
-7.334027580693332382e+00 2.102266136931804752e+00 -1.414131837432675232e+00
-7.327776355605498892e+00 2.323463409725248674e+00 -1.027778528124771107e+00
-7.228502586751259784e+00 1.679969957411411974e+00 -1.160180456781582325e+00
-6.608301534173977032e+00 1.942488922259024031e+00 -1.542520899905553300e+00
-6.250366056063953124e+00 1.206252822181619333e+00 -1.762565378826486340e+00
-7.102597047354179516e+00 1.541941388402944924e+00 -1.484177783564831099e+00
-6.941789901076884206e+00 1.697863191574783714e+00 -2.271387148867494599e+00
-7.250552260837349827e+00 1.885071606482486617e+00 -1.038686839980863308e+00
-7.093508297730845236e+00 2.114099351913837577e+00 -1.500131390419847222e+00
-7.429234907714634240e+00 1.568453262997916653e+00 -1.511146605162960066e+00
-7.074817836808079186e+00 1.737295039119920670e+00 -1.455383874930354038e+00
-7.133644948872826852e+00 1.743919080483640860e+00 -1.412416284169102809e+00
-7.672254662590343166e+00 1.636061095275611832e+00 -2.163303213559543803e+00
-7.156664179657187930e+00 1.963955712656437536e+00 -1.415758173295362132e+00
-7.501374568060149350e+00 1.907884381319168821e+00 -1.454522228208439794e+00
-6.749714037934034572e+00 1.667213265406681799e+00 -1.463384426688839612e+00
-6.872025632320982957e+00 1.777225702639604110e+00 -1.445168401418127191e+00
-7.859820554314438823e+00 1.574954674207374339e+00 -9.097322961965768062e-01
-7.315052395432492638e+00 1.925953028052078908e+00 -1.272538480932069893e+00
-6.631381445777900119e+00 2.292106175336735774e+00 -1.804965687465014623e+00
-6.662504019103108632e+00 2.075684792778310417e+00 -1.343116958271498573e+00
-7.106677966268771129e+00 2.114379527727006547e+00 -1.464248995974837930e+00
-7.106753174002042428e+00 2.134180434617499067e+00 -1.430786899814331825e+00
-7.297791490783954060e+00 1.656140676945785373e+00 -1.188375331582746552e+00
-7.178031965808844284e+00 2.315629101522756361e+00 -1.615751641375026582e+00
-7.280840656838808655e+00 2.364489188257220320e+00 -1.415079548706239754e+00
-7.533852606120644779e+00 2.739965138679012036e+00 -1.462940859368406787e+00
-6.560972245498541966e+00 2.414053059862372841e+00 -1.183176490334838515e+00
-7.394267986314833507e+00 2.177131254887082257e+00 -1.454932353804029299e+00
-7.150312512700402579e+00 1.624240767344658609e+00 -1.915825024355682693e+00
-7.433695888918862238e+00 2.210250485453831626e+00 -1.410905758806535237e+00
-7.028904772301367565e+00 1.652565534461754027e+00 -1.337702183977161452e+00
-6.986389968024790065e+00 2.306519728350337584e+00 -1.531315151079762682e+00
-7.476960985502595136e+00 1.654651522047323908e+00 -1.842164955451824015e+00
-7.111111267216624121e+00 1.744916889805000704e+00 -1.662136178426815381e+00
-6.942856088887482180e+00 2.117106013656154140e+00 -1.460185420120836852e+00
-7.108281184354917848e+00 2.873418286290893242e+00 -1.191613943961981503e+00
-7.175467506474282331e+00 1.625006625794612303e+00 -1.361640685654541549e+00
-7.009977466925874090e+00 2.401195718719681960e+00 -1.365294546558752709e+00
-6.740971883167694578e+00 2.269551636843455178e+00 -1.525025904546674083e+00
-7.375323616753381550e+00 2.265888227857139281e+00 -1.380906480622975385e+00
-7.163116191203728000e+00 2.335619578662165186e+00 -1.505864407767032898e+00
-6.790845662796824556e+00 2.087455056725472602e+00 -1.520880056650968593e+00
-7.309048804749666672e+00 1.574867353834211725e+00 -1.178486334457907070e+00
-7.157902057398818130e+00 2.307216001394615912e+00 -1.440008022622095263e+00
-7.399177673634333985e+00 2.784531171412005346e+00 -2.024397119654052002e+00
-1.274019328325070610e+01 -8.326863388651091213e+01 -7.523885692792182667e-01
-6.536403880429939584e+00 1.573088653730571052e+00 -1.972408314894880332e+00
-7.014681935180415273e+00 2.570587120936795866e+00 -1.120449479714868746e+00
-6.599903166195579374e+00 1.854401110109264783e+00 -1.454818741470540688e+00
-6.449602239543146709e+00 2.030407472448650275e+00 -1.514039140720277343e+00
-7.303572696241884543e+00 1.631917312814410215e+00 -1.542616722306041410e+00
-7.095499762950624678e+00 2.440243300691870676e+00 -3.236221626639180782e-01
-6.753430091576833938e+00 2.181049240101122777e+00 -1.508845861267630983e+00
-6.873603878523543820e+00 2.050585537565432048e+00 -1.394042456373357552e+00
-6.890949420071496689e+00 2.027008443143022642e+00 -1.483381135372451087e+00
-6.481761232578881149e+00 1.831913554524879473e+00 -1.495610064561307739e+00
-6.606055877545206734e+00 2.407743483868954648e+00 -1.477341784013535442e+00
-7.101155683976208444e+00 2.196789844504039024e+00 -1.449300490213369486e+00
-7.570058496422457317e+00 2.163910843771649439e+00 -1.527686136194756017e+00
-7.198834076755462164e+00 1.864581975677561454e+00 -1.000999307083848100e+00
-7.062329261430122074e+00 1.479017863329238791e+00 -1.422199691278588807e+00
-8.005724887693599356e+00 1.792300652697697450e+00 -1.540369055259041664e+00
-7.833080943995976320e+00 2.434992326932370776e+00 -1.466591322701074063e+00
-7.132681319778781059e+00 1.515826798344982462e+00 -1.411368870640857809e+00
-7.239733848625204082e+00 1.915019007397442241e+00 -1.406750982558307106e+00
-7.541866293542573985e+00 2.156296294141130332e+00 -1.582237799221726027e+00
-7.092168437089824806e+00 2.764246944966324726e+00 -1.444358739174727013e+00
-7.117365918342406950e+00 2.227047156159055685e+00 -1.430939926650571126e+00
-6.507194246081087208e+00 2.003714130281150752e+00 -1.820459063885187412e+00
-6.988889235701789104e+00 2.458897097952035704e+00 -1.728263989729910133e+00
-6.014174948601042736e+00 2.125801162268952993e+00 -1.501905840300419737e+00
-7.052887382195391908e+00 1.948283957455623439e+00 -1.380244116397626009e+00
-7.287148470150405899e+00 2.235271229973815110e+00 -1.525627858338225895e+00
-6.983983906256385765e+00 2.006623713082916538e+00 -1.384291255882227123e+00
-7.138294026367945300e+00 2.559446093363508812e+00 -1.759993819699081197e+00
-6.484990149160529072e+00 2.536002933603310083e+00 -1.412512917121097500e+00
-7.438915450343113633e+00 2.183261981830715737e+00 -1.738905563945313482e+00
-6.381211279712171169e+00 1.718675782751005521e+00 -1.520598556021526049e+00
-6.960770439978642976e+00 2.670684730637556292e+00 -1.443586457697964009e+00
-6.819270583514844830e+00 2.123061118781219836e+00 -5.387449180757568623e-01
-7.185809683824710525e+00 2.335223894217338891e+00 -1.245950206001292804e+00
-6.729890213906370100e+00 1.652885971046134772e+00 -1.545848495767058628e+00
-7.660275905983572109e+00 1.920788839432485906e+00 -1.206919151210445795e+00
-7.207418070359753237e+00 2.382951190304878342e+00 -1.753654834605333113e+00
-7.471656078992881866e+00 1.411791729304959331e+00 -1.653954831512096657e+00
-7.361052333542877690e+00 1.991508668773403601e+00 -1.147170655704576214e+00
-7.143066876275905308e+00 1.690350099898394687e+00 -1.053450070082160739e+00
-7.292230934790008057e+00 2.587132521099578142e+00 -1.076622571363857528e+00
-7.316968149504712748e+00 1.879613133071166287e+00 -1.439582347648329375e+00
-6.584077876997843859e+00 1.931788138863362869e+00 -1.311616132329426421e+00
-6.918763722850253650e+00 1.672370640366863448e+00 -1.285594215351755887e+00
-6.739455899765006031e+00 1.946098056964218781e+00 -1.401562493719488378e+00
-6.930453728210244080e+00 2.399267795597375130e+00 -1.212199403445871848e+00
-7.364183125440999511e+00 2.031358475875176595e+00 -1.421749882452713276e+00
-7.098976674674553955e+00 1.730669276059195960e+00 -1.284704178072274328e+00
-7.200117930781559039e+00 2.117328223993568681e+00 -1.228344331589723115e+00
-7.428538577290745515e+00 1.991978328780313223e+00 -1.453310905315343682e+00
-7.595933043640710203e+00 1.672843050157239331e+00 -2.820908487419187871e+00
-6.782713630114590053e+00 1.712607081074132287e+00 -1.490637032974972964e+00
-5.767625861588581593e+00 1.921564664195127614e+00 -1.572277910066080420e+00
-7.042151576371973754e+00 1.630209513603368077e+00 -1.734110317397853596e+00
-7.263978119022298507e+00 2.239598579486835384e+00 -1.175133906090301439e+00
-6.681871771991366948e+00 2.091726282901527512e+00 -1.425842901641255933e+00
-6.959138757818645438e+00 2.299056102625348874e+00 -1.643484679415521565e+00
-6.780817145361939247e+00 2.967664901753912510e+00 -5.945878394857593285e-01
-7.364698012408045003e+00 2.338977998360102450e+00 -1.478206647198569312e+00
-6.627761822718116314e+00 1.809189934400844413e+00 -7.319623971451437727e-01
-5.998409828273214117e+00 1.554375961447451049e+00 -1.288698685304481506e+00
-6.929208727198982842e+00 1.596941637197187180e+00 -1.197426914184035462e+00
-7.422933072468080873e+00 1.748118344580960715e+00 -1.001865648427232358e+00
-6.623148273861144020e+00 2.560325057771895896e+00 -1.445685477431013943e+00
-6.345468481759300339e+00 2.109180090068828228e+00 -1.831463262682857307e+00
-6.647214420826926151e+00 2.416026044373464465e+00 -1.304058060166338739e+00
-7.403471857359687824e+00 1.635036511215226973e+00 -1.399445157762870817e+00
-7.317374917398721479e+00 2.499802399158560284e+00 -1.797555750763832672e+00
-7.512669171067106966e+00 2.907798909192459647e+00 -1.155545155313557171e+00
-7.029315679668185268e+00 1.395066595238767970e+00 -1.137780583830470427e+00
-6.791382157813792730e+00 2.975873589935506214e+00 -1.281936576021894814e+00
-6.715034387922550252e+00 2.048523021314609949e+00 -1.515235993252371349e+00
-7.303867826677398867e+00 1.673782735952244360e+00 -1.348198796195203553e+00
-6.827218626129590184e+00 2.106700844880104118e+00 -1.526956817764665519e+00
-7.007862354643994429e+00 1.587234838255283220e+00 -1.837603004027642095e+00
-7.274446984318069909e+00 2.045680295148196937e+00 -1.344897097907112649e+00
-7.027187559328631039e+00 1.930123904250441447e+00 -1.397069676193194665e+00
-6.858649067569978719e+00 2.199839713880225034e+00 -2.013957533923588450e+00
-6.320679328601996438e+00 2.226767677485552266e+00 -1.721392710552170469e+00
-6.901107400839287642e+00 1.980191815851446213e+00 -1.542615906379840807e+00
-6.881293839312264460e+00 2.136043027578288456e+00 -1.247690692203990537e+00
-6.957899233818089613e+00 1.935045272034921826e+00 -1.508920920917296682e+00
-7.784056447983855875e+00 2.543118744534753173e+00 -1.411423374801794584e+00
-7.539132216891013094e+00 1.881377709177221913e+00 -1.421924506146151845e+00
-6.780709043025775706e+00 2.056077735358653236e+00 -1.399727005705873273e+00
-7.286823803010499034e+00 1.812738927707914227e+00 -1.002161700155100643e+00
-6.666283801120453489e+00 2.131477707720157877e+00 -1.413831873444283405e+00
-7.151233598235304356e+00 2.105382025369377796e+00 -1.395308331082685482e+00
-6.803831581062581790e+00 2.614637928694013791e+00 -1.406066297797611941e+00
-6.465487039810370540e+00 1.879383312262224548e+00 -1.696544966136134480e+00
-6.942078852005087342e+00 1.683678885086914656e+00 -1.628034864486849642e+00
-6.850775649022491365e+00 2.193749910960019811e+00 -1.492438936897031887e+00
-7.288424764674369172e+00 1.815967089388071942e+00 -1.773124664670876260e+00
-6.962214284733114766e+00 1.721680587697586695e+00 -1.361738157377341496e+00
-7.347719262908764648e+00 1.507740404492426078e+00 -1.568820680179351168e+00
-7.324081285083158477e+00 2.138703956875355416e+00 -1.380876680737557205e+00
-7.495844174359653778e+00 2.278651886633958235e+00 -1.569890564194943439e+00
-6.926487901992538276e+00 2.461714494094627170e+00 -1.320831235884655230e+00
-7.387595801295463005e+00 2.006070879996489698e+00 -1.511749618821192076e+00
-7.221973384817422570e+00 2.563454138091272760e+00 -1.309211073423481864e+00
-7.045299869644458646e+00 1.574199951494857030e+00 -1.610796981918570792e+00
-6.858024191605506914e+00 2.670627936298947791e+00 -1.475295096621410673e+00
-6.399033506531420556e+00 1.848992946305799689e+00 -1.616661773110143141e+00
-7.233380015727659540e+00 1.612351899838060598e+00 -1.766509094628222920e+00
-6.826193912097314076e+00 1.687386612270828090e+00 -1.544957659285398188e+00
-6.890331306766377395e+00 1.765376670653181046e+00 -1.235848902343780642e+00
-7.003925305427189940e+00 2.587227843052178677e+00 -1.532657919238163524e+00
-6.866619365612315562e+00 1.980204752850345251e+00 -1.629513751890161011e+00
-6.773950259309366118e+00 2.436549501241255467e+00 -1.570139351234355773e+00
-7.099995304889090697e+00 2.358357879388569778e+00 -1.621846817635268723e+00
-7.450972572935440574e+00 2.333267811167111461e+00 -1.237953970411812987e+00
-7.020506383227002267e+00 2.261944262905737801e+00 -2.000266285073510009e+00
-7.089320357085072466e+00 3.059036520055651298e+00 -2.327035457157419440e+00
-6.967682276602253033e+00 2.421406598691924650e+00 -1.436076710498175757e+00
-7.855313811037555993e+00 8.729569109130027593e-01 -2.009028863632195350e+00
-6.633605170988575495e+00 2.069524334883305450e+00 -1.536129875584357318e+00
-7.404268056300520762e+00 1.824192382717120031e+00 -1.396795064931985353e+00
-7.328975684446190186e+00 2.413088074188562082e+00 -1.660914004009847122e+00
-6.762177630688323227e+00 2.340680419920645683e+00 -7.754701012613128830e-01
-6.807518265324432605e+00 2.932123486974028470e+00 -1.752634999148461104e+00
-6.630071914504029884e+00 1.784692177728410822e+00 -1.189481789442216053e+00
-7.290521355383600799e+00 1.507901433880896258e+00 -1.390934833760698597e+00
-7.071418341756549708e+00 2.005881149537319885e+00 -1.180556196508353306e+00
-4.423212172477911430e+00 1.000881175864148673e+02 -4.083708600627724561e-01
