-5.429171379265771868e+00 1.466991761329124122e+00 -1.356381833357525046e+00
-5.462672744245924861e+00 1.153996346769985193e+00 -9.658492875441381242e-01
-5.607067330611361200e+00 1.116141505111250432e+00 -1.554307311143093395e+00
-4.480543857394787111e+00 1.337969011237944761e+00 -1.539787466758100631e+00
-5.399640004773377910e+00 2.021421380386184907e+00 -1.233019834268550108e+00
-5.625881176953960505e+00 9.587887287929541813e-01 -1.332826743917840284e+00
-4.858913812360134088e+00 1.493441005572724301e+00 -1.360692127925472006e+00
-5.168509213585216422e+00 1.180019803062508865e+00 -1.488550115264674734e+00
-5.069562236031611491e+00 1.702357922404128532e+00 -1.067193328987173340e+00
-5.058818329672372549e+00 1.392237457322905270e+00 -1.120924628956264657e+00
-4.932679788441578950e+00 1.718838408694601583e+00 -1.293706703498937127e+00
-5.096506666335939073e+00 2.032344036395727915e+00 -1.036430185989428487e+00
-5.390159146755130415e+00 9.429699556663166948e-01 -1.337443446270598857e+00
-5.519941183456265499e+00 1.196023820674838589e+00 -1.390256180707207578e+00
-4.974607982949993179e+00 1.409636293808518959e+00 -1.490839948531330617e+00
-5.361290911589835950e+00 8.480989684772436421e-01 -1.100165812232304807e+00
-4.815706845716725581e+00 1.339425351683647181e+00 -1.699764113453166470e+00
-4.653887692829019151e+00 1.447148243261377587e+00 -1.348339060518979338e+00
-5.273255212235899769e+00 1.159251359371311851e+00 -1.205816874195844157e+00
-5.593570285494441130e+00 1.488786006690035135e+00 -1.283695241791185326e+00
-4.852061581519026667e+00 1.622716002428030491e+00 -1.297121084508079392e+00
-5.472910004085284719e+00 1.269616181737741156e+00 -1.968497450319619979e+00
-5.160031659177006347e+00 1.083149561607935407e+00 -1.314698181947645761e+00
-5.213987608812042929e+00 1.720255893899890198e+00 -8.360009508963516245e-01
-5.840728401714307516e+00 1.728162073317513370e+00 -1.620109215629857768e+00
-5.267125980870299706e+00 1.597669924833499566e+00 -1.282011109778879332e+00
-5.377278334011617034e+00 1.737681680828541131e+00 -1.282948450104252069e+00
-4.317992536437285089e+00 1.140213424963327338e+00 -1.258075100166611726e+00
-5.258298896235453768e+00 9.282402907748764642e-01 -1.225109402728500996e+00
-5.714231179775931757e+00 1.370705943659732862e+00 -1.524755176698190606e+00
-5.044239541827688633e+00 9.333100584070150862e-01 -1.309770062299135507e+00
-5.446523491914507353e+00 1.898409981624246123e+00 -1.121464731397225911e+00
-5.581524826605301470e+00 1.623828930562557726e+00 -1.322033875377188750e+00
-4.934840452072952743e+00 1.383670169593772092e+00 -1.134637056408118960e+00
-5.177483052801725272e+00 1.576968727190445341e+00 -1.859963845144714245e+00
-5.323003891699434220e+00 1.899698312198086159e+00 -1.268486047449721266e+00
-5.322721858810337103e+00 1.649936497912845912e+00 -1.356591397381034181e+00
-5.533391646278073672e+00 1.955672765391293089e+00 -1.148127166100944230e+00
-5.884739928285278587e+00 1.122968748942757999e+00 -1.282158743953041746e+00
-5.365802651447277860e+00 1.649731945248013476e+00 -1.862047341104323461e+00
-4.619298246146739118e+00 4.892783746154931723e-01 -2.181468344646900537e+00
-5.296529877768536565e+00 9.747109400654822009e-01 -1.209512713507881143e+00
-5.544244916329234663e+00 1.844274206374306724e+00 -1.517759091478841027e+00
-4.879823759466678901e+00 1.303055260373868540e+00 -1.379891255494922309e+00
-5.837045882733621127e+00 1.299407205870727999e+00 -1.221958717763145463e+00
-5.634743656451525418e+00 1.941240806813838482e+00 -1.502003084770438202e+00
-5.914125675045901254e+00 1.752261290028671592e+00 -1.225054874782379732e+00
-5.252035268300492277e+00 2.001606206961367374e+00 -1.087784224438608893e+00
-5.312701147183046757e+00 1.624461348370126235e+00 -1.191692301503798124e+00
-5.199061112149476749e+00 1.082532918109824882e+00 -6.970457065041143485e-01
-5.261517881655180418e+00 1.446564131011386367e+00 -1.091644303023657336e+00
-5.484562670305135335e+00 1.455785863452496720e+00 -1.517516992627270245e+00
-5.549774169575072413e+00 1.290830506000542277e+00 -1.302414923097670485e+00
-4.744336944602773443e+00 1.500973051125882973e+00 -1.450766109828823591e+00
-4.664517167859074220e+00 1.448279965164875227e+00 -8.769515659427065679e-02
-5.169997681647836352e+00 1.349819872494836037e+00 -8.953280627718074314e-01
-5.064075343573386512e+00 9.904088754450819376e-01 -1.342702071586159951e+00
-5.094297043064098141e+00 1.466072707733985681e+00 -1.316474649920605255e+00
-5.070366773052529474e+00 1.867654354844288545e+00 -1.564802270458273137e+00
-5.237563054495395498e+00 1.204239740124985136e+00 -1.068649050102777442e+00
-4.549449050235783609e+00 2.554025380155594327e+00 -1.713830343329682870e+00
-5.365916069828455370e+00 7.550125365645271591e-01 -1.077360143735173414e+00
-4.300043480436033683e+00 1.155457110361051587e+00 -1.435694621555790862e+00
-5.285334494906926750e+00 1.453920361169978470e+00 -1.257484163635699925e+00
-5.569361629815756665e+00 1.679758822595526224e+00 -1.382732946920830486e+00
-5.309910546884782256e+00 1.151356787227353351e+00 -1.366419411131918560e+00
-5.410476488289883257e+00 1.455347240055577585e+00 -1.351087736167208675e+00
-5.135615932921771432e+00 1.301175482520966709e+00 -1.245881467610000737e+00
-4.737854718829817458e+00 1.627847296906751229e+00 -1.071803371801917315e+00
-4.787161872984820654e+00 1.126167908811660290e+00 -9.132113459655649690e-01
-5.264119996555695735e+00 1.375801360803736939e+00 -1.058728943409507739e+00
-5.230999463349332856e+00 1.626401640355323419e+00 -1.397199071071441701e+00
-5.199012778661782797e+00 1.211235985658556835e+00 -1.303468682959610936e+00
-5.226978195601322597e+00 1.183090805116531419e+00 -1.352665508172645303e+00
-5.969591807582713905e+00 1.459255463715426027e+00 -1.455195944515484285e+00
-5.644027208560853381e+00 1.637805166702971160e+00 -1.107363386517218551e+00
-5.542135454381218018e+00 1.058453237956709314e+00 -1.904739075406365112e+00
-5.428858762114860070e+00 1.120990095044357426e+00 -1.287274079420877682e+00
-5.296602689637966321e+00 1.337313421537212665e+00 -1.369561245177320696e+00
-4.998783343962865722e+00 1.522622227558099617e+00 -1.622372419704526392e+00
-5.300366795046461910e+00 1.425182543477658381e+00 -1.171177399544643727e+00
-5.899209482869267163e+00 1.454494699716118333e+00 -1.542514258302398300e+00
-5.224922727187538918e+00 1.567744978378907472e+00 -1.567637545988964876e+00
-5.998399810743475946e+00 5.380025430113175577e-01 -1.765810410297827371e+00
-5.684497552003626275e+00 1.116073650595744704e+00 -1.261410559293258737e+00
-5.195577752779350966e+00 9.249370006004248301e-01 -1.344662673357001070e+00
-5.381561934905927380e+00 1.741138732873917627e+00 -1.507970803522146630e+00
-5.734057070872259132e+00 1.631834880407781130e+00 -1.107545800635301392e+00
-4.875457962965391800e+00 1.351323873108304818e+00 -1.440489557109896790e+00
-5.317286982578059984e+00 1.035769900962608903e+00 -1.165146977619124113e+00
-5.061410125658082571e+00 1.841655056875523666e+00 -1.228155328228984322e+00
-5.529145414607884668e+00 1.052790406079218366e+00 -1.473803929997799855e+00
-6.201670660329305917e+00 1.682305921933463289e+00 -2.489283127792253136e+00
-5.367844971206783278e+00 9.336657335038072159e-01 -1.435273487495483558e+00
-5.844579629998832182e+00 1.518732286808593956e+00 -1.274068207409309705e+00
-5.665589190605047953e+00 1.792001091989386730e+00 -1.515033335427609984e+00
-5.614816073904599136e+00 1.410993353569425013e+00 -2.257259137203579069e+00
-5.205628658094170191e+00 1.369923250521960290e+00 -1.552249365328119080e+00
-5.533286315741969830e+00 1.697874511898707528e+00 -1.277180132158574732e+00
-5.113946186152842799e+00 1.861538953619124248e+00 -1.357936723508042398e+00
-5.194773597312952518e+00 1.640198159655258392e+00 -1.176606704999940245e+00
-5.913872090923445235e+00 1.610894917987337971e+00 -1.245356930914829352e+00
-4.906958779149580785e+00 1.777090781688830834e+00 -1.790569417137219510e+00
-5.407235206526326721e+00 1.517034340409738835e+00 -1.336547452962511873e+00
-5.123399595855055111e+00 1.511608181600794465e+00 -1.314196432923346203e+00
-5.365744513894116885e+00 9.400166497941844224e-01 -1.285044597158012003e+00
-5.198699289328875928e+00 1.261302379982765398e+00 -1.137321611623628215e+00
-5.430634883467526208e+00 5.369898447815798503e-01 -1.025083477333256887e+00
-4.974933433616423706e+00 1.787128534365661992e+00 -1.255402516533006718e+00
-5.038410030937336082e+00 9.281713617266855731e-01 -1.041133625149873287e+00
-5.806421051475593842e+00 1.942615191521537055e+00 -1.439739843540611020e+00
-5.220253932726000912e+00 1.452291733230413495e+00 -1.370252494835463741e+00
-5.831822844278738316e+00 1.562880372609732449e+00 -1.190552112690105080e+00
-4.696586853908760517e+00 7.287787200513013985e-01 -5.839045217089717799e-01
-5.311943679340248359e+00 1.050517462407221769e+00 -8.524113012507470444e-01
-5.803581694666699597e+00 1.255917771171458197e+00 -1.617023242715643239e+00
-5.273341393326846038e+00 1.511986298783382532e+00 -1.243345052413280083e+00
-5.177706969914668278e+00 8.930335144624389487e-01 -1.342258504212509918e+00
-4.171341529586753083e+00 1.302426882001761710e+00 -1.028105749876636832e+00
-5.081045513427949523e+00 1.133580989203033962e+00 -1.338846242990318736e+00
-5.260048477341075390e+00 1.168996708922616090e+00 -1.306025758003179771e+00
-5.012191740901266179e+00 1.376243827833733224e+00 -1.230241413913558235e+00
-4.984286845337370764e+00 6.878819321356508532e-01 -1.286561142460640017e+00
-5.573003205577244046e+00 1.273819335725950852e+00 -1.007627787812043207e+00
-2.222990893398833023e+01 5.410583831537859112e+01 -3.091649241597513864e-01
-4.971710858592560456e+00 1.381770469858296657e+00 -1.104090211102672914e+00
-5.191626101390073522e+00 1.190006482607818716e+00 -1.149353960164004151e+00
-5.219571026246692114e+00 1.292292044144648377e+00 -1.221800252503226325e+00
-5.807994009654483314e+00 1.438743974464456121e+00 -1.328307488411311743e+00
-5.190568082541063610e+00 1.755336274712155031e+00 -1.246760001000234208e+00
-5.554538958558254080e+00 1.704141477164978324e+00 -1.108953952408681110e+00
-5.595831716279437984e+00 1.709613315752902318e+00 -1.282839246479450468e+00
-4.891643103390955538e+00 1.158349523567454353e+00 -1.405591348488493875e+00
-5.459670763034775831e+00 1.578112424112708245e+00 -1.262007338355391139e+00
-5.030484367524567624e+00 1.054604372647000465e+00 -1.246105734738222059e+00
-5.048691649109033897e+00 1.502682546871693114e+00 -1.809327156191660846e+00
-5.096259735654381728e+00 1.305074497044767412e+00 -1.280675342521880866e+00
-4.662193093095707397e+00 1.453001545884466505e+00 -1.291297008388287759e+00
-5.734806418792570248e+00 2.449782371547346127e+00 -1.045212643694525267e+00
-5.574461116978380204e+00 9.506651387881580595e-01 -9.937276765694657010e-01
-5.454849121420433100e+00 1.283877395007822386e+00 -1.335517439706933152e+00
-4.780498499676835600e+00 1.075226797965214587e+00 -1.111531809826433737e+00
-5.787778820067493335e+00 1.434136511621792787e+00 -1.271643509593488819e+00
-5.958868790823250272e+00 1.375630657835110515e+00 -1.272056329640603778e+00
-5.373382462176851782e+00 8.806044799722647642e-01 -1.427997338012031658e+00
-5.194067369597409112e+00 1.432057612186004025e+00 -1.253768799636841624e+00
-5.288643215751161364e+00 1.210767719099878237e+00 -1.151261366749663173e+00
-5.359057317011324706e+00 1.741304113651080954e+00 -1.132421399992547872e+00
-5.928454809450417251e+00 1.363184989870311670e+00 -8.564425266809660986e-01
-5.159209608897175947e+00 1.804913466064531180e+00 -1.548513565738873110e+00
-4.919178118629265128e+00 9.971089550487332032e-01 -1.283951307882816639e+00
-5.348533930564362215e+00 1.212660806664409119e+00 -1.368009647346989377e+00
-4.732257135223127520e+00 1.539676744732497049e+00 -1.438520877015877941e+00
-5.163503589570084706e+00 1.181059410268238352e+00 -1.163320266862265306e+00
-5.007292411682827904e+00 1.825281337382558489e+00 -1.308532309725321641e+00
-5.366207822668356719e+00 1.900276971637504753e+00 -1.443068185862952157e+00
-5.107005316421677321e+00 1.232344478151375489e+00 -1.317302450266340852e+00
-5.545216309341217453e+00 1.001554123786045691e+00 -1.370537465534202415e+00
-4.902247739782432667e+00 1.701584447486188090e+00 -1.253032324820796406e+00
-5.443991731661092182e+00 1.315135223854538848e+00 -1.311923275795873867e+00
-5.341369240399168383e+00 1.725603986908437415e+00 -1.093870432429747686e+00
-5.348864545921662383e+00 1.151184915624838601e+00 -1.500554827846490857e+00
-4.066114389546154229e+00 1.335789359919127728e+00 -5.807508006874945172e-01
-5.520979306739867809e+00 1.066255337358171573e+00 -1.259787265070636986e+00
-5.285443703392806114e+00 8.563646812724637902e-01 -1.205769939784976597e+00
-4.754278701696186715e+00 1.277636065104183816e+00 -1.345853075644605878e+00
-5.277535172654854279e+00 1.421361456486180508e+00 -1.202039609351686300e+00
-5.160775290004069760e+00 9.380061488600647257e-01 -1.021375786122551865e+00
-5.700988830744111446e+00 2.090290267264426127e+00 -1.853931302131148096e+00
-5.473672268539014674e+00 7.750997446442762229e-01 -1.150592316903714218e+00
-5.184009674475121621e+00 8.620962490957633229e-01 -1.439365301314787127e+00
-5.186920233109281853e+00 1.046199506704311277e+00 -1.208518673433975898e+00
-5.651695481334013671e+00 1.282431359199966314e+00 -1.321202832813532568e+00
-4.954938449225745778e+00 1.138069873704579571e+00 -1.163040474231963994e+00
-4.601389366552455229e+00 1.419233635029844232e+00 -6.941830622137880047e-01
-5.424586146171091805e+00 1.751261768495920634e+00 -1.137829765653201264e+00
-5.754906155978689597e+00 1.278245781626947020e+00 -1.560803081280997207e+00
-5.110660697693764298e+00 1.062956189451699451e+00 -1.506824238386587078e+00
-5.654531462930244778e+00 1.494387980948243211e+00 -1.157309580032933161e+00
-5.343724670224926143e+00 1.258333339013213870e+00 -1.252394432649336364e+00
-5.047178899455829537e+00 1.038949001236829206e+00 -1.005597605093355051e+00
-5.176845861715611896e+00 1.121281375659526569e+00 -1.142147923906218665e+00
-5.465802519549156635e+00 9.103840499282898069e-01 -1.071273684630130729e+00
-6.090136001529093512e+00 1.822248461850209278e+00 -1.345539923064574594e+00
-5.483155740240643894e+00 1.773258863133322150e+00 -1.183711313620793515e+00
-5.260881370603629037e+00 1.214985199763350510e+00 -1.324939092291356646e+00
-5.042900867837499135e+00 1.734326763221677004e+00 -1.440429558078434980e+00
-5.296358254864978576e+00 1.356060308228598466e+00 -1.396111977183014385e+00
-5.008566635851619431e+00 8.553805655340149805e-01 -1.468947079565537939e+00
-5.883294982127564410e+00 1.375032620581073672e+00 -1.412079673877732144e+00
-4.853725817641380225e+00 5.316202053459619936e-01 -1.847877611337141790e+00
-5.655335378388457457e+00 1.751932220780661575e+00 -1.448175505555399756e+00
-4.714839329684595626e+00 1.265983054072291392e+00 -3.654249490857504057e-01
-5.081630192323638440e+00 1.825588843673914052e+00 -1.188033922941964970e+00
-5.442231353645588854e+00 2.247076155996487135e+00 -4.221621170905495712e-01
-6.738072267186844044e+00 8.641450512837342002e-01 -1.816088547410753762e+00
-6.475910707777317477e+00 9.617427618191339844e-01 -1.408472982701967746e+00
-5.557679358581518514e+00 1.301569373186121092e+00 -1.330579234203042249e+00
-5.551538538054569649e+00 8.857100680598712916e-01 -1.336940655024068558e+00
-5.863089389252849948e+00 1.721924193912416801e+00 -1.363227103393321649e+00
-5.329069481739250769e+00 1.495574036613521063e+00 -1.762382623893297140e+00
-4.800442390905215184e+00 1.113632271716973321e+00 -9.160970070122570474e-01
-5.410680297790763760e+00 1.046283509086164409e+00 -1.221988057445263731e+00
-5.191434618085745356e+00 1.880774559700481907e+00 -1.106552381171410415e+00
-4.816192221092276959e+00 1.504018858230773414e+00 -1.285970782163718518e+00
-5.364021025569082113e+00 1.381838539396645693e+00 -1.460767269950669522e+00
-5.993407438979463819e+00 9.184473733191802491e-01 -1.252274920626370136e+00
-5.537229022108802745e+00 1.487447017658267479e+00 -1.266529834612876826e+00
-5.545607062348314464e+00 1.883973969780240676e+00 -1.547950589155492773e+00
-5.770597520420684745e+00 1.504431615404167921e+00 -1.451348114557861946e+00
-4.078354524747290988e+00 1.648991381144675694e+00 -2.228239186554794138e+00
-6.133767233851060041e+00 1.439719223452832875e+00 -9.058191799121511067e-01
-5.431202141253484328e+00 7.794689681639380696e-01 -1.180187790385150759e+00
-4.875508574043701415e+00 1.394874933263095196e+00 -1.195596605625870890e+00
-6.446764329851903952e+00 1.771056897507272909e+00 -1.209922868599433210e+00
-5.563498393412007026e+00 1.783551681791196719e+00 -7.583096999226556223e-01
-5.019941977696973368e+00 1.008526182224711798e+00 -1.375962169358215803e+00
-5.984257899706976858e+00 1.213533408477104780e+00 -1.204359503775631168e+00
-5.486336865689145803e+00 9.029440823598501309e-01 -1.154602198801464752e+00
-5.451429142902640024e+00 1.777648897931165095e+00 -1.371050212239434352e+00
-5.170329790461670072e+00 1.265817575839647269e+00 -2.272557997465358692e+00
-5.360996997572237355e+00 1.314834881687803048e+00 -1.411333473832672381e+00
-5.006723655895009450e+00 1.565032619198593933e+00 -1.068107991345599750e+00
-5.613993242104580617e+00 1.625120996246088412e+00 -1.339895649802750777e+00
-4.678444725597229237e+00 1.513385942993006994e+00 -1.579560638380183901e+00
-5.565280723852132461e+00 1.415434671650620313e+00 -2.146313593803933717e+00
-5.227640844527700281e+00 1.182342182931809704e+00 -9.983846388391814930e-01
-4.791952213875950939e+00 1.128912699268157738e+00 -1.311940538667094813e+00
-5.375482438594961110e+00 1.515235804551151588e+00 -1.451119417254520316e+00
-5.397555925931359688e+00 1.427139754321937071e+00 -1.185140858932736130e+00
-5.377367718525249529e+00 5.982629479226549973e-01 -1.171428885010160181e+00
-5.858960834061287315e+00 1.149613391162498388e+00 -1.463146029496178668e+00
-5.675266467861069586e+00 1.345397472419235019e+00 -1.290492131553931721e+00
-5.807484289215849138e+00 1.144249096407913724e+00 -1.046286362351755539e+00
-4.969894972401233346e+00 1.045993124463186597e+00 -1.382273300675961547e+00
-5.410722404353172976e+00 1.872795223620364213e+00 -7.211301116481563245e-01
-5.577179525726411846e+00 1.831088190703852980e+00 -1.335874898512269038e+00
-5.906205768041920656e+00 1.942822327484916123e+00 -9.583624820680219925e-01
-4.922492709993258053e+00 9.593893450768875564e-01 -1.322462733949573588e+00
-5.816799641516886332e+00 1.673199165300635283e+00 -1.211947461304338169e+00
-5.793113534494611194e+00 1.910960084740861653e+00 -1.149591611060981178e+00
-5.032615966588503298e+00 9.062540580887666897e-01 -1.275766674319111615e+00
-5.865680601142713613e+00 9.803739973564274957e-01 -1.266410672579376451e+00
-6.160444762311954925e+00 7.226511415095160373e-01 -1.414193772549246830e+00
-5.731438715907713366e+00 1.597854180367965560e+00 -1.942957517854501770e+00
-5.198432051367019469e+00 7.964640135569460710e-01 -1.087844378871350770e+00
-5.311194475536835213e+00 1.024657140703958635e+00 -1.038841231923865349e+00
-4.693761837107508939e+00 1.740319634817644179e+00 -1.465859186415456872e+00
-5.618282199840359148e+00 1.223863695945097918e+00 -1.979983723260213768e+00
-1.890365656243266201e+01 1.269784838758191370e+01 3.986434790073767331e-03
-5.196950839025952895e+00 1.565350343925566490e+00 -1.461786675440513772e+00
-5.134278127810771863e+00 9.121469311775208810e-01 -1.385794452413480427e+00
-5.501757570561889743e+00 1.546014973188307495e+00 -1.390201843417915750e+00
-5.405306478536997083e+00 1.350905688510189107e+00 -1.369501555778812607e+00
-4.880920950378792256e+00 1.263420650418122904e+00 -8.577217064260330703e-01
-5.128815342045340842e+00 1.385571160712797845e+00 -1.475895630380964052e+00
-4.884649761194157058e+00 1.269839233937609890e+00 -1.052998376676713033e+00
-5.505119622830921600e+00 9.735809446457733829e-01 -1.190274328017244088e+00
-5.372161658831385189e+00 1.854653916157158688e+00 -1.381601867305269682e+00
-5.848366420742156180e+00 1.691916203003849484e+00 -1.114408569664993465e+00
-5.618766277029091150e+00 1.164279700086023217e+00 -1.343860807345912622e+00
-5.072368856168244733e+00 9.234417554835880892e-01 -1.249088994303935385e+00
-5.193596588589952212e+00 1.109415364998080689e+00 -1.150042317236191325e+00
-4.756651552224189672e+00 2.019265293719737286e+00 -1.243311958113553439e+00
-5.450221276025429162e+00 1.465138820512748907e+00 -1.394672079862447678e+00
-4.573991012747780083e+00 1.718776526719899556e+00 -1.312426841131143496e+00
-5.113857600606477760e+00 1.648464402121523786e+00 -1.599521101017082003e+00
-5.636440131702544321e+00 2.017921139061429336e+00 -1.374766258952392795e+00
-5.234913873443077570e+00 1.103625390391747452e+00 -1.279767035381149887e+00
-5.354985824204930189e+00 1.793977044458118453e+00 -1.888753106901112977e+00
-5.224440208587147083e+00 1.325267712830316080e+00 -1.391634931068577608e+00
-5.106375137436335976e+00 1.753011719999271634e+00 -1.401785779180361180e+00
-4.936452956394336233e+00 1.290265942317481596e+00 -1.349187095969964778e+00
-5.235458148998651140e+00 1.858205610676289865e+00 -1.302114124450120425e+00
-5.179015436027249564e+00 1.773525137770590510e+00 -1.326742726787728532e+00
-4.939296504266616594e+00 1.675103644290055094e+00 -1.189051251132583253e+00
-5.256634120854334569e+00 1.554123153150096748e+00 -1.465847966095982002e+00
-5.818599796978653593e+00 1.166759306276073049e+00 -9.622407242884221112e-01
-4.288238136224737040e+00 1.934435963042110407e+00 -5.704496767071235430e-01
-4.303102306495523166e+00 9.187871593667115144e-01 -6.262409373540950286e-02
-5.502647519088396777e+00 1.436385564950648952e+00 -1.244436179129779552e+00
-4.850109066443862638e+00 1.786487663296071338e+00 -1.304311796075138030e+00
-5.125060190434539642e+00 1.412616904208991109e+00 -1.625276590704152646e+00
-5.517198750715234468e+00 1.239493228390840196e+00 -1.410305305173116919e+00
-5.274120978843969354e+00 1.398646993002504058e+00 -1.384546383960810978e+00
-4.603462343896858044e+00 1.733969042966155172e+00 -9.630477720348941117e-01
-5.240837828387019393e+00 1.054738152507736615e+00 -1.357329952529612971e+00
-5.124894612476995626e+00 2.012951056694998186e+00 -8.624446959752674058e-01
-5.595120678688437543e+00 1.739237619340061825e+00 -1.327079866679649056e+00
-5.410342400401387586e+00 1.899733430872274642e+00 -1.262223233050187687e+00
-6.024052532246518155e+00 1.338637901228736826e+00 -1.067709347993621716e+00
-5.234178940209439190e+00 8.959718045573598078e-01 -1.372537267480855805e+00
-5.565014371015975847e+00 1.692636333189695197e+00 -1.221335104297459173e+00
-5.826214769741261179e+00 1.774765590124993686e+00 -1.460881550768069914e+00
-4.455196688661730242e+00 1.451125187146617979e+00 -5.541880141570509899e-01
-5.096048396674266456e+00 1.501393232266438282e+00 -1.248961591473962907e+00
-5.417752110499599816e+00 1.906800147016912250e+00 -2.280092836878208296e+00
-5.006462582151574914e+00 1.519133677336888866e+00 -1.196744964615205298e+00
-4.485638333863645855e+00 1.849868480136044546e+00 -1.313098468489052095e+00
-5.480605050455105598e+00 1.024577848387742796e+00 -1.266134236974363780e+00
-5.778065930234360437e+00 1.417034330347677340e+00 -1.246459103445961114e+00
-5.399792908612817577e+00 1.828936652774601379e+00 -1.257013938743525738e+00
-6.100328101570355877e+00 2.859593035195338917e+00 -1.279468481337061814e+00
-5.341842107157147801e+00 1.259672885140695975e+00 -1.068516752417768112e+00
-5.547985397225969173e+00 1.753728135781812192e+00 -1.199429651882577996e+00
-5.008441715811345674e+00 1.764991270674111323e+00 -1.469239560486504059e+00
-5.352779988857154336e+00 1.357989423719216493e+00 -1.256673358671998253e+00
-5.477537867794402437e+00 1.818808413060988949e+00 -1.095738050634321281e+00
-5.693528554379041040e+00 1.064973764358428943e+00 -1.113004326857971016e+00
-5.027116914325206132e+00 1.603730438214248544e+00 -1.010506281021372521e+00
-5.337735690394988630e+00 1.962992259812980089e+00 -1.152862961082599558e+00
-5.075129720905946051e+00 1.169566830932707635e+00 -1.328932123006162369e+00
-4.738438172670942805e+00 1.339995805824678365e+00 -1.711869793590010680e+00
-5.014733899555348984e+00 9.893899286957558159e-01 -1.859456571524400692e+00
-5.942751144805171748e+00 1.899202783625947077e+00 -1.279661905423431278e+00
-4.952940721617012265e+00 1.725727879939108922e+00 -1.545549210326953027e+00
-5.226132116930193305e+00 1.743391581504056820e+00 -1.809246783671580427e+00
-4.950766876354906643e+00 1.287528839000341652e+00 -1.434939004103549021e+00
-5.279859064641874156e+00 1.598856373120549401e+00 -1.763327891896781408e+00
-4.836189117740282484e+00 2.623783818933396184e+00 -1.050936900487369208e+00
-5.389539041472764858e+00 1.707057764503778774e+00 -1.245821392015354245e+00
-6.144764936204353489e+00 1.454726297212543873e+00 -1.102569674075516648e+00
-6.057956293000064996e+00 9.085968563971913436e-01 -1.697929623265836740e+00
-5.871658586001522018e+00 1.346322625166707532e+00 -1.221590119200241631e+00
-5.551448744783952449e+00 1.553090949757127248e+00 -1.341494949849407980e+00
-5.205072509492916666e+00 1.194874853555849104e+00 -1.469580080960523283e+00
-4.786625918304783234e+00 1.803571418829767570e+00 -1.314000120853202169e+00
-5.450664253438467277e+00 1.129623638811974473e+00 -1.041158322579690543e+00
-5.250378659512354496e+00 1.640584414183534401e+00 -1.486474372187113646e+00
-5.040085622607054283e+00 1.619410941525975645e+00 -1.610925910385793580e+00
-5.426988690128511372e+00 1.555648911634721632e+00 -1.335924055625921980e+00
-5.503432194423974799e+00 8.993814144485215989e-01 -1.369922430201066188e+00
-5.072260780362781496e+00 1.264589528144111741e+00 -1.532596481605418504e+00
-5.176771416863719999e+00 1.514327169503367321e+00 -1.459549681994124493e+00
-5.463951288357372427e+00 1.817804231241570312e+00 -1.004878555464945089e+00
-4.131754250589692923e+00 9.914656048936312249e-01 -1.151148498512512663e+00
-5.519554790277254597e+00 1.358407440224117968e+00 -1.191720200469540858e+00
-5.080693094657352304e+00 1.030782427104242949e+00 -1.441563303133460039e+00
-5.885013505534256950e+00 1.325671803284645955e+00 -1.015943519282178409e+00
-5.356181856641249794e+00 1.365387126401941487e+00 -1.261734907096893954e+00
-5.716350480566690706e+00 9.979027896131720254e-01 -1.233870157399403311e+00
-4.975752136388050140e+00 1.452749767286156679e+00 -1.265412053533131909e+00
-5.546772677363477122e+00 1.061767495335747213e+00 -1.255046035517739522e+00
-5.573737803498436172e+00 1.174934876902630432e+00 -1.354866835381805634e+00
-5.882594988556934190e+00 1.296392462204150053e+00 -1.228158239389844919e+00
-5.010524636323808068e+00 1.696525865520268628e+00 -1.085245171858766122e+00
-5.049450560820537781e+00 1.586155748513626396e+00 -1.593189903284954800e+00
-4.891511418258833288e+00 1.145828028286101974e+00 -1.292728895229337649e+00
-5.183477743174445429e+00 1.412225175072890249e+00 -1.188078176684644660e+00
-5.431607716539907038e+00 9.550339485151893015e-01 -1.287281424874132663e+00
-5.492613939874957829e+00 1.082123207677348153e+00 -1.316694123115537129e+00
-5.287424708478861035e+00 8.136707662577282729e-01 -1.156273323823823196e+00
-5.242947624074048463e+00 1.169104468032652999e+00 -1.304206065021743743e+00
-5.330477752342249964e+00 1.063703230813296319e+00 -1.087112116715210464e+00
-6.065789626187925165e+00 2.006518377781330909e+00 -7.149123047077318160e-01
-5.211285900385628445e+00 1.734056043102381262e+00 -1.275289160495386875e+00
-5.070882411417384716e+00 1.736463445717975507e+00 -1.249766330340261522e+00
-4.871400019162165584e+00 1.639998558430592945e+00 -1.295823282320391456e+00
-5.073232868384198291e+00 1.172688772093998688e+00 -1.217103352707956887e+00
-5.335756997210108210e+00 1.160049276534826035e+00 -7.774614625225204634e-01
-5.675195752162555785e+00 1.851996738168311785e+00 -1.284638672510264534e+00
-5.184156575873633876e+00 1.385114039391301732e+00 -1.095370270836583559e+00
-3.797923112895823294e+00 1.437126415602786977e+00 -1.559894796303983533e+00
-5.343200607950880254e+00 1.167770616501474068e+00 -1.453837621346618647e+00
-4.942625843149469844e+00 1.675352892560775908e+00 -1.497933681684423535e+00
-5.671848438055400621e+00 1.869612639420481282e+00 -1.503679628910004507e+00
-5.957144921271540383e+00 1.285669667737848521e+00 -2.865286516137389494e+00
-5.708172735298647105e+00 1.912685673150758214e+00 -1.214432545805240959e+00
-5.880391181688949587e+00 1.105272628491565268e+00 -1.339397755353250563e+00
-4.825471054077457467e+00 1.331068874733523089e+00 -1.157915518083981077e+00
-5.234211461792678044e+00 1.399954861552528129e+00 -1.282898136620254315e+00
-4.985622823217340738e+00 1.665845355872962452e+00 -1.253972947652927328e+00
-5.786214972421692693e+00 1.737168704867924740e+00 -1.235945256852251761e+00
-4.899487782961800875e+00 2.064789011497909055e+00 -1.005210539981509443e+00
-4.056667968853135875e+01 1.331960399511763171e+01 9.802534769534720915e-02
-5.924149766672386797e+00 1.032798454738758531e+00 -1.190101974050195022e+00
-4.608207711536405959e+00 1.143352846440013115e+00 -1.497290542082540643e+00
-5.066787737550024318e+00 1.294270826300351063e+00 -1.261246817806567222e+00
-5.704544889269103081e+00 1.062109497954418780e+00 -1.106821222896469559e+00
-4.342571812683155841e+00 1.650735213401381074e+00 -1.230550072504539516e+00
-5.742014652088138327e+00 2.030394963334305025e+00 -1.493646270460458947e+00
-4.973510794903215348e+00 8.897500046201739510e-01 -1.206786884680105532e+00
-4.909015859176427021e+00 1.424213206030373602e+00 -1.209244544013401423e+00
-5.362567235980165492e+00 8.894141200242303702e-01 -1.099084271198744078e+00
-5.389499166505282268e+00 1.246927405062043137e+00 -1.460551713755636971e+00
-5.488791666850186601e+00 1.527590920529845686e+00 -1.324567070170514560e+00
-5.002047283557354618e+00 1.096839394898413644e+00 -1.503636880833459699e+00
-5.530893637753699466e+00 1.520606394322564947e+00 -1.246385771934343190e+00
-5.357040427594180088e+00 1.371582823191402234e+00 -1.294151016277395483e+00
-5.927567028379770342e+00 2.252883869979972697e+00 -8.049693205414605313e-01
-6.553551158015366696e+00 1.367252012770648006e+00 -7.670063106165488920e-01
-5.682348937926581911e+00 1.211528100781485984e+00 -1.418739787026034760e+00
-5.757473296253475148e+00 7.198892247458360538e-01 -2.325258489179025556e+00
-5.355124906693035314e+00 1.367025836827505447e+00 -1.279735518523186899e+00
-5.870249382036820229e+00 1.349897542207497247e+00 -1.275082552218950616e+00
-5.482011355568038091e+00 1.414356271605013760e+00 -1.303219906584488497e+00
-4.242410449483310586e+00 1.465260585514383651e+00 -1.729387957568067957e+00
-5.426626209010877666e+00 9.473108016436049272e-01 -1.014190174201289762e+00
-5.134312125992972931e+00 1.962830139575665100e+00 -9.793174324271834985e-01
-6.142845084947576417e+00 1.662550089917832707e+00 -2.436971226679744085e+00
-5.254494971483001819e+00 8.974229107558540086e-01 -1.321564282497629472e+00
-5.504527519632798516e+00 1.606795689121917503e+00 -1.313783669114015007e+00
-5.641389896528957060e+00 1.109415812391701728e+00 -1.374587152553030212e+00
-5.313435172515919902e+00 1.527551464312000951e+00 -1.498804439897242879e+00
-5.388338673523334954e+00 1.620142258784978750e+00 -1.542493452160720535e+00
-5.489671989090274096e+00 1.765238735666804892e+00 -1.379115105333494906e+00
-4.765258964439079925e+00 1.967030256866931337e+00 -1.396732235572968772e+00
-4.192801695099316994e+00 1.989335891548498214e+00 -1.005584138835698749e+00
-5.875151037260060605e+00 1.697500277516628353e+00 -1.316818947450111521e+00
-5.175258271005484190e+00 1.173461814679955140e+00 -1.102334610810230098e+00
-6.249118603046247777e+00 1.774496852320379237e+00 -1.440493938113585726e+00
-4.953225844615584350e+00 1.010505143655561211e+00 -1.266479286031952256e+00
-5.753065644862259020e+00 1.461521364828879399e+00 -1.778270194982175312e+00
-5.463790846798652900e+00 1.812813408081503486e+00 -1.262734774824187722e+00
-5.382833516896829984e+00 1.209850720073213370e+00 -1.572325516468315643e+00
-5.474380345402816594e+00 2.170354855441106956e+00 -1.541317411780898317e+00
-5.537734094699650278e+00 1.615319669532127467e+00 -1.239924579092968493e+00
-4.982181738299060747e+00 1.657539177595156454e+00 -1.295627960395029810e+00
-4.929651569525930199e+00 1.024903574707856091e+00 -1.208008426969437332e+00
-4.431526463123999449e+00 9.536263884801785551e-01 -1.784020127865287408e+00
-5.805436553542345557e+00 1.159087365734449815e+00 -9.012940025426545709e-01
-5.575149215375913236e+00 1.047306794573160227e+00 -1.289386389115916076e+00
-6.008614657831880201e+00 1.367656672206655655e+00 -1.342297762696528896e+00
-5.451511482461468105e+00 1.213251207494762340e+00 -1.258466059099265344e+00
-5.533122086616085511e+00 1.416150213000101132e+00 -1.746594637632034708e+00
-5.487717333476683557e+00 1.174858342671272204e+00 -1.647245446487619613e+00
-4.945234671743715005e+00 1.273575577991039820e+00 -1.250468748257819618e+00
-4.798543042966834093e+00 1.207403815368153221e+00 -1.321550630634729329e+00
-5.065915945304225509e+00 1.078620068008933064e+00 -1.712422564739862763e+00
-5.010689220724337645e+00 6.923537163016307838e-01 -1.180444439639432241e+00
-4.900772164563428568e+00 1.152470562491725303e+00 -9.939777284425874715e-01
-5.077113467734030827e+00 1.860674792783051368e+00 -1.332994832219360770e+00
-5.578897319454416248e+00 1.161273342762508154e+00 -1.563632559702586411e+00
-5.323287427597627186e+00 8.796143718266329348e-01 -1.198728896927300669e+00
-5.723078604645063017e+00 1.716042515025606896e+00 -1.511314127148765563e+00
-5.902101730597796525e+00 1.451983801721664413e+00 -1.361434284429959618e+00
-4.856834443888966568e+00 8.632984902059540611e-01 -1.266078463698845802e+00
-4.949091912030718632e+00 1.524888154777531035e+00 -1.653725900754562605e+00
-6.036041697778459003e+00 1.661645753131148151e+00 -8.001623338133788677e-01
-5.590993506672098157e+00 1.784634296877051662e+00 -1.297464719086363294e+00
-5.788834382909770149e+00 1.409770035203922411e+00 -1.430570784461723033e+00
-6.269610173813295440e+00 1.280101895258491496e+00 -1.206397978549749173e+00
-5.350793625451229829e+00 1.366327937902915624e+00 -1.362724887943223440e+00
-5.081128045505734825e+00 1.551291364257215255e+00 -1.279988523768743836e+00
-5.234149072432653149e+00 1.174960320151159143e+00 -1.070268742357520564e+00
-5.662014433557581938e+00 1.786934727625657526e+00 -1.420183179697447118e+00
-5.532355791625255037e+00 1.184043805375918579e+00 -1.189300240847664947e+00
-5.528214272226754211e+00 1.554475249211785037e+00 -1.062223764411793558e+00
-4.976530020846724689e+00 1.424188712541249124e+00 -1.092219022176526888e+00
-5.446983420648818353e+00 1.361549326978461760e+00 -1.305323341843529494e+00
-5.430308241401450076e+00 1.158030526314102193e+00 -1.699375331069272965e+00
-5.281572760963619828e+00 1.248063700711855351e+00 -1.324100656260922326e+00
-5.445315255136910615e+00 1.549652100888750716e+00 -1.488409303522742588e+00
-4.617768324240600464e+00 1.490623446326930779e+00 -1.057306989614057224e+00
-5.274868879531148025e+00 2.573556688648432011e+00 -7.792312170094234380e-01
-5.977371529074518186e+00 1.314761722178523495e+00 -1.423530691202463228e+00
-5.148691884669857721e+00 8.347923293705746817e-01 -2.318010278210638653e+00
-4.870543873083293285e+00 1.662341978086687933e+00 -1.301539114165364941e+00
-5.506381352498968873e+00 1.606689546006934810e+00 -1.427115403322753551e+00
-5.162809334584405718e+00 1.919402203889476466e+00 -1.296520065166535396e+00
-5.432233554221107319e+00 1.320597947787462978e+00 -1.334350223325840412e+00
-5.045393956799282265e+00 1.372606885020966727e+00 -1.178369987723213219e+00
-5.725591387921132203e+00 1.069965847625421462e+00 -1.304325194888064088e+00
-5.705056459837048344e+00 9.504139322565644532e-01 -1.015999747102647399e+00
-5.116213313403817686e+00 1.419351859041741548e+00 -1.607179600345662207e+00
-5.532916049746194886e+00 1.774716507159134204e+00 -1.322677706312067603e+00
-5.374702550325673123e+00 1.562244793188240832e+00 -1.437868387086181032e+00
-5.580578364812983416e+00 1.285257175654587636e+00 -1.614180544726113720e+00
-5.132657472779211361e+00 1.418632851834562114e+00 -1.263590757671462228e+00
-5.317497702294672557e+00 1.334772566129932336e+00 -1.289217849581381081e+00
-4.909794047799065808e+00 1.371916862538629767e+00 -1.336065315361163686e+00
-4.557357042139916992e+00 2.158049948044524324e+00 -1.520016669594143721e+00
-5.373286125298005089e+00 1.010476243410468156e+00 -1.176125154148632390e+00
-5.547567614650737333e+00 1.710702337280992191e+00 -1.698328427897881188e+00
-4.704683199473314481e+00 1.180544606245964134e+00 -1.281886561822755066e+00
-4.735047993537106592e+00 1.702685893359289881e+00 -1.178785511850455769e+00
-5.014355508374244152e+00 1.145478571817574398e+00 -1.335227102583841807e+00
-5.383768647027748599e+00 1.721651829701004832e+00 -3.910984487754579075e-01
-5.848358095081207075e+00 1.624532615707750649e+00 -1.179707755820486925e+00
-5.256654620163891067e+00 1.325990981850627026e+00 -1.489425524891381025e+00
-5.044989095130290480e+00 1.077904973521352172e+00 -1.365182283880472580e+00
-5.464598271846387689e+00 1.609652381944191468e+00 -1.208752275007067833e+00
-5.263736492893364982e+00 1.080447872895853756e+00 -1.324705789912883791e+00
-5.781779266172391019e+00 1.554896221656977717e+00 -1.362410617375707123e+00
-5.759802808647801697e+00 1.777383074866886181e+00 -1.304400533744252799e+00
-5.062845582968543923e+00 1.103208759728522725e+00 -1.202764265899175955e+00
-5.288225403688739945e+00 1.760826232206767372e+00 -1.087769131295952096e+00
-5.744022592957999329e+00 1.690571432768777971e+00 -1.326354437831980038e+00
-5.228678174378726062e+00 8.380391591337985613e-01 -1.286064702437797580e+00
-5.608685687234131301e+00 1.330914324348675182e+00 -1.308979501336088314e+00
-4.889596409082696660e+00 7.118512303659181306e-01 -1.430689365490818599e+00
-5.339951432504582485e+00 1.782107129271907953e+00 -1.169497217593486127e+00
-5.560274794914983332e+00 1.486587582519147688e+00 -1.177724174263162338e+00
-5.010781679076679929e+00 1.479243323718052450e+00 -1.450106025884803529e+00
-4.592579702303182465e+00 1.245179375611131567e+00 -1.453803154696265976e+00
-5.226019330007415142e+00 7.946569558997812477e-01 -1.352875416678851916e+00
-6.177393584857632014e+00 1.587643191146997701e+00 -1.036284243692657814e+00
-5.571215228510501660e+00 6.283929988440752901e-01 -1.242809940210027220e+00
-6.161074783318843728e+00 1.806662920327823940e+00 -1.274740726396535351e+00
5.506468196762490663e+01 -2.199476027341316353e+01 8.908644216163974505e-02
-4.981991509623944658e+00 1.343100416355813786e+00 -1.221662811423494199e+00
-5.173301906728188015e+00 9.700233830248756739e-01 -1.264484209261788950e+00
-5.131914090381822113e+00 1.428493395373781949e+00 -1.321837937067916080e+00
-4.745084541607303308e+00 1.569330079141888046e+00 -1.380422909768994622e+00
-4.906339329195701815e+00 8.727593594850056036e-01 -1.423674527703725268e+00
-5.325146585887624795e+00 1.508486760323240805e+00 -1.006112713218356713e+00
-5.336513075468068301e+00 1.523732967569201957e+00 -1.361960126796576187e+00
-5.369072767586021477e+00 1.288026597266374473e+00 -1.256832735427824144e+00
-4.189668171455322998e+00 9.945497197327871630e-01 -1.437389696502784808e+00
-5.299362280122071667e+00 1.994347035982767524e+00 -7.828917466961906602e-01
-5.683147035820606874e+00 1.265478754009722095e+00 -9.228325971773561065e-01
-5.796454536108118560e+00 1.542894680777542105e+00 -2.369793475952817641e+00
-5.624622815144296517e+00 1.447018382508357348e+00 -1.931653468544671126e+00
-5.292765685588718405e+00 8.328020320909671481e-01 -1.122633520102049198e+00
-5.471072079132197175e+00 1.927028049717703251e+00 -1.533445848128862421e+00
-5.054746734348312565e+00 1.036953358396218272e+00 -1.223785050810037855e+00
-5.447147497321344289e+00 1.360169318326683641e+00 -1.305989607135256358e+00
-5.492979826094574136e+00 1.238997301078205382e+00 -1.319235515876257647e+00
-4.916270525018537008e+00 1.645895971287101966e+00 -1.761458189868154944e+00
-5.498598707509356309e+00 1.875723545024567507e+00 -1.357404553103732425e+00
-5.175767716456028289e+00 1.305885433698259490e+00 -1.169910603277282135e+00
-5.537335286378435306e+00 1.165428821851218988e+00 -1.079777414514208500e+00
-5.323664815202707068e+00 1.342906526206501194e+00 -1.101065535399649686e+00
-5.403520785046753261e+00 1.176716809775907091e+00 -2.408414382530069009e+00
-5.487076523640909365e+00 1.127453103988163008e+00 -1.413255035704825024e+00
-5.939434338535920510e+00 1.450197551186553246e+00 -1.232001228187489028e+00
-5.034629415293085941e+00 1.964255530996461996e+00 -6.832000790359969988e-01
-5.429636336250561968e+00 1.228725062929091338e+00 -1.405079514375927374e+00
-5.462761714280452097e+00 1.808297565070138280e+00 -1.179651314413851404e+00
-5.880138322756306657e+00 1.582185860371153607e+00 -1.315993001955912511e+00
-4.821193348334338324e+00 1.781847364497404440e+00 -1.444497255267331415e+00
-5.299343704815210998e+00 1.174090565041156387e+00 -1.543542033647751888e+00
-5.380101521715601187e+00 1.523701231697212277e+00 -1.426029986771946367e+00
-4.772300814243219058e+00 1.476101310961251079e+00 -9.624223188681905183e-01
-5.232720355825593472e+00 2.204142902024777584e+00 -1.276547835028958522e+00
-4.830183519692892169e+00 1.391162117956868949e+00 -1.410821867600420276e+00
-5.502691542759420074e+00 1.653462685942681087e+00 -1.419062089506455404e+00
-5.572599191943576002e+00 1.705669802934167700e+00 -1.292809013140565177e+00
-5.251702246113032047e+00 1.585005938350340537e+00 -1.689959962005831207e+00
-5.677107836800153962e+00 1.405656243070775746e+00 -1.080165599368041018e+00
-4.586672609820405810e+00 2.074471729627358041e+00 -1.666579169763015900e+00
-5.426401808733819720e+00 1.639164578544394679e+00 -1.214381706368419245e+00
-5.630771554197134598e+00 1.680812579433031972e+00 -1.271454694921974049e+00
-5.051821686098729280e+00 1.394046686937330248e+00 -1.199461339993781017e+00
-5.444379172627997754e+00 1.551945882421267076e+00 -1.157873664921450274e+00
-5.043191760960949566e+00 1.375795006093369022e+00 -1.764553795153107174e+00
-4.600812566733429421e+00 9.447560520790359018e-01 -1.111002765235227452e+00
-5.364771557465229712e+00 1.848114428229773898e+00 -1.107499070082659465e+00
-5.402944678834005643e+00 9.012734448663460851e-01 -9.499820192832667543e-01
-4.903654913071677335e+00 1.638432596932843932e+00 -1.274920529035294736e+00
-5.215692782910250180e+00 1.376551246323167721e+00 -1.297032724253383229e+00
-5.191912309005190629e+00 1.642727552897668364e+00 -1.296758720942042364e+00
-5.822176859683326988e+00 8.100817882998229136e-01 -2.778117716764290090e+00
-5.746575873301828175e+00 1.479928876330998788e+00 -1.125879280508444547e+00
-5.305392357630094757e+00 1.179490796039865508e+00 -1.121280339796613346e+00
-5.397190004379918804e+00 1.458595937706727907e+00 -1.343906685900685405e+00
-5.788340418882229166e+00 1.524020150157678888e+00 -1.256439112670166391e+00
-5.547901676594647391e+00 1.770636313180549148e+00 -1.260465097818602054e+00
-5.285455399955591993e+00 1.417559492927920273e+00 -1.285664144136787979e+00
-5.642689705598804117e+00 1.317852086291967373e+00 -9.916954972134200963e-01
-4.599091085789550171e+00 2.314995771892389698e+00 -8.112167044498039825e-01
-5.354749822855403352e+00 9.367652475866843353e-01 -1.959582580205109892e+00
-4.711276016982176351e+00 1.591901161240822482e+00 -1.096541046426941390e+00
-4.633255707622764952e+00 1.122081602312325899e+00 -1.878644565588013071e+00
-5.375467464959502450e+00 1.778128318381635653e+00 -1.435502305520290012e+00
-5.966779672737367868e+00 1.230900174516870837e+00 -1.253067466765198423e+00
-4.784867088631932219e+00 7.730312088773464430e-01 -1.800577244313293246e+00
-5.254096517734502925e+00 9.623144394428875259e-01 -1.666966798910264114e+00
-5.176365699789323038e+00 1.523733350038329437e+00 -1.227377358955503039e+00
-5.191645285261075493e+00 1.571331016416536164e+00 -1.292237830338550442e+00
-4.840710196196408077e+00 1.047938960541795028e+00 -1.578257607457722367e+00
-5.655871419680101653e+00 1.474218350929831889e+00 -1.041032340476586437e+00
-4.948370576989307601e+00 1.068480597114660036e+00 -1.347421913810942229e+00
-5.356551820224249028e+00 1.586400953418840354e+00 -1.543615616957253467e+00
-4.974981599008125421e+00 1.101080950361347677e+00 -1.286614817244380760e+00
-5.450210993760684630e+00 1.686853916326624736e+00 -1.151577693513123446e+00
-5.815808991540925454e+00 1.558146147695198991e+00 -1.141076022472491402e+00
-4.929798582908691884e+00 1.394985249724780774e+00 -2.014140042942280218e+00
-5.335025573277222044e+00 3.584030886393296811e-01 -1.214796765311968230e+00
-5.660067152674344904e+00 1.453814801565582071e+00 -1.143548637983703653e+00
-5.295221935292754978e+00 1.184036442425548064e+00 -1.299304023651908224e+00
-5.689589697458957929e+00 2.118139009135588058e+00 -1.511529692533832847e+00
-5.710369182173387514e+00 9.030754909709612921e-01 -1.281937452596475957e+00
-5.857291659665891714e+00 1.299212851256656753e+00 -1.269492848476432068e+00
-6.590733412150276749e+00 1.385860951030623678e+00 -1.929800786087148445e+00
-5.015147403120341352e+00 1.639513827198206375e+00 -1.263574242421226401e+00
-4.934180092842884946e+00 1.573273289794065777e+00 -1.327389544480602090e+00
-4.902630296243303931e+00 1.094710212584523612e+00 -1.371141930735308545e+00
-4.885938192744481157e+00 1.575859820199269734e+00 -1.242571915734487886e+00
-5.716429140890789462e+00 1.021323693155219647e+00 -1.297389312788173932e+00
-4.982599253441813758e+00 9.731171375401458379e-01 -1.600270003774857397e+00
-6.222598958762984189e+00 1.939828291589939413e+00 -1.402875355236034904e+00
-5.318450825597622611e+00 1.298681219291988986e+00 -1.107042685493474732e+00
-5.228889131965928527e+00 1.377655419093523514e+00 -1.422074401442082747e+00
-5.168861898802656007e+00 1.462690437787955489e+00 -1.283468346598749088e+00
-5.877176087782975955e+00 2.002391454168749974e+00 -1.049221440662710947e+00
-4.561694364191056117e+00 7.614504901079001131e-01 -1.330457437847236024e+00
-5.814815282737349378e+00 1.415084433524604002e+00 -1.488206011690066610e+00
-5.088493919808116495e+00 1.251395482233626844e+00 -1.214277679167345969e+00
-5.772472399086550077e+00 9.468256880505562245e-01 -1.194285850399851912e+00
-4.987910695453354748e+00 1.136262501533773284e+00 -1.044766742942583093e+00
-5.264929239851273479e+00 1.538210335386151373e+00 -1.286290474030176600e+00
-5.465030745026379755e+00 1.600367309463672116e+00 -1.242459111977355812e+00
-5.879625068086480333e+00 1.504042146578653094e+00 -1.157173127128149126e+00
-4.907843547942515983e+00 1.121293508473517386e+00 -1.998019092371336791e+00
-5.418522028135677182e+00 1.739605079606072913e+00 -1.275267854907331078e+00
-5.316346481032870663e+00 1.508211892151252842e+00 -1.190891145201339985e+00
-5.243091561224967556e+00 9.471718003644405970e-01 -1.189989589927345381e+00
-5.065790096196439052e+00 1.483374152507133115e+00 -1.301722723332978671e+00
-5.201219210606758736e+00 1.706411449532366342e+00 -1.480612377125270829e+00
-6.099942029334611604e+00 1.155261300225220999e+00 -1.894208404154902103e+00
-5.630138197535723421e+00 1.570080738932978948e+00 -1.196455814376483406e+00
-5.333366177637850036e+00 1.863138715265796996e+00 -1.488065414241024342e+00
-5.155506677849106545e+00 1.888415527137115912e+00 -1.154918461335447066e+00
-4.924588738920067321e+00 9.414992037839262640e-01 -1.302948825577530778e+00
-5.486602133300785944e+00 1.229301149537283866e+00 -1.338739540245178050e+00
-5.061619223270807488e+00 7.889205701948063254e-01 -1.953727467651881877e+00
-5.163314690981629873e+00 1.523811325626531321e+00 -1.279822013485359289e+00
-4.879849876671404019e+00 1.140500961860526186e+00 -2.011653401467420998e+00
-5.148187617232399482e+00 1.579705036726704925e+00 -1.105850236972428124e+00
-5.362514147043304646e+00 1.424072832227703422e+00 -1.809666182094305631e+00
-4.827033653280805581e+00 1.187673257308038410e+00 -1.056277552540456632e+00
-5.786522501041905464e+00 1.546249056771762609e+00 -1.204706108517696883e+00
-5.443919598729753062e+00 1.449916628805977714e+00 -1.472957450893600306e+00
5.508927379057794127e+01 -2.953975667925126913e+01 -7.117917041970271974e-01
-5.683242197314452682e+00 1.547294342910498610e+00 -1.346007342755432434e+00
-5.721601010872768178e+00 1.636837608078097084e+00 -1.373794423918063279e+00
-5.201210078801300263e+00 1.732460075531330190e+00 -1.386755410691493662e+00
-5.589863619113574877e+00 1.577421562553251944e+00 -1.600167219899602422e+00
-5.506654933820568587e+00 1.954427371762241128e+00 -1.385626120561859187e+00
-5.765044890674518641e+00 1.672403178154787895e+00 -1.343450324309097388e+00
-5.545896040319624909e+00 1.500805980936234629e+00 -1.232044304683784786e+00
-5.213687032970053536e+00 1.221496330576943290e+00 -1.327837227991135016e+00
-4.759312849937475498e+00 1.091044417389032795e+00 -5.760332841827073835e-01
-5.091267882541135492e+00 1.501547125498094992e+00 -1.331588619151489628e+00
-5.043149150300489936e+00 1.661488107588090291e+00 -1.552560578683655157e+00
-6.292934071511123939e+00 2.092900906841569597e+00 -1.964916984033278302e+00
-5.318385080043818824e+00 1.752937702364353090e+00 -1.190858148418364459e+00
-4.652916216028000207e+00 1.522049206708566693e+00 -1.335652163991185581e+00
-5.308403036771290218e+00 1.283063720908128147e+00 -1.325825283153734713e+00
-4.279980809812648168e+00 1.387564040623437300e+00 -1.638303394783654054e+00
-4.750284185319230801e+00 1.698632081716924702e+00 -1.454887783914608601e+00
-5.354038272114650887e+00 1.578223104206530669e+00 -1.271522513876773397e+00
-5.324981705454106873e+00 1.706779655847481258e+00 -1.382242074732319415e+00
-5.496971625710452614e+00 9.367601800542787460e-01 -1.348847372432887326e+00
-5.554230642883520197e+00 1.436032304165112405e+00 -1.181564527587073865e+00
-5.197285763991728480e+00 9.358007941082668868e-01 -1.479390297554775247e+00
-5.757902479811655816e+00 1.443529363461766080e+00 -1.310452260024313142e+00
-4.628009079334755249e+00 1.995816868729417992e+00 -1.398188607607723677e+00
-4.879202322285026483e+00 8.449444481928435335e-01 -1.301783210436556759e+00
-5.434182519694206626e+00 1.204254211674830710e+00 -1.225236094225572892e+00
-5.003946396357635606e+00 1.370951753763923087e+00 -1.203396000796349785e+00
-5.340790591997682135e+00 1.903787304469873876e+00 -9.259529125042910147e-01
-5.258639118720100925e+00 1.308122007624955341e+00 -1.349005097489673899e+00
-4.707720346377269216e+00 1.641747587978524603e+00 -1.669949205652394797e+00
-5.391788942708312327e+00 9.104378041705659674e-01 -1.338490402200013474e+00
-5.326555116105212484e+00 7.511951755314563162e-01 -1.382304311973092226e+00
-4.945726501124477537e+00 1.432583757029740168e+00 -1.243146250908440331e+00
-5.955552822876105878e+00 1.317347550648090948e+00 -2.793618494481896697e+00
-5.705035121573530432e+00 2.213108026278834739e+00 -2.149347130330410582e+00
-5.292606292058845696e+00 1.518353367306542356e+00 -1.256933175879942910e+00
-5.395819294476043915e+00 8.443956279305333545e-01 -1.182785156258202575e+00
-4.694872653166293652e+00 1.489318978931778892e+00 -1.330430169821766206e+00
-4.889867875657593288e+00 1.231524140825566827e+00 -1.537112207759384841e+00
-5.475797309457703044e+00 1.528123011012611387e+00 -1.107116921420572275e+00
-5.711385173435562734e+00 1.630566180175321955e+00 -1.380919514818155447e+00
-5.255188722889353237e+00 1.091373320860364426e+00 -1.286388684304641039e+00
-4.780325769647468803e+00 1.582891085203001369e+00 -1.325782319976471779e+00
-5.478471047295991880e+00 1.594006370074387391e+00 -1.711998252949936017e+00
-5.721151984677142366e+00 1.395990197414596956e+00 -1.214253055646063117e+00
-4.901551029118170533e+00 1.894067620433042443e+00 -1.053543396428687551e+00
-5.793914172912967508e+00 1.487118177941988417e+00 -1.274970094544465082e+00
-5.460286723376569284e+00 1.276826909561741052e+00 -1.333089980506963146e+00
-5.886941346846799483e+00 2.027070322629636490e+00 -1.138989331410047656e+00
-5.081174205110062125e+00 1.050347548306654666e+00 -1.582033426750032223e+00
-4.643776303181015308e+00 1.260013895921830551e+00 -1.343557263272677993e+00
-5.059999180913179906e+00 1.292789958775351966e+00 -1.263409580719953018e+00
-5.447187921073952666e+00 1.576058526495457635e+00 -1.340149286632502212e+00
-5.027836858781474128e+00 2.427656965891467511e+00 -3.491741568301695020e-01
-4.913866240355659443e+00 1.570718086013789483e+00 -1.685313366652584355e+00
-4.934539811135365106e+00 1.401832619950952541e+00 -1.259957780840098573e+00
-5.655738276440139600e+00 1.544594402021015167e+00 -8.643399328941760995e-01
-5.521042793875301946e+00 1.826318722219843371e+00 -1.398385433038441983e+00
-5.640176865892166269e+00 1.771950757387279252e+00 -1.450432076549193150e+00
-4.096665133406203196e+00 1.451620926481740792e+00 -1.912213944465072313e+00
-5.235875855915324451e+00 1.569692686581198648e+00 -1.228048142651566366e+00
-5.134002403172399198e+00 9.965659780452904570e-01 -1.196319944148813041e+00
-5.764860561355219737e+00 1.389652561719680435e+00 1.861602279922741632e-01
-4.910812895409143231e+00 1.498046754421302529e+00 -1.594091053347839848e+00
-5.603935069706702521e+00 4.928471362349656215e-01 -2.239739248543469508e+00
-5.718803099510560095e+00 1.241277877771655103e+00 -9.080286371815173840e-01
-5.235282022420979509e+00 1.562242378681507837e+00 -1.290633206036965408e+00
-5.545193522162701782e+00 1.513634148526225021e+00 -1.074885487564352982e+00
-5.143897052616134502e+00 4.375852790871525566e-01 -1.025586875443775359e+00
-5.860359280621218581e+00 1.172681094207139951e+00 -1.413822652680998493e+00
-5.454495374490055504e+00 8.984066099307094211e-01 -1.215156160322702794e+00
-5.365305167706230449e+00 1.287183105133406169e+00 -1.551482204828232181e+00
-5.097890968347519980e+00 6.105867046766432216e-01 -1.655983312440922006e+00
-5.560200195934494438e+00 1.594642084802072590e+00 -1.324418664394910961e+00
-5.209582397431359979e+00 1.963576941720136526e+00 -2.050015074719922836e+00
-5.533963835721873892e+00 9.955180428368343160e-01 -1.757310418821433906e+00
-5.670286190323559516e+00 9.570138324595156565e-01 -1.282704490047503310e+00
-5.059224042908849306e+00 1.546018972394954893e+00 -1.182548206260236601e+00
-5.322436277598749932e+00 1.028390688987974810e+00 -1.234298330878802474e+00
-5.574559075258871843e+00 1.118184507381710713e+00 -1.326156232114596767e+00
-5.747145837876525221e+00 1.769494682754493287e+00 -1.096492849340058751e+00
-5.596283300341294620e+00 1.149960205280521564e+00 -1.285683635709741646e+00
-5.179960031359795103e+00 1.387850064014177986e+00 -1.265068373096491561e+00
-5.621495924367424735e+00 1.602225597710416949e+00 -1.241550309852387013e+00
-5.984570770711461485e+00 1.180810393852284479e+00 -1.092627081058000549e+00
-5.799949494483302104e+00 7.546518173705917265e-01 -1.096700362452967203e+00
-5.512103198930307535e+00 1.797235376738016033e+00 -9.350850881222895206e-01
-5.357409002396997799e+00 1.400312790397035378e+00 -1.347750245929311808e+00
-5.502798963868727355e+00 9.032313180758642090e-01 -1.434059205733198228e+00
-5.416582495441126355e+00 1.374507481340046855e+00 -1.476322143025886824e+00
-5.312347636005754659e+00 9.855439412519221287e-01 -1.686793879524556061e+00
-5.188113492157074624e+00 1.448333244556770039e+00 -1.527134297737684943e+00
-5.316775984742024619e+00 1.541536435864512722e+00 -3.350666383744173582e-01
-5.472317165647236692e+00 1.743166596632057086e+00 -1.124991577970198220e+00
-4.834893498656406052e+00 1.623816571222214344e+00 -1.461456039569757781e+00
-5.312212918308286014e+00 8.776913916064776888e-01 -1.248666479472366975e+00
-5.399967163130971137e+00 1.215381707907773334e+00 -1.221937464663676254e+00
-5.473545301371133043e+00 1.526897387537364814e+00 -1.337344030800249328e+00
-5.787947122966315305e+00 9.656723129264893624e-01 -1.303745047045694827e+00
-5.472540900596463587e+00 1.321379607106202281e+00 -1.133017893359503425e+00
-5.304151249794788470e+00 1.095413120299875143e+00 -1.108908396397727980e+00
-5.579545885550486695e+00 1.845399049045948203e+00 -1.373440727318131716e+00
-5.446938647089596408e+00 9.607169363873316881e-01 -1.235529980448988985e+00
-5.465886382514690389e+00 9.869166743782333828e-01 -1.025410920357153977e+00
-5.079667797290467135e+00 1.801006692817479493e+00 -1.236934055871322213e+00
-5.027338107072564455e+00 1.302671321169176055e+00 -1.419400379125916434e+00
-5.926846146684617622e+00 1.102793235709439879e+00 -1.472292025348411970e+00
-5.141322675521590391e+00 1.186998171309884054e+00 -1.341689384568227172e+00
-5.756210247301959626e+00 2.020015858198781267e+00 -1.474569496825542503e+00
-5.080459410248897356e+00 1.022400489987012051e+00 -1.918790514504152833e+00
-5.288105806141922827e+00 8.608251634766055371e-01 -1.201562137014813514e+00
-4.838101973054948601e+00 1.016075386389988955e+00 -1.818329800058029688e+00
-5.115875355914842437e+00 1.437213703434931489e+00 -1.469874196456248061e+00
-6.005463410068535346e+00 9.800529463973144395e-01 -1.558061896446502725e+00
-5.257080985508547855e+00 1.137196016896553585e+00 -1.387356420713327099e+00
-5.003007245883706489e+00 1.444935968410997695e+00 -1.424538217275945540e+00
-5.645053072824437912e+00 2.348702624698084218e+00 -8.735835996334536668e-01
-4.761395814739319832e+00 1.548051969674184569e+00 -7.595160903724559320e-01
-5.374555650044866795e+00 1.730843862747968531e+00 -1.870468222992605511e+00
-6.497060319725449062e+00 1.873061870490006164e+00 -2.034367157460547304e+00
-5.561948423951612597e+00 1.442431619375946106e+00 -1.196418422886801336e+00
-5.601484329642159921e+00 1.630354206562511843e+00 -1.321216312986004171e+00
-5.325952804346996139e+00 1.507584880318519227e+00 -1.313455321086117511e+00
-5.042861535852386723e+00 1.978855653908949019e+00 6.576963831530287241e-02
-2.819127359692103241e+01 -6.215468321178035893e+01 -6.600355811607616641e-01
-4.968475923378572467e+00 1.493020268353395297e+00 -6.101034930209465745e-01
-5.398176294227988947e+00 8.600204164417037944e-01 -1.107485638321401566e+00
-5.525655605385350277e+00 8.147919256153359768e-01 -1.354468202172004920e+00
-5.263602992903922306e+00 1.019780845338850161e+00 -1.354737370742491454e+00
-5.703177699641594600e+00 1.414129127850510370e+00 -1.022123262742518746e+00
-5.118013193248754256e+00 1.722990931135886417e+00 -1.676829413342173947e+00
-5.095948000700714076e+00 1.298981198193018383e+00 -1.284674046090580113e+00
-5.537388648036937866e+00 1.512944383405210980e+00 -1.087840794745158934e+00
-5.739721205819403593e+00 1.315420180445061815e+00 -1.216463859855994034e+00
-5.524697979495556410e+00 1.731152291862747550e+00 -1.307913046329984619e+00
-5.456574878607161061e+00 1.655943070892830660e+00 -1.236065321448833965e+00
-5.760050286524112551e+00 1.532828429595402664e+00 -1.158077565568658152e+00
-5.854426352535439193e+00 1.628062034471945418e+00 -1.214490606037147646e+00
-5.143882403699001848e+00 1.516008538781067339e+00 -1.250697818679241458e+00
-5.514253402202221821e+00 9.449197569137149921e-01 -1.337985911292760788e+00
-5.241419885653201938e+00 1.140064991954380380e+00 -1.179316814920543299e+00
-5.557877122387509417e+00 1.867522202062571468e+00 -1.623224279677583093e+00
-4.933134351553984054e+00 1.042460396280265877e+00 -1.407781405563400812e+00
-4.660095968076186423e+00 1.616027657120838068e+00 -1.782437894385978217e+00
-5.291904859902655467e+00 1.483368343759831509e+00 -1.026646585018475166e+00
-4.828614796723177172e+00 1.071228067127613981e+00 -1.570192999092249408e+00
-5.606060334992195138e+00 2.356346003183117599e+00 -1.336892508396970491e+00
-4.876588730907777780e+00 1.139849628905639234e+00 -1.310778609428422392e+00
-5.651578177343273168e+00 1.770977991565845011e+00 -1.387502978322908920e+00
-5.107071120823659882e+00 2.155884725330998286e+00 -1.391814583340605038e+00
-5.993305835422151340e+00 1.204297763432309987e+00 -1.536354537927187680e+00
-5.790721699096462949e+00 2.228001385787452993e+00 -7.179955563856399436e-01
-4.630724233700448167e+00 1.446669344355222986e+00 -1.253179202036373896e+00
-5.725054543222340975e+00 1.136077966118107296e+00 -1.356144088439134032e+00
-5.205191383489255585e+00 9.008259543716461426e-01 -1.268045744520368334e+00
-5.109982906484920484e+00 1.386188291453781085e+00 -1.351413188479124727e+00
-5.844727890113760260e+00 1.039002107681394449e+00 -5.079949942632900894e-01
-5.204204906054672897e+00 1.237703396533101685e+00 -1.327055992746465352e+00
-4.949428916064703365e+00 6.259791911840882905e-01 -1.256855703632340893e+00
-5.360262862809251239e+00 9.986369968193126168e-01 -1.508369828196695739e+00
-4.711536126325087004e+00 1.340475190080937740e+00 -1.305663645662459071e+00
-4.947630648978042167e+00 1.743325079393452492e+00 -1.198544834996124964e+00
-4.910226830290000066e+00 9.171913581133095406e-01 -1.404979507468346434e+00
-5.675630063616722509e+00 1.110492185908910079e+00 -9.720588798606658587e-01
-5.037573036899394729e+00 1.270875391333780913e+00 -1.364363780979180873e+00
-4.686067558807308409e+00 2.090885929480742256e+00 -6.168566612059227516e-01
-5.358460540171808617e+00 1.606340859433940560e+00 -2.260725746770946287e+00
-4.767813173349383149e+00 1.196055107038695775e+00 -1.261539974522465135e+00
-5.170213950620918375e+00 1.072081941858316290e+00 -1.169008949620321980e+00
-5.166426037181952147e+00 1.470271511586134006e+00 -1.273097737890803716e+00
-5.298763577851290485e+00 1.346042552734692199e+00 -1.311282794572062205e+00
-4.799477515998803234e+00 1.528741118037277857e+00 -1.366465537735491731e+00
-5.479389489823010884e+00 4.692383158087818917e-01 -2.202563541095433397e+00
-5.303712501756095321e+00 1.996711698431387294e+00 -1.293383250304382281e+00
-5.515597510167947526e+00 1.677287640985621220e+00 -9.070346132365331160e-01
-5.060413655746200945e+00 1.380241824386784000e+00 -1.418016025327506480e+00
-5.699336180832386134e+00 1.931771308695745537e+00 -1.317466410187803305e+00
-5.502554170232086150e+00 9.806684428554299782e-01 -1.470622162737038607e+00
-5.774662555697405608e+00 9.671259725200662682e-01 -1.830265003788441369e+00
-5.793052306617953562e+00 1.437591379563832206e+00 -1.235703863804642033e+00
-5.256828647856663039e+00 1.251141896570863388e+00 -2.174895090664015207e+00
-5.784975744945781706e+00 1.637996865282103531e+00 -1.365540645949033349e+00
-5.730987289022580811e+00 1.639630960000910243e+00 -1.317699213747579590e+00
-5.449352831987958723e+00 1.407835140786392936e+00 -1.123743192528920298e+00
-5.326817020486715570e+00 1.495865243914022535e+00 -1.322528291027159186e+00
-4.921434844512734941e+00 1.395976269195634778e+00 -1.596761838679590317e+00
-4.646451103623418177e+00 1.394339472599251284e+00 -1.392905168869910115e+00
-4.777360061534414726e+00 1.227265322882947096e+00 -1.791194820271589716e+00
-5.538643535851518251e+00 7.381657855677701274e-01 -1.204862483517192384e+00
-5.623396076022415535e+00 6.847391378553892016e-01 -1.500245029219956505e+00
-5.281274009827583882e+00 1.715941105391565857e+00 -1.337060132831142445e+00
-5.542970899307970711e+00 1.727637331152827249e+00 -1.441547683319680750e+00
-5.813244342539156229e+00 1.511777182720551727e+00 -1.294515164407622487e+00
-4.408658971212467748e+00 1.102457432613416888e+00 -1.727975890244819901e+00
-5.499670029000374605e+00 9.416161558689289945e-01 -1.224905579873413641e+00
-4.753250564937744116e+00 1.752381012590876086e+00 -1.091007628808405627e+00
-5.159475613375051672e+00 1.823491191701549274e+00 -1.578026110436988150e+00
-4.921137717452875648e+00 1.182709768749121704e+00 -3.852245262012856108e-01
-4.746511020831029271e+00 1.269397683639407415e+00 -1.418070858025528125e+00
-4.666007916358606344e+00 9.631397757020917494e-01 -4.702380852099442565e-01
-5.434548661198794761e+00 1.784370617554607019e+00 -1.231276656338459397e+00
-5.109257176999358663e+00 1.654291333834814637e+00 -1.258988244524434696e+00
-5.014499054796575983e+00 1.003451768254724374e+00 -1.265138990142245623e+00
-4.986506631339005402e+00 1.239372306012202829e+00 -1.268968716714272249e+00
-5.345661832314266171e+00 1.029618893190535012e+00 -8.447708537517120142e-01
-4.625245462923034623e+00 1.053366766854664238e+00 -1.613210792756789580e+00
-5.770350744382493957e+00 8.048584059185250883e-01 -7.276989228816472810e-01
-5.706715667954634696e+00 1.395284849474881295e+00 -1.419099639948534497e+00
-5.823221934037064784e+00 1.284472743756615243e+00 -1.243289477534876841e+00
-5.894303719959177457e+00 1.274408679316933579e+00 -2.748177678970912918e+00
-5.452397477436186968e+00 1.173216450368194330e+00 -7.422503485553738622e-01
-5.167106031358740914e+00 1.325051872312936529e+00 -1.359449988782338359e+00
-5.788285726656797081e+00 1.217296822102261755e+00 -1.381106638439051792e+00
-5.031329341797389887e+00 1.341746422227637625e+00 -1.260760203848212191e+00
-5.240628725681064637e+00 1.633809618962678956e+00 -1.296251923885669788e+00
-5.193652047932575400e+00 1.572188554575584041e+00 -5.430027936280388268e-01
-5.270659261943298368e+00 1.350405426211427562e+00 -1.286718540540082056e+00
-5.766910966446558540e+00 1.611680742554162160e+00 -1.369928263355778775e+00
-5.291871683593272202e+00 1.798838879145601144e+00 -1.283874652034483477e+00
-5.568713586067605803e+00 1.594238496814188055e+00 -1.367860558513580127e+00
-4.480075522506838936e+00 7.625285769538582281e-01 -1.693919991389750912e+00
-4.964763989136074862e+00 1.453580634819701789e+00 -1.447339825037157857e+00
-4.960076767883965232e+00 1.252492516414870360e+00 -1.542239390993306536e+00
-5.121907998959136066e+00 1.063442968698994795e+00 -1.084142728775112641e+00
-5.346088966512863472e+00 1.421504378745450881e+00 -1.205335920538694650e+00
-5.202569826427469124e+00 1.445459102571285070e+00 -1.409948223918652266e+00
-5.938015314381229537e+00 1.840116397576840646e+00 -9.780451205890849931e-01
-5.070577003612247502e+00 1.298144242687041094e+00 -9.855308785088241486e-01
-5.257769520305899391e+00 1.918667817876561266e+00 -1.247610097963665066e+00
-5.889702023545975607e+00 1.387367647834802264e+00 -1.032968129308143634e+00
-5.370275287085982896e+00 1.804711973575412909e+00 -1.597317164255481758e+00
-4.775496077880680090e+00 1.342607879680361549e+00 -6.498572354989939903e-01
-5.667780382500194669e+00 6.541919349627036695e-01 -1.749902346886727189e+00
-5.329512459951596171e+00 1.860161418387947130e+00 -1.398088161373117977e+00
-4.811723370469764838e+00 1.167840684167237741e+00 -1.466158578617564379e+00
-5.532581614574371365e+00 1.360801599752733626e+00 -1.254943280462243571e+00
-4.844873738424743337e+00 9.854613464342545370e-01 -1.260607221835335245e+00
-5.405314411590124379e+00 1.022248296736175899e+00 -8.916476198334172265e-01
-5.729145845943500959e+00 1.394010944010174891e+00 -1.349028736536435291e+00
-4.520298304826819269e+00 8.749713003831482983e-01 -1.020278043383282984e+00
-5.601554302192254475e+00 1.631233995980305940e+00 -1.290695420348614508e+00
-5.551854919938529420e+00 1.556471680481508191e+00 -1.336355871373025916e+00
-5.371693089579592240e+00 1.058432359873185291e+00 -1.149540356737073665e+00
-5.029086463607631785e+00 1.755827654928809434e+00 -1.311881210960821553e+00
-5.406265878659828772e+00 1.420502594239817507e+00 -1.505593774417983699e+00
-5.519587021242002400e+00 1.076553255961981037e+00 -1.166127394488089442e+00
-5.729608400265195023e+00 1.389567725016487953e+00 -1.201448949773820996e+00
-5.369233501704758993e+00 1.601777467206259686e+00 -1.356662830373043249e+00
-5.288930295005504156e+00 1.677719310445436207e+00 -1.038368104708605966e+00
-1.085200363206783614e+01 -7.058040165821140022e+01 -7.523885692792182667e-01
-5.409485842113056719e+00 1.112517199775608923e+00 -2.120150622156864451e+00
-4.989118588927608400e+00 7.896689398694609618e-01 -1.664168744928589350e+00
-5.372485695562464691e+00 1.988474400677711085e+00 -1.393183628370391336e+00
-5.096768790488087397e+00 1.242918669525849396e+00 -1.058812952302361277e+00
-5.597414391487255614e+00 1.763688392913946190e+00 -1.206971192317523256e+00
-5.164989875830995558e+00 1.832275094285453987e+00 -1.701928196120607861e+00
-5.381738907677195982e+00 9.892262721882871812e-01 -1.213575801848583824e+00
-5.709332196005086679e+00 1.583956863027018436e+00 -1.235598169248259826e+00
-5.255463737916703515e+00 1.472225396908602546e+00 -1.278166827390146754e+00
-4.678814956550027659e+00 1.283061608011169419e+00 -1.164273057968732150e+00
-5.002900152171614323e+00 1.033657324622624163e+00 -1.347482364759227336e+00
-5.184622642172294071e+00 1.394450239376889833e+00 -1.283024370030635852e+00
-5.932704955553296244e+00 1.413213735667991688e+00 -1.467585153467972026e+00
-5.315749000210871600e+00 1.094523988702586603e+00 -1.667999773062130542e+00
-4.918954180696930578e+00 1.020325737842705749e+00 -1.428701402511503682e+00
-4.782261929815072143e+00 2.066735516459812683e+00 -1.439865201972376552e+00
-5.333235922846429666e+00 1.073904942414511510e+00 -8.372196866795195147e-01
-4.962332220044902265e+00 8.519037320365115962e-01 -1.143559649111559162e+00
-5.374450589371565279e+00 1.343314566967694024e+00 -1.406447259862416033e+00
-5.480160497885389503e+00 1.700502197772173707e+00 -1.543355026980389511e+00
-5.830278831384926086e+00 9.417544968934985494e-01 -1.187471068238556748e+00
-5.361335463847265892e+00 1.455630871443136742e+00 -1.345952185348808561e+00
-5.813631176870482697e+00 1.772993464037123434e+00 -1.711706508735226562e+00
-5.264836507600859861e+00 1.221456738895125627e+00 -1.079960843925221958e+00
-4.629215054503442062e+00 1.556366343220730641e+00 -1.369226362116144902e+00
-5.175613112277126504e+00 1.251770317473318794e+00 -1.251270895756868784e+00
-5.003858994190622411e+00 1.245061997738696968e+00 -1.168241439001459048e+00
-5.470235315479907712e+00 1.577267477421707476e+00 -1.355141874733502450e+00
-5.507031816163901361e+00 2.100739798386102031e+00 -1.492888725166775510e+00
-5.613706016235630258e+00 1.885771331339981538e+00 -2.104596576155323806e+00
-4.888756411612522612e+00 6.993504820296342350e-01 -2.011757164913138496e+00
-6.265704144288988253e+00 1.773653575818239680e+00 -1.282614851729099614e+00
-4.810591134979572026e+00 1.383220129249982611e+00 -1.224970055893515930e+00
-6.010361744745549295e+00 1.653047328681198858e+00 -1.219752652044275854e+00
-5.143380660085748346e+00 1.245864765330903623e+00 -1.160367459997237338e+00
-4.855618484954046465e+00 1.082237567076796747e+00 -1.538648778843786591e+00
-5.648931199700922612e+00 9.143398202314473311e-01 -1.319760240518449868e+00
-5.141727661306878971e+00 1.729870632715437839e+00 -1.607313906831582040e+00
-4.957185343743640615e+00 1.099357936823968984e+00 -9.959503970180243471e-01
-5.547299621811817794e+00 1.802309632351217106e+00 -1.170454419572349858e+00
-5.097043828690670075e+00 1.513643742230295075e+00 -1.153703762534456612e+00
-4.727738011842231636e+00 1.383634254305810884e+00 -1.591759252913316214e+00
-5.133507966297540470e+00 1.809679592327184228e+00 -1.320224612553120958e+00
-5.054326921230733127e+00 1.252886089182636775e+00 -1.639670276577089192e+00
-5.602074836409234315e+00 1.698537396366397445e+00 -1.274843898553453814e+00
-5.610962539462148513e+00 1.203861672064860944e+00 -1.305866656296740480e+00
-5.607281396064632162e+00 1.379924706784614319e+00 -1.277303475299918611e+00
-5.258991675302725710e+00 1.173427135425307188e+00 -1.270352638469893325e+00
-5.423783591364874646e+00 1.713352005923124199e+00 -1.515674593954519978e+00
-5.163720271840911202e+00 1.467934786900719990e+00 -1.419187516858287701e+00
-4.957535261016469796e+00 2.148156008042474419e+00 -1.217293084252490720e+00
-6.023621299559181352e+00 1.612004914264147493e+00 -2.416610400366891120e+00
-4.813124129552064367e+00 1.159727348054850671e+00 -1.205344621805871874e+00
-4.290009631672200285e+00 1.170901381756872084e+00 -9.084503668214162220e-01
-5.214773572691187020e+00 6.013110966392454237e-01 -1.256370133106973208e+00
-5.416194416812892598e+00 1.862298343547160728e+00 -1.170011320128435228e+00
-5.381333536075626256e+00 9.693961897712195519e-01 -1.296925856586669257e+00
-5.560344117598257974e+00 1.322594483416378086e+00 -1.066047299876634380e+00
-5.177373660296280988e+00 3.154979405918759139e-01 -1.934790283963851998e+00
-5.172976211219546094e+00 1.826918203757486925e+00 -1.460174734632582627e+00
-5.933057740359145349e+00 1.377171753118032749e+00 -2.685897929551410268e+00
-4.335475582217389601e+00 1.294003153957894003e+00 -1.556586020518995195e+00
-5.147413833824107776e+00 8.661183656221115301e-01 -1.256002930564752651e+00
-4.846582646845337905e+00 1.641161067351329050e+00 -8.970850540425517883e-01
-4.960479634750074140e+00 1.664498604957888928e+00 -1.162304212236396461e+00
-5.856671374959972809e+00 1.175320615275354585e+00 -1.273619725823841087e+00
-5.133216396338948329e+00 1.123042067999410198e+00 -1.220264791248796499e+00
-5.738781563965743793e+00 1.260105966498285213e+00 -1.256005825612291016e+00
-5.482975755732740097e+00 1.051425229175512843e+00 -1.568068795567404639e+00
-4.676376471196372897e+00 7.214427146848527705e-01 -1.785614787576983442e+00
-4.671341661736479800e+00 1.684860240474295390e+00 -1.708275925922875915e+00
-5.722320939933237760e+00 1.957118279459637122e+00 -1.356561931552926481e+00
-5.417426899531011308e+00 9.749209944427581487e-01 -1.147134061287932161e+00
-5.364139624648609050e+00 1.773457348491051189e+00 -1.458580682166581211e+00
-5.724156078165179906e+00 1.545568204363852560e+00 -1.429606099390930307e+00
-6.244745310379396841e+00 1.170149546334939838e+00 -9.848540081774642685e-01
-5.323853406626591678e+00 1.301744203201902650e+00 -1.410028131038461918e+00
-5.170512738232773131e+00 1.399916193241974582e+00 -1.294280453333203074e+00
-5.575909462192494281e+00 1.571979031950306860e+00 -1.829754524305301278e+00
-4.460361297447753337e+00 1.916439176415750012e+00 -1.416772843673588023e+00
-5.646926013765399155e+00 1.521777644096914184e+00 -1.485411456676956954e+00
-5.544523853322059992e+00 1.511429841333368884e+00 -1.450213093928528041e+00
-5.247520993737487593e+00 1.468344955225096671e+00 -1.319932990241555748e+00
-5.707100650763926808e+00 2.141552528123306320e+00 -1.449694227004438618e+00
-5.722480294656246080e+00 1.189711710370958020e+00 -1.029999803940921721e+00
-5.580298931406330709e+00 1.131268169382521283e+00 -1.291129731232686151e+00
-5.821940014493529603e+00 1.454349840099092184e+00 -1.176499373474447552e+00
-5.334905322539749584e+00 9.621170602021458240e-01 -1.208875328983156638e+00
-5.259525583202262489e+00 1.325375937419363659e+00 -1.265262136136622084e+00
-5.728702651964125536e+00 9.993671278018784188e-01 -1.325146517009766933e+00
-5.541267627540528373e+00 1.988979908250643858e+00 -1.451894467194014160e+00
-5.253520191368245662e+00 8.216545332200898555e-01 -1.447342077455190834e+00
-5.504132315007908005e+00 1.185140592037701390e+00 -1.353682277219738550e+00
-5.683969678676217718e+00 1.189934880082412549e+00 -1.406309319077565512e+00
-5.368515675920367158e+00 1.658431209226243874e+00 -1.278850901683890484e+00
-4.629795822165142738e+00 1.087075509431127296e+00 -1.382250830844706568e+00
-5.151005418671874558e+00 1.170994364934834442e+00 -1.405456710265359677e+00
-5.721301144316901954e+00 1.613624022950523207e+00 -1.412334646481604894e+00
-5.519012797265240522e+00 1.349339748102140746e+00 -1.326556580043865674e+00
-5.101672858500350571e+00 1.657547633278567245e+00 -1.097462908261317427e+00
-5.915658099686138094e+00 1.696914604963571493e+00 -1.069635779589146685e+00
-5.790853991827308533e+00 1.270977172854176329e+00 -1.540763879937491643e+00
-5.957194193168854568e+00 1.454950730187388075e+00 -1.313088145888851921e+00
-5.043503945339184114e+00 1.207209003519599699e+00 -1.993069851294188455e+00
-5.424455356284828333e+00 1.053793039401929699e+00 -1.311576793025933885e+00
-5.539424500136978402e+00 1.059586258690196070e+00 -1.097139811264766340e+00
-5.691624089115970619e+00 1.291579761418785166e+00 -1.354781996882805872e+00
-4.879937125412106447e+00 1.305114280547072125e+00 -1.138127541804611731e+00
-5.380035817916140495e+00 1.077651013451152551e+00 -1.544988219869590562e+00
-5.057985574872883028e+00 1.097056563957043762e+00 -1.216383904380165415e+00
-5.353263663383417637e+00 1.406462172227009200e+00 -1.532457520809030749e+00
-5.728695371550211135e+00 1.595709017447119793e+00 -1.121543456958129070e+00
-5.510246924729649720e+00 1.296008488401579228e+00 -2.060129372610858933e+00
-5.035449120369882792e+00 2.126582361064070781e-01 -8.810897122447606256e-01
-5.563633920137598388e+00 1.265089421420839022e+00 -1.289798623725451288e+00
-5.294866426587155672e+00 5.695329465823427695e-01 -6.162360535313284871e-01
-4.978216010911068246e+00 9.913916398175165456e-01 -1.294415305578030306e+00
-5.390094601797249751e+00 1.732127356466714341e+00 -1.134399818638019974e+00
-5.571693678741825195e+00 1.561153040206564535e+00 -1.003623825336374731e+00
-5.029894177886841788e+00 1.561003483769949574e+00 -1.983312162688623426e+00
-5.498419342606889693e+00 1.963915699760584221e+00 -1.198076571201807772e+00
-5.079066115414820892e+00 1.613676603554742295e+00 -1.544033721952283722e+00
-5.661217294167855130e+00 1.017475488508194026e+00 -1.292117938943257993e+00
-5.448863699138694727e+00 1.311913176067241338e+00 -1.843844144904780658e+00
-3.613432967557607345e+00 8.485351149366779566e+01 -4.083708600627724561e-01
