-4.563952045756342057e-01 5.507550162297292218e-02 -6.954673607448845774e-01
-3.058655248454092979e-01 -2.302640627330763134e-01 -7.232101180351757641e-01
-9.840239335842217994e-01 -7.102780913630432069e-01 -9.194767686330442835e-01
-3.725166248438728789e-01 2.927418797427654429e-01 -4.095886788093950348e-01
-8.585468650513735644e-01 4.387443530629208666e-01 -2.829326386122166248e-01
-3.683757232691172723e-01 -1.324875056546306051e-01 -4.431197473041658674e-01
-1.444243638955884368e+00 -1.634181678973341822e-01 -5.961972976690166348e-01
-6.662507706278464337e-01 3.948218040428703168e-01 -6.254545067559655891e-01
-4.818744061504474652e-01 1.627659356776274546e-02 -8.690108826712668044e-01
-7.632099561082080763e-01 4.341021266427690373e-01 -7.352217347219223154e-01
-8.673340806895375454e-01 -2.409869761358731377e-01 -7.369617380966879683e-01
-1.073998765009681167e+00 5.155826430585241926e-01 -4.257331172139297015e-01
-6.863095136999529666e-01 5.146489358243403478e-01 -5.058317276567854126e-01
-1.077672831001027287e+00 3.156707469758445184e-01 -5.836808006227309775e-01
-6.472946545738369473e-01 8.281847074622319949e-02 -8.505316364695914011e-01
-1.131230422999573992e+00 -1.576302759633590456e-01 -3.909809402235392972e-01
-1.136021901215322760e+00 -5.003049499206989603e-01 -1.160061575278799051e+00
-9.844539814254676946e-01 -2.672242961054943633e-01 -6.062050768103363074e-01
-1.014926166378639083e+00 -2.756658687795878193e-01 -7.362343512866973416e-01
-7.960876080761588591e-01 -1.004717042125179427e-01 -4.733273638334585254e-01
-9.542231614098889425e-01 -8.773342219134751957e-03 -5.927857577711660442e-01
-4.654222283471951549e-01 7.917756895111969229e-01 -1.075204924523655681e+00
-3.818313122366355228e-01 1.360304877000401147e-01 -2.242503294226559640e-01
-6.129073068144406111e-01 -2.941963591184756921e-01 -7.555687320366530901e-01
-1.725361255135319904e+00 -4.680181653122494345e-01 -6.444545663489023024e-01
-1.281852884097142375e+00 -4.917692980731572239e-02 -5.940821102227298312e-01
-7.587146083535964980e-01 2.525516173476107240e-01 -4.882665421072840406e-01
2.009154602510313317e-02 -8.308462943284052049e-02 -7.949329366403612429e-01
-1.118548225667594487e+00 -3.244924310598458206e-01 -6.093000249577641414e-01
-6.044531104744791383e-01 -5.776143495688777774e-02 -3.147270224735806421e-01
-8.834015479000458804e-01 -1.435300207296389130e-01 -5.934918314673022222e-01
-1.195246659545541323e+00 -1.354724759448785731e-01 -1.493532392830327904e-01
-7.371088978615293330e-01 -3.238052583523168271e-01 -7.026402916487385353e-01
-5.101320622037537333e-01 9.855099198113606018e-01 -6.780919925943126314e-01
-1.622876177360206562e-01 -3.322015647532065574e-01 -3.580698788541075706e-01
-1.208153742338692771e+00 -7.700233709321996356e-02 -5.862169911668111411e-01
-1.363642735483608703e+00 8.208452602255979225e-02 -7.386609168060354058e-01
-1.113782835101391422e+00 3.139151134956675859e-01 -7.883924086503515394e-01
-1.401272576578202145e+00 2.385626666705815135e-01 -6.917836732897206797e-01
-9.339800223355603226e-01 -3.192083603607883124e-01 -1.002193454112435100e+00
-1.772534964691790949e+00 -7.617447872391709396e-01 2.096211951747988522e-01
-6.924200779483598023e-01 1.450290554542603694e-01 -6.765445448355181801e-01
-1.232987584574613660e+00 -3.528180077317594199e-01 -2.673984738979471310e-01
-7.875227462928047206e-01 -2.820171824336701882e-01 -5.511882654940754023e-01
-1.205008386906004425e+00 -4.971181585513692047e-01 -2.623714021077603875e-01
-3.955534176028821514e-01 -1.247762125593659122e-01 -5.760796218108560351e-01
-8.157815386846239969e-01 3.772062413151980875e-01 -8.057322447685035804e-01
-3.255895305438482601e-01 1.745147886908953450e-01 -4.545657810802956056e-01
-7.068437302758319163e-01 2.797804266859739153e-01 -7.636567152672414371e-01
-1.133361746848784574e-01 -3.298196395056228747e-01 -9.609986216534136538e-01
-9.205051780421036334e-01 8.634560352630277213e-02 -9.803120955366528833e-01
-6.172650996971620341e-01 1.385530301669323228e-01 -9.300078670354686716e-01
-1.063949455401906219e+00 2.895572748013151149e-02 -6.710905646626282861e-01
-6.443989630718499617e-01 -4.691772963261437446e-01 -8.842032924357250412e-01
-1.231030222969211607e+00 -1.185950125028678581e+00 -1.429243629583079267e+00
-9.825969427083744989e-01 -2.967439719671647325e-01 -2.768025584105455184e-01
-1.231118554874829796e+00 -1.206246488802656947e-01 -5.376898983996655224e-01
-5.077349494026235366e-01 -4.600734368010944153e-01 -5.439981333604808622e-01
-1.556902294577331869e+00 -8.868861576490494336e-01 8.753915143684010136e-02
-1.387668412194955625e+00 -6.348295372833766270e-02 -3.669101837079171147e-01
-4.451098560383053848e-01 -9.779111914810251216e-01 -1.070525093329333544e+00
-1.193692794489275899e+00 -5.452737629870836322e-01 -2.268443651545353767e-01
3.554553738956876541e-01 3.760522628484160856e-01 -1.176710132479827697e+00
-6.743635887149455055e-01 4.079662016674522051e-02 -4.846571326440719529e-01
-8.031319488253907402e-01 1.221125339916565855e-01 -5.829210730848354283e-01
-1.021058599586418980e+00 -9.900927772328937948e-02 -5.697564447004992427e-01
-6.113750429317535984e-01 1.112832824272482063e-01 -4.146734912810167151e-01
-1.083870549983193543e+00 -1.403856877446571227e-01 -3.623243565316598414e-01
-4.478534452944912814e-01 -8.790330022023863654e-02 -7.758540539002988234e-01
2.504378210869206423e-01 7.905344069704356436e-02 -5.848613723591425950e-01
-1.109988165670836802e+00 2.262142860518177312e-01 -6.437270917682568205e-01
-1.089154161234585860e+00 -2.844676730627056505e-01 -3.098179733470476926e-01
-1.183648926125187684e+00 2.662529934783849361e-01 -7.432866799982537076e-01
-1.026164157038368163e+00 -6.144569595874978599e-03 -4.140999951476615482e-01
-3.329287611137201064e-01 1.651907897334482234e-01 -5.255801489025107021e-01
4.095549287283770795e-02 5.225835612508189509e-01 -3.783046203378802042e-01
-1.512208014203656470e+00 7.563390058261986182e-01 -7.157586051351956247e-01
-5.489622094132964314e-01 -1.369397909322485896e-01 -9.746271120789830045e-01
-6.186626561860372187e-01 7.930311879068673020e-02 -5.396170925529701901e-01
-8.297609054813989138e-01 8.406897008586008968e-02 -8.534842541849108066e-01
-5.501942668361540223e-01 1.351826050621493247e-01 -5.645028523184979496e-01
-1.433926989241190331e+00 -7.629557330412045646e-02 -9.029354933602392608e-01
-1.156527017480416752e+00 8.002158159895877976e-02 -6.236861727918835419e-01
-9.634707339407716509e-01 -7.613274459964244345e-01 -1.431697712746140549e+00
-1.038182054036095314e+00 3.905968492762387223e-01 -4.985225799316703177e-01
-9.536636209891250493e-01 2.110277741004895624e-01 -6.762042627876563294e-01
-7.524778327387490195e-01 3.536756668494554084e-02 -6.780724470739640797e-01
-6.798918142443076684e-01 -3.970716233254381611e-01 -1.231630974129841877e-01
-5.058152728026281686e-01 -7.841383449894502589e-02 -5.659727745342323368e-01
-5.281974808116030040e-01 2.371791430323048205e-02 -6.491470429188237468e-01
-7.141225271320891244e-01 2.382435746896125611e-02 -9.308078613729512396e-01
-7.672064000036786791e-01 3.856290347950612207e-01 -7.026948118561384682e-01
-5.707697510032572197e-01 -1.655044292463555555e-01 -1.147758921987917846e+00
-1.312578578070705992e+00 -1.988323519548486629e-01 -3.498029221248360465e-01
-1.347676729369839066e+00 2.829028729537249598e-01 -5.790938911935000766e-01
-3.818010957465141630e-01 2.010259652045386924e-01 -7.141891431561411263e-01
-1.213894476061502109e-01 -2.485791120524648290e-01 -9.188864333204727064e-01
-1.124459454762768651e+00 1.651737065130026716e-01 -4.610796204990877944e-01
-4.684177844317967132e-01 3.349632835445052748e-01 -5.342830854244057237e-01
-8.094625274927651493e-01 4.679668354267086383e-01 -4.425339372361504764e-01
-1.121404759801483131e+00 -3.168974011765954835e-01 -6.133912618239234504e-01
-8.656697456765598542e-01 -5.784335425194144786e-01 -7.043975750692589299e-01
-7.222928866380654567e-01 4.313556636563981583e-01 -6.109307416067154550e-01
-6.557968339365120025e-01 -8.452567582751961683e-02 -5.271886541691164219e-01
-7.769052798474498367e-01 3.332877086498480246e-01 -6.340203676893875206e-01
-3.995028890482857364e-01 5.694174854920818624e-02 -6.388723725478648863e-01
-1.048762177015167607e+00 3.551267457219843271e-01 -6.625719913511420867e-01
-1.019911125777331673e+00 -4.068649644494987672e-01 -3.118935614896155006e-01
-1.137059244859931928e+00 -2.082335159172279682e-01 -6.340745121167790099e-01
-7.192055386112873316e-01 -4.897239395323172984e-01 -4.408217456449831095e-01
-1.357847003235266303e+00 -3.886819488062608352e-01 -4.399411649909872324e-01
-4.768591461221119987e-01 8.865528074211584397e-02 -5.857159820254352889e-01
-5.409470811890965125e-01 4.080423869214592769e-01 -6.737317453476758811e-01
-1.562858943810712775e+00 5.579680215861874126e-01 -2.283233713157746536e-01
-1.303616645645085503e+00 2.001827469458472841e-01 -3.633125392741230475e-01
-4.810148288366061231e-01 -7.368233767511338239e-02 -5.350327718192079418e-01
-1.206357749311165239e+00 3.945772624107045656e-01 -7.524066581663660935e-01
-7.819596841271345689e-01 -3.562574516815689707e-01 -5.355517723944386299e-01
-4.657230281889876977e-01 2.206300316607556766e-01 -6.201884319159193248e-01
-5.899220367727109338e-01 -4.203109330626807472e-01 -6.436190958773310156e-01
-9.209537473178514011e-01 9.268429068543257432e-02 -4.776532026084022164e-01
-4.498539196917251126e-01 -5.243829637273373159e-03 -2.630703081366365659e-01
-1.336970953043432608e+00 2.804035480906095223e-01 -7.870365669650585261e-01
-8.942989774700668137e-01 3.493192460231026031e-01 -9.303093535285683613e-01
-7.596656141093921732e+00 1.950916626286625899e+01 -3.091649241597513864e-01
-3.286550612004721095e-02 -2.862763502068026988e-01 -3.028594786202364886e-01
-5.118493545185057725e-01 -1.635507619848430849e-01 -8.836351825980425234e-01
-9.552198302236646343e-01 -4.706651760360555103e-01 -7.584079129908806172e-01
-5.397023500211376446e-01 -4.553381221381063715e-01 -5.493042387607567356e-01
-1.167416658276454466e+00 -1.915623389184488989e-01 -6.253131942188780990e-01
-4.351643098535214471e-01 -2.676484219286346389e-01 -2.497367525442887592e-01
-8.121438274994310369e-01 6.305734032322462754e-03 -5.243951039910094147e-01
-1.189584424209382707e+00 -3.573563725926151013e-01 -6.786829617652784252e-01
-9.494801085523351114e-01 3.534950143685947621e-01 -6.188171497878736105e-01
-6.329738278432394116e-01 3.772939078755348508e-01 -5.729523709449709790e-01
1.049938279554858828e-01 8.512509520756423864e-01 -9.145952818335827406e-01
-8.808510574274314164e-01 -4.174223302090413618e-02 -5.704224758049356581e-01
-9.128145720193903134e-01 -5.278339389473220011e-01 -7.080232980918688135e-01
-3.844335272224597144e-01 -8.773157901432204753e-01 -3.823179993994835213e-01
-2.273421826173362692e-01 1.762705450424163767e-01 -4.083352543636461496e-01
-9.339882209446603856e-01 -2.391829896615848827e-01 -5.869163146982335766e-01
-5.091100892121674937e-01 -2.484875678029145607e-01 -2.293007226612549521e-01
-8.115301468257661854e-01 -1.730210165360713537e-01 -5.674720791670750941e-01
-1.166115684148728127e+00 4.211114630014153315e-01 -6.198298479059265453e-01
-9.510050018312820042e-01 -2.049585427170372287e-01 -6.694057695266336649e-01
-9.423878549594278953e-01 4.363108634596565283e-01 -8.914999446792176707e-01
-1.136233323069680834e+00 -5.239228708582698013e-02 -6.787890960285178910e-01
-5.619522755580075302e-01 -1.255008162106615865e-01 -2.539315808582333078e-01
-3.268091894587733526e-01 3.196034838301288206e-01 -4.327455744895412210e-02
-8.284527711006149930e-01 -4.924043450545517175e-01 -8.239630362415797382e-01
-9.749196633027521486e-01 -1.725258381721694323e-01 -6.089752712923739431e-01
-9.039906892786013781e-01 -1.334135185649216182e-01 -5.876203480190902440e-01
-6.389187116695711488e-01 -3.471082495170217386e-01 -5.381498529495994942e-01
-6.110119917416191315e-01 4.095317990218604737e-02 -6.922100701631876962e-01
-5.441261412628136673e-01 -5.245470313738502532e-02 -5.652284182760188846e-01
-1.674387812443545176e-01 2.266622947407755106e-01 -5.075954172048593449e-01
-1.083292936488935432e+00 3.152261952018785562e-01 -7.161240557870915957e-01
-1.302105490100492702e+00 -6.553231889972768731e-02 -4.257875576952416252e-01
-3.766226510909572722e-01 5.121168781875347180e-03 -3.138785760950494885e-01
-1.236930159243093907e+00 -9.027132293277029262e-02 -5.701869042934488707e-01
-8.780460431707308722e-01 -3.008745915031605933e-01 -8.144965346516268578e-01
-1.250592865006972865e+00 1.516238363266569633e-01 -8.089041478934994034e-01
-6.083935088891224696e-01 1.283576528368068015e+00 -5.432087506421711121e-01
-9.958830677294553402e-01 2.070090568210657400e-01 -6.155688198277681211e-01
-7.400620794678441916e-01 -4.185099693464302550e-01 -5.907018503614884786e-01
-4.413169349517944151e-01 -2.081113477033481041e-01 -4.833497316180469516e-01
-3.876681967430859466e-01 1.455461976675139213e-01 -5.409908216203564990e-01
-9.772247391427055785e-01 -4.482207418535230081e-01 -5.223340470610993158e-01
-1.293349167463737848e+00 -1.106333543124436547e+00 -5.837750316528200756e-01
-5.284034057848482346e-01 -4.308727636156850505e-01 -5.252299763477793482e-01
-1.061420731178041255e+00 -4.092569047765502455e-01 -6.346532427477578064e-01
-1.002130194223631143e+00 3.251561357722533852e-01 -6.862118439896600641e-01
-9.657809960843889430e-01 9.885703305495574522e-02 -7.319976579652742732e-01
-6.093636921019650599e-01 -7.253657736088552077e-02 -2.419208573431284315e-01
-1.460096526421035046e+00 -1.562927074919142345e-01 9.604565367551420874e-02
-6.477215092588036738e-01 -4.413480016323459952e-03 -8.102111909494197350e-01
-7.712303791793927443e-01 -4.552854369038900062e-01 -7.303608238745519232e-01
-6.406106372067352783e-01 7.263653157430252638e-02 -2.516697963296800622e-01
-8.002908680873269676e-01 -6.160841864961735109e-02 -5.529091306755494761e-01
-4.641799058381353982e-01 4.151733752893745077e-02 -5.839292676863061526e-01
-4.105321791255266417e-01 -2.927919238444586791e-01 -5.307175361974043604e-01
-1.041958035346300937e+00 4.230842086991180029e-01 -6.770225325157251950e-01
-5.248872392827739208e-01 -2.821538935916052537e-01 -4.788858909041610046e-01
-1.029032939217634945e+00 4.538148560229520179e-01 -5.091246633682408040e-01
-8.058389013982756310e-01 -3.145473749617877512e-01 -6.492544534960241753e-01
-5.612978916529648421e-01 2.545368467616112573e-01 -7.141484902355511588e-01
-1.259753310977984597e+00 8.525279536406064895e-02 -1.993084228953004855e-01
-5.511107370146833828e-01 2.818130730729659708e-02 -6.913323467012968404e-01
-1.357721475868169103e-01 -1.624505743488555420e-01 -5.676294051497035031e-01
-4.158702870431692511e-01 7.141229980594213100e-02 -7.087574952476681789e-01
-1.535622625889093706e+00 6.124742714807933641e-01 -1.132117067203713301e+00
-5.450120227702780484e-01 6.285344531809458624e-02 -9.098632620063648035e-01
3.172611092941511890e-01 5.163024582738785506e-01 -8.624270810832568301e-02
-1.029518205612970361e+00 -4.211640335961279735e-01 -8.494406890517418596e-01
-4.958739248091414420e-01 7.650535345106602714e-01 -1.074220103894730771e+00
-1.048888650795736510e-01 8.592020199204634112e-01 -1.075337783105548395e+00
-9.305390077024490170e-01 5.371787542652559644e-01 -6.652993484660146839e-01
-9.216533680415859298e-01 2.395774521120930256e-01 -6.900691659036908288e-01
-5.717288754427430897e-01 1.820721734764155220e-01 -5.766599672143547517e-01
-8.296743280533042109e-01 5.509944704150526729e-01 -2.379725800981263850e-01
-9.029338679391796241e-01 2.879983748515474451e-01 -3.296242866163565099e-01
-9.447383377426135098e-01 4.087955110382385238e-01 -1.022610352782804322e+00
-1.140101525820074180e+00 5.043883909492825890e-02 -6.863436875458615027e-01
-1.854713765122436575e+00 -3.668333618502128135e-01 -1.267927965750370589e+00
-8.872269135137782481e-01 -2.124875237167804954e-03 -6.150137000848480140e-01
-1.436862162278580657e+00 1.053526448985106639e-01 -7.872927252488990391e-01
-1.454369369561983705e+00 3.836930605703572916e-01 -5.943564122599714894e-01
-9.099093980732748665e-01 8.396167885907181161e-02 -5.119251430657116853e-01
-4.341085758206094103e-01 -3.759061210422015575e-01 -4.650048156150408118e-01
-5.013364132152092756e-01 -1.063492795273444091e-01 -5.713756153637706836e-01
-2.956227954085913767e-01 2.188173285593778550e-01 -1.155006236995894664e+00
-9.767945980475890577e-01 -9.143698326270287557e-01 2.174209388448353486e-01
-9.656194874266592620e-01 -4.501893587476084591e-01 -4.799336604982553101e-01
-1.467889378818388879e+00 -5.946645812578334883e-02 -8.045799785431400064e-01
-1.655393458159917675e+00 3.051287333998900161e-02 -4.391638520650899546e-01
-1.250593973774924761e+00 5.416480227693467459e-02 -1.563875466572924589e-01
-1.212782177178785004e+00 3.406182390530984594e-01 -8.335077478178832822e-01
-6.111264170878270008e-01 -4.519554703220077796e-01 -5.570663761664257363e-01
-1.216371506854120321e+00 3.665408793623041728e-01 -5.927160377058668939e-01
-4.852386978938321160e-01 -2.675858441712017366e-01 -7.606428339204923672e-01
-9.381626441995083443e-01 1.057214920383316714e-01 -3.263563409565127180e-03
-5.993577199398937294e-01 4.655798698233244021e-02 -5.652579911339701280e-01
-5.873992676495777276e-01 1.830878675933879651e-01 -5.230694445389446612e-01
-1.159704514849373203e+00 -1.503327904661546643e-01 -6.263448466568518613e-01
-1.154981461948766830e+00 -3.761442013968140929e-01 -4.260652569756601116e-01
-1.220045663540640257e+00 5.987761896895462677e-01 -2.803489306735245656e-01
-1.283070294596194039e+00 -1.870042944743419977e-01 -8.641556152032031646e-01
-6.700654280821883857e-01 -4.324430124311354207e-01 -5.871992269702082101e-01
-6.607700230418416254e-01 -4.437815828183495209e-02 -5.015261595075596324e-01
-7.060471007052181447e-01 -1.602781591959197005e-01 -4.720473096626792708e-01
-1.652880726153514557e+00 -7.308994065941776253e-02 -1.283603482346768576e+00
-4.282536186909292053e-01 -7.770767021115192463e-01 -6.167127255423000554e-01
-8.535142741023571400e-01 2.776443931416939237e-01 -4.628992104849726785e-01
-9.813865870318553286e-01 4.651988947545621089e-01 -5.420013728659889285e-01
-3.780290162527709663e-01 -1.678546436364687089e-01 -5.135277295027065314e-01
-4.690358198969505343e-01 5.562582923162898846e-02 -1.095999339018923546e+00
-4.087747636894559222e-01 -4.123638984366145843e-01 -6.311878484998282302e-01
-3.674236036462389388e-01 -8.595847584338425773e-02 -6.241859496274905217e-01
-4.821869909479698513e-01 -1.162550073867521655e-01 -9.191089608264725319e-01
-4.125258867223315362e-01 5.151959144839229898e-02 -7.489480481827471836e-01
-4.396406253400402808e-01 1.768862896241392701e-01 -4.267503229050635394e-01
-1.236692646991109701e+00 -7.499151774176854302e-01 -9.813004596923877720e-01
-1.012483473540229717e+00 -3.175652381350113074e-01 -5.684188252992040669e-01
-9.038041482500464019e-01 -3.185891041673505897e-01 -7.870804345271312785e-01
-2.509750862330048515e-01 7.633693440731673663e-01 -3.972417351445740041e-01
-2.513984419285660299e-01 1.578226827241919761e-01 -4.901879463328093212e-01
-8.162942934624799474e-01 3.435885222134350547e-01 -4.530418258951577348e-01
-7.994307474650761414e-01 -7.363222640285800313e-01 -5.855458936042893248e-01
-5.570804513162005422e-01 8.716658227120629432e-01 -1.221945031772325163e-01
-6.670572040187275675e+00 4.684860849348596368e+00 3.986434790073767331e-03
-8.650325818732540473e-01 -1.036083211063485998e-01 -4.155395981279655926e-01
-1.223413579505784332e+00 -1.945567733284762069e-01 -5.570121469254795121e-01
-1.171866049072030957e+00 -3.097056556452201237e-01 -9.203807835287896033e-01
-4.656194146430924774e-01 1.967144990677172078e-02 -6.211713179184411571e-01
-3.046781177349010550e-01 3.109525843907608444e-01 -1.132442983649421642e+00
-1.178027386131704546e+00 2.133936681290653139e-03 -8.051566656624065121e-01
-5.205286160862684364e-01 -2.871844963998217495e-02 -5.935698038578561819e-01
-7.356213820885209032e-01 -4.663924875232121070e-01 -5.550046634270008328e-01
-1.006622744866290331e+00 -3.814018509298859883e-01 -5.109910602072619268e-01
-1.547876884573593070e+00 -9.035270475408985202e-02 -1.022018416258454465e+00
-1.018345372011541183e+00 3.558529149986554008e-01 -7.880346879376227687e-01
-9.837583221312635740e-01 -4.249261150623109828e-01 -4.685784292977369092e-01
-9.488130077760541514e-01 4.508875517517229037e-01 -6.700039112155335985e-01
-6.209803892112872870e-01 8.321832221577643018e-01 -3.928972300138832141e-01
-6.345602184251470934e-01 -1.076264269913550370e-01 -5.610999090271469036e-01
-1.723295045524497970e+00 7.844440665749639052e-01 -6.533454079365913492e-01
-1.238292107095848138e+00 1.884201982082844007e-01 -6.858454092210992670e-01
3.286219822287695519e-02 -1.275916459140865378e+00 -8.216442518872199008e-01
-1.224855623625540124e+00 2.291719489510911090e-01 -4.561810651261635208e-01
9.100505618712360911e-02 -3.678070360644985493e-01 -5.794059015599379858e-01
-1.065203851812704494e+00 4.427866763662001715e-01 -7.342064185346847127e-01
-7.650517339894762348e-01 -4.064032317247583403e-01 -8.280950601288081803e-01
-8.191826382877914758e-01 -3.046146068743343926e-01 -5.858013130172966543e-01
-8.519899170632865282e-01 5.207814050828045715e-01 -6.554782614521864614e-01
-7.944316693836206422e-01 -4.884806900887618264e-01 -4.568184814461375143e-01
-1.058013780817165461e+00 -4.280029091245520778e-01 -8.832167828026467049e-01
-1.286889807027749244e+00 -2.145999485068042778e-01 -6.673080551929975179e-01
-1.191066711902797781e+00 -6.297082136127675478e-02 -6.919933927375386817e-01
-1.832971266303500713e+00 -5.018765392451247642e-01 -1.762999283252322524e-01
-2.043101637532021897e+00 -6.066351129808287279e-01 -1.260052251814261837e+00
-1.233542978436163340e+00 -9.958731934017768517e-02 -7.294301850293257727e-01
-6.753836286435022096e-01 -4.409021708436866027e-01 -5.873367817504389077e-01
-8.496515456776332353e-01 -4.297022129585275491e-02 -7.435078087610729192e-01
-9.973875840378284563e-01 1.663083712377800283e-01 -7.182616650038042838e-01
-6.720670906379165865e-01 4.884863811399686728e-02 -6.033080357233574498e-01
-8.697332184911521491e-01 4.292842346375244089e-01 -8.504974277119311532e-01
-6.188478199719976702e-01 6.471082329877569927e-02 -5.616563681472432901e-01
-8.772527454097167610e-01 5.689467408222530498e-01 -2.479015524388326897e-01
-1.154722115915146619e+00 -1.209727461345177363e-01 -6.602479999226307239e-01
-1.155412096967220803e+00 3.913592182812986597e-01 -7.979927162936402141e-01
-1.116373077831039451e+00 -1.008475006594442114e+00 -4.595554865699743030e-01
-1.204733096138268511e+00 -4.231500712267853292e-01 -5.844511930190614546e-01
-9.402294848355646772e-01 -2.739119313797110378e-01 -6.701674681088278795e-01
-1.154295995505764338e+00 6.603728540512394940e-02 -9.662030340243416004e-01
-8.065052582485792154e-01 3.909414846536905519e-01 -7.932397944779018273e-01
-1.342030085738605161e+00 -1.512460373310257900e-01 -6.551777179242709304e-01
-1.122244053872127223e+00 9.825905287329573801e-01 -2.062034345142916003e-01
-5.997522845325438112e-01 -2.027201246185122707e-01 -5.473535316814361895e-01
-8.800425852101604329e-01 -1.005537383674416585e+00 -4.891465868013527007e-01
-1.148547242639661237e+00 2.806662296547358104e-01 -4.769072483045432853e-01
-7.968662654762956876e-01 2.220053022146798727e-01 -5.730061215396291541e-01
-1.040960513549498812e+00 -3.277209708814365907e-01 -5.971969772757074191e-01
-5.385046618569366145e-02 1.385191295835441760e+00 -9.089515173389969283e-01
-1.057089385004818416e+00 1.263324326841113732e-01 -7.171409619616451181e-01
-3.805614730095362996e-01 -3.241846182940922444e-03 -6.479674491090149369e-01
-1.118851555810801424e+00 -3.746679600946505317e-01 -8.729881473344535125e-01
-1.183961958750830545e+00 3.888972409264531555e-02 -3.909912498365232802e-01
-4.788297882021183560e-01 -2.105049965713636506e-01 -7.725201218242786494e-01
-7.799051876086238178e-01 2.324877979937317596e-01 -7.729125864808543689e-01
-6.081413513248831171e-01 -6.712610103748357926e-02 -2.204224973140198052e-01
-4.255171799010269429e-01 -9.230382740555191645e-02 -7.646168844751227711e-01
-7.093317397451854855e-01 -1.026606697075310576e-01 -5.957365648143211345e-01
-1.492656328647699926e+00 1.815203462542907403e-02 -3.709910472303700191e-01
-5.658743886833291770e-01 -2.717718575399499792e-01 -1.192298777544481270e-01
-1.619084627054215630e+00 8.743259874942879706e-02 -5.017406006911704353e-01
-1.171458535674845480e+00 -3.407366785167120216e-01 -5.681285100576823899e-01
-9.910093893230738082e-01 -4.120768630274427302e-01 -2.960863708774316705e-01
-5.308917833948040288e-01 -4.316481180685649011e-01 -8.864752487382023816e-01
-1.343840292603927677e+00 1.548371520188170369e-01 -7.411426625535776358e-01
-3.507487984814940396e-01 -5.980301632659867916e-01 -2.951205216883390214e-01
-7.160030692920429374e-01 3.865706229820713435e-01 -5.472082258433101920e-01
-4.796550394441158049e-01 -5.883234678754986069e-01 -2.258184593701454412e-01
-7.354078640317389670e-01 -1.407238570094884178e-01 -2.205046779149465869e-02
-4.981193562207922310e-01 -2.610375307676721657e-01 -3.278618334046872751e-01
-1.330439983259331660e+00 1.521702850097275857e-02 -6.217641508201892098e-01
-9.857600351865781763e-01 3.106443842713307313e-01 -5.359782762211091622e-01
-1.044065817536816265e+00 7.472718237966371468e-01 -8.872402604536742121e-01
-7.727249989823411491e-01 3.960580602485991308e-01 -4.453285263465142085e-01
-8.153272571759460075e-01 -3.758571110550412153e-01 -8.172578691601476431e-01
-9.127059214928229247e-01 1.546181796296205169e-01 -3.789539033191740569e-01
-6.723835087657629161e-01 -1.625229691986041780e-01 -5.895921652615591091e-01
-4.065448598588069506e-01 -1.000505327466648803e-01 -6.882411319068847400e-01
-6.584081839211445297e-01 -2.037654605035297273e-01 -3.030870986250687737e-01
-1.109903362056222864e+00 3.670463996598607448e-01 -4.323326380328372798e-01
-4.580311995791584434e-01 -1.225335080212612143e-01 -7.916394784204515700e-01
-1.711050460486698066e+00 -2.173784139472115517e-01 -6.221854724214728738e-02
-7.939147134744337642e-01 2.666407991258605836e-01 -9.272196910036705209e-01
-2.899084384332308306e-01 -1.818105646748495730e-01 -6.979190640333965412e-01
-1.959269108867767450e-01 -1.117262231869287525e+00 -1.210113710606210091e+00
-6.403770861142182858e-01 1.012402130539195449e-01 -3.992734435717160690e-01
-6.105293242876860260e-01 -4.711976687936079711e-01 -5.681070484686814304e-01
-8.958605247770203839e-01 -1.025389371960000739e-01 -6.858314672022659542e-01
-1.229372526255073206e+00 9.231953923745338242e-02 -4.319883348049631810e-01
-4.603458723994799939e-01 -2.135177147415751875e-01 -4.508429479341471424e-01
-5.283822176992313269e-01 -2.405866829748250502e-01 -3.664266705692689752e-01
-3.382425320127354640e-01 -9.279366243665700120e-02 -5.493771972195627962e-01
-4.455972998300082866e-01 4.818181606276223938e-01 -9.872944321118680422e-02
-6.317050361320415419e-01 -4.526375773504733857e-01 -4.580060313018847196e-01
-9.697211386923755283e-01 4.901001981832484033e-01 -6.255729971017524038e-01
-8.153967897366555251e-01 3.727057998477444345e-01 -4.449830753163404595e-01
-1.052612921039373983e+00 3.668417241703802456e-01 -6.083552216333532048e-01
-1.070669366412076773e+00 4.589436280731338802e-01 -6.995420806677669079e-01
-1.236902410570573707e+00 2.383656040401481713e-01 -5.803347524496373921e-01
-9.574821638145173397e-01 -2.067896377349500436e-01 -4.913359020867347771e-01
-8.091860267934125606e-01 -1.222328433106967038e+00 -1.619782405975452866e-01
-1.182712529109357646e+00 -5.485052345745554392e-02 -5.752838773726499655e-01
-1.689378268120200088e+00 -4.729769829189961472e-01 -2.766080905499760378e-01
-1.222708490342240939e+00 6.359437211619822783e-01 -8.578761725173824626e-01
-1.301355372475523797e+00 1.206068184266037707e-01 -5.761341296285394931e-01
-7.204287275173102412e-01 -1.218551946937048575e-01 2.323802319739041045e-03
-1.254624049968667832e+00 4.349857581949693741e-01 -7.602775789683330343e-01
-1.059594467479269220e+00 3.253881660098845718e-01 -4.932160828745383307e-01
-2.283979876933808217e+00 2.673961376528606881e-01 -8.251705678357595941e-01
-1.050070494287996148e+00 -9.591061450556970236e-02 -5.943257348345397650e-01
-3.657109004339044733e-01 -1.042552398908356548e-01 -7.801693064044911141e-01
-4.812866284900422786e-01 -8.391691129420222883e-02 -5.252351050461974147e-01
-1.091862825835026030e+00 -2.651739085175144894e-02 9.432501886604598151e-03
-1.142004456973381432e-01 -3.900879981659757106e-02 -1.658782437573809443e-01
-4.888026077680973636e-01 -7.218693724324750337e-03 -3.051008925944570516e-01
-1.080491430020507737e+00 -5.215104605966615070e-01 -6.233264599169973108e-01
-1.006677317660003901e+00 3.489063250755927714e-01 -4.376844783350636869e-01
-9.930539217373982597e-01 -2.642556550654900360e-01 -6.092720572674553692e-01
-4.885256081763189040e-01 -2.801335272782901412e-02 -7.258840842301640395e-01
-4.670502252477693461e-01 1.643974653877433578e-01 -9.068532018124384475e-01
-1.442032196806713173e+01 5.062584462459836843e+00 9.802534769534720915e-02
-4.596025408600452611e-01 2.946692249031666044e-01 -4.694744428284324811e-01
-6.030773096453883042e-01 -5.109421980971564636e-01 -4.940338275949382463e-01
-8.007069612117163615e-01 -3.071904772212823986e-01 -4.540710670712548302e-01
-7.865033367335793058e-01 2.305200105519581710e-01 -7.759457327314240871e-01
-9.686970791217877075e-01 -5.583932926981245437e-01 -5.282418303845402008e-01
-1.890581480361449795e+00 5.548560982055442681e-01 -1.327512258269494039e+00
-1.483235607177731119e-01 -2.887764962672182412e-01 -4.463347446026987297e-01
-9.520950175589506514e-01 -2.497517319032796224e-01 -5.940569975470869624e-01
-8.009941864260392563e-01 4.077479327437095180e-01 -3.085835014702693613e-01
-9.077853813925103044e-01 1.047975268821421807e-01 -8.292761066509345413e-01
-6.287112281848896700e-01 2.714475717420917200e-01 -5.214452806245828409e-01
-1.109639207334079503e+00 -2.977179523770591696e-01 -2.714717819080981753e-01
-7.506350379944891626e-01 9.799820478432523518e-02 -6.821040440493505441e-01
-4.886275359316890610e-01 6.892836986160445246e-03 -6.050977261947014796e-01
-6.471749582319683558e-01 -5.936816384100666033e-01 -1.161440110637412593e+00
5.053955524833560892e-02 5.907671473880681257e-01 -1.036269912639571800e+00
-6.562507885643403815e-01 -4.761460946647374376e-02 -6.749353240381417152e-01
-1.429683925075106554e+00 7.055556037731849361e-01 -6.059781784440019248e-01
-6.809427392433355930e-01 4.742087676654838796e-02 -5.993534492451878526e-01
-3.900435134887984545e-01 -1.594525797652570839e-02 -6.524730690131618216e-01
-5.997700587359984237e-01 3.133964979514861776e-02 -5.147466584764051056e-01
-1.887004532291456593e+00 6.797558688510099145e-01 -1.109854226634085839e+00
-1.272637347347886694e+00 3.277886608061631457e-01 -5.306076345374814984e-01
-4.734665849633641344e-01 9.333735539822490823e-01 -1.191088464832295690e+00
-3.326170503824167901e-01 1.216248431446014022e+00 -1.158683349108866473e-01
-1.456506215101926793e+00 1.071404034070673333e-01 -5.004654024363829334e-01
-7.593040164052385910e-01 -3.892762753701422412e-02 -5.978970028214675159e-01
-9.418414860264422428e-01 1.226783872105730588e-01 -6.175200071717787953e-01
-9.212594514181892125e-01 -3.139042110783676898e-01 -7.588362641293662225e-01
-6.427533433163892251e-01 6.306599234089541040e-02 -3.562582113369808234e-01
-7.006461255037232938e-01 -8.011275348627644455e-02 -7.540359853244816835e-01
-1.943200349449749897e-01 -4.288560501700623973e-01 -3.034214800039902182e-01
-1.096347194030971917e+00 -8.534536610748721941e-01 -5.981765667631155914e-01
-3.834700698137123998e-01 -3.960322549531605091e-02 -6.295965594905511553e-01
-1.194673510848426767e+00 1.173146390264508815e-01 -1.099446693868704195e+00
-1.466728457774579164e+00 -1.293371195182323741e-01 -4.228874372014015393e-01
-4.530909379345979815e-01 -4.719626253210307265e-01 -4.466257632039103420e-01
-1.113527145050242195e+00 3.059317092359745693e-01 -9.630730522972360541e-01
-8.424342896316466822e-01 4.664296077301139376e-01 -6.089572651840371442e-01
-1.105194063608986088e+00 4.440009102425101356e-02 -8.700485333880163541e-01
-9.872494791582564488e-01 4.758307238706654951e-01 -7.225284629486243837e-01
-1.034601088468196872e+00 -4.175116954282416804e-01 -6.192647247308843417e-01
-3.897981618409935844e-01 6.872951807298919302e-01 -9.853873588649761928e-01
-8.910983897737300152e-01 -1.803230851117875178e-01 -7.649596402059356537e-01
-1.532104767264635958e+00 -1.037391722385411441e+00 -1.101381266340094589e+00
-5.637935502760610396e-01 3.527128792168979232e-01 -7.730427514302178338e-01
-8.617148435245943761e-01 1.297161173893872366e-01 -6.183933264869416746e-01
-7.673798076741863428e-01 4.024979560889765384e-01 -8.770605541048350773e-01
-1.337888995396126157e+00 -1.757078773841482255e-01 -1.226692541641680179e-01
-1.071710971912052113e+00 2.729444573867856327e-01 -3.039938797196524156e-01
-6.132130569481269999e-01 -5.421111898891876890e-02 -9.776525065099050948e-01
-2.953849607296182844e-01 9.517710502782211757e-02 -4.370938348433250908e-01
-3.421299370062017564e-01 -1.609418837388261747e-01 -6.015536559316737586e-01
-7.673430943627546075e-01 3.484711193572118670e-01 -8.747485446954870181e-01
-1.536337024475646462e+00 -2.526833545701471020e-02 -5.992157346900283121e-01
-6.769718813655772882e-01 -7.573620147900733679e-02 -5.819797092052894083e-01
-1.150776136395102345e+00 -4.787848192810845172e-01 -6.291609623407358187e-01
-1.250620085915053359e+00 4.534507564882757080e-01 -4.567123236447306889e-01
-4.480700031077221035e-01 1.325111160104611996e-01 -8.053111749575004863e-01
-1.059069544135459839e+00 1.444544528389455074e-01 -9.749320126558898014e-01
-4.048812806291778310e-01 -1.484768454567363394e-01 -5.189192634711186081e-01
-1.262887777856902760e+00 -3.225965984798785380e-01 -6.416242195036451212e-01
-1.174336535619276978e+00 -4.952298286487301082e-01 -7.844152555723613585e-01
-7.286253532441034908e-01 3.627037192946675481e-01 -3.258910200093754206e-01
-8.336306953166489064e-01 4.321549307287529673e-02 -6.055982462849561765e-01
-1.229537533884325518e+00 -3.238514051349963285e-01 -5.405385678984651054e-01
-8.766169535661436640e-01 -4.132676383148763399e-01 -2.322517867446496354e-01
-5.839013406760019675e-01 2.803853162095770180e-01 -4.761771198496757562e-01
-1.372612308123923652e+00 4.745129005907153946e-02 -6.383958721307109174e-01
-9.260893790858442109e-01 3.830135585672657106e-01 -3.872137532139710570e-01
-1.385339233481280630e+00 -2.355386006265220156e-01 -5.462096641616616122e-01
-1.040134515817099370e+00 1.319106406689298516e-01 -4.949738977824964525e-01
-1.378597444725286891e+00 -1.377986249893554671e-01 -5.991374034599052933e-01
-6.613431119575056139e-01 1.622220739064574591e-01 -3.447801553901096439e-01
-1.107392826146414544e+00 -1.978290347320613984e-01 -5.001540216508765235e-01
-1.584698048119069114e+00 -4.293929820133546849e-01 -3.508979405779591998e-01
-6.225626020051168164e-01 -1.526127710019608841e-01 -5.525095599501869126e-01
-1.229772198872672417e+00 2.108391461644902320e-01 -6.225534581053607797e-01
-1.937159528824522192e-01 8.282860077074351290e-02 -8.935024581423787193e-01
3.713695105964667231e-01 3.551030291989667464e-01 -1.197350145228089913e+00
-1.275889881694628469e+00 3.087575453131106706e-01 -3.939663056882475312e-01
-8.382887565368934979e-01 9.786114739557001674e-02 -1.099943723666727990e+00
-8.787129266315322207e-01 -1.016668846964072226e-01 -6.034226898910378667e-01
-1.160223226222024895e+00 1.745078005497379681e-01 -6.598241696874255213e-01
-1.378136807943228792e+00 -1.026655517449183153e-01 -5.793280095389764517e-01
-7.698481374914881714e-01 -2.694696963262533940e-01 -5.557891837955085679e-01
-6.543587294663775200e-01 -3.066781906918810141e-01 -4.983684165948761846e-01
-9.048257780537360961e-01 3.131721780213841400e-01 -7.028810114199044445e-01
-1.001646102707347330e+00 -5.321078506445530154e-01 -7.492757914854707435e-01
-9.384694935177779751e-01 2.920935594666062562e-01 -2.144477988106847366e-01
-6.277448079221984445e-01 3.376333439470849407e-01 -7.267354375151857671e-01
-5.046342730458384107e-01 3.647600123784888043e-02 -6.960632484417555998e-01
-1.181912132271856652e+00 2.523700909088514299e-01 -7.318919154028163954e-01
-5.807880819253131710e-01 -2.283634395092634384e-01 -5.157641468717804045e-01
-4.647496512695776794e-01 1.394849377643834175e-02 -7.106616676206419791e-01
-9.958345226765394909e-01 -4.424101500177625157e-01 -6.164454677276282046e-01
-1.443188872080289009e+00 1.307319442052612413e-01 -7.579559187009896615e-01
-1.028283082355949229e+00 8.488348146213334569e-03 -6.955622420022486985e-01
-2.331417374690351596e-01 3.853322495250796065e-01 1.046708728513647407e-01
-5.571929632608906280e-01 -4.086525020980915635e-01 -8.877159008024236853e-01
-8.411543880571414888e-01 -6.810233132172399673e-01 -3.634972710768320514e-01
-1.206185000375460614e+00 -2.309572045573512478e-01 -6.822387455424873126e-01
-9.222832176791611047e-01 3.635408252986312427e-01 -7.635310158534794334e-02
-1.360235884087913183e+00 -5.395675953769535349e-02 -6.450958067600368606e-01
-1.201187265368354629e+00 4.958029870085817886e-02 -4.588706674035805122e-01
-1.384708654926543492e+00 -1.607661829916081364e-01 -5.844646923705147934e-01
-3.292094117602292203e-01 -6.749683476521676218e-01 -4.454266042627441635e-01
-9.292669252056958706e-01 1.974237339646477477e-02 -6.556486016269471584e-01
-1.172854576560908191e+00 -4.350033021292699087e-01 -5.288941101942219447e-01
3.948112966241344446e-01 -2.020076631436728276e-01 -9.894210395764322374e-01
-4.386854685819981947e-01 2.283108875589275888e-01 -4.274073034945692351e-01
-1.280991242200266056e+00 1.164607620537198157e-01 -7.538982360121442294e-01
-9.451541882094492975e-01 5.684302116557863327e-01 -4.761730254686695196e-01
-8.949476853029072476e-01 -1.111194562114601048e-01 -3.585364126527430528e-01
-7.662807765789845238e-01 1.755142791266109670e-01 -8.571710722132955818e-01
-6.324737381165982386e-01 3.119420628818382890e-01 -3.797258442274298873e-01
-6.763192406036815374e-01 -5.198175188366489508e-01 -5.605799398169052372e-01
-1.231206114621056225e+00 1.893007839085115440e-01 -8.124388952143151155e-01
-1.358734211354470922e+00 9.454564671693018729e-01 -8.325472636864020837e-01
-1.094394373921228292e+00 4.345951960880979348e-01 -7.368405560282750288e-01
-1.025861388407029784e+00 -4.833635302715747484e-01 -5.943899660205025359e-01
-4.158517287929838213e-01 -6.218051373835355999e-01 -8.761258298863859872e-01
-4.015767662477907063e-01 -5.000350115024645992e-02 -5.829520340534966039e-01
-8.403647695516960892e-02 9.105342766168247337e-01 -7.242870469979006964e-01
1.954364221086584053e+01 -8.277606564740240813e+00 8.908644216163974505e-02
-1.310721373934767175e+00 -1.281037471036596820e-01 -4.929136272058599055e-01
-1.020729697442033457e+00 -3.407730006545402479e-01 -5.748546504621095954e-01
-8.587121819239569298e-01 3.086083009098286589e-01 -9.618825596640832032e-01
-1.530656177475543833e+00 4.043514693074227728e-01 -6.375651878829186048e-01
-1.310084361996155966e+00 4.192610203746942599e-01 -7.791096146719440618e-01
-1.042694615767836730e+00 -2.828523970128693499e-01 -8.780075249091147116e-01
-4.693953095899828232e-01 1.383155178112362854e-02 -6.020429700424326791e-01
-6.855407495635825743e-01 1.975635732473904616e-01 -6.076499853416690300e-01
-1.308345614529688117e+00 -1.045819811846488090e+00 6.544390323798203457e-02
-2.113310714803648072e+00 7.088702632026494532e-01 -6.271397011582077186e-01
-1.739206324232383416e+00 -7.234415691190008157e-01 -1.079979395834543388e+00
1.664771484586475558e-01 -3.910628888145107895e-01 -9.159644754983545800e-01
-1.394855628935480318e+00 -6.438095876263508766e-01 -4.505196391032972314e-01
-1.039333816860135151e+00 -4.807311649339028325e-01 -8.188883345153185056e-01
-5.204180581196713451e-01 2.649920424978998712e-01 -9.304237258996993498e-01
-6.075146641593680563e-01 -3.148572505313453895e-01 -4.972698262740189445e-01
-5.327062052261217762e-01 1.527272755364468826e-01 -4.411877147163157376e-01
-4.272838721211160151e-01 -2.111447661738727610e-01 -4.829911846388137975e-01
-6.785716127683251164e-01 -5.021337704435367977e-01 -1.303298400073841679e+00
-4.987874475411362418e-01 -6.989852364472666502e-02 -5.001531089050025303e-01
-1.213322656912616759e+00 1.227985072678994261e-01 -6.370862035734059514e-01
-1.149900299792798730e+00 9.076524455007487502e-01 -1.268863939907451721e+00
-1.434368455227836403e+00 1.110104307900371540e-01 -7.806750128513435527e-01
-1.805011181144580368e+00 -1.137048814890199155e+00 -9.364403219317436466e-01
-6.760818268946694465e-01 -6.408255671178807455e-01 -6.957158356790530407e-01
-9.187468390861831535e-01 -3.808117116168546756e-01 -6.473058865774116155e-01
-1.173907115475503415e+00 7.959318748996081494e-01 -2.067347538376864413e-01
-1.008217118273814439e+00 1.027542369151475954e-01 -5.765506595411410418e-01
-1.249499044775180145e+00 4.721525053673405331e-02 -6.394434836641693654e-01
-9.848609327952410064e-01 -5.600235844090816206e-01 -5.971102417426042974e-01
-9.867056182268160169e-01 4.060032198728968367e-01 -4.471901327945810856e-01
-1.092729216931872749e+00 3.782100846138160971e-02 -2.366172055145314701e-01
-4.852165590003998941e-01 1.949581978720044684e-01 -6.066600501845761384e-01
-6.417005940876034931e-01 -8.935544572692148968e-01 -5.452316982803393497e-01
-3.409358200004068418e-01 4.534493129630092212e-01 -7.052991934081801473e-01
-1.291738411682545440e+00 -5.529445960561208961e-01 -5.054515525368754592e-01
-6.594289551358883950e-01 3.042083791599694761e-02 -5.638772009730479429e-01
-8.253681533267720472e-01 -3.301304521601017838e-01 -5.119723865998029311e-01
-1.174958063968050581e+00 -1.489190890924435295e-01 -1.005390379967683101e+00
-6.044107504476471382e-01 6.338702806403900825e-02 -4.463777345446438560e-01
-5.814319731493876597e-01 -4.142426173106577014e-01 -7.107675988287156521e-01
-1.646095715597373665e+00 -3.457007133876215388e-01 -1.019759440037647513e+00
-9.092224594957556416e-01 -2.367937730774687943e-01 -5.291387436762473584e-01
-6.806700855325749089e-01 4.213152189611245602e-01 -6.033886199337142875e-01
-6.784771748666108548e-01 3.254376110704721436e-01 -4.102001165204522959e-01
-8.410253066480677386e-01 3.094307689641569992e-01 -3.702001672681762279e-01
-1.390316599969008582e+00 -7.678924079340957443e-01 1.082211191958044535e-02
-1.144879105947540943e+00 1.828040798496317343e-01 -4.991156634151729388e-01
-4.873241984899119861e-01 -4.392495758932158378e-01 -6.671047647889970511e-01
-6.113233255735216476e-01 -1.179428789048430071e-01 -2.587794369615185608e-01
-7.460489425600743685e-01 -2.659404757962520738e-01 -6.577180676477668575e-01
-1.169925604934223928e+00 -2.374950714138027164e-03 -6.828019986897438942e-01
-2.068550907387790017e-01 8.177372383232800468e-01 -9.722971095064707470e-01
-1.204188968965880013e+00 1.196938738116223129e-03 -6.642841324371762113e-01
-1.096184038314984566e+00 -5.285048215168344082e-02 -5.418389345512583111e-01
-4.831140810020708720e-01 -3.153925312735454851e-03 -6.162009861777629771e-01
-8.328352112170158694e-01 2.627888742381520037e-01 -5.175660895748041002e-01
-1.245464490712155481e+00 8.250143999848473519e-02 -6.151008394932719892e-01
-7.902413512992922939e-01 -1.268733108520356812e-01 -5.901117333742925686e-01
-1.176246890173535675e+00 1.730126138747720421e-01 -8.695330552087437992e-01
-4.304211188584430858e-01 -6.301271511910290224e-01 -8.079358188368851446e-01
2.268634358283866115e-01 -4.485285875961551594e-01 -7.527549065504496317e-01
-1.489305262058934209e+00 -5.833086634913385859e-01 2.796513696266191285e-01
-9.990983734732951094e-01 -9.763206593169515557e-01 -1.307266613930720078e+00
1.435742973623184982e-01 1.180108189428239335e-01 -9.938623955625687234e-01
-1.520151227657276616e+00 -1.105737176162368413e-01 -4.528733682979689257e-01
-7.881562297888915491e-01 -4.105797734740552207e-01 -1.038490898169515814e-01
-1.115996531464328312e+00 -3.096767886417021165e-01 -1.375869783511323996e-01
-1.432564103012544221e+00 -1.661555564047669242e-01 -6.392938045580406348e-01
-7.434911565091326668e-01 -2.632333729780597653e-01 -6.588304784178736773e-01
-2.408700104648962281e-01 1.075904450566238374e-01 -8.298386907064626561e-01
-1.117844066450934815e+00 1.066502502299406102e-01 -2.590628564143829804e-01
-4.019573398099289263e-01 -1.501775180062583925e-01 -3.810441138617414736e-01
-1.086460826949168013e+00 -1.764526064907541159e-01 -8.126958728149757949e-01
-2.042973766088465037e+00 -6.933403997923391904e-01 -5.265805489447813459e-01
-8.739190633477108561e-01 3.065090345092584823e-01 -4.552172287201854406e-01
-6.768200141225977351e-01 2.819095422707513232e-01 -5.441279353698700305e-01
-8.391194866999590607e-01 1.644142034118795948e-01 -1.161746267827415080e+00
-8.601256793379428167e-01 6.235563803065554689e-01 -5.219141703901389873e-01
-7.717769403937878581e-01 3.211420112557516332e-02 -6.806368037127297210e-01
-5.242516528533683884e-01 1.642106647332374214e-01 -6.572628373981093119e-01
-6.810318863175445214e-01 -5.396310149454587313e-01 -4.941279726013505513e-01
-1.472648581699381287e+00 -1.668751187292833726e-01 -6.150039086645773256e-01
-5.995054361639960971e-01 3.810805490577799381e-01 -5.068402667719221766e-01
-1.183284693635974438e+00 -5.631454060940828121e-01 -6.107297391630728267e-02
-1.024064798152554578e+00 -2.056325465076736525e-01 -6.361758896944306185e-01
-9.445956991998138985e-01 2.809481495859402281e-02 -5.687424694443106166e-01
-8.471569620401543377e-01 -2.342967890275787432e-02 -6.241167273247997249e-01
-3.824553646853400268e-01 -1.131137458620166403e-01 -4.640780108957767713e-01
-4.855292805920927157e-01 1.748476650297064311e-02 -5.766253342343171662e-01
-1.358427442017457354e+00 -3.329376868380676813e-01 -6.735849110424216857e-01
-7.474392239867216903e-01 3.411561252206239958e-01 -9.170111820003861158e-01
-1.167587955307808123e+00 -1.842036378385163500e-02 -6.587177577357113956e-01
-1.151549598178890577e+00 -8.937871228518599886e-02 -4.757605622050947725e-01
-1.187246122334359777e+00 3.232756302066793763e-01 -6.345629853793524067e-01
-1.025150260004668912e+00 3.162436783283042452e-01 -8.109760517134432245e-01
-5.194242807590162547e-01 -8.060831943528450338e-01 -4.590927026824467849e-01
-8.263402599253286684e-01 3.667098007230660817e-01 -4.326050313859705065e-01
-8.137175390657975793e-01 4.850371798411082791e-01 -7.356642157198827192e-01
-5.160771256984347799e-01 -8.109877208885641897e-01 -4.689366046319042858e-01
-6.705850310849530427e-01 -1.002778299141871693e-01 -3.126307853834094375e-01
-1.103116224934163059e+00 -6.470443748877602319e-02 -5.429086938057644529e-01
-5.374982104641773395e-01 5.039895414732901979e-02 -5.533972920344261137e-01
-5.435937646568929082e-01 -7.822243051935783287e-01 -5.134731030028947263e-01
-5.153356628153231700e-01 1.018178844963278928e+00 -3.968560006478845104e-01
-1.254162510967535837e+00 -1.959210179788468398e-01 -4.753919058174780887e-01
-5.108928897594759988e-01 1.949437442396076414e-02 -5.707773458573875969e-01
-9.206270682628856505e-01 3.568924406564803475e-01 -6.464325494621976365e-01
-7.837264747274100829e-01 2.488720931211241272e-02 -5.398994188481962553e-01
-6.883997395407412956e-01 -3.439271587700835631e-01 -6.613976175184893558e-01
-1.123233688705784106e+00 1.260461657761082765e-01 -6.375538047329671887e-01
-6.363577750918565368e-01 6.993860814221392053e-02 -7.400316832385100962e-01
-2.977949923128923593e-01 -1.858526106147787016e-01 -6.303508001623964185e-01
-3.002994804813240437e-01 -1.531365488128408614e-01 -7.156977731473475046e-01
-4.146725394187019686e-01 -3.684040977383144511e-01 -4.802295232524297908e-01
-8.371079223307453798e-01 1.852426292604730518e-01 -8.039259243749850015e-01
-1.055882600770964713e-01 9.787382495662804924e-03 -4.105045103213127988e-01
-4.163247179950720911e-01 2.315138790699981450e-02 -6.482633000174414795e-01
-9.867867895397757216e-01 -3.319496560327799828e-01 -1.955776115430834239e-01
-7.700187334801892325e-01 6.092776381406405095e-01 -2.900771367496257080e-01
-1.227050374745435324e+00 3.967412039132793833e-01 -3.346706121903651465e-01
-1.420969572538083092e+00 2.447110287724075794e-01 -5.740833821676077919e-01
-7.398521596921053822e-01 1.520759563681430004e-01 -5.640719501923026069e-01
-1.177809902901967742e+00 3.256950018004630548e-03 -8.224841506940802072e-01
1.966925056394216398e+01 -1.064541379477190119e+01 -7.117917041970271974e-01
-7.110101951743359461e-01 -3.087652284426697369e-01 -4.829756118204162063e-01
-8.196702987927360073e-01 -5.830120300919447995e-01 -7.241917546123940452e-01
-9.304980199070923552e-01 3.848129690797569280e-01 -5.693475452524937586e-01
-6.233653447395379743e-01 -2.637541220444079570e-01 -9.567938583105699557e-01
-1.384766498475416663e+00 -9.578401242708997620e-02 -5.367719949290760129e-01
-8.400132349374687113e-01 -2.639245310775724107e-01 -6.645600470608696853e-01
-1.049151186625828513e+00 -2.859702746687335928e-01 -7.442126086929210516e-01
-1.004699680177059351e+00 2.036478940826263739e-01 -6.822191485269353262e-01
-1.253457853908392039e+00 -2.048293192770685722e-01 -1.255511421605757683e+00
-6.818320668563206954e-01 1.076820307079271316e-01 -7.700965525746328311e-01
-8.537319412618999959e-01 8.806474288026830410e-02 -3.827504254500601610e-01
-1.230238610037177160e+00 6.576696075480223946e-01 -8.044727067201469239e-01
-1.324587990472637644e+00 -1.028439938030352024e-01 -5.401958853265110827e-01
-1.458758625270440534e+00 1.205800408567423848e-01 -5.750633907416776713e-01
-6.585212669953834919e-01 5.719198846139115361e-02 -5.476387818273232844e-01
-6.924457890997802734e-01 8.474590681944021986e-01 1.432298683172754106e-01
-4.557322427745676419e-01 -6.874614516949080212e-01 -5.521332114951190695e-01
-1.104265359207735386e+00 -2.755923875881510221e-01 -6.271478409893683770e-01
-1.084653852530432117e+00 -1.153637349876283635e-01 -4.627971858882330980e-01
-7.665530356990519767e-01 4.676519558025839518e-01 -8.165007841555418366e-01
-8.536388144765711949e-01 -1.913587381276484478e-01 -4.449353537943577241e-01
-1.348735177201314528e+00 -1.415580295989069259e-01 -6.602774735968895969e-01
-7.496552229296231662e-01 1.608428131334016797e-01 -6.685739999534978661e-01
-1.316274469896190347e+00 2.790209522017912391e-01 -1.339665047926375641e+00
-2.250369126258338959e+00 6.763790315600676228e-01 -7.077669802587913672e-01
-1.023674921168106433e+00 2.480359652628163769e-01 -6.990815104501623134e-01
-1.061952085494564324e+00 -2.297995311821892095e-01 -3.682428220677190778e-01
-7.492675222574262106e-01 -9.802668435132999569e-03 3.866738632334160847e-02
-7.096286892704053439e-01 3.358659309412544147e-02 -5.094047320184230676e-01
-4.447551828083180087e-02 -4.759066572480213919e-01 -6.099400496819553652e-01
-6.734300323719569770e-01 3.260685298127412035e-01 -6.183422874568565986e-01
-8.732711828773065399e-01 -5.015154385029046979e-01 -6.878963783278376765e-01
-8.326345997759456719e-01 3.124433211045858638e-02 -7.881348004749675340e-01
4.320767379834341559e-01 2.648268136546164664e-01 -3.522577308440638655e-02
-6.055125617157305351e-01 3.073001672570376264e-01 -4.777448245535314553e-01
-6.715264347615693685e-01 -2.569259274848256225e-01 -5.677802380303016427e-01
-9.388991727271400745e-01 -1.963600825616958201e-01 -6.225420874316011099e-01
-6.115015389458073880e-01 -5.534105642818639703e-01 -7.226992545543662327e-01
-6.931797025825403580e-01 -1.627087699032794474e-02 -3.231978187984041462e-01
-7.608880709930609942e-01 2.748908106938804385e-01 -5.472620573339023187e-01
-1.157965166461653927e+00 5.347646563076391413e-01 -5.846114585610885372e-01
-1.022825823739265116e+00 -2.333488067666500410e-01 -6.482966655032360581e-01
-6.524413627304715968e-01 -3.714329237076059997e-01 -5.555501967902854998e-01
-6.435813015939148007e-01 8.961143596856295523e-02 -8.969798546142980777e-01
-1.318558580814277903e+00 -2.950592376671001271e-01 -7.418920948112105451e-01
-2.852659610443060711e-01 -2.424561784273946557e-02 -2.993041871529952269e-01
-8.199299636897773302e-01 -1.174526937907176827e-01 -6.029867413578611224e-01
-9.399101719591578252e-01 -2.398746867143043693e-01 -5.801085550280751235e-01
-1.457150273533428297e+00 3.760909935810816118e-01 -7.985500047619569219e-01
-9.562566438624519050e-01 6.310804092005443122e-01 -1.376307776245810022e+00
-1.175178755112383566e+00 -4.841410167861316949e-01 -6.025393332010645642e-01
-7.528381986620176214e-01 3.040998132311639179e-01 -7.631171137229166845e-01
-5.545829627360485681e-01 1.132942744161559018e-01 -6.148123041994800753e-01
-4.243703802660969693e-01 -1.254042481850809798e+00 -1.014407715392635634e-01
-9.553816487084277886e-01 2.167270296787356110e-01 -7.109128894234365559e-01
-5.362849887540275251e-01 -1.262258814674857565e-01 -4.751921115505347570e-01
-2.183175170691029177e+00 -3.894286273272141718e-01 -2.910073907586811504e-01
-1.090884800307517111e+00 2.563102048305313518e-01 -7.316396517327116156e-01
-8.003277671214925615e-01 -4.646845953290121845e-01 -3.277970135543253893e-01
-1.953210101989688030e-01 1.622214011098522257e-01 4.793421718849636901e-03
-1.167045593922988456e+00 -3.882002880192057803e-02 -5.910243742219624119e-01
-1.528360830044116048e+00 -1.806602743795262256e-01 -6.735725137296953990e-01
6.168440373987521541e-01 2.770590316911233364e-01 -8.974123326222700481e-01
-1.375501365504111506e+00 -6.149653685933240133e-02 -8.126034265363020204e-01
5.217192566121747060e-02 1.262014991220400915e-02 -1.357040878961980113e+00
-2.135916118253359808e-01 1.174550695794663868e-01 -1.014378696706371930e+00
-1.457258910874183355e+00 -2.588165661371863990e-01 -5.912480805303659270e-01
-7.645357236253822464e-01 2.651388794923852932e-01 -7.696803336700155374e-01
-1.228713596946944930e+00 3.216008719466889598e-01 -5.346648867226256874e-01
-6.246966571763451492e-01 5.965347831624938646e-01 -3.195866953830199253e-01
-1.158895722116624283e+00 3.542095043695249190e-01 -6.493681958915890062e-01
-1.074713463601452368e+00 -1.205329131983849389e-01 -7.539066898598526523e-01
-4.741449654653716039e-01 -5.717031122824720590e-01 -7.289893778211021802e-01
-7.940599543568274132e-01 -2.422784510331539576e-02 -3.933160147436681187e-01
-5.249236386076794325e-01 2.676436546348621159e-01 -3.963935353569264519e-01
-5.881372991353053248e-01 3.608414475646013475e-01 -5.044557671443870017e-01
-8.767845517083000528e-01 4.359443190961454495e-01 -6.505335683891035892e-01
-9.566975302866207453e-01 -4.818278248292461874e-01 -5.758535054321533009e-01
-6.649389328019622569e-01 -4.369935738834876404e-01 -7.743830336203106901e-01
-4.195425559095213308e-01 -4.329051600118274945e-01 -3.715377980565384153e-01
-1.350106561440625574e+00 7.977718819028925545e-02 -2.970381487960980782e-01
-9.812422460085488130e-01 1.526863440410671513e-01 -6.793420935131999627e-01
-1.255439048825540693e+00 2.729625007179206642e-01 -8.238817271416084553e-01
-6.518352243471887686e-01 -6.182151133453257508e-01 -5.626187720706543605e-01
-4.254614688980875026e-01 6.188208193505273513e-02 -6.838938756789849638e-01
-3.083533691320380354e-01 -3.729167669529167561e-01 -2.945726405160092320e-01
-3.481710709177067153e-01 6.188224128475661168e-01 -1.019870025979340511e+00
-1.219540897186726536e+00 2.031163924720285341e-01 -5.256591179154429527e-01
-1.192045097402618437e+00 -3.973343646174044008e-01 -5.581826722615393921e-01
-9.117717628609309788e-01 1.290926116227354703e-01 -8.300289593204795979e-01
-6.548787214765773301e-01 2.581148630703990546e-02 -2.601034531169961750e-01
-6.322845617381268601e-01 2.046620932303092749e-02 -5.043014507069368824e-01
-8.930160248042198212e-01 -1.357879388724538616e+00 -5.192081568629337562e-01
-5.847323866395255365e-01 6.797291803329917614e-02 -5.355479929081252699e-01
-1.262701761059428884e+00 5.048756355604079316e-01 -4.678600550227081656e-01
-9.543535409205036180e-01 -4.084650628983044207e-01 -6.586006095508682989e-01
-1.095684123459243819e+00 1.907245016348444941e-02 -7.213260124836953224e-01
-5.508142281310236532e-01 3.735244898049253637e-01 -7.565547368556784225e-01
-9.643022611667692034e-01 -3.073865502578601028e-01 -5.591471126694383953e-01
-1.118239176199336882e+00 -2.795371979078336427e-02 -7.472216121326235028e-01
-1.116642404570552083e+00 -2.120330307762766098e-01 -6.415045637949816637e-01
-1.326050173236003493e+00 -2.950200773266617449e-01 -5.650802111259478622e-01
-5.989870698701069696e-01 -8.561697982995825074e-01 -4.261770986495204139e-01
-1.220788132865254116e+00 -1.524613160486511521e-01 -1.088331152738649887e+00
-1.072633536634699292e+00 -2.989275452209490536e-01 -6.104102378880695845e-01
-1.023774540320354642e+00 3.037333051248647386e-01 -4.499668799257143803e-01
-6.134309037011838051e-01 5.742238076372830485e-02 -3.190010116151619224e-01
-1.195363656923896567e+00 9.142125622250998895e-02 -5.956441339034217464e-01
-3.445207713887009082e-01 -1.564918044104129380e-01 -7.106817179655007255e-01
-1.044870135367976349e+00 -1.037031855211617559e+00 -7.481592952013872422e-01
-7.467760189657303149e-01 -4.166225922786714886e-01 -5.960680431430730453e-01
-1.656074713716667146e+00 2.007183594234730195e-01 -9.303861618697184532e-01
-7.114832733171958523e-01 3.928379358908699881e-02 -5.225161766002504038e-01
-5.635708924067843739e-01 -6.788191717162987970e-01 -1.075480293848836366e+00
-1.080463154438359386e+00 -9.238828459904316337e-02 -6.145373602198114238e-01
-2.925914856654552310e-01 -2.607525576807313561e-01 -5.789256840870607990e-01
-7.475437904250049614e-01 -1.031217995444950519e+00 -5.707031311493786507e-01
-7.811216013240643852e-01 -5.475428881522823588e-01 -4.455059569620339333e-01
-1.974975485789383312e+00 3.076870771424755624e-01 -1.225379073178685996e+00
-1.301036910983696782e+00 1.016163399849027593e+00 -1.399189394285459631e+00
-1.306159202558407895e+00 -1.768603631266665588e-01 -4.733270957519886690e-01
-1.084815609139823334e+00 -3.029776313171165247e-01 -5.996815180016893398e-01
-4.736744817864325108e-01 1.580900588356480008e-01 -7.218093156504470365e-01
6.640850593461501417e-01 -8.523791515694111032e-02 -2.875157664622824405e-01
-1.034210271831411632e+01 -2.212396296059145229e+01 -6.600355811607616641e-01
-1.241324360368743829e+00 -1.059255796290397678e+00 -7.250392166475557731e-01
-1.275763368962932409e+00 3.470551849263504018e-01 -7.277375923529544322e-01
-5.571685450739495282e-01 -4.080082560530962632e-01 -5.836222803548108962e-01
-7.996013002706270356e-01 3.066091683784787914e-01 -9.913130983815786612e-01
-1.020324822915269047e+00 -2.402443714741004932e-01 -5.947863162915811852e-01
-1.067219238665431558e+00 -1.817938093624168472e-01 -9.368426104767101359e-01
-1.253648894252273438e+00 1.538454444174606750e-01 -7.771783956902538204e-01
-1.036626145124681653e+00 -1.820741588505070951e-01 -9.079391736650517242e-01
-7.511175818328532650e-01 2.425323620321115925e-01 -5.005225470899523632e-01
-1.036224225399383414e+00 1.612802389033083095e-01 -5.172111291242336151e-01
-4.362931035188095108e-01 3.964315967136765317e-02 -6.240128979789790753e-01
-4.846043577371752509e-01 -3.992045298091694838e-01 -6.520169367071005917e-01
-1.261442463496000643e+00 -5.554125459141502352e-01 -7.186384820040605526e-01
-4.805670073116394270e-01 -1.486738687107332091e-02 -5.987983823691522822e-01
-3.851282335426144954e-01 -1.903416411627338045e-01 -4.588657086715652866e-01
-1.040962325531043176e+00 -1.975543635196259362e-01 -5.207063465254543333e-01
-3.544278413803898520e-01 -1.999900836920587011e-01 -8.028639635709974298e-01
-7.417048983601690626e-01 1.097677250045517444e-01 -7.349315365571089664e-01
-1.623125573685317180e+00 8.642423894499470238e-01 9.986205515459303447e-03
-5.910839677514289070e-01 6.347442850082947452e-02 -1.727962934265253325e-01
-1.318798687530132518e+00 -1.162575656469833907e-01 -7.909145783668345420e-01
4.710376396125045585e-03 2.450171523293795672e-01 -5.195092871888240538e-01
-5.279503219528612901e-01 -5.247435450223679743e-01 -6.429706363827190074e-01
-7.975277294448429588e-01 -2.432888627590002462e-01 -6.279119693399416446e-01
-1.155900592797804993e+00 -3.952966718610079200e-01 -4.718941490576258335e-01
-7.486749834444524909e-01 4.032517916927935153e-01 -3.595198647481063770e-01
-1.955606198687489083e+00 1.294199837705631018e-01 -1.817254790421183805e-02
-6.211757896750346175e-01 2.899922069568066085e-01 -5.427336676000235061e-01
-1.004171520856558697e+00 7.350766525366221604e-02 -4.065769401989583476e-01
-5.329422541300246063e-01 -5.165373440460458987e-01 -5.379184574241877570e-01
-1.263605526360759734e+00 1.768934782363910940e-01 -6.190671354976654550e-01
-1.123816538840693546e+00 5.828929071422099817e-01 -1.091921516071207465e+00
-1.183561596572704655e+00 2.700873301483881495e-01 -7.551416926017171516e-01
-3.743872019678054497e-01 7.174979052407806646e-02 -5.527591004460605806e-01
-6.785220859906239133e-01 -6.891875262934037405e-01 -1.195875927886079326e+00
-1.193259703205957978e+00 -3.366395289515952127e-01 -5.453433968230674278e-01
-4.457119328485205090e-01 1.870731522984574180e-01 -4.912305982740090005e-01
-7.278291429203904706e-01 -6.106456897778027582e-01 -5.823168595667860270e-01
-1.048450740122693903e+00 3.500426604003696318e-01 -8.355323825120770653e-01
-5.924214899826326652e-01 -4.920392412321963893e-02 -5.179400720665274793e-01
-1.268968780539209362e+00 -5.202949837870309013e-02 -9.001082258449448759e-01
-8.823196527135784839e-01 -3.363940215378298793e-01 -1.126315530805290788e+00
-1.019256114200851826e+00 -4.850897786185400795e-01 -5.006545064678882273e-01
-8.845677786918533236e-01 3.390725380606350869e-01 -7.380513237638098856e-01
-8.598283739666495729e-01 -5.868888623745943667e-01 -5.953972630050698989e-01
-5.969992043746220611e-01 5.979110225907451753e-02 -5.725455454091972207e-01
-1.256473830946337467e+00 -4.042414492653947367e-01 -6.284102665957244094e-01
-1.553376524353972998e+00 -1.343513807971572216e-01 -1.120348823628599222e+00
-4.527851893017542095e-01 2.570209280414202935e-01 -5.485132494494376898e-01
-1.188007333089481365e+00 -8.219273064814277552e-01 -1.116573962043597490e+00
-1.382380590514803442e+00 -2.606755611788911242e-01 -5.557935678645299360e-01
-1.487017527853293331e+00 1.030123134653614519e-01 -5.407269332083836089e-01
-5.722917134135605544e-01 1.025203226487042679e-01 -4.129445244071639487e-01
1.071148687338892638e-02 6.477303246530832226e-01 -9.019774263274380477e-01
-7.928424486834019236e-01 2.972579885426984148e-01 -5.810114886510505672e-01
-5.573451461016868391e-01 -3.564232632692614922e-01 -1.429834928323700238e-01
-1.123770468454558635e+00 -4.413736778495903068e-01 -5.351534771810895208e-01
-1.117237335392639475e+00 -3.662972241550263020e-01 -5.254292621428611199e-01
-1.304374903597218527e+00 7.167949466207769460e-02 -8.131958662670641935e-01
-5.172405948202859483e-01 1.177599991271420857e-02 -4.904648599735350611e-01
-2.216155485560089566e-01 3.543323249366319150e-01 -9.779454920554172537e-01
-7.401063491887014401e-01 4.461376060079561695e-02 -6.437927118904157586e-01
-6.149837252625983686e-01 3.853505436998813649e-01 -3.270058516867338505e-01
-1.099968763463381238e+00 -3.772535414682137156e-01 -5.290643970266158957e-01
-4.078044852198496328e-01 -2.533335541991438983e-02 -6.980069721551691586e-01
-7.248194446671096802e-01 4.099158401065603474e-01 -6.306834536118196555e-01
-1.313446265063109131e+00 -6.593576922802145412e-02 -6.866937240578805390e-01
-4.554598329798982270e-01 -2.624686620688509997e-01 -4.164917891993515919e-01
-7.742077204679972402e-01 5.985627620933148263e-01 -5.362953193626835979e-01
-7.990997738933346417e-01 5.004103621629575338e-01 -6.718188444182270347e-01
-1.253435652121892563e+00 -6.289925593482011967e-01 -6.183702756774955844e-01
-2.170451471655747769e-02 -2.442355810566063379e-01 -1.169516479240017226e+00
-5.348422549158341477e-01 3.937827325938681455e-01 -6.848209572808726664e-01
-1.069492304943285843e+00 -8.570042605995132901e-01 -5.649455438494187520e-01
-1.182697113596907768e+00 -3.489518374166594716e-01 -5.118927853872905498e-01
-7.796540412848531609e-01 -1.517011590583930425e-01 -6.762378660980424838e-01
-9.304718264359210789e-01 -2.056347393732060602e-01 -5.974898963110910621e-01
-3.746128130314368421e-01 -1.840343154323220987e-01 -4.851821841397970236e-01
-7.560541359476294909e-01 4.728083626718770915e-01 -5.192738027600859452e-01
-5.853621436246149168e-01 -5.848769489455915016e-01 1.534000272119296071e-01
-8.323109066194600558e-01 -4.084356711888193492e-01 -7.228866778131416426e-01
-3.185097093432435189e-01 1.256403492741217098e-01 1.033459821514811283e-03
-1.528155686443740446e+00 7.204956894389030753e-01 -6.514627435667018351e-02
-5.960884287997345599e-01 -2.467529191707180658e-01 -4.955289017429492238e-01
-8.488253327077245614e-02 6.704774688785126724e-01 2.854008917210028307e-02
-6.039491152347191694e-01 1.819403771811854142e-01 -1.011750707983235520e+00
-1.411047065518343802e+00 -1.285606186122722483e-01 -7.935649455963961207e-01
-1.240501548706848700e+00 -3.438302421807979403e-01 -6.055978473504679549e-01
-6.044491965940622658e-01 3.232425512050721150e-01 -6.633878953384604316e-01
-1.194021369678038402e+00 -8.213779587511758906e-03 -7.123996230871624258e-01
-7.509101548239764945e-01 -1.152690858619346947e+00 -1.360524782805123234e+00
-7.315487968147809106e-01 -2.492838767016646306e-01 -5.987528334029309507e-01
-8.731815702097214249e-01 -2.599723106899195502e-01 -6.084433879518610366e-01
-7.003332762096379227e-01 -5.007524033360554183e-01 -5.391094824607518543e-01
-5.767868773729332155e-01 1.263048882070828272e-01 -4.986689648931771357e-01
8.141679019877713641e-02 -4.012090259909902312e-01 -4.588059313337566891e-01
-8.102106492200439325e-01 4.660590009952331192e-02 -5.442645819455866896e-01
-1.149914566689687057e+00 -2.070732657626302431e-01 -9.098001911302107114e-01
-1.326470402959169848e+00 -1.939766075704701664e-01 -7.452599833306704502e-01
-5.009399590228627019e-01 8.292508838239294466e-02 -6.126434520405862338e-01
-7.278786339433870323e-01 -5.422838522843388687e-02 -4.837177031990286813e-01
-1.671609273018224595e+00 -7.236012055477096527e-02 -3.617386167606415071e-02
-1.099749185093854775e+00 4.396593844826363617e-01 -4.407343704901745540e-01
-3.707269362222104236e-01 -1.216568664446334019e-01 -4.526608818150809066e-01
-1.135578962369863776e+00 -1.198663160393837135e+00 -3.697031613841701425e-01
-5.471210281629834693e-01 1.605436589340260636e-02 -7.071100112150815464e-01
-4.241619714496649429e-01 -9.584574262654256271e-01 -2.277949938689981246e-01
-2.197917238654799876e-01 -7.624725523493011137e-01 -1.289041468560689907e+00
-5.958254048797128055e-01 -6.634193976304519902e-02 -8.339196692887882456e-01
-6.603432990292269489e-01 -5.001060058074507930e-01 -4.754929870981396411e-01
-9.878692329939812167e-01 2.982239638737864684e-01 -7.782700331861673870e-01
-1.274065144437701136e+00 2.460032371684024166e-01 -3.495498627836863270e-01
-1.185844892593962197e+00 -5.096539191583220330e-01 -2.844267711001651766e-01
-6.621009036067112552e-01 1.781721510866204894e-01 -7.080735843993430922e-01
-1.581425961121274426e+00 -6.836039243875043914e-01 -4.067254218338202110e-01
-3.021083977781467977e-01 -1.949357527717042460e-01 -7.910957629016717174e-01
-5.830515194304352056e-01 4.412827353571423944e-02 -6.623757839832913330e-01
-1.033308949283697320e+00 -2.329596585320778401e-02 -6.589868525524383847e-01
-8.609009132584033441e-01 -4.235737312561255741e-01 -7.282447604298913912e-01
-1.054209569301885807e+00 -3.146189040792160552e-01 -7.324288603357527183e-01
-1.156113470589782422e+00 5.957667445209580831e-02 -6.529009024746772472e-01
-5.692542359636812987e-01 -9.937973704726263402e-02 -4.378764870019404842e-01
-6.651542721655117063e-01 -4.082399272741586704e-03 -6.538638896969546366e-01
-1.284011872343518712e-01 -1.218363393080402063e-01 -1.710664105693568138e-01
-4.101725629089076897e+00 -2.521997144204065577e+01 -7.523885692792182667e-01
-1.248201569171806469e+00 1.414879205559099518e+00 -4.808155028413454435e-01
-1.026249930760159357e+00 5.757447512340638784e-01 -6.491864443310327859e-01
-1.372634598921360416e+00 -4.854748352629946473e-02 -6.390601946276065481e-01
-4.313108563421267916e-01 -3.924075530020901814e-01 -8.107990900802408696e-01
-1.161321134341541716e+00 1.262700281510226175e-01 -6.619343529303601814e-01
-5.855509121727213717e-01 -3.168007979225136439e-01 -7.911517869897066735e-02
-9.793915856472880099e-01 2.188832224964264717e-01 -5.362405362430185951e-01
-8.392884972906657914e-01 -1.922565467265968109e-01 -6.764725214071357628e-01
-5.892935691067615611e-01 1.967528804242846818e-01 -5.026986214555155819e-01
-5.593521004683560394e-01 -3.580663575175981883e-01 -3.914795266462747225e-01
-1.108541540600978870e+00 -2.862650123364713362e-01 -5.433759208264560270e-01
-1.115544791465186814e+00 -3.145348591257781656e-01 -4.143053113835341583e-01
-1.183479937791512171e+00 -4.684997329741636962e-01 -4.738717932609161076e-01
-9.299368032386362559e-01 1.323758958982680922e-01 -1.536462554678837134e-01
-1.134803273333703677e+00 -4.182484521640930653e-01 -6.727547504989874749e-01
-6.660533267615048603e-01 3.423353121638811336e-01 -7.390696279618632625e-01
-1.187546002167615411e+00 5.338990126951561610e-01 3.634308872657078526e-02
-3.080020441454159874e-01 -1.822792981192684070e-01 -7.258169361239547035e-01
-4.354534221245591752e-01 1.424164986427131109e-02 -6.011022509755332699e-01
-5.507898538973617919e-01 -5.965842943991588737e-02 -7.806471544466246915e-01
-9.367147026823192668e-01 -1.467599852135498262e-01 -6.378987405327554150e-01
-1.323668983847877678e+00 -1.722837157566348143e-01 -8.999966754277509695e-01
-3.687825070450964082e-01 -1.822041963186571967e-01 -3.317253788652710922e-01
-1.035795586290410020e+00 -2.132583480210222537e-01 -8.615587852663723067e-01
9.588938603250550530e-02 -1.160495514594959282e-01 -3.471044835151597674e-01
-1.069375573681018654e+00 -2.880501698055077386e-01 -4.885228857600096841e-01
-1.295558194191037682e+00 -8.645174929242996353e-02 -3.830330562423211460e-01
-9.788290134701115308e-01 -4.615736009241856452e-01 -4.507936685580328229e-01
-7.031083553841492861e-01 4.680275029206483195e-01 -1.803508739887082490e-01
-1.409975998463108615e+00 -1.263631992964446837e-01 -2.427709006920237556e-01
-8.967409659752143547e-01 5.128922292785632608e-01 -7.031653781842413242e-02
-2.810822588210557527e-01 3.167358464747738189e-01 -8.209148203653601206e-01
-6.577438267077728717e-01 -3.822722122419025537e-01 -5.013809924569876397e-01
-9.905723525245112571e-01 1.155569150736426298e+00 -2.334662221332890475e-01
-1.408722161366686043e+00 1.766044678599110740e-01 -6.791056011834046835e-01
-2.666026890227612411e-01 6.044081030277906885e-01 -3.106871934941311530e-01
-1.186065535015686123e+00 -5.070486979643924474e-01 -6.674778422407239287e-01
-7.472697368994191125e-01 1.845342922099611482e-01 -7.292026368720939677e-01
-4.510437348391599932e-01 -1.162642473388113967e-01 -4.937979626404538913e-01
-9.262578325330903528e-01 -3.043678772381597231e-01 -9.998417232261562759e-01
-4.786348731773933940e-01 -3.708823368324801195e-02 -1.071730183026647909e+00
-4.210627345919998876e-01 7.533550512768887319e-01 -3.004518214328882886e-01
-8.502334692607761424e-01 -2.808948544880784937e-01 -6.751775008272189460e-01
-1.083314006001416585e+00 3.222274540961618250e-01 -4.553961097544024228e-01
-9.285766924028066027e-01 -2.490018820623681184e-01 -6.176015106061338855e-01
-9.901158768847352354e-01 5.501783534205990922e-02 -6.604931408303149620e-01
-9.432855140449267761e-01 -1.804691319524561743e-01 -5.971099483091164561e-01
-1.285826146671795955e+00 1.278989248500430609e-01 -4.705659865942563580e-01
-6.862306566685891784e-01 -4.407257230630498568e-02 -5.535179790298880853e-01
-7.259733008378231878e-01 1.239353413238042795e-01 -5.382669288059243051e-01
-3.030338630000653510e-01 4.516154374751051859e-01 -6.334304413234489450e-01
-1.506976616105454747e+00 -3.950579835422087238e-01 -4.335373314373749398e-01
1.230952060177344966e-02 -4.963735302088190804e-01 -4.481693189454039605e-01
-1.603631184516998376e+00 -1.811728466858325837e-01 -5.518846139169450993e-01
-7.047354709426388863e-01 -9.069443925437247200e-01 -1.132081814606896719e+00
-7.883953507441279207e-01 1.027351914905185876e-01 -4.199165282725599302e-01
-1.014978549738602132e+00 4.444367778314450151e-02 -7.712911448098442868e-01
-1.160641163765977701e+00 1.116618113627471792e-01 -2.872506473973708285e-01
-1.226951073181762608e-01 5.898641923866734249e-01 2.632261252369751947e-01
-1.159061683726401615e+00 8.820438513822011217e-02 -5.040203708307928743e-01
3.722351563412982234e-01 9.798684107266406595e-01 -4.647211530543203239e-01
-1.171841347783355802e+00 2.340323335433139584e-01 -5.868394192152853739e-01
-8.933771402957636498e-01 -4.227494492890795930e-01 -8.663719849863712463e-01
-9.763523226616783734e-01 4.344112952861723387e-01 -3.802504340509309522e-01
-8.886171027095635111e-01 -3.233291197420865570e-01 -5.539054766288332710e-01
-6.942549725535444027e-01 2.705795651071374319e-01 -7.911550261651396632e-01
-9.794462020927403589e-01 2.484268501586685274e-01 -7.299828849486624804e-01
-5.838261969823579367e-01 2.487472816342529147e-01 -6.723475862864470853e-01
-7.655695841213140396e-01 -5.456272321052265672e-01 -9.264970162657633068e-01
-8.376785649613756046e-01 -7.565851370004279541e-01 -7.828283926106349710e-01
-6.450241142906777414e-01 -9.761894914933788581e-02 -2.784218827146416886e-01
-1.499876157960808642e+00 2.057063189656694602e-01 -7.389659773683352473e-01
-4.692132832502284301e-01 1.479867210195575100e-01 -6.810166296092944327e-01
-9.285961048566647724e-01 -3.958121075592551108e-01 -3.572720896854508776e-01
-1.340536941664923098e+00 2.028662827144502301e-01 -3.713467727586036715e-01
-1.267658256284152740e+00 -4.136741748121455786e-01 -6.180261388409630241e-01
-6.363009447979869337e-01 5.492203644671970336e-02 -5.259492625071487959e-01
-1.421332392120611354e+00 -1.570593940818463263e-01 -6.419210325854229904e-01
-4.686789520811292520e-01 2.661585038342350606e-01 -1.039193214218590677e+00
-6.916934871167100818e-01 -1.436462504124082044e-02 -1.285935981977909780e-02
-5.663136067214556979e-01 1.296053391278406339e-02 -8.827101109559793990e-01
-9.684785976513390349e-01 -1.902778827875097889e-01 -8.319431924716366167e-01
-8.951351432618696036e-01 3.852593665165191528e-01 -2.907488133861423352e-01
-1.701107048164218760e+00 -1.871003476178414310e-02 -3.559189644450360124e-01
-1.262460564761442638e+00 1.604542965380514608e-01 -5.313641385584527699e-01
-1.013495202600378287e+00 1.175803875678754079e-02 -6.276841047722804268e-01
-7.621069214295028704e-01 4.366427393570406212e-01 -2.665733952088298331e-01
-1.056480348680962411e+00 2.670921866971425196e-01 -7.023599223736231023e-01
-7.895541536670366289e-01 2.021023086469753496e-02 -5.618109817698767605e-01
-1.056219398299176770e+00 -5.272286857736318000e-01 -7.036707228079617238e-01
-8.880786432721518020e-01 3.942192833881976721e-01 -4.124753910802826384e-01
-5.110442741565944802e-01 -2.925945370690820613e-01 -5.198174071699891430e-01
-7.631328534060739521e-01 2.593433315815906193e-01 -5.598064708062566730e-01
-6.868200893363215487e-01 -8.981147988940343940e-02 -7.395178851041624979e-01
-7.105132344794157229e-01 -3.510780720854696502e-01 -4.833452490175251248e-01
-6.504323809186616234e-01 -3.813623221397201002e-01 -5.907945495271617053e-01
-9.433265196655350460e-01 -3.776171525804668527e-01 -4.409232494821912485e-01
-5.401421338545299156e-01 -5.179326948665420316e-01 -5.309614799087957193e-01
-8.179919067758413265e-01 2.412309789826476980e-01 -4.940292047504338813e-01
-9.054764459718990244e-01 -1.194180414906431814e-01 -6.075578828467854686e-01
-3.245701706127613884e-01 6.270577295658484596e-02 -8.269708592368143485e-01
-1.280353437314490694e+00 -4.388953103743505751e-02 -3.816519181142919992e-01
-9.552494109516617149e-01 -3.337753802847195361e-01 -6.678991129856804987e-01
-5.581610017888042341e-01 1.779282018296138579e-01 -5.845182588690516212e-01
-3.644578686689569635e-01 -4.314823252183822705e-02 -3.336711863397693323e-01
-9.661884686711987857e-01 3.431145032052053678e-01 -4.683594216196980686e-01
-1.183549560290199532e+00 2.397531229251420870e-01 -8.201595816011328921e-01
-2.601146837563254044e-01 -1.360116130478662699e-01 -5.674822109292217975e-01
-4.319007618431674467e-01 9.496542196649250880e-03 -5.507369245833770854e-01
-5.941653525290877536e-01 4.730096944210989557e-02 -6.825056656139325550e-01
-8.947713991017068880e-01 -2.696124130886505821e-01 -3.859324242457473630e-01
-2.485042363797520804e-01 3.871078881655208304e-01 -8.227051358715581353e-01
-1.583186957621873781e-01 -5.810568450939959315e-03 -1.107777613444215437e+00
-6.776575315194307558e-01 3.401385685562622885e-01 -1.232867098361956959e+00
-8.443311834757184497e-01 2.695604798506866934e-02 -5.240857753074172898e-01
-8.895788870114825775e-01 -2.807506251829384181e-01 -1.168308979858254215e+00
-1.133006109039164766e+00 1.316439505308697189e-01 -6.275999315918687760e-01
-6.220474117669275715e-01 3.356173113938242247e-01 -6.097087777899858896e-01
-1.461517033582028668e+00 -2.199065913097744962e-01 -5.539236941259136904e-01
-6.535955859160242909e-01 1.038157599717594470e+00 -8.370684950840711069e-01
-1.451374338243909712e+00 7.158018653976158108e-01 -9.172602174238752015e-01
-6.796994841084127437e-01 -5.412000596968773447e-01 -3.276572976675231619e-01
-8.765157432359957923e-01 3.215833198948958027e-01 -5.984828725094698543e-01
-8.938278361039520004e-01 3.798173131249396040e-01 -4.551596838058574179e-01
-7.184723099580275774e-01 3.038979471209700378e+01 -4.083708600627724561e-01
