-1.058760186708244433e+01 3.096963945575071264e+00 -1.686160290896128400e+00
-1.091731777813941839e+01 3.239878730579303756e+00 -9.562456331593270908e-01
-9.791608338067540274e+00 2.688977447155364686e+00 -2.198298982295499027e+00
-1.068506778072416630e+01 2.701480119959317250e+00 -1.500609824339333098e+00
-9.782482281515909150e+00 2.745898384853612928e+00 -1.984166830235198242e+00
-1.049130169946693947e+01 3.303906077401544295e+00 -1.610856448504917493e+00
-1.004688919761061072e+01 3.646232616309779129e+00 -1.554488048612914897e+00
-1.025831359685083832e+01 3.452914826133282933e+00 -1.285735718832553998e+00
-1.071564186869375490e+01 3.589463417612208218e+00 -1.414820830841871047e+00
-9.886334426873107262e+00 2.884799645456997297e+00 -1.362119766505003327e+00
-1.088118724177524044e+01 3.262781922122293565e+00 -1.416370549382685917e+00
-1.003512417449812588e+01 2.394652279337071921e+00 -2.170732570014895391e+00
-1.062820790660677162e+01 3.294585890415785201e+00 -1.536285810447754585e+00
-1.070121142053239360e+01 3.362089927099487952e+00 -1.572036641347088537e+00
-1.077239381879586411e+01 3.434964698306556041e+00 -1.720231583098601247e+00
-1.072856424183853008e+01 3.244983669973473095e+00 -1.376317987977264679e+00
-1.078504522913948804e+01 4.036514850872909399e+00 -1.999691669736034072e+00
-9.612060574956998948e+00 3.713078228172851603e+00 -1.575042883272658845e+00
-1.048337544366590102e+01 3.449628382828010320e+00 -1.741258044325303400e+00
-1.017957481097162642e+01 3.668163492644834545e+00 -1.698610321352109764e+00
-1.089103772277226589e+01 3.475171724221590264e+00 -1.412860558089979346e+00
-1.051588587941989061e+01 2.787467240883588548e+00 -2.177682213653937993e+00
-1.020132010583773408e+01 2.861763791292307513e+00 -1.855959476439918987e+00
-9.813580130624680820e+00 3.394652410057025893e+00 -1.733956943130437800e+00
-1.057524485280499604e+01 2.871112653965934403e+00 -1.559404746759972316e+00
-9.944188452295747993e+00 3.196178329237730598e+00 -1.473276732774835063e+00
-1.018372228713637995e+01 3.524743455980511975e+00 -1.464751494081944161e+00
-1.008596659448993371e+01 4.534285153192903373e+00 -1.439609612661862492e+00
-1.059896636316455520e+01 3.521481425285489131e+00 -1.528573894281952672e+00
-1.011395894343177559e+01 3.773674438130265152e+00 -1.377855105246256873e+00
-9.732336003465954732e+00 3.344100806493310873e+00 -1.715520209315458455e+00
-1.089010116943492790e+01 3.360382232926780954e+00 -1.392789056232499600e+00
-1.015214571470264282e+01 3.111738366564583025e+00 -1.407771256271916460e+00
-1.037924210554220927e+01 2.509320253777676868e+00 -1.415171104944255243e+00
-1.054557371979697500e+01 3.733894028235259732e+00 -2.143884397498099226e+00
-1.033876189200386442e+01 3.025844448646728857e+00 -1.684193673133753677e+00
-9.813195862948120407e+00 3.228962759993153853e+00 -1.530670424501747062e+00
-1.030335995391827986e+01 3.544012618374961399e+00 -1.682325404123792945e+00
-9.799461942248953505e+00 3.091286174511903795e+00 -1.468330696817862435e+00
-1.054970951207999796e+01 3.299783929677640337e+00 -2.143099591902560164e+00
-1.046057141758185161e+01 3.116335713852241618e+00 -1.260732827440343984e+00
-1.042995841316448846e+01 3.072417923506021609e+00 -1.517874230346784481e+00
-1.048928103927237032e+01 3.523856443767766855e+00 -1.572619620885382208e+00
-1.019139788254141799e+01 3.411953331445360504e+00 -1.766624598696788340e+00
-9.803325427536540460e+00 2.484987109932819571e+00 -1.977721545272955961e+00
-9.831781172900591059e+00 3.441572910198254842e+00 -1.457999598839317734e+00
-9.852291786819140640e+00 3.720334889754127072e+00 -1.770234555008495914e+00
-9.775045694016080589e+00 3.342973856958329382e+00 -1.639469351239536188e+00
-1.003123599770455421e+01 3.389653266007613297e+00 -1.784622451176215652e+00
-1.011591819766970879e+01 3.611048230497027500e+00 -1.205578077058509834e+00
-1.009513780559656837e+01 3.240608774004096748e+00 -1.105361563580199435e+00
-9.832532963563739514e+00 3.226460081986453954e+00 -1.593849888461725817e+00
-1.094621941953259459e+01 3.370662559401098601e+00 -2.158693418850111012e+00
-9.863791078280385705e+00 3.576169035855283340e+00 -1.954376162378589576e+00
-1.015532904684498838e+01 2.378279636969023780e+00 -2.360295661937577893e+00
-1.015060995174489200e+01 3.290615911325577514e+00 -1.336528796137047781e+00
-1.025125171901225052e+01 3.444161195209766824e+00 -1.714657145510713354e+00
-9.982489400462364770e+00 3.344237901040143512e+00 -1.662911306728928507e+00
-1.000108782887898329e+01 4.438103566490432250e+00 -1.221226535605409058e+00
-1.013649651398134033e+01 3.555757827909259206e+00 -1.814489812827747572e+00
-1.079558276502938519e+01 4.051214012821929167e+00 -2.568319264844345806e+00
-9.830876963015622749e+00 3.337944749174279302e+00 -1.586007980854271748e+00
-9.655002410024353665e+00 2.941898713386724484e+00 -1.296706275681517750e+00
-1.022930148454659971e+01 3.233134434278229996e+00 -1.453322969759500705e+00
-1.014800339795866435e+01 2.866616124249190989e+00 -1.599809888648561662e+00
-9.913120049433768344e+00 3.684436688728800924e+00 -1.528500867302537980e+00
-1.017628792207632671e+01 3.051060526519801641e+00 -1.426772948393480567e+00
-9.933839282174860230e+00 3.548437179452321732e+00 -1.583729340322709955e+00
-1.093569419120161079e+01 3.141851293093292252e+00 -1.715832098415759566e+00
-1.030643989512963898e+01 2.850376912444936739e+00 -3.051220554214147285e+00
-1.033481762909669399e+01 3.668645978248506800e+00 -1.255575418080631112e+00
-1.042306151406862291e+01 3.304355337833007944e+00 -1.685588019682898731e+00
-1.010158408636660354e+01 3.366114801655148536e+00 -1.593266949256093579e+00
-1.007629093776803764e+01 3.536061101196699585e+00 -1.590963344183724537e+00
-9.709415536568917204e+00 2.986274328814056744e+00 -1.449257654821760832e+00
-1.016868457599627362e+01 4.013810492108726535e+00 -1.313796524409207356e+00
-9.292725878273071061e+00 3.737000720572980494e+00 -1.114879370468607300e+00
-1.018254196525202104e+01 3.298005783143873160e+00 -2.232865104994347760e+00
-1.007979575763095603e+01 3.334080548378618225e+00 -1.582529168702202949e+00
-1.082725051052264398e+01 3.538962562830319847e+00 -1.808541697788671465e+00
-1.016439685562479767e+01 3.094977013441611025e+00 -1.841988995888115488e+00
-9.632605428785685930e+00 3.587490802942403523e+00 -1.742041768950412850e+00
-9.849400839293355858e+00 3.370689878854099764e+00 -1.836680898249397398e+00
-1.008784655702215538e+01 3.268224470796416536e+00 -2.834454127674102875e+00
-1.020212975677216249e+01 3.263024767151572192e+00 -1.627911173971137382e+00
-1.067521815311429378e+01 3.615273356252965087e+00 -1.578360072682527981e+00
-1.068123146748276220e+01 3.408048364755502657e+00 -1.254959808281931988e+00
-1.000125947860529863e+01 3.361329584667351877e+00 -1.175584659031365886e+00
-9.924430524582303903e+00 3.627744759855604961e+00 -1.392208082931771340e+00
-1.057219235731729867e+01 3.473737960406744651e+00 -1.676957042613961057e+00
-1.049509526921306168e+01 3.532234486131897722e+00 -2.073903374095412033e+00
-9.900106020240752258e+00 3.526626683897719161e+00 -1.682337235050170632e+00
-1.055698640837176683e+01 3.616944842778664349e+00 -2.590810406141051736e+00
-1.060072676082539722e+01 3.380691172233371677e+00 -1.431418425371501435e+00
-9.785940144372403893e+00 3.422570112555340049e+00 -1.838119015790421473e+00
-9.948561840755857588e+00 3.719519946618260686e+00 -1.618593595696099507e+00
-1.032597986110680566e+01 3.722046918002237081e+00 -2.573808558642674438e+00
-9.861736679453692034e+00 3.205343478576330174e+00 -1.758571078516561803e+00
-1.034774369936058669e+01 2.896430606429917454e+00 -1.323904165488818396e+00
-1.051221069538276254e+01 3.075422452089969116e+00 -1.484358921137057141e+00
-9.970576820298781229e+00 3.332618954652201815e+00 -1.673745067189968294e+00
-1.000571997192726670e+01 3.731311755035015665e+00 -1.556631966465222838e+00
-9.620391394617112013e+00 3.033596868175319816e+00 -2.070347041519117859e+00
-9.868917165443239270e+00 3.242982901444740218e+00 -1.536771482113154619e+00
-9.927160576396296676e+00 3.062948992816789229e+00 -1.512194788278782065e+00
-1.061996151552373568e+01 3.618791141185729199e+00 -1.560669663668013962e+00
-1.016105945895163210e+01 3.686149832725685638e+00 -1.852108329053191893e+00
-1.115552262265667594e+01 3.432898752485992411e+00 -1.732046856650718558e+00
-9.909574614350844968e+00 3.496403002399860682e+00 -1.514312833179805917e+00
-1.084240250673764017e+01 3.399391046980229980e+00 -1.280460310755987763e+00
-9.722389106181875462e+00 3.389138419125587109e+00 -1.234798125373816502e+00
-9.792585920931394128e+00 3.480258132266286442e+00 -1.582956937736341940e+00
-9.713479466045459532e+00 3.133775224867817233e+00 -1.645498804305671747e+00
-1.009056729092757188e+01 3.075102661169577090e+00 -1.777622145936711640e+00
-9.764002605498259157e+00 3.153032635578482790e+00 -1.482211532967703915e+00
-9.898672162290583998e+00 3.517027143541164413e+00 -1.741481297829535535e+00
-9.892672448071548885e+00 3.415302239627913572e+00 -1.675552607910371306e+00
-1.045922894353251209e+01 3.334169740721596664e+00 -1.683757359546418142e+00
-1.013543354042079336e+01 2.174883155762389553e+00 -9.756824181641432503e-01
-9.903903138597769384e+00 2.840460460913858398e+00 -1.605468027648834894e+00
-1.003266955930103066e+01 3.417914501360294732e+00 -1.691078018760397095e+00
-1.026935383036266103e+01 3.408487235559011008e+00 -1.353201936179564191e+00
-1.010261565199916056e+01 2.922660259732658083e+00 -1.531864255720527979e+00
-9.977310567106973949e+00 3.160502678756900607e+00 -1.589950737468797337e+00
-3.294049489428790167e+01 7.942834419987237027e+01 -3.091649241597513864e-01
-1.105474871389535707e+01 3.694094468532138187e+00 -1.637688463341192335e+00
-1.047760787002601468e+01 3.391472554289894248e+00 -1.685689952174987738e+00
-1.039067196249301794e+01 3.626795540603745760e+00 -2.027366117574212812e+00
-1.072158971848422659e+01 3.552370219032447984e+00 -1.577036737863952931e+00
-1.069478176617768206e+01 3.172859059468482013e+00 -1.406842861020781266e+00
-1.009419032719626408e+01 2.863649374649689161e+00 -1.394349593330469483e+00
-1.069599691988225487e+01 3.127814314999284750e+00 -1.736194026697604142e+00
-9.941008475322192339e+00 3.756004872086679214e+00 -1.892447741973317887e+00
-1.032529534248278047e+01 2.934468875524486098e+00 -1.447955762606391916e+00
-9.878742008062605606e+00 3.549013479835425589e+00 -1.631628784470578797e+00
-1.048198929061530649e+01 2.902732955229232470e+00 -2.490567031267313158e+00
-9.930909019969655915e+00 3.381974108662963108e+00 -1.579941203416634909e+00
-1.031086228643858327e+01 3.855973542295845213e+00 -1.333529944502164222e+00
-1.009884459478852925e+01 4.280141833338094060e+00 -1.449803575065817585e+00
-1.013104931833718325e+01 2.863122383014049088e+00 -1.689828154372094549e+00
-1.012959243548148969e+01 3.775505238018755705e+00 -1.643021210946659094e+00
-1.056571318310906626e+01 3.817462506947982614e+00 -1.532466247633459400e+00
-1.019260961745722049e+01 3.191863312715654377e+00 -1.536667241953119989e+00
-9.987765308618037352e+00 3.782337868637516198e+00 -1.697109656172998582e+00
-1.053636831373830240e+01 2.956150223845814384e+00 -1.551817244849716948e+00
-1.011989347966730435e+01 3.354075882597122416e+00 -1.411982460528225847e+00
-1.078097078546609033e+01 3.442773443125787480e+00 -1.577551975365036441e+00
-9.963691002445969502e+00 3.425947150522664408e+00 -1.844170321542071278e+00
-9.277290486309464512e+00 3.617321827554606184e+00 -1.891309567878254105e+00
-1.079343748707343664e+01 2.996726769642070742e+00 -1.480481082396859938e+00
-1.073265759640353956e+01 3.071360694152115212e+00 -1.319055680139745501e+00
-9.769165195549193825e+00 3.261706251924728406e+00 -1.583323183307518534e+00
-1.047697415901597218e+01 3.841336080501198236e+00 -1.468556665560499797e+00
-1.026221181410786087e+01 2.922850122467071099e+00 -1.250165268435917909e+00
-9.908647534835827386e+00 3.563733255219363016e+00 -1.471274927882243677e+00
-1.067371609878709116e+01 3.086807470916449248e+00 -1.698246652004572255e+00
-9.897632955794104959e+00 3.500791688871921714e+00 -1.697164764596043929e+00
-1.054253021258215739e+01 3.205661843065083172e+00 -1.232093390523704590e+00
-9.214699023617253459e+00 3.325075237170074249e+00 -1.640884263475772986e+00
-9.842817259185087764e+00 3.103814417265892800e+00 -1.660033780841242423e+00
-1.060002955164300253e+01 3.186644260344074553e+00 -1.969421158194912147e+00
-1.034411423479395786e+01 3.261787089829795150e+00 -1.699220945874481581e+00
-1.039879591488907984e+01 4.170427641050936884e+00 -1.118656720337554367e+00
-1.060635944200946490e+01 3.496342758608685486e+00 -1.528533960881197196e+00
-1.031545836626744617e+01 3.173002703858649021e+00 -1.570488000074329538e+00
-9.870404983872514748e+00 2.874246517859250449e+00 -1.469204726502213232e+00
-9.817943355026828911e+00 3.491159506862989037e+00 -1.524282158527564324e+00
-1.025197621975386397e+01 3.265718872041574183e+00 -1.650977203676871286e+00
-8.900190081332846503e+00 3.475790678261980293e+00 -1.417827038660668171e+00
-9.695684843859467605e+00 3.261204481551157830e+00 -1.472399214775144571e+00
-1.032873103723875019e+01 3.220762205550020241e+00 -1.558110035449423725e+00
-1.044938747652320465e+01 3.406745203902409980e+00 -1.518211479933370578e+00
-1.040020048027189858e+01 3.106015092172464520e+00 -1.480040819050414180e+00
-1.047618014129644948e+01 3.323086620356123788e+00 -1.385291978160205106e+00
-1.050774308319951977e+01 2.892495592027469975e+00 -9.970978375343153566e-01
-1.062524721826613039e+01 3.295954602116946575e+00 -1.709993820072400528e+00
-1.050553145023845403e+01 3.757891712489918934e+00 -1.634521309324583616e+00
-1.036695199533452438e+01 3.322819987929597207e+00 -1.780374021777620941e+00
-1.010568929188630349e+01 3.195821722748510396e+00 -1.386093054873118513e+00
-1.016368893225265424e+01 3.220986987778095223e+00 -1.507749945988492435e+00
-1.053090915121379467e+01 3.400765817683833792e+00 -1.545663199686476919e+00
-1.003902209610967233e+01 3.625877990247174054e+00 -1.428972733496409964e+00
-1.018612362386666170e+01 3.670022804769777824e+00 -1.830611765431243931e+00
-9.307186953975135069e+00 2.831267296510426856e+00 -1.545378117688082087e+00
-1.068047477876658746e+01 3.325773926888976550e+00 -1.799065245612085029e+00
-9.977872860106518971e+00 3.504905930322081087e+00 -1.631937097239281265e+00
-9.902173179406268844e+00 3.235503635130439815e+00 -1.522319192857246817e+00
-1.019442276957538063e+01 3.549970218001101685e+00 -1.611180652400867608e+00
-1.047564005720097491e+01 2.868963611218089405e+00 -1.567654517885818111e+00
-1.058083958982357231e+01 3.452805497729380502e+00 -1.383147646092095284e+00
-1.055942533358176050e+01 2.946711964117094684e+00 -1.125521890508249578e+00
-1.055650750399065885e+01 3.166892658783484915e+00 -1.526593479300422107e+00
-1.003759252455298956e+01 4.079690307800400539e+00 -1.782686715252773224e+00
-1.025591126929690766e+01 3.665161168253219248e+00 -1.638348866113887192e+00
-1.035799375321253990e+01 1.968302773712591103e+00 -1.026485298638018850e+00
-9.785684416942819652e+00 2.846887438619721156e+00 -2.024971105020105799e+00
-1.061115157105343165e+01 4.145463933931358369e+00 -1.118790340203544842e+00
-1.064607469827597441e+01 3.228967312492134312e+00 -1.427841198087838492e+00
-1.100597027682308315e+01 3.143313854863161172e+00 -1.662697701872041911e+00
-9.808212078426642222e+00 3.331226095162048040e+00 -1.590038134886334831e+00
-1.039342427759473253e+01 3.615791437471577385e+00 -1.390044602360511750e+00
-9.916920802687682723e+00 3.765451980672692933e+00 -1.610987249682724221e+00
-1.068865302533694006e+01 3.542850761018966566e+00 -1.580487047801471201e+00
-1.074440739055633109e+01 3.312612397196423419e+00 -1.179976572596331374e+00
-9.762925182111681366e+00 3.349002849281325300e+00 -1.537109480114728255e+00
-1.006938169596842059e+01 3.602049936674951436e+00 -1.533038763984557740e+00
-1.097177737231389294e+01 3.478197147059645111e+00 -1.380661242120646337e+00
-1.005105979916131709e+01 3.618176320132944657e+00 -1.731201146229783827e+00
-1.018989016151349070e+01 3.562072916712470061e+00 -1.596490854480877575e+00
-1.072943325469353582e+01 3.204681040817460413e+00 -1.406214630669747834e+00
-9.835033829431973018e+00 4.192039976737138574e+00 -1.143066307073836274e+00
-9.644859227701179094e+00 3.252552563932978202e+00 -1.374678622197580413e+00
-9.796273697932452507e+00 2.965470955040849788e+00 -1.248198172156587571e+00
-1.018581437755328700e+01 3.757223069328496035e+00 -1.633325626480929049e+00
-9.280879603066324535e+00 2.989720432963763663e+00 -1.576775610411281558e+00
-1.066982896692005056e+01 3.113070463989153325e+00 -1.148827824276742460e+00
-9.763792762281809701e+00 3.733123771293056503e+00 -1.721214814097042023e+00
-9.488916514743429786e+00 3.339196258826894859e+00 -1.433301464827848593e+00
-1.053524420768202141e+01 2.816134141189434725e+00 -1.674428556738835727e+00
-9.862194186998015866e+00 3.692867803061958831e+00 -1.657992977461022699e+00
-1.054731750595838058e+01 3.018694519395817011e+00 -2.579471778349565092e+00
-1.024759838592231631e+01 3.340706637281710911e+00 -1.693257663987960626e+00
-1.031239480154531130e+01 3.011974920375163567e+00 -1.791359384370429186e+00
-1.003374103127004879e+01 3.234438238852334724e+00 -1.489863912377013433e+00
-9.268844774904330563e+00 3.324281929171961192e+00 -1.608348039697361953e+00
-1.047989401087025385e+01 3.124068417850665913e+00 -1.164455182926985799e+00
-1.009890388076791368e+01 3.300188380068476146e+00 -1.154177977343259442e+00
-1.020645105742571346e+01 3.535592270445215402e+00 -1.607736339534731496e+00
-9.839910380844640869e+00 3.235685369618121587e+00 -1.425835848817607721e+00
-1.053129117423419459e+01 3.175856032316385136e+00 -1.258405069071008464e+00
-1.052586930240227758e+01 3.401541256691047455e+00 -1.396984163568004034e+00
-1.065086168077650797e+01 2.940042798336231833e+00 -1.441651960852769143e+00
-1.038548087744011106e+01 3.093333119506981532e+00 -1.551289743551269362e+00
-9.997878803417917126e+00 2.859935032982605652e+00 -1.587180998009042332e+00
-1.010978601817160794e+01 3.889611206122407072e+00 -1.319000259867511682e+00
-9.903734809843438569e+00 2.948926182819899822e+00 -2.097588822591334612e+00
-1.014714949488344509e+01 3.771796594630734578e+00 -1.393080083067518959e+00
-9.520807375176362441e+00 3.654129950831429774e+00 -1.834336495601069705e+00
-1.058528539319270223e+01 3.258711876015286446e+00 -1.875035199867054914e+00
-1.073210759950849180e+01 3.574961676903133601e+00 -1.606069334783284841e+00
-1.015070824397420246e+01 3.683516613901339998e+00 -1.583595300919831583e+00
-1.065951150461595098e+01 3.621041402639110451e+00 -1.722470647494304785e+00
-9.725580093286964711e+00 3.402457364865564493e+00 -1.512152961996195533e+00
-1.046677241023947147e+01 2.886395556641906612e+00 -1.310251214047638779e+00
-9.854466159950021620e+00 4.014487974005521487e+00 -7.901207526032721917e-01
-1.026208082365402952e+01 3.087339038812352943e+00 -1.535582722636366970e+00
-1.043362342512133623e+01 3.213328093485816606e+00 -1.742019280037613527e+00
-1.063997050381001053e+01 3.542763663014261599e+00 -1.555489904787204836e+00
-9.518802219624596717e+00 3.142431150768794090e+00 -9.354062229490200941e-01
-2.785747600299676563e+01 1.856283227337506503e+01 3.986434790073767331e-03
-1.000624476677391961e+01 3.572604541831756020e+00 -1.433674312682463592e+00
-1.086274087577473146e+01 3.306223756997789476e+00 -1.735559586422750877e+00
-1.028529878239053730e+01 3.443218220555026576e+00 -1.349244619738704243e+00
-1.004199264935136782e+01 3.444121157074585771e+00 -1.628423086780163676e+00
-1.037003685985908419e+01 3.460883963848484068e+00 -2.003268890416924908e+00
-1.022583668530359979e+01 3.451788127450930332e+00 -1.764592423773517549e+00
-1.018411388042469312e+01 3.530244869620774661e+00 -1.544483428846164852e+00
-1.030534200781327669e+01 3.248100637562444604e+00 -1.550273103611464753e+00
-1.067260228681847067e+01 3.075975295198309922e+00 -1.656906113573347383e+00
-1.085985049276507297e+01 4.085956320534543273e+00 -1.645979084805613724e+00
-1.056383292596308010e+01 2.813654633628992929e+00 -1.559089475057661600e+00
-1.027307245269155977e+01 3.762815684398679750e+00 -1.539303550264859100e+00
-9.955170882650117292e+00 3.630866601998878451e+00 -1.339622657316217991e+00
-1.051497118988824298e+01 2.449565544550117213e+00 -1.690203811892529773e+00
-9.938976679365760347e+00 3.521486108197732445e+00 -1.575064404357600312e+00
-1.120417415630958580e+01 3.088258877275282366e+00 -1.643573360889072577e+00
-1.011147341039141523e+01 3.671895119152393860e+00 -1.362572800347254587e+00
-1.017663198378728850e+01 2.614506770256059376e+00 -1.203549068543573020e+00
-9.725156904552592962e+00 3.460891464405777107e+00 -1.577637564211419097e+00
-9.900072291294465643e+00 2.530746804188989341e+00 -2.349737045956805215e+00
-1.008744381995902728e+01 3.332991707355390076e+00 -1.625154061093160518e+00
-1.013801662752263155e+01 2.895226848614801174e+00 -1.407183649491044353e+00
-1.046549378335136815e+01 3.055608068093969454e+00 -1.642588591974277090e+00
-1.023946095306852122e+01 2.889902421959580359e+00 -1.652251202722905044e+00
-1.020136327954810440e+01 2.928339622652922358e+00 -1.657392959262472765e+00
-1.074376090457899302e+01 3.000898188575035430e+00 -1.536179563202605625e+00
-9.983074177570953722e+00 3.497240498172153877e+00 -1.637023145105827471e+00
-9.885581277276275003e+00 3.668358107213831598e+00 -1.724141223977235571e+00
-1.043303560081920800e+01 3.025873241985159723e+00 -1.382621224812406346e+00
-9.913929686790005746e+00 3.404586268090046275e+00 -3.338714721748318737e-01
-1.021082984297755658e+01 3.648251620991108446e+00 -1.813284243709761157e+00
-1.060609946888305721e+01 3.605596887543647266e+00 -1.520683521065598010e+00
-1.030175695424808069e+01 3.540761792427507437e+00 -1.313960598900256072e+00
-1.069680350792179802e+01 3.257520339757867589e+00 -1.659271664857711714e+00
-1.026432459466185598e+01 3.241443748994410345e+00 -1.416932456587683298e+00
-9.790457263948026068e+00 3.151298165165054233e+00 -1.291465529489702391e+00
-1.049478531876802023e+01 3.407431485307774732e+00 -1.334268082441238290e+00
-1.005490760112729021e+01 2.726925516616012235e+00 -1.329285277224983908e+00
-1.078324973155740096e+01 3.353203432282171104e+00 -1.515953344073874609e+00
-1.072739115366019647e+01 3.821709403918992720e+00 -1.748880797108277152e+00
-1.026524330293963594e+01 2.720310668283759004e+00 -1.694589232231541009e+00
-1.014024576260653632e+01 2.703580578407872359e+00 -1.506757928006659419e+00
-1.058381679617957083e+01 3.053603636173554126e+00 -1.396816225599863293e+00
-1.046718520266362518e+01 3.439601084371091133e+00 -1.628741402121241855e+00
-9.682646517387679452e+00 2.795476138861443083e+00 -2.519653920912981793e+00
-1.037491955413460509e+01 3.233159361690638445e+00 -1.473899447322860157e+00
-9.436512247137363474e+00 3.748861984626386423e+00 -1.660278970505143059e+00
-1.057153305221838302e+01 2.941900573209338177e+00 -1.643090880647908092e+00
-9.621954686074893459e+00 3.803755392627133247e+00 -1.380714398112722341e+00
-1.008979806238012600e+01 3.162344674358499308e+00 -1.738519912474531415e+00
-1.009418402783257029e+01 2.920403498117040364e+00 -1.504597789884212666e+00
-1.049785458558164919e+01 2.948743979521205372e+00 -1.555643817494278380e+00
-1.086207880109262724e+01 2.434797222921177617e+00 -1.605024968743587799e+00
-1.015213487833851502e+01 3.671046024024571253e+00 -1.435555892078304474e+00
-1.067381940824243536e+01 3.557031876599185960e+00 -1.763646432381313467e+00
-1.044871966889425785e+01 3.131661276442762709e+00 -1.010109356545701331e+00
-1.030310067873246460e+01 2.949448026496333419e+00 -1.707100387894487481e+00
-1.017852083401355756e+01 3.446805792456877349e+00 -1.267913041811786767e+00
-1.079029278874731190e+01 3.391603448380431818e+00 -1.424333997567150289e+00
-1.065100653176854983e+01 3.107642277564476974e+00 -1.963252703698887602e+00
-9.695262157569269235e+00 3.467992796454075322e+00 -1.758587359058664035e+00
-9.746877358930060353e+00 3.307350018211868026e+00 -1.685347314802569496e+00
-1.059722261815485389e+01 3.432526573386255109e+00 -1.332518082885560284e+00
-1.076403819755311453e+01 3.654140454556572326e+00 -1.421362658597806305e+00
-1.012882571988921043e+01 4.319931812703904583e+00 -1.514284105005545999e+00
-1.071995701971234460e+01 3.540127976966097378e+00 -1.807023005279260408e+00
-1.009543995471978128e+01 2.926820203578891721e+00 -1.669380993789535195e+00
-1.036958679136990114e+01 2.911372613880883975e+00 -1.649108185430688378e+00
-1.002758836623017835e+01 2.801312396091752532e+00 -2.292527378672280847e+00
-1.003903705347065767e+01 2.154404279797335509e+00 -1.029531512785240910e+00
-9.945399705072819785e+00 3.242005201087969635e+00 -1.675715856576310170e+00
-9.662438797797856083e+00 3.390606230778100638e+00 -1.815455091883116934e+00
-1.016808839786301633e+01 3.249347213226159603e+00 -9.151372114341793651e-02
-9.763574827203552076e+00 3.688742529511716661e+00 -1.562806405701066437e+00
-1.020727022181694288e+01 3.734150340024438464e+00 -1.674981080894232699e+00
-1.037849559397637655e+01 3.356416905592043864e+00 -1.808315614563347662e+00
-9.684482791154955805e+00 3.041651634021908635e+00 -1.733341465137443693e+00
-1.011573484665388456e+01 2.950817191012342633e+00 -1.975030942837188830e+00
-1.020455665366418607e+01 3.481308670569632113e+00 -1.530631405565753722e+00
-1.037242113221868678e+01 2.782691142729581735e+00 -1.391397916000477020e+00
-1.016566303257971704e+01 3.729575847723811233e+00 -1.567008519861182281e+00
-1.087439928570617198e+01 3.765284684785660030e+00 -1.352610216281854072e+00
-1.048415689793503169e+01 3.009731423699938180e+00 -1.905283894112930865e+00
-9.976588591936666361e+00 3.261018976646085754e+00 -1.420586399980018122e+00
-9.862342086110880146e+00 3.348206212551727123e+00 -1.893671064300075590e+00
-8.912627197447697824e+00 3.599294872917535582e+00 -1.367498118695940734e+00
-1.061931982971950283e+01 3.104937189081988347e+00 -1.534212475427555011e+00
-1.022957473362249381e+01 3.402301890683552710e+00 -1.755143790685579130e+00
-1.138573494147784793e+01 3.573929449471299424e+00 -1.165030738712748537e+00
-1.005995476632824470e+01 3.428956274186799380e+00 -1.533319334961568803e+00
-1.064821851334536262e+01 3.113075817161686132e+00 -1.478331379979573423e+00
-1.012192998842030534e+01 2.756358464153537469e+00 -1.671550671765937635e+00
-1.055095558968715963e+01 3.002495800082972011e+00 -1.519883220739178142e+00
-1.049916886581435804e+01 3.320488659814598620e+00 -1.342453930165411480e+00
-1.041669456366040336e+01 2.774115824048735135e+00 -1.824798489556561210e+00
-1.068975501945963380e+01 3.465940613147208360e+00 -1.380582497792926855e+00
-1.021485606245870059e+01 3.738546691391117616e+00 -1.332525984535627206e+00
-9.992172426752105707e+00 3.556972117037055181e+00 -1.410730037128370418e+00
-9.938463293776221619e+00 3.376355846249466275e+00 -1.596715026507905755e+00
-1.031152037966177026e+01 3.210376367068953574e+00 -1.889725238978245958e+00
-1.059139635357256637e+01 3.253841139467057886e+00 -1.456458915002887489e+00
-9.899846046136920208e+00 4.076782881945831605e+00 -1.578910080435279362e+00
-1.014641242804251142e+01 3.514969563264294994e+00 -1.645614182860831276e+00
-1.061004337429333866e+01 3.241078625429294924e+00 -1.480943098513105349e+00
-1.015738177796556840e+01 3.779651092707535298e+00 -1.898688304158310247e+00
-1.022621782313430217e+01 2.808462844425699600e+00 -1.601863470470967554e+00
-9.776642562400244429e+00 2.414236126664790927e+00 -2.240211682095867740e+00
-9.511398205956552943e+00 2.748192081349212224e+00 -1.261088514070332067e+00
-1.037754622091046564e+01 3.383588371620641855e+00 -1.720843364859946822e+00
-1.047516842438503204e+01 3.756249965738631236e+00 -6.648648973665323147e-01
-1.051314937592654175e+01 2.660269652890062453e+00 -1.521298495065198653e+00
-1.036493882794753318e+01 3.155414602704017302e+00 -1.440470547780953847e+00
-1.090905951992323430e+01 3.462358928222281307e+00 -1.141416808494825741e+00
-1.033855591566120680e+01 3.462156166150358150e+00 -1.735365351708007209e+00
-9.580059487744279068e+00 3.339586640080265401e+00 -1.351356822758779552e+00
-1.003118283301393454e+01 3.627895892571975534e+00 -1.786796097927900728e+00
-9.315163884855762078e+00 3.440007548306640128e+00 -3.891212906046891407e-01
-9.652502180729573666e+00 3.944267660856155988e+00 -1.953622901296720338e+00
-9.798560948806469995e+00 3.106507055712708798e+00 -1.813635990122971497e+00
-1.067625315655806517e+01 3.046334293559952666e+00 -1.440529696123629355e+00
-9.989477231851989103e+00 2.962257642973935123e+00 -1.411425296603551871e+00
-1.038829428353916384e+01 2.947551032431342755e+00 -1.603044429920026381e+00
-1.025217194710759117e+01 3.782049706857830262e+00 -1.663276123690520691e+00
-1.079809116577182593e+01 3.708870700889002947e+00 -1.286178868307777945e+00
-5.970410701765731432e+01 1.936320337334328201e+01 9.802534769534720915e-02
-1.070763861971589570e+01 3.166636546863913715e+00 -1.365045435107357541e+00
-9.718572573902125811e+00 2.860357875436661423e+00 -1.581230857557695879e+00
-1.010751216810066211e+01 3.250880062112555535e+00 -1.513503472008320916e+00
-1.078824194375123113e+01 3.389187133295925136e+00 -1.424436124610060084e+00
-9.393368859836650486e+00 2.980840529265027072e+00 -1.812089782120718029e+00
-9.533894407513770375e+00 2.714734694027856055e+00 -1.818568716832544840e+00
-1.040368935114085147e+01 3.337848327363243328e+00 -1.494970757843749887e+00
-9.841340162152755866e+00 3.183632392303185288e+00 -1.556028287293859780e+00
-1.056871121762051402e+01 3.183562331988403660e+00 -1.351928578322484364e+00
-1.031140814417956442e+01 3.740858608907823513e+00 -1.526050017453848939e+00
-1.030800116941015254e+01 3.022666992583777024e+00 -1.503514960101137055e+00
-1.044283130746910615e+01 3.604648291569671592e+00 -1.254264284057946321e+00
-9.956083476764430173e+00 3.208202475828623168e+00 -1.692645405609084053e+00
-9.917509240914201385e+00 3.458119672562671720e+00 -1.445220962452954172e+00
-1.118167500208242160e+01 3.604542885368069882e+00 -1.124689023040695623e+00
-9.633416347588759976e+00 4.236973222883580803e+00 -1.688723665218912817e+00
-1.014017353009912981e+01 3.550035352763210472e+00 -1.025301609026676442e+00
-1.021496858451302714e+01 2.711841799121153862e+00 -2.279754789994356212e+00
-1.014332315172412358e+01 3.319409061603062483e+00 -1.595444949903269016e+00
-1.074441676911243349e+01 3.450675553608978152e+00 -1.466685698616725153e+00
-9.810270476249939975e+00 3.456431056882679265e+00 -1.640801507961783035e+00
-1.067702704411574999e+01 2.797077386321999981e+00 -2.396087203054034109e+00
-9.881008108440472171e+00 3.561413720059736665e+00 -1.726239427437154861e+00
-1.017182022744859893e+01 2.867021331780176041e+00 -1.877004545596559382e+00
-9.734592024928749865e+00 4.030513884448329698e+00 -1.049353125253759123e+00
-1.061658427055194842e+01 3.576552975889696562e+00 -1.626296022738992431e+00
-1.061678136206036882e+01 3.696217098272981172e+00 -1.544556217680594035e+00
-1.020319606438378379e+01 3.145179389774137135e+00 -1.630044318728818498e+00
-9.942383297997126945e+00 3.098718680901188183e+00 -1.308540763045291211e+00
-1.032258169899162858e+01 3.274179295947394763e+00 -1.517789404511971529e+00
-1.072298875924929717e+01 3.132966352206186578e+00 -1.666210528893266929e+00
-1.002082062191809086e+01 3.584750832543034615e+00 -1.610289084388033087e+00
-1.084738744382119791e+01 3.593290591061023775e+00 -3.480289249489650349e-01
-9.559193285418697172e+00 3.680415059054269022e+00 -1.560273747562838098e+00
-9.977616640293163641e+00 3.308029871367526908e+00 -1.551318144803457866e+00
-9.281311874582158339e+00 3.062678261143598313e+00 -1.561343309765630183e+00
-1.023487146169633988e+01 3.529035514494131220e+00 -1.404589963949540277e+00
-1.006901368822627774e+01 3.631983448430650352e+00 -2.264939393162334280e+00
-1.000560329163940132e+01 2.737540613816681567e+00 -1.519581351031285443e+00
-1.030201678174211999e+01 3.247117566593712645e+00 -1.887039363473421050e+00
-1.021699546400807357e+01 4.175274962019686953e+00 -1.459516136825144139e+00
-1.092882657154942905e+01 3.510615553286208002e+00 -1.316889429025222880e+00
-1.032504696561273860e+01 3.833360384661229414e+00 -1.493151371755410350e+00
-1.025095083025721010e+01 3.411958651300083023e+00 -1.684973768781403702e+00
-1.039345161067857326e+01 2.652525493630282227e+00 -1.704329598322835038e+00
-9.211619844836025806e+00 3.089383611445794653e+00 -1.209455276184840056e+00
-1.067984363528663927e+01 3.467688034131017893e+00 -1.492455677392446001e+00
-1.063411269278708282e+01 2.841532465100541138e+00 -1.147814115491906817e+00
-1.030220086666195023e+01 3.476183645464276051e+00 -1.841904756355037476e+00
-1.054703073475690545e+01 3.417406588394241052e+00 -1.224938110531544666e+00
-1.010413501655855306e+01 2.872058674912896237e+00 -1.535639999215930418e+00
-1.024087741048959543e+01 2.569829006329500842e+00 -1.620777901911327312e+00
-1.054405318645141243e+01 3.039602767657028082e+00 -1.531980221906892314e+00
-1.002449423856583977e+01 3.048479809589601519e+00 -1.204269003277629979e+00
-1.066699356261006493e+01 3.452270775377132672e+00 -1.508414395017639409e+00
-1.046155424000583523e+01 3.465096486904484685e+00 -1.491434518837912782e+00
-1.096961239844785219e+01 2.947920729053694622e+00 -1.450032533101440535e+00
-1.020325819509482201e+01 3.804253238606825516e+00 -1.608498188486415792e+00
-1.045039792906004905e+01 3.081135153951072514e+00 -1.857148944803636903e+00
-9.939881473611279716e+00 3.465312000702262196e+00 -1.821968472391220173e+00
-1.088128133848523049e+01 3.391662424120029495e+00 -1.662107964299808449e+00
-1.079287131977023861e+01 3.037948271444752990e+00 -1.766001399260970217e+00
-1.015109859938485215e+01 3.751853225237953282e+00 -1.354500255126555475e+00
-1.077725790992397137e+01 2.850943962330287462e+00 -2.048515053909219397e+00
-1.064798983915280850e+01 3.483832961628389846e+00 -1.691455940240440547e+00
-1.080819894957769556e+01 3.403392843718339389e+00 -1.731989053619892749e+00
-1.067981810491999362e+01 3.262147741574097815e+00 -1.638623757577333473e+00
-1.006422010710175741e+01 3.364225268990872042e+00 -1.592557653750874325e+00
-9.736012439048387535e+00 3.173176681997947668e+00 -1.448570271539936227e+00
-1.019844578089359466e+01 3.718675057650828730e+00 -1.414055825328422111e+00
-9.862944721352901567e+00 3.417131735438976303e+00 -1.658520494676788415e+00
-1.033121149194196065e+01 3.179762218684995201e+00 -1.710642389725749002e+00
-1.063390187127319209e+01 3.460595475538768895e+00 -1.556913742959774138e+00
-1.002710286990617661e+01 2.917798280926988674e+00 -1.333949385651014508e+00
-1.008567812730836089e+01 3.673787511683662022e+00 -1.771774586898850812e+00
-1.024812442820119429e+01 3.919466615868580917e+00 -1.883221540821123696e+00
-1.005131682729353315e+01 3.372433565314283399e+00 -1.619481588539460892e+00
-1.037345786888974786e+01 3.004331146939776875e+00 -1.246356034992586181e+00
-1.036171454729384145e+01 2.676374771908963002e+00 -2.316877864192002701e+00
-1.086769196730018017e+01 2.462689230908231330e+00 -2.113801684854234697e+00
-1.082234614665144257e+01 3.534239421959107563e+00 -1.353588718212652031e+00
-9.771381368671848477e+00 3.346641178564023544e+00 -9.886740033935687011e-01
-1.037205512282171505e+01 3.568009835179037914e+00 -1.693802449999826321e+00
-1.031007201016145558e+01 2.993852126461709506e+00 -1.642319713472413678e+00
-9.765591357914862769e+00 3.539085627124446631e+00 -1.559810832533245151e+00
-1.011132833166138667e+01 3.244330205590716165e+00 -1.462420862327500126e+00
-1.036773724649163064e+01 3.286794689135271952e+00 -1.369094307661258947e+00
-9.665972381161678229e+00 3.576134787036967300e+00 -1.411689486786499526e+00
-1.032939256775660652e+01 3.790169503020932584e+00 -1.394046103767324851e+00
-9.945780511665663681e+00 3.446885439482923807e+00 -1.919978663691280785e+00
-1.048541808408038811e+01 3.194157505283761633e+00 -1.459477528802772595e+00
-1.066206417292044151e+01 3.171340211820564026e+00 -1.541594956042345865e+00
-9.938844439377525930e+00 3.243427084693996321e+00 -1.658514113881447871e+00
-9.892172158883111521e+00 3.426018699537191736e+00 -1.692749294499749535e+00
-1.006249022449383368e+01 3.450954293867175782e+00 -1.541797859827591433e+00
-9.725795938701205401e+00 3.129590655313792436e+00 -1.573563209465894674e+00
-9.843874548599433894e+00 2.385370702895385886e+00 -1.546915607768366119e+00
-1.034770329264954825e+01 3.669573280867275411e+00 -1.578919598152869197e+00
-1.057796176105856745e+01 3.140274143357676184e+00 -1.565371154033488921e+00
-1.057084413544829005e+01 3.527070741067918291e+00 -1.814718982331734010e+00
-1.001615534692327003e+01 3.584087975238177570e+00 -1.492841598545247228e+00
-9.979262180607427979e+00 2.969660771631393636e+00 -1.515032812917269434e+00
-1.115523003822561776e+01 3.581647455840658356e+00 -1.909161753129169137e+00
-1.066789793699014943e+01 3.660447697273373269e+00 -1.416122453887210586e+00
-9.868892243730973846e+00 3.105483822926006887e+00 -1.444983359168386272e+00
-9.839054563650071472e+00 3.034958048411295461e+00 -1.653607612882153077e+00
-1.004990397825401161e+01 3.513108095275768950e+00 -1.675476978262901762e+00
-1.022276005343809224e+01 3.564122449201516662e+00 -1.637843266356497907e+00
-1.043702130972039477e+01 3.797736428009049092e+00 -1.718573718283598284e+00
-1.069762232785946132e+01 4.764053296041426577e+00 -1.100074482020703126e+00
-1.021311056506196913e+01 3.381152986731384757e+00 -1.424612517564884717e+00
-1.049474742707520569e+01 3.000856128870503792e+00 -1.434430006925067280e+00
-1.042669161813623013e+01 3.692828000995465043e+00 -1.630751669159259398e+00
-1.027373691833371083e+01 3.208334914149490569e+00 -1.703204734218187077e+00
-1.056638179879875494e+01 3.230000800395418814e+00 -1.793302853485904347e+00
-1.040263518505317286e+01 2.871926147771264315e+00 -1.314058232535877169e+00
-1.020515880417659815e+01 3.016596901992472990e+00 -1.741736746898762567e+00
-1.034610559578117517e+01 3.020513845819322807e+00 -1.671692549242568271e+00
-9.404346662515878918e+00 3.250539348502567094e+00 -1.601421481989691697e+00
-1.089930225800296348e+01 3.157686148650901803e+00 -1.618915496026804401e+00
-1.079272171138489611e+01 3.297375092881182024e+00 -1.520113980514260499e+00
-9.642121748376927926e+00 3.324966928377120379e+00 -1.577775607861239937e+00
-1.026754856995658827e+01 3.661757201459195255e+00 -1.563949545900581883e+00
-1.080221992229395234e+01 3.453760963901803205e+00 -1.494838946654523548e+00
8.106376468013861825e+01 -3.203482149607819451e+01 8.908644216163974505e-02
-1.006663714032939616e+01 2.913023627080755240e+00 -1.505490926892915748e+00
-1.062194963186461649e+01 3.417139447611699854e+00 -1.618388497292949202e+00
-9.948871531893813014e+00 3.110154850304283070e+00 -1.820224884816123989e+00
-1.071011702858898396e+01 3.075797264168693701e+00 -1.387620195894910147e+00
-1.024947489347565188e+01 3.810313858766182893e+00 -1.310663683977850935e+00
-1.052873383264306639e+01 3.595748036788247948e+00 -1.670884804803761448e+00
-1.006300302918362632e+01 2.965153502281812070e+00 -1.404078662809914002e+00
-1.003830991864090905e+01 3.415694024216147096e+00 -1.614354485879501366e+00
-1.101891602450842633e+01 2.911563261236035594e+00 -1.542132897736340436e+00
-9.462113571659079625e+00 3.720913518177269008e+00 -4.567851434216701478e-01
-1.046022064670311025e+01 3.058816920340259760e+00 -2.973522599200162819e+00
-1.067725410835872779e+01 3.430730767898424016e+00 -3.201651637036909026e+00
-9.961747569584931128e+00 3.068771543914306843e+00 -6.928788828822929347e-01
-1.043589097421994794e+01 3.272542425899257257e+00 -1.430255537022905310e+00
-1.039202168750802180e+01 2.757528072616888704e+00 -1.701459131384572165e+00
-1.037306328512899256e+01 3.318224795366395252e+00 -1.719228618442160794e+00
-1.016570095618333447e+01 3.490652382874398718e+00 -1.598281458756770190e+00
-1.024939225280857791e+01 3.702424933366283089e+00 -1.631385191366897969e+00
-1.115384144619399187e+01 3.500170395936814227e+00 -1.252999001409676794e+00
-9.898794361224098282e+00 3.487809817782785426e+00 -1.505441327915138183e+00
-9.928804162328203731e+00 3.220681759788006193e+00 -1.821807134660498040e+00
-9.383382461344098147e+00 3.677296543171563847e+00 -1.038364196133604533e+00
-1.040981169259196015e+01 3.525060245356973709e+00 -1.840620824693353974e+00
-1.043635071534739467e+01 3.724436413183569439e+00 -3.897564014132332000e-02
-9.866179243966232804e+00 2.416102422221948487e+00 -1.049660588630327407e+00
-9.591286435232252217e+00 3.777236457780040357e+00 -1.689170903168224269e+00
-1.041797357907461041e+01 2.614920599705246040e+00 -2.129993027892859825e+00
-1.008933819405523913e+01 3.652828492602024912e+00 -1.519555006943447140e+00
-1.018954921926617807e+01 3.784732108904945935e+00 -1.382412191064994689e+00
-9.576793192913571673e+00 3.149354325196919380e+00 -1.451685340378540134e+00
-9.950630133098753660e+00 3.599494362356324917e+00 -1.330635292607800890e+00
-1.023916090552942393e+01 3.096059606263827479e+00 -1.170640992425914684e+00
-1.006580282834473117e+01 2.915002139593713348e+00 -1.509047083179857474e+00
-1.093893214025933247e+01 2.464802887091160244e+00 -1.408517640144216321e+00
-9.631339841305244676e+00 3.265601382174188494e+00 -1.700563676116982004e+00
-1.086812040172442373e+01 3.474017293745179202e+00 -1.388733596069021026e+00
-1.015471864004347147e+01 3.262639800582694427e+00 -1.516183753174486615e+00
-1.030658351028544395e+01 2.946691715952688639e+00 -1.591567108215950821e+00
-1.055673463873085183e+01 3.285071610489265215e+00 -1.675560510967680772e+00
-1.010953250332560316e+01 3.298039503317896415e+00 -1.301314715773401298e+00
-9.893256600621720409e+00 3.099529979212271691e+00 -6.694317888407089745e-01
-9.965630634007441202e+00 2.435321675182364309e+00 -1.913928888913461357e+00
-1.029079187073556234e+01 2.831725594492143117e+00 -1.414015048360604210e+00
-1.004514773239332115e+01 3.406615390124137388e+00 -1.756632442077204592e+00
-1.046888717174077854e+01 3.148046747135139434e+00 -1.319361439025659832e+00
-9.865108800441376502e+00 2.958535717500889728e+00 -1.855388795854479689e+00
-9.982275036509092203e+00 2.730269479547974942e+00 -1.318463526416910225e+00
-1.055401674224824049e+01 3.133766176549681592e+00 -1.713605835132776312e+00
-1.096156640619711631e+01 3.605219241234689953e+00 -1.354469387145871506e+00
-1.094624359709722583e+01 3.119381043216264082e+00 -1.706931341959178949e+00
-1.006509757903365987e+01 3.379667380513176056e+00 -1.620900681345328165e+00
-9.952330862900243602e+00 3.496987816112935743e+00 -1.344465148619116812e+00
-9.919600849231530404e+00 3.373289181342000731e+00 -2.409497251216459635e+00
-1.003607094153741564e+01 3.178421100050794479e+00 -1.410571835478759972e+00
-1.022533245259238477e+01 3.542198490715280812e+00 -1.398070386351306427e+00
-1.026785814442535028e+01 3.317563103738081054e+00 -1.526118040393087849e+00
-1.031236124450087033e+01 3.208932545648560897e+00 -1.693308431642377432e+00
-1.039606725356006578e+01 2.994109389259128839e+00 -1.574926666313836376e+00
-1.001943174638872236e+01 3.080481965917714504e+00 -1.485466294031202006e+00
-9.813991004625757242e+00 3.691895557083954671e+00 -1.857805953591144643e+00
-1.043576451330326371e+01 2.861116976232918496e+00 -7.678754777832158540e-01
-1.036480572537969103e+01 2.751775928389310177e+00 -8.068116569258542148e-01
-1.099918489755872564e+01 2.849401393073001110e+00 -2.120237861576278249e+00
-1.006490198369582778e+01 2.428774942868565212e+00 -1.862904358199769517e+00
-9.791455104230911033e+00 3.136707332580095375e+00 -1.635532850553696127e+00
-9.814384143913610359e+00 3.580640096378606696e+00 -1.650367285761929148e+00
-1.101765938638132525e+01 2.732708784456649109e+00 -1.239786851094385467e+00
-1.005890892840856665e+01 3.130776813530244951e+00 -1.274689214608475840e+00
-9.922481845649121723e+00 3.214235614549289632e+00 -1.687896332718948678e+00
-9.942438708577277851e+00 3.067214674131656604e+00 -1.497337086305941867e+00
-1.108545650850755848e+01 3.019927984026862244e+00 -1.416668064128638882e+00
-9.853617560221294980e+00 2.954200498430287869e+00 -1.350836380275389548e+00
-1.028658361525093490e+01 3.574036585585470327e+00 -1.676883433793569633e+00
-9.925602333181940296e+00 3.209333970231326383e+00 -1.751194500017298594e+00
-9.977678627586458404e+00 2.815427202801408235e+00 -8.398409117473411012e-01
-1.035798253761254273e+01 3.452353553192895053e+00 -1.839354605023378664e+00
-1.048617589584083909e+01 3.682054087467908854e+00 -1.441356340233029831e+00
-1.036367668513111973e+01 2.477748567729892049e+00 -2.863517542100952440e+00
-1.054120459795118236e+01 2.815192325736793677e+00 -1.789611006002431282e+00
-1.011978688738832943e+01 3.017942811935686365e+00 -1.460750832543622924e+00
-9.699360181627991295e+00 3.116614823590585281e+00 -1.650123768178134220e+00
-9.597724079678261688e+00 3.035961656153568722e+00 -1.339215681007645875e+00
-1.077559064112191400e+01 2.845985403073535647e+00 -1.581451573419724532e+00
-9.662534775653893959e+00 3.243053964768834341e+00 -1.577000936540288611e+00
-1.063390018849706742e+01 3.168812969850483885e+00 -1.420989493380934388e+00
-9.947896922032505529e+00 2.906725603670521796e+00 -1.577107736670630089e+00
-1.063649814048288711e+01 3.065317058430869324e+00 -1.462794883243182076e+00
-1.081561561355181489e+01 3.347235548607511380e+00 -1.689554172710928448e+00
-1.073008813019281504e+01 3.215695275797056496e+00 -1.423839606444293304e+00
-1.040553668511907937e+01 3.825503689683316111e+00 -1.619159944665736317e+00
-1.065228338659597540e+01 3.638020116734475451e+00 -1.988572046564839768e+00
-1.066739124842572117e+01 2.424479764507831980e+00 -2.386168103591587819e+00
-1.048994265031231166e+01 3.276652794653825307e+00 -1.747922500563457771e+00
-9.890918523648252858e+00 3.150896496564976612e+00 -1.636634158789405769e+00
-9.924657991501740995e+00 3.323072424966714511e+00 -1.486116280499015563e+00
-1.105610095579481644e+01 3.350858020363068679e+00 -1.295167757818716625e+00
-1.042926782629963967e+01 3.848379035517652813e+00 -1.666722349580434415e+00
-1.022292819855713120e+01 3.414444888867445016e+00 -1.772994781203259596e+00
-9.772882130818087987e+00 3.435056320121204987e+00 -1.617540843124041228e+00
-9.939022076138911643e+00 2.904763111930735331e+00 -1.479724596283646276e+00
-1.024525980489668164e+01 3.411700468182123469e+00 -1.392007286787559250e+00
-9.743370826511631222e+00 3.307164450962857494e+00 -1.609269590395324023e+00
-1.066125855955071700e+01 3.183975311937266461e+00 -1.723437027282793910e+00
-1.067599616513318495e+01 3.633836003307123974e+00 -1.635826331986344195e+00
-1.045610285225498615e+01 2.692216190122123098e+00 -2.131232895536256500e+00
-1.035369535201821378e+01 2.929789058075500385e+00 -1.586202406691335165e+00
-1.008623677184665901e+01 2.997626987849591806e+00 -1.726660457174302277e+00
-1.040992204301182511e+01 3.597325554141870274e+00 -1.621726132914454777e+00
-1.022939115235837981e+01 3.386499466376987399e+00 -1.722120182201283489e+00
-1.076400056356433055e+01 3.403672787902531915e+00 -1.665124613022329836e+00
-1.041994125729838494e+01 2.963287817843472283e+00 -1.085123464612724797e+00
-1.012514859671431999e+01 3.405895723606700898e+00 -1.407197433842082734e+00
-9.895128644230458903e+00 3.652367308901736109e+00 -1.693590125305429961e+00
-9.544001774519122350e+00 3.588949143026900046e+00 -1.804143415929143623e+00
-1.024194370073317195e+01 2.679275870631500300e+00 -1.746003542862809121e+00
-1.023507133107034406e+01 3.725128421377179588e+00 -1.694642946438513764e+00
-1.023485582200413901e+01 3.578544673175918955e+00 -2.114755275927362455e+00
-9.884483223431743681e+00 3.104958549255141698e+00 -1.620917495416511311e+00
-1.032974207528644506e+01 3.740819256353058009e+00 -1.169263916910387557e+00
-9.755056050727235473e+00 3.392127881323643290e+00 -9.027830220146245699e-01
-9.584793966766319784e+00 3.592543163865756117e+00 -1.243142467193825595e+00
-1.009388649460078113e+01 3.726425312955953917e+00 -1.250779498709317927e+00
-1.060151199907122965e+01 2.991996524612463570e+00 -1.376023093128625474e+00
-1.065004162666246224e+01 3.554830369971628379e+00 -1.452473574264268263e+00
8.101441899594115625e+01 -4.336918247356148726e+01 -7.117917041970271974e-01
-1.062645829784126228e+01 3.164424856666944841e+00 -1.491205675401425124e+00
-1.042312279461067170e+01 2.757406648202035626e+00 -1.603205710737268586e+00
-1.060861876500753453e+01 2.981874495093829402e+00 -1.658280845969350992e+00
-9.949882223676123516e+00 3.103239573791062966e+00 -1.812171404881627090e+00
-1.091661031630470369e+01 3.420388573977238611e+00 -1.484592209552284103e+00
-1.028765644875255170e+01 3.768049261098935343e+00 -1.568887523768332182e+00
-1.034619411100599251e+01 2.979371472266000964e+00 -1.719960232349396101e+00
-1.014344336597518925e+01 3.463207865225177429e+00 -1.573546386467346681e+00
-1.027042773517585594e+01 2.976978144490013634e+00 -2.068187256248045447e+00
-1.048571374266453127e+01 3.162131631216264172e+00 -1.191675208332307445e+00
-1.074560239317066035e+01 3.350208966170307168e+00 -1.845303390166426194e+00
-9.827341085447228508e+00 2.678705704949389421e+00 -1.920895176104048474e+00
-1.015804583407156692e+01 2.864178874261208207e+00 -1.716289764697399578e+00
-1.041538944324060978e+01 3.377311959797540286e+00 -1.622406029328901989e+00
-1.021722601871820579e+01 3.305902063182486472e+00 -1.550737134805539208e+00
-1.047819631742611435e+01 2.457404193563359041e+00 -2.279343828492789825e+00
-1.037183924389823453e+01 3.744028968538207991e+00 -1.820691547863209081e+00
-1.036479876668768441e+01 2.983970785119493652e+00 -1.199548393414566982e+00
-1.069383802488647284e+01 3.399253721696178232e+00 -1.535399524598159537e+00
-1.046317164817784473e+01 3.182738681253953317e+00 -1.633688310867085880e+00
-1.038777357338203267e+01 3.682326998154330067e+00 -1.831115176420380575e+00
-1.049687582270006736e+01 2.879990479595654129e+00 -1.670662422723932172e+00
-1.025700333964000954e+01 3.114410686972613806e+00 -1.528456352524417916e+00
-1.019315634940469373e+01 3.268462001740061851e+00 -1.041951466264997350e+00
-1.036271618224465207e+01 3.892785667288746421e+00 -1.537348179153023908e+00
-1.016356159930711378e+01 3.651798915590967809e+00 -1.882639865278981306e+00
-1.026241091237770853e+01 3.115016194844425268e+00 -1.577411314594449943e+00
-1.055851994428154939e+01 3.255251445574167235e+00 -2.146927451953673405e+00
-1.017550192152112665e+01 3.370499471592537155e+00 -1.420191228494990243e+00
-9.934542261920958239e+00 2.907457259986956810e+00 -1.731792676194396474e+00
-1.054945847404822601e+01 3.159785169992372467e+00 -1.646511208707753582e+00
-9.675092481971070413e+00 3.339590575655392524e+00 -1.558663416934885415e+00
-1.027373446168052595e+01 2.995136843679160776e+00 -1.544471253051944437e+00
-9.914122328496960179e+00 3.603895489869186175e+00 -1.033936223318756786e+00
-9.990012631321135927e+00 4.036930999343959492e+00 -1.377343958586110029e+00
-1.013654437059888558e+01 3.053270429095174432e+00 -1.410462932495997412e+00
-1.050078491558072713e+01 2.829242941967526015e+00 -1.460479638268679992e+00
-1.076099465853432591e+01 3.366715262122085939e+00 -1.466475205790557235e+00
-9.866224651866465578e+00 3.135860702174567471e+00 -1.808728350302647891e+00
-1.006183011076222833e+01 3.357480986616975471e+00 -1.586032742909596394e+00
-1.026433635667791755e+01 3.166379874003622419e+00 -1.524245572377038060e+00
-1.009492669411846677e+01 3.690754688058695443e+00 -1.766679386785322325e+00
-1.030544655614995975e+01 2.762078670176069117e+00 -1.751606868612941126e+00
-1.006036510402819495e+01 3.149212509732453480e+00 -2.020829309351263259e+00
-1.065825380223168395e+01 3.253882115362236593e+00 -1.396030483437559644e+00
-1.013383217462062191e+01 3.818648490314060062e+00 -1.472969363653124919e+00
-1.004065217744729388e+01 3.121112136929219627e+00 -1.484979512576827032e+00
-1.013365241123883820e+01 3.774639217906023525e+00 -1.645564658473926523e+00
-9.710852570978875775e+00 2.619978344156643768e+00 -1.305197656529692329e+00
-1.040055561552536822e+01 3.648873234274614408e+00 -1.954386587323654112e+00
-1.085903612872625068e+01 3.339537742313294366e+00 -1.560604301437856334e+00
-1.029373905816317603e+01 3.276779923602384681e+00 -1.675451445101081127e+00
-1.007754150737763155e+01 3.231504312778731958e+00 -1.427814229151264769e+00
-1.052087920602008708e+01 3.088415468285073739e+00 -2.596088641559371357e+00
-1.074692561116290079e+01 3.530932768657493614e+00 -1.672792033806384859e+00
-1.069433730179451736e+01 3.303890459308720828e+00 -1.706897152212567104e+00
-9.800435889470891837e+00 3.229727319565147692e+00 -1.242900222098621277e-01
-1.088398645985154722e+01 3.070520252880026835e+00 -1.637905234888365813e+00
-1.054156379121476839e+01 3.138495914582581481e+00 -1.324643150702103700e+00
-9.813864969157094720e+00 2.580909528477192350e+00 -7.420653528081954109e-01
-1.015454728757164737e+01 3.252073622910527373e+00 -1.605568378865555257e+00
-1.051889975327258142e+01 2.332477382681802602e+00 -1.448388617090391906e+00
-1.037888056012843307e+01 3.170043931194747699e+00 -2.924685161797232258e+00
-1.041560822052560553e+01 2.787471014479489195e+00 -1.835676990856325075e+00
-9.775348460577763632e+00 2.552622489517275106e+00 -2.264186928075052396e+00
-9.778816795033201004e+00 3.086049773435874943e+00 -1.858218623626789912e+00
-1.002975374264714148e+01 2.977889163833988828e+00 -1.554668267041343421e+00
-9.990506503238568925e+00 3.326131074268646959e+00 -1.727894542986408322e+00
-9.532210003167680412e+00 3.943552605068402883e+00 -1.246746086725101454e+00
-1.079113942013578509e+01 3.270047766820650015e+00 -1.230736807029724211e+00
-1.074405702530821216e+01 2.981161444543351191e+00 -1.391901847357084554e+00
-1.043443289763518855e+01 3.498210974855114230e+00 -1.517881337360904581e+00
-9.654631577561390898e+00 3.271780471252948796e+00 -1.898850138025650836e+00
-1.025176500449295247e+01 3.370655389032908289e+00 -1.308306990425925909e+00
-1.045168167020600158e+01 2.799447961447564470e+00 -1.018621932453406709e+00
-1.006789821293251563e+01 3.214091500354665953e+00 -1.229053380282287167e+00
-1.014593352095146983e+01 3.240752106991027226e+00 -1.563923515834132028e+00
-1.018912990013292408e+01 3.356192280012934681e+00 -1.392486369079293018e+00
-1.013466710307748286e+01 3.133681882029559329e+00 -1.747083124566160883e+00
-1.082216644465508359e+01 4.141768815545703752e+00 -1.776993458044471952e+00
-1.002150906000091801e+01 3.262662587518469159e+00 -1.502608287488122141e+00
-1.031739788965965943e+01 3.113835256527291317e+00 -1.508971111501307583e+00
-1.024906403481860551e+01 3.394437421625978502e+00 -1.555358291871900667e+00
-9.629945241700443859e+00 3.728148312809509424e+00 -1.546952968129565953e+00
-9.780837189538358345e+00 3.562843007560846154e+00 -1.721043190006370072e+00
-1.033519205297198695e+01 3.852398090847323431e+00 -1.495892291229462101e+00
-1.073972619230476688e+01 2.902713335357469671e+00 -1.790727978921111907e+00
-1.004653188197259617e+01 3.577987049131712727e+00 -1.451717454104008764e+00
-9.741271691930760923e+00 3.337251317184623645e+00 -1.677468653117445863e+00
-1.016810924506301639e+01 3.038307861670252574e+00 -1.593918308244841597e+00
-9.972709742479567652e+00 3.396718439672647971e+00 -1.246781589047563532e+00
-1.004482394736978179e+01 3.382328628475628651e+00 -1.558500672391999631e+00
-1.066153258926058456e+01 2.461224685707910975e+00 -2.018797181213382252e+00
-1.067933421322394949e+01 3.112305972088769579e+00 -1.426810520193514842e+00
-9.434567786689621371e+00 3.473751338503715314e+00 -1.202849439020156508e+00
-1.060814344042410085e+01 3.237912518038283061e+00 -1.453403633950179907e+00
-1.050568062515489309e+01 3.698196579289350527e+00 -1.685482190987919848e+00
-1.013695059591988468e+01 2.945805222786292976e+00 -1.504041115675533780e+00
-1.029384702634749971e+01 3.881093396352806479e+00 -1.502263400762389844e+00
-1.022662634364460210e+01 3.242827837062937757e+00 -1.872922357268602012e+00
-1.048482432006277421e+01 3.604904743503599907e+00 -1.662007416958998007e+00
-9.871526671673590769e+00 3.688319804879901742e+00 -1.562508948255731278e+00
-1.038295784757411866e+01 3.781209983067862268e+00 -1.530874649742268501e+00
-1.099269599642873807e+01 3.829197378554508369e+00 -1.487659011143441345e+00
-9.808499080785091806e+00 3.089606891795505295e+00 -1.550230652339575022e+00
-1.047626795004159739e+01 2.956700976289179383e+00 -1.858976539021902186e+00
-9.775511901453317165e+00 3.285873414770744017e+00 -1.895196980996790126e+00
-9.777149686347033963e+00 3.312590803140408102e+00 -1.645076779918150267e+00
-1.038331518691209787e+01 2.922119455498093377e+00 -1.521929605032609212e+00
-9.975674083956629801e+00 4.184510636980669496e+00 -1.015756989123515419e+00
-1.031992606117093025e+01 3.172066426011726392e+00 -1.574675379432141309e+00
-1.013294058908292783e+01 2.824047126435138999e+00 -2.268934774704717050e+00
-1.000593244096147849e+01 3.401162634461877499e+00 -1.450132573637067157e+00
-1.014640867839663052e+01 2.772897682344209080e+00 -1.463594531537069754e+00
-9.957276385126698770e+00 3.615730613787284220e+00 -1.760401544910774385e+00
-1.032211392161967289e+01 3.281627832266448053e+00 -1.642708405379201375e+00
-9.545800797512635327e+00 2.521353461350412939e+00 -1.676310504139759905e+00
-1.092918906985091176e+01 3.343936409429444367e+00 -2.019871533254710361e+00
-1.141267225498418725e+01 3.954477249309674480e+00 -1.694627770823534219e+00
-1.135993101030494934e+01 3.352401228067872552e+00 -1.491274686669578520e+00
-1.013007727910755840e+01 3.531405693702323045e+00 -1.407482419327778622e+00
-1.043082308430125238e+01 3.252024614310538464e+00 -1.430196785797621217e+00
-1.012502096532341689e+01 3.523353257039179454e+00 -1.551738595725125958e+00
-1.083568287209137715e+01 2.996045373190343586e+00 -2.560124837476555726e+00
-4.125570169922908548e+01 -9.145455770796104389e+01 -6.600355811607616641e-01
-1.020445208200745668e+01 3.477832165954584553e+00 -6.183790172731609136e-01
-9.967196919283690448e+00 3.759034039270594540e+00 -1.829017890216974696e+00
-1.068330797180925273e+01 2.957903193220059013e+00 -1.390190071180128495e+00
-1.025575787327111321e+01 3.277350221963563293e+00 -1.497306939792397040e+00
-1.013516858490905825e+01 3.740645664304954376e+00 -1.349223576648303391e+00
-1.069260886308088843e+01 3.554253261059220570e+00 -1.109325522848702228e+00
-1.032748743617233167e+01 3.414666081437134793e+00 -1.492766677452992408e+00
-1.047023923686790248e+01 3.102730380687223732e+00 -1.500162972637470782e+00
-1.031689260111612860e+01 2.741399054361084886e+00 -1.472652804253427261e+00
-1.045537220800984102e+01 3.411438037305735804e+00 -1.901991151180732365e+00
-1.023336409720724305e+01 3.252199692739926817e+00 -1.455034919489028633e+00
-1.003202714349816738e+01 3.159244857054849032e+00 -1.563465666286802724e+00
-9.936090224843043828e+00 3.507590691343332345e+00 -1.414585314744957634e+00
-9.928568461300347536e+00 3.127145286341078023e+00 -1.403895801273095545e+00
-1.053922383353429915e+01 3.735761317880718302e+00 -1.729628068345173020e+00
-9.787525441950359451e+00 3.329309827938771171e+00 -1.458023237065337874e+00
-9.978147701116693469e+00 3.544205468998353314e+00 -1.678835897970660351e+00
-1.052828371845209254e+01 3.077239349465599627e+00 -1.560534050920981741e+00
-1.020634040767194683e+01 2.434756912424476560e+00 -1.716601602331187193e+00
-1.012385517189995099e+01 3.094632130319333374e+00 -1.703271322139853217e+00
-1.070457968763292556e+01 3.491879609459573430e+00 -1.758977788121624641e+00
-9.671301888492331855e+00 3.989640513379098419e+00 -1.578912722162325366e+00
-1.053728989729227195e+01 3.392909247183783616e+00 -1.419112387438380640e+00
-9.722880812929039607e+00 3.576623702132633920e+00 -1.552284960535131431e+00
-9.766146441957308966e+00 2.545731588024759517e+00 -1.451743748402095191e+00
-9.814652988278417922e+00 3.033529069303277925e+00 -1.932919736212927786e+00
-9.496033214951893342e+00 2.950250754364699635e+00 -1.071706514245586606e+00
-1.039666266701342501e+01 3.926965015829620764e+00 -1.585006311320313888e+00
-1.041877732164880044e+01 2.976015426807346209e+00 -1.385587525491684513e+00
-1.053157831864548655e+01 3.491814779305637551e+00 -1.418164636727599071e+00
-9.937843134929737587e+00 3.528433147642985990e+00 -1.628444177613453059e+00
-1.043406466606850636e+01 3.467561634120636338e+00 -1.678626563938363958e+00
-1.010008881510551326e+01 3.350981117967138712e+00 -1.691242420133235225e+00
-1.057131728444282537e+01 3.674820088091837800e+00 -1.723574211228733555e+00
-1.032203540235028782e+01 3.971422723366398788e+00 -1.055677371181687585e+00
-1.076115125618276203e+01 3.006096867937882333e+00 -1.669772562200004806e+00
-9.710072199688013939e+00 3.116074160475149846e+00 -1.668705214994650632e+00
-1.041123306294578121e+01 3.910009894770383632e+00 -1.516074486205378102e+00
-9.645622855863065226e+00 3.112879388499060873e+00 -1.761502708303796405e+00
-1.018397001631819698e+01 3.470694594432132352e+00 -1.710416540527983420e+00
-1.104111187596673993e+01 2.997187734206332443e+00 -2.042568453605090095e+00
-1.009408462325835387e+01 2.637990520750867152e+00 -2.018932365680717211e+00
-1.047311562220450654e+01 3.206865445702798301e+00 -1.552912169101077655e+00
-1.035302741008325711e+01 3.495308184133117280e+00 -1.673509996131190558e+00
-9.872513458798222175e+00 3.394177607353649595e+00 -1.620919922880701192e+00
-1.015675311932051095e+01 3.420202986510709309e+00 -1.534797563851498126e+00
-1.036947623417377429e+01 3.849483738860821624e+00 -1.624875935068699873e+00
-1.057333115028353276e+01 3.886688968359580443e+00 -1.822778875684934574e+00
-1.044194068712681478e+01 3.875009746709728198e+00 -1.616599358736227066e+00
-9.836143072712461688e+00 3.311520955956871237e+00 -2.130877377460687505e+00
-1.020980553863936535e+01 3.310579207727978535e+00 -1.706130980646252127e+00
-9.423706531161551325e+00 3.088773926287685878e+00 -1.277132721325572318e+00
-1.003459936037517863e+01 3.386265700676429624e+00 -1.923922228396228729e+00
-1.043383900882222726e+01 4.178940366770217629e+00 -1.139039913055004627e+00
-1.021420290776737261e+01 3.087727757007046492e+00 -1.411737445227069676e+00
-1.041433974338544388e+01 2.945156669639303892e+00 -2.768832635130862307e+00
-9.376943304350076502e+00 3.067570723999978988e+00 -1.448103521511515002e+00
-1.009476881507571555e+01 3.259476080928692454e+00 -1.587029524314103268e+00
-1.000503380220184724e+01 3.501293825975463569e+00 -1.390063219040157172e+00
-1.021346024359615789e+01 3.228905243750686438e+00 -1.544405483486279040e+00
-1.005237359008564191e+01 3.103299932134551575e+00 -1.415995372786746032e+00
-1.087212344612517434e+01 3.180917211557723778e+00 -1.433364779151056423e+00
-1.027861296652814538e+01 3.845268782067598146e+00 -1.415697376324825951e+00
-1.029012569321959703e+01 3.957798657366492723e+00 -1.649429642545892083e+00
-1.014475534215031693e+01 4.195014196600395984e+00 -1.638048781606711080e+00
-1.001402032012853027e+01 3.240631214335536470e+00 -1.467955305068247673e+00
-1.037576718451618163e+01 2.903905279731671119e+00 -1.716006841711741115e+00
-9.745804399688836384e+00 3.406030133158645334e+00 -1.598186931462775684e+00
-1.056631025092293541e+01 3.753810689082310859e+00 -1.304651946900732939e+00
-1.023102495141776558e+01 3.160922723042313809e+00 -1.512736627673935574e+00
-9.784765669233303598e+00 3.629461280613536012e+00 -1.232228636441996983e+00
-9.821694718962426407e+00 3.436232034679068015e+00 -1.519064527007275345e+00
-9.312239170475194783e+00 3.011122614001235931e+00 -1.821968167633463143e+00
-1.011690388535364171e+01 3.804613906843650639e+00 -1.678518218273195473e+00
-1.081464869747054713e+01 3.961857640598898556e+00 -1.815658915185980771e+00
-1.035418004544848714e+01 2.956244349359186785e+00 -1.518471859611371544e+00
-1.045041226181071181e+01 2.954264266576893228e+00 -1.495099169715796705e+00
-1.078988889583417787e+01 3.225584841063094288e+00 -1.713948428537718449e+00
-9.926776689413284060e+00 3.149264417524678894e+00 -1.691197176926385159e+00
-1.049864237338255712e+01 3.588311967664026714e+00 -1.569127038560344634e+00
-1.041400501696486991e+01 3.058635965782591448e+00 -1.284117575526569910e+00
-1.094867099287199252e+01 3.377958788774022114e+00 -1.705279480186331797e+00
-9.021641397119209316e+00 3.484368042720566550e+00 -1.431744143668373992e+00
-1.015370309150889128e+01 2.800380572789513245e+00 -1.550372848648793322e+00
-1.068175908864643020e+01 3.613816551657089704e+00 -2.836182590558365302e+00
-1.042187874532450387e+01 3.502416186206087190e+00 -1.933333243493773335e+00
-1.004173708393762254e+01 3.460902920580104514e+00 -1.470073876524030432e+00
-9.891754127107617478e+00 3.722229804293011757e+00 -1.468466729160065709e+00
-9.937221118398998243e+00 3.359732372729022920e+00 -1.676758268282442454e+00
-1.020423824630292131e+01 3.203957992757645368e+00 -1.518044102277187557e+00
-1.068065631123052128e+01 3.178513710902221678e+00 -2.105091155186250784e+00
-1.015269687972637236e+01 3.399932378510202469e+00 -1.588880856654756979e+00
-1.063506754247335095e+01 3.111785784365121543e+00 -1.590596685077917183e+00
-1.095409372679541882e+01 3.494916189602107259e+00 -1.516804526018409538e+00
-1.012007733211981808e+01 3.217057179693169289e+00 -1.483402630561452051e+00
-9.750682867134559118e+00 2.454134404684869430e+00 -1.240814399691257064e+00
-9.810365926100583778e+00 3.023909160345322533e+00 -1.680348897987342216e+00
-9.992899536849773057e+00 3.476298709395797992e+00 -1.790817496636779138e+00
-1.039168679006429308e+01 3.308237057046820695e+00 -1.499804925763964736e+00
-1.013169461111294822e+01 3.284365232478577479e+00 -1.596724016990204165e+00
-1.018394003869971698e+01 3.375284364504310020e+00 -1.495674296484371224e+00
-1.068212877652350912e+01 3.686954795414354003e+00 -1.623576551902837117e+00
-1.026554883693998477e+01 3.759353511370076895e+00 -1.437022714474908591e+00
-1.000319200397243158e+01 3.686120699344095364e+00 -1.696029982026282523e+00
-9.578334222373944939e+00 3.095780046557721654e+00 -1.914083631364814631e+00
-9.560162110940567004e+00 3.475049608106560495e+00 -1.774051084599658878e+00
-9.900580994487505393e+00 2.811301744080271003e+00 -1.529803114003628783e+00
-1.021616883739344139e+01 2.719557689276542067e+00 -9.536226294842939932e-01
-9.927901626178202932e+00 3.096783635724229100e+00 -1.540579584321183360e+00
-9.877151394518920213e+00 3.891899822079358806e+00 -1.590318932983620259e+00
-1.049162619752195091e+01 3.747494055268139945e+00 -1.534238379856354362e+00
-1.054059472347151782e+01 2.868234263555526020e+00 -1.479870687976213572e+00
-1.006859810119841292e+01 3.834169484821061236e+00 -1.793604186308571213e+00
-1.023168625202622906e+01 3.009546149868261189e+00 -1.583706199877090048e+00
-1.000849185063910873e+01 2.573653196150388123e+00 -1.795204512217498438e+00
-1.081996991221432580e+01 3.196139396627127649e+00 -1.603984345832886405e+00
-1.018358771888166103e+01 3.665359130229819407e+00 -1.600100888697930879e+00
-1.035126796382379410e+01 3.665522994294254655e+00 -1.548628018448756860e+00
-1.008084319765270287e+01 2.946182310630306667e+00 -1.586256157437853087e+00
-1.031705840007121289e+01 3.054052321561732786e+00 -1.547838491368500380e+00
-1.070208599218899437e+01 3.469982528038940028e+00 -1.476999002956516760e+00
-1.069022063788844257e+01 3.095325741167620492e+00 -1.947102235399180925e+00
-9.906489737707349974e+00 3.037035280717789831e+00 -1.564848254638931069e+00
-1.104186649536332610e+01 3.852381703677166147e+00 -1.834345144228884728e+00
-1.579276655266301255e+01 -1.037812759889284564e+02 -7.523885692792182667e-01
-1.017190052004077572e+01 2.754350873256579568e+00 -2.758101710003303619e+00
-1.040012568909534707e+01 3.758239648209102945e+00 -1.136921316364819967e+00
-9.543226885090108524e+00 3.221437303189832679e+00 -1.392791165643942009e+00
-1.002921724551845095e+01 3.457157437020430546e+00 -1.452728927649386437e+00
-1.071791758710150333e+01 3.075772333502799771e+00 -1.366030650280215086e+00
-9.771967283916763947e+00 3.889681129592589937e+00 -6.121966406536826222e-01
-1.040456084161319517e+01 3.715755485419940829e+00 -1.655951634486049207e+00
-1.019965278126928787e+01 3.000629933230925417e+00 -1.583942547447754867e+00
-1.017857001672864747e+01 3.163844673540836538e+00 -1.440754462309939532e+00
-1.040094577348839877e+01 3.442141612689253893e+00 -1.580145533341038577e+00
-1.037823567155048110e+01 3.452426081927155721e+00 -1.605421554145372687e+00
-1.010894064643978929e+01 3.617923116682415952e+00 -1.487443678131931124e+00
-1.019170102317025339e+01 3.671026554403919562e+00 -1.835555797381125620e+00
-1.033508510661155810e+01 3.186488808164268161e+00 -1.070220223001531412e+00
-9.944891518996982427e+00 3.662046100784692282e+00 -1.481413014779343618e+00
-1.002847440561315118e+01 2.631418696450936512e+00 -1.766499201670621577e+00
-1.045421229204840508e+01 3.383877073625400911e+00 -2.264597418948219421e+00
-1.068946585273213223e+01 3.421244567341625853e+00 -1.456968725720068525e+00
-1.002576348291596986e+01 3.403207106424908535e+00 -1.628930962330534360e+00
-1.055733980577540976e+01 3.243122992123741444e+00 -1.290552395190728063e+00
-1.080092638588406118e+01 3.653289025453598349e+00 -1.630309333261715343e+00
-9.861375713949676935e+00 3.242623562543523796e+00 -1.524935729860225742e+00
-1.063453614688452475e+01 3.600215048453152988e+00 -1.323760914692502899e+00
-1.020791406684325864e+01 3.605630924848372665e+00 -1.337908426994637079e+00
-1.053967579788265141e+01 2.220194506166742521e+00 -1.709432866785188354e+00
-1.018224968458853930e+01 3.498861982390329306e+00 -1.566170467638274610e+00
-9.794422173723511094e+00 3.386964928864774294e+00 -1.617366058228960402e+00
-1.031788242828381641e+01 3.156808251767589724e+00 -1.329585638761403121e+00
-1.019956381909180720e+01 2.817197078905186558e+00 -1.573998244170079719e+00
-9.695887541107779839e+00 3.285937880268161582e+00 -2.182629130578144228e+00
-1.101864268688068904e+01 3.418954045178320023e+00 -9.870152224392172435e-01
-1.044779990781425383e+01 4.024772986951949960e+00 -1.562828589191428641e+00
-1.012809849931236705e+01 3.664184169619243203e+00 -1.558732284276465929e+00
-1.011407573704631879e+01 3.563494422624903457e+00 -7.163593329757613759e-01
-1.058407902480714746e+01 3.540892144296794442e+00 -1.626353307185365527e+00
-1.012481748644708368e+01 2.819846472983634111e+00 -1.449881078071928897e+00
-9.882297509256574131e+00 2.750470529904077921e+00 -1.630290744201221331e+00
-1.011742963765994752e+01 3.691007684088630114e+00 -1.554605636126142221e+00
-1.033350249482841399e+01 2.877583723309188546e+00 -1.521669959994047527e+00
-1.053515184028274376e+01 3.159682872861834024e+00 -1.468459385885471091e+00
-9.948924463755583147e+00 3.135707822967888969e+00 -1.331229679477224259e+00
-1.009125720811193005e+01 2.901969547782969006e+00 -1.899215158624456778e+00
-1.021779133959687691e+01 2.884588634624860592e+00 -1.552703922142712356e+00
-1.013036423206020054e+01 3.359625108490374323e+00 -1.287356779485306690e+00
-1.010641136932689932e+01 3.272363072565271036e+00 -1.412514745565119467e+00
-1.057418057914601661e+01 3.151242848016488463e+00 -1.443706099038282620e+00
-1.029474941224221851e+01 3.464078603561512093e+00 -1.799885340519640442e+00
-1.004174533273845071e+01 3.515450852079087252e+00 -1.531052668487213442e+00
-9.985914009824638171e+00 2.777480967543596968e+00 -1.455699985774765892e+00
-1.028984176112662574e+01 3.050152515700300881e+00 -1.728076485162315823e+00
-9.902400401521399331e+00 3.437970380859826758e+00 -1.635815804616003621e+00
-9.728462838762219178e+00 3.641933648423596459e+00 -4.022442521612550892e-01
-1.066373973958138421e+01 3.789016364418068772e+00 -1.635675705418341508e+00
-1.077799898010111512e+01 4.309056464647912144e+00 -9.586551263701849068e-01
-1.069542111522923378e+01 3.102287292242441374e+00 -1.218380081460370468e+00
-1.000354427547853042e+01 3.432663612908402939e+00 -1.240808927758072944e+00
-1.048564653063372276e+01 3.674819783572875753e+00 -1.385760889677821961e+00
-1.019994479569961676e+01 3.131344948961948482e+00 -1.579311074757847599e+00
-1.127684205671302564e+01 3.367314865730589357e+00 -2.180144281026867414e+00
-1.046822683714981217e+01 3.217884245757900441e+00 -1.744600703488083937e+00
-1.030389875870111815e+01 3.575134429691015470e+00 -5.155414391570775079e-01
-1.069041162158615066e+01 2.775697485855386226e+00 -1.730986763430361508e+00
-1.025840237884830231e+01 2.924185197195248165e+00 -1.715927086797966572e+00
-1.084076148133460826e+01 2.987540130412126516e+00 -1.805543815774646177e+00
-9.716728113179481596e+00 3.119625787409218809e+00 -1.583317166191296810e+00
-9.559004339646831383e+00 3.626592513754728575e+00 -1.748693793967090793e+00
-1.034251973841628036e+01 3.437861960724351906e+00 -1.378113671821551423e+00
-1.059755766046462355e+01 3.653409196933975700e+00 -1.502002813239943224e+00
-1.070103433183286690e+01 3.818148090397314398e+00 -2.034523405877548985e+00
-1.115407755751552976e+01 4.059142183913808211e+00 -1.933755647315851922e+00
-9.606832232716806530e+00 3.353203641565635884e+00 -1.700832847807175918e+00
-1.009252982904738616e+01 4.275621683553009866e+00 -1.818765356318681192e+00
-1.046296917991538677e+01 3.521173726738218601e+00 -1.458116410588634171e+00
-1.081820823872231507e+01 3.201054257131447756e+00 -1.568865913139298129e+00
-1.024347301944822952e+01 2.949244684422735130e+00 -1.634635621656884030e+00
-1.025374457262076255e+01 3.793967714209605102e+00 -1.675400737065283696e+00
-1.031228341976009233e+01 3.307815388613999819e+00 -1.503020017872187974e+00
-9.968514136022221805e+00 3.456461295916077869e+00 -1.644554309761664834e+00
-1.067874619113870516e+01 3.643184471512278311e+00 -1.782094226226680123e+00
-9.201054504838470649e+00 3.282017076552114609e+00 -1.453092804647420522e+00
-1.027935462505995190e+01 3.077661161732052175e+00 -1.380460563329860335e+00
-1.044873806294768848e+01 3.683720720795649051e+00 -1.616164696105512943e+00
-9.917769005555456374e+00 3.279453120737239491e+00 -1.550544543128787200e+00
-9.272726741255471694e+00 3.428593530101227138e+00 -1.519112742789070714e+00
-1.003695274809180837e+01 3.688743924324155543e+00 -1.692884051504895515e+00
-1.042505228047482468e+01 3.135794938563232215e+00 -1.424926855623860344e+00
-9.995714462211829243e+00 3.546582243354836184e+00 -1.903154521507039787e+00
-1.069431940675636383e+01 3.404765653620581034e+00 -1.582081456020261179e+00
-1.005831186740837246e+01 3.285241679391196268e+00 -1.643981864658488945e+00
-1.062308209377460955e+01 3.820160933962639227e+00 -1.450908034804035740e+00
-9.615098237631512390e+00 3.726254816059406227e+00 -1.635915246566208792e+00
-1.068713851569268591e+01 3.016907422771571756e+00 -1.558263575727923289e+00
-1.047889506626655631e+01 3.759379694305352793e+00 -1.639179967593794585e+00
-1.043497605236361458e+01 2.993881816892240089e+00 -1.194074392316811117e+00
-1.050504518637398199e+01 3.258121632508597099e+00 -1.481302684009375037e+00
-9.975926211600588900e+00 3.701783746375405748e+00 -1.569993769303638542e+00
-9.872583863295981033e+00 2.965124639285211305e+00 -1.683634139568075394e+00
-1.047686512165139128e+01 3.065379944255833156e+00 -1.627391449766123710e+00
-9.964858544622929415e+00 3.529046807448160905e+00 -1.722273865054729569e+00
-1.044616969519637273e+01 2.942374100609224996e+00 -1.553917218221213536e+00
-9.930710446944610581e+00 3.389422268359857160e+00 -1.407707863144609606e+00
-1.062301363228776907e+01 3.094506991479542002e+00 -1.466471947763379635e+00
-9.850020377802037430e+00 3.988549324418605657e+00 -1.580353348795232815e+00
-1.001564731067520064e+01 4.012157756961573618e+00 -2.037679946755820648e+00
-1.059991815839628870e+01 3.038770279781571215e+00 -1.501622038441462248e+00
-1.010497984043701614e+01 3.483554209928403811e+00 -1.570243454996262056e+00
-1.003720418550455662e+01 3.329823424973163970e+00 -1.512787086693815120e+00
-1.008809341622817790e+01 3.558025306652458752e+00 -1.526368750521226447e+00
-1.003184089637951182e+01 3.200577371621051714e+00 -1.919761931803431576e+00
-1.042867609621136538e+01 3.387432469311084660e+00 -1.599470730514943373e+00
-1.062187520614217995e+01 3.577101407395275157e+00 -1.632971081705346217e+00
-1.038087008524342103e+01 2.938463636883449581e+00 -1.401421929939058675e+00
-1.070591757599011906e+01 3.108678145597932652e+00 -1.342664474860373325e+00
-1.126314392676833265e+01 3.716000156725750792e+00 -8.969913296733833530e-01
-1.009677659463247856e+01 3.768401849989944985e+00 -1.628973047036540889e+00
-9.493405239394101969e+00 3.708754936971460747e+00 -7.543034887579465053e-01
-1.055753016508703901e+01 3.300496482119354091e+00 -1.552795550121922163e+00
-1.062883590728488414e+01 3.054918149045799503e+00 -1.711136192452656468e+00
-9.929846988283024700e+00 3.737172953151983723e+00 -1.525759084307102054e+00
-9.979164259741795107e+00 3.018068370003688994e+00 -2.981330442806245262e+00
-1.091368015649722700e+01 2.940908615631923073e+00 -1.654205940437170730e+00
-1.061407153531390612e+01 3.768264540720275502e+00 -1.893129203759055912e+00
-1.029771802916754098e+01 3.746196534684409496e+00 -1.418908425270041462e+00
-1.049145728824002788e+01 3.212341966266173188e+00 -1.440031096961781554e+00
-5.732355220428289932e+00 1.247173974363559665e+02 -4.083708600627724561e-01
