-4.836336689775303732e+00 1.065008473058707938e+00 -1.184682224097644010e+00
-4.903206300966198583e+00 1.509506622937191622e+00 -1.518373225413454097e+00
-5.217533652096192576e+00 1.892244169029777823e-01 -1.872803193169751079e+00
-4.562924673449850310e+00 9.941702070789971701e-01 -1.216353779344913955e+00
-4.055928067130989412e+00 1.144579793973490300e+00 -1.053746145391338818e+00
-4.165475788029828763e+00 1.145949520397306243e+00 -1.369584423546442054e+00
-5.091210449486200496e+00 1.394295900729567883e+00 -1.229919673913927758e+00
-4.478590370203122895e+00 1.494796231966358802e+00 -1.162020899511791772e+00
-4.832257699314989274e+00 8.979456152855943563e-01 -9.976198651778059867e-01
-4.470156517179721511e+00 1.241183541846947236e+00 -1.389382434684936163e+00
-5.158279980292251210e+00 1.205788256995538710e+00 -1.127421697689123592e+00
-3.696785366603218215e+00 1.523037923056002940e+00 -1.783499903956221377e+00
-4.244191187667785137e+00 1.184992310621144629e+00 -1.370232345077162739e+00
-4.419966997309811241e+00 8.274672393025425121e-01 -1.098666917524654840e+00
-4.847588630033426327e+00 1.380230446004626410e+00 -1.461400496367008639e+00
-4.375741674235526624e+00 1.601025960660859004e+00 -1.136867173081557159e+00
-4.054742742823588486e+00 1.721767516453981184e+00 -2.127758858597629033e+00
-5.205802934279817329e+00 7.409099582789481220e-01 -1.188051742758875040e+00
-4.627832249637705786e+00 9.284618293014503809e-01 -1.273493671420967699e+00
-4.787366978475557922e+00 7.568723876149615615e-01 -1.239092002244175594e+00
-5.114054448610491299e+00 1.389406704366510592e+00 -1.257472783303347885e+00
-5.137629177547395010e+00 7.653606904283327683e-01 -2.124846168734737528e+00
-4.423235228470156599e+00 1.241087198254672730e+00 -1.431649635970714263e+00
-4.480566992614751776e+00 1.367531141378514947e+00 -1.249916679210784087e+00
-4.209544103219664102e+00 8.588495696931345291e-01 -1.368469350896550862e+00
-4.640423763517894429e+00 1.456693352648566586e+00 -1.218663439596101794e+00
-4.837885076836935028e+00 1.351025057534385398e+00 -1.228353999435991106e+00
-4.138845218823674621e+00 5.499857151924912868e-01 -1.442924250356414362e+00
-4.296846267348001902e+00 1.288235442744643633e+00 -1.188186200287398187e+00
-4.358512134810348826e+00 9.903835929242026381e-01 -1.323733819064510708e+00
-4.595674788536834754e+00 1.723849590107114249e+00 -1.310088669966942732e+00
-4.273112914888480773e+00 7.117101968345534990e-01 -6.993989342511791607e-01
-4.892651651269347646e+00 9.132719472787852455e-01 -1.263992106145458649e+00
-4.111184097080576194e+00 9.599842659975477144e-01 -1.262214714490190515e+00
-3.972186701281751553e+00 7.652595603128745649e-01 -1.058782205946196209e+00
-5.079026233614023056e+00 1.041100734657077087e+00 -1.096547072557406466e+00
-4.660120865815995828e+00 1.461081830552298122e+00 -1.127508547174938425e+00
-4.415983917530814651e+00 9.950823090611183863e-01 -1.543940476506453052e+00
-4.089250352624534735e+00 1.166454698980887938e+00 -1.332880314650624731e+00
-4.740980688297556256e+00 6.780273855276741646e-01 -1.386490720512693064e+00
-3.984416930564385950e+00 1.867081068829236523e+00 -1.099138035693512983e+00
-4.234181871834423738e+00 1.200043335929933619e+00 -1.175324706774634409e+00
-4.767263912025045514e+00 8.597634768602812061e-01 -1.306810281923216355e+00
-4.825286782236435812e+00 1.556396560587236522e+00 -1.451815433564430213e+00
-5.100682937104542347e+00 3.900764977630047925e-01 -8.996331795106898843e-01
-4.615377606769659913e+00 5.722538641508300161e-01 -1.007935848239563725e+00
-4.165535313142978424e+00 1.731891094489069527e+00 -1.522243515485518728e+00
-5.092866804331166897e+00 6.982649407645088457e-01 -1.050294747918398164e+00
-4.761869176314254659e+00 1.297483842626119488e+00 -1.370341730052129225e+00
-5.030351999017445230e+00 8.270194201945447743e-01 -1.687466047175698147e+00
-4.778371324176932333e+00 1.325003692350751772e+00 -1.653146747199670363e+00
-4.732869814296797983e+00 9.356744990294061370e-01 -1.445562845351015424e+00
-5.228559764724770353e+00 1.792258181099066094e+00 -1.368900635539348709e+00
-5.051721130803347393e+00 7.529539353647138888e-01 -1.495312984150345859e+00
-5.100827825188541276e+00 1.710675715788088525e+00 -3.800624723951953055e-01
-4.607144693364245924e+00 1.272179762249824542e+00 -8.272649154373350466e-01
-4.461202609274706354e+00 1.475609054874568615e+00 -1.112879456850312199e+00
-4.551393266392681269e+00 1.441919538918075006e+00 -1.228835655740809996e+00
-5.216427918265106989e+00 2.231777699426857442e+00 -1.823416339033236522e+00
-4.499232267106022753e+00 1.321015215357657091e+00 -1.369643215413302695e+00
-5.223757701683446442e+00 1.744807522583805781e+00 -1.077825514425934106e+00
-4.383685789242150577e+00 1.653907033605698906e+00 -1.287030913798821841e+00
-3.722185608106769905e+00 1.817324992200495704e+00 -1.675908649033051034e+00
-4.656949686329428850e+00 1.228689435469664248e+00 -1.144074699476098855e+00
-4.993615125735652249e+00 9.336366817361805293e-01 -1.109940792350497585e+00
-4.616850859857174250e+00 8.296265302674639130e-01 -1.147619967121597861e+00
-4.916573913083105651e+00 8.149811407102451888e-01 -1.484819109739992316e+00
-4.541675006043737639e+00 1.042314296457652389e+00 -1.133527103532988356e+00
-5.055546186922396323e+00 1.050408717399206049e+00 -1.234188275016407044e+00
-4.157242462784989101e+00 9.691007954342790720e-01 -8.544355688921159153e-01
-4.614286442662879573e+00 1.134751818943207757e+00 -1.435129955814116398e+00
-4.711056907503139435e+00 1.448344297445572693e+00 -1.078654996202632166e+00
-4.568789560733973687e+00 1.047394250449422026e+00 -1.179961410230433883e+00
-4.531628360920739063e+00 1.061675481135172294e+00 -1.094906212678474322e+00
-4.102107817249551758e+00 1.354455459945224982e+00 -1.341208823115742632e+00
-5.239493855820221313e+00 1.550767554262712178e+00 -1.104924390541899282e+00
-5.503128327241888051e+00 6.144395574790229020e-01 -1.036989840318238931e+00
-4.593701205751601790e+00 1.242129537227229852e+00 -7.316032509594672106e-01
-4.728354601550229575e+00 1.103383229409353739e+00 -1.212903212581851964e+00
-4.991006940810128967e+00 1.211550539506889512e+00 -1.512147049667389886e+00
-4.666425949496125547e+00 1.153798402419246250e+00 -1.378556052908774143e+00
-4.357786856945412346e+00 1.659752392154633105e+00 -1.034502993185815622e+00
-4.748193101660437065e+00 1.265294413150084729e+00 -1.104166875155632388e+00
-4.643892567377299940e+00 1.041928871612475049e+00 -2.055851478114508968e+00
-4.271349946883890247e+00 9.335782306216356963e-01 -1.390411293519012270e+00
-4.341313362628032912e+00 1.294406525309597766e+00 -1.153195105659759578e+00
-4.940651219973240416e+00 9.655573830984397476e-01 -1.412849445967122364e+00
-4.522644837380802585e+00 8.809641689918602525e-01 -1.680819593453485528e+00
-4.833851550470541270e+00 1.613301793197677414e+00 -1.276575521002278890e+00
-4.265073885461750258e+00 1.114917618566245938e+00 -1.345258153318261929e+00
-4.896854500789996401e+00 9.297083155104384211e-01 -1.722788742787812577e+00
-4.340032734102025280e+00 1.036062160830271361e+00 -1.326480617371349924e+00
-3.956078230638148785e+00 3.711413670750404736e-01 -2.320629762012956121e+00
-4.307516800836492799e+00 1.247425756947853959e+00 -1.242301220432083575e+00
-4.308050350357040870e+00 8.435334978852109256e-01 -1.302911610071959769e+00
-4.750550183432743268e+00 7.695782482552425696e-01 -1.428544437161918923e+00
-4.977480711418885484e+00 1.356041699815363932e+00 -1.873370300700090585e+00
-4.558012907207708686e+00 1.142713510535116050e+00 -1.064686859469432534e+00
-4.823263877318402670e+00 7.231470917939132326e-01 -1.053114063201149531e+00
-5.220894779861656509e+00 1.009307361041219986e+00 -1.221706607772844677e+00
-4.818210234157362493e+00 1.406424685058814239e+00 -1.339114439282232061e+00
-4.197855753578789262e+00 6.197334574670909646e-01 -1.085716621993136011e+00
-4.011697284204349678e+00 4.732398029149118557e-01 -9.968610159199609022e-01
-4.740751734384078375e+00 1.213305510654642871e+00 -1.280714671753866440e+00
-4.534604548807557478e+00 1.335919862908856004e+00 -1.259406041380332963e+00
-4.251667662203066023e+00 1.145220434779177010e+00 -1.187080060253493885e+00
-4.509442978279897041e+00 1.237669909419756076e+00 -1.493403233797512719e+00
-4.989566574890551109e+00 1.197339226796688250e+00 -1.309759534160991334e+00
-5.163426894246832433e+00 1.147888959514563822e+00 -1.140196161001333364e+00
-4.651581885993969046e+00 1.610438529307287592e+00 -1.091811787614610951e+00
-4.484211182707868559e+00 8.151106759113473377e-01 -1.505879679889892797e+00
-4.639771841724154022e+00 1.310805947282950079e+00 -1.191593989504019957e+00
-4.002329679958599229e+00 1.054367679223051413e+00 -1.270514557946282652e+00
-4.406312397832630623e+00 1.386885987109122698e-01 -1.174476587270392169e+00
-4.771667668867467960e+00 1.641390064089811140e+00 -1.729946121626962929e+00
-4.235753584399239990e+00 9.484763444627137829e-01 -1.515800653419299593e+00
-4.624461897379417152e+00 1.287008166704680212e+00 -1.252048376632897808e+00
-4.549686867172710869e+00 1.724854809661148458e+00 -1.390260496285380398e+00
-4.193438177833042069e+00 1.147352765083944348e+00 -1.306305424432347762e+00
-4.492320269980376146e+00 1.464661044881811369e+00 -1.242174567892717407e+00
-4.546883047767005692e+00 1.081865242139085526e+00 -1.165099942068801075e+00
-4.634063699334490138e+00 1.359743711982751346e+00 -1.425086433749341852e+00
-5.412570969936118637e+00 1.170855453821612269e+00 -1.367447320197406668e+00
-4.508640450538722533e+00 9.314605244116405114e-01 -9.421432501606918919e-01
-2.045618132272852918e+01 4.991230230900679032e+01 -3.091649241597513864e-01
-5.339901001790387625e+00 7.173484722882927933e-01 -1.296480012903881818e+00
-4.439853176304922933e+00 1.341768772958942035e+00 -9.939627870617243621e-01
-4.680193350713209632e+00 1.193847291325728088e+00 -1.467964585148809453e+00
-4.339460591840756720e+00 6.609864759562428249e-01 -1.198887070123717313e+00
-5.068139374807784314e+00 1.232003027599153144e+00 -1.229973786388752544e+00
-4.938260120460403968e+00 8.545847481955520797e-01 -1.192971301589863975e+00
-4.901394462739877333e+00 9.600931281167014442e-01 -1.405094349400543896e+00
-4.873835407705435330e+00 1.554973590565828845e+00 -1.140506635516465250e+00
-4.830848969037442764e+00 1.257448565601878565e+00 -1.208810837726421061e+00
-4.465500720165601400e+00 1.326590575938833672e+00 -1.239788156134019825e+00
-4.124643250767529246e+00 2.062495535883191788e+00 -2.037800414722331421e+00
-4.750017544884926224e+00 1.502127065966875286e+00 -1.273128910590455520e+00
-5.226117039639956552e+00 1.391212670044148503e+00 -1.143111353069353076e+00
-4.034266731809588613e+00 1.902713985166520017e+00 -1.454019036221720906e+00
-4.179510539945595404e+00 1.276872254621263858e+00 -1.010001744406143986e+00
-4.694300144788912554e+00 8.776064122497441167e-01 -1.201306795922718829e+00
-4.987636523608848904e+00 1.601842439988546474e+00 -1.445981984654628238e+00
-4.478391387134272428e+00 6.409391770468283456e-01 -1.148803572557110630e+00
-4.096558706297603436e+00 9.968444013470290077e-01 -1.288518176199866527e+00
-4.415774853446626125e+00 1.631719240850688868e+00 -1.509266076996233386e+00
-4.579793235939034091e+00 1.337401898489998242e+00 -1.134883785102262843e+00
-4.591496865692347384e+00 1.057555280938373254e+00 -1.389429816672258289e+00
-4.738656649495252893e+00 8.705478292258925777e-01 -8.719340741072207912e-01
-4.910955025739730750e+00 1.527496316961868938e+00 -1.634543252704877325e+00
-5.058528189346434445e+00 8.988687320510762024e-01 -1.232022648902512785e+00
-4.578659870047935954e+00 1.720050036676424643e+00 -1.192868176211896447e+00
-4.628149548405641411e+00 8.993248754413697421e-01 -1.161154936312390307e+00
-5.197097604500974910e+00 1.377313631270103533e+00 -1.331428337240144311e+00
-4.518512114716169314e+00 1.133540031648777369e+00 -1.209077181851773375e+00
-5.123644310142376312e+00 1.030314417024907225e+00 -1.213027105082351786e+00
-4.263490790884604920e+00 7.624784545315087536e-01 -1.276711735469696851e+00
-4.469899054041261977e+00 1.186503346052811159e+00 -1.217095509379699791e+00
-4.378730386311302070e+00 1.243661794864609815e+00 -8.191872608608671280e-01
-3.384299739519863959e+00 1.387574375024844597e+00 -7.798189388679593881e-01
-4.731303626464267609e+00 8.943279074293009057e-01 -1.241042064897277974e+00
-4.796959114133372282e+00 1.160713634218067059e+00 -9.049513499865503574e-01
-4.434213326952646916e+00 1.295485747967958012e+00 -1.089780065876089887e+00
-4.503967593718575912e+00 2.314686623714282465e+00 -1.040220727875796003e+00
-4.281042412709347822e+00 9.845078963610812695e-01 -1.280925707850723905e+00
-4.421277870994192227e+00 1.634198536249227507e+00 -1.234512033068738690e+00
-4.915476744732075076e+00 1.619272785302554141e+00 -1.339100506852938688e+00
-4.643836178890405897e+00 1.149109904870326382e+00 -1.210179340478543031e+00
-4.508370672079007768e+00 1.631920753004872271e+00 -1.018282256272134756e+00
-4.238665189383091558e+00 2.162762668375683983e+00 -1.331863920124802592e+00
-4.247469024363225820e+00 1.573860846881234510e+00 -1.209259433918288051e+00
-4.762400671687900378e+00 1.739987473558598063e+00 -1.472987523399008181e+00
-4.458538843384100225e+00 9.811047066349194434e-01 -1.270429263943514631e+00
-4.540380710432608602e+00 7.370133419811625286e-01 -1.122174085017032752e+00
-4.607548244644951829e+00 1.498297169521760619e+00 -1.294782768962085662e+00
-4.116612996454014350e+00 8.309812041783695147e-01 -1.831509927281943284e+00
-4.872602960661262195e+00 1.106277931979207985e+00 -1.414164709492651495e+00
-4.284581080020331001e+00 8.784336217331526475e-01 -1.490921984825052560e+00
-4.537573288604310306e+00 1.434782304376319484e+00 -1.435574890043726404e+00
-4.581137229168795955e+00 6.848912108297130485e-01 -1.157281409325593646e+00
-4.762129557435230254e+00 1.051408438565720527e+00 -1.103923597993369921e+00
-4.541688328834981192e+00 1.590271602493467773e+00 -9.889695211815853204e-01
-4.366762900425123384e+00 1.162347300396033178e+00 -1.321791684539648015e+00
-4.242435176779393302e+00 1.440880196276249192e+00 -1.094820186392735595e+00
-5.191600561251091150e+00 1.083797692991389505e+00 -1.194820592168132301e+00
-4.983876364460978259e+00 1.189266000969383841e+00 -1.291731014476099837e+00
-4.709439627949406848e+00 1.044778536828308901e+00 -1.185155184539846474e+00
-5.087306785246322960e+00 1.089946541397020185e+00 -1.457247871674516304e+00
-4.668342388887737116e+00 1.067951935907130334e+00 -1.292602861892962807e+00
-4.730976848131906110e+00 1.835973676626704743e+00 -1.434124733568567844e+00
-4.273368343253261870e+00 7.651521172425406192e-01 -1.374002312870213904e+00
-4.776827374198090226e+00 4.676024652632549405e-01 -7.971302524842586168e-01
-4.813006496029442083e+00 9.121609707678264289e-01 -1.124800836207542565e+00
-4.267704661765622021e+00 1.434309039545700104e+00 -8.934301013803662705e-01
-5.098672201982115126e+00 9.798431808639669338e-01 -1.063710419833081788e+00
-4.563590016545004957e+00 1.693406210843010351e+00 -1.027611621882978943e+00
-4.038338916426082115e+00 -2.629230203823745282e-01 -1.065299298407831996e+00
-3.849734140048398423e+00 -6.196094858898238550e-02 -9.995001688807054752e-01
-4.544278850226531219e+00 8.015634136477215455e-01 -1.384710589080185850e+00
-4.362890488597213512e+00 1.762142905175667851e+00 -1.454132482445868346e+00
-4.143264850160094603e+00 1.049715892429884834e+00 -1.518271787281056939e+00
-4.834652512702334093e+00 1.079521789829404943e+00 -1.437238113209550194e+00
-5.088355546163909615e+00 1.533570824267428412e+00 -1.253084462286738088e+00
-4.342425392321502819e+00 9.430556342183803453e-01 -1.267319790670038193e+00
-4.448715360366008120e+00 2.245197590285147982e+00 -9.453262510775501948e-01
-5.069956421102834732e+00 1.463962749749026404e+00 -1.334323931299284949e+00
-4.733004945317360601e+00 1.097892021031660725e+00 -1.228129334528331063e+00
-4.760345171454862800e+00 1.773794165079443763e+00 -1.385762004994028906e+00
-4.787735256365555081e+00 8.455722590115108961e-01 -1.253874648942908898e+00
-4.720300574575837516e+00 6.488728882564880340e-01 -1.615069355043549537e+00
-4.369986716083651856e+00 6.979515697111277062e-01 -1.357736900181133910e+00
-5.306584289286982781e+00 8.589194047159519618e-01 -2.571265675834278230e+00
-5.487458253275547371e+00 1.873336135432376981e+00 -1.644150402843134406e+00
-4.347587075604276485e+00 1.585715257557064772e+00 -1.527119096044812663e+00
-4.891557690330736285e+00 1.607743095368351138e+00 -1.126015571878604238e+00
-5.143478575654027551e+00 1.463060924636535143e+00 -1.019148979272438416e+00
-4.387220251665969961e+00 8.411859632752243243e-01 -1.402808310057326091e+00
-5.346860743764066726e+00 1.422467096605742665e+00 -1.495323728988314338e+00
-4.249175245548323154e+00 1.623269407956647870e+00 -1.324204324417641132e+00
-4.247864285816259411e+00 1.273092938302193833e+00 -1.086255551068305847e+00
-5.030600816738727943e+00 1.067995982255152354e+00 -1.029424980034165937e+00
-3.765624176953187963e+00 1.970763165666968408e+00 -1.897578389428742351e+00
-4.770062719406304552e+00 1.043910936912181064e+00 -1.251998336343803642e+00
-5.018881441149381395e+00 1.316656781605437088e+00 -9.811933130169868678e-01
-4.921883321014862922e+00 9.279452979144352520e-01 -1.258662160361633475e+00
-3.864433580744103924e+00 6.127735419736741740e-01 -8.921078350400607482e-01
-4.862273207061355684e+00 1.317538357324712361e+00 -2.027989376004098343e+00
-4.607697382915729278e+00 1.434485380882318362e+00 -8.751922832639491556e-01
-4.775548723936990037e+00 1.682216252410761115e+00 -1.339809694468514056e+00
-4.744728192122471100e+00 1.355582228663147593e+00 -1.082491777883872741e+00
-4.762295676745217143e+00 1.137314200330956426e+00 -1.293623686850842613e+00
-5.030514956188413045e+00 1.087124979915510714e+00 -1.722091711708646278e+00
-4.189426875797260585e+00 1.069754541050059071e+00 -1.410801714272498453e+00
-4.578745217909954590e+00 6.710497257480571021e-01 -1.159654525899944888e+00
-4.214810848274256116e+00 1.172040516790217035e+00 -1.112716607586566653e+00
-4.743027454398042408e+00 1.626613887304273920e+00 -1.376547214120194651e+00
-4.766532520287024788e+00 7.297642875959401421e-01 -1.626321245078808486e+00
-4.875670217275160034e+00 7.637996193193754557e-01 -1.249069384809919692e+00
-4.150168406273508026e+00 1.631938876786238835e+00 -1.630348690379765708e+00
-4.875180654708732852e+00 1.795977051308189854e+00 -1.000960757991423256e+00
-4.219792482106154097e+00 5.588096821910744083e-01 -1.077754833240537780e+00
-4.543936873104261309e+00 5.164166493517196033e-01 -1.052783747286507143e+00
-3.921599849203708299e+00 1.495963935375183906e+00 -1.028298953018448092e+00
-4.146479058885993219e+00 1.374821900405510000e+00 -1.310756231172828468e+00
-5.610047416826962952e+00 1.413830346311785835e+00 -1.529279496373632030e+00
-5.370865739883127432e+00 1.719444787172943467e+00 -8.064534004536360046e-01
-4.346363793216505123e+00 1.683537632522474237e+00 -1.141113365412294911e+00
-4.319251934201499665e+00 1.203580377227161158e+00 -1.263664846886900062e+00
-4.867947132829650414e+00 5.943869061374591478e-01 -1.284874765294083954e+00
-4.326099023823466005e+00 -7.474939160648280678e-02 -1.895023361060662159e+00
-1.742085843851758753e+01 1.172657717082635997e+01 3.986434790073767331e-03
-4.864168074653153262e+00 1.448860217968802377e+00 -1.353232673255222895e+00
-4.428840843553470741e+00 1.555085572171935215e+00 -1.428370369330529410e+00
-4.785887364403228261e+00 7.286344500416561676e-01 -1.355052443346321578e+00
-4.724371861328564570e+00 1.121021107496755320e+00 -1.196518581154307093e+00
-4.293942713807971323e+00 5.978341636068201792e-01 -1.945402453702435475e+00
-4.569733711872408399e+00 1.524892170669020164e+00 -1.209656767643122910e+00
-4.803593077029982616e+00 1.556983733896819322e+00 -1.072223833025240269e+00
-4.192218902713197082e+00 1.123415031849179790e+00 -1.241705466850724582e+00
-4.971181293465146922e+00 9.987652769225969784e-01 -1.424971334051160499e+00
-5.294499190769022867e+00 1.472234541894442916e+00 -2.118376527003088761e+00
-4.376741871670255968e+00 8.925050008027169968e-01 -1.079214710946876377e+00
-4.816246975359061544e+00 1.758543150138152100e+00 -1.107998003493331218e+00
-4.399425184366873687e+00 1.232528586142551230e+00 -1.231994473259817813e+00
-3.937120111436577918e+00 6.846695177543451472e-01 -1.428122074354524429e+00
-4.838113537195832592e+00 1.154750106844463442e+00 -1.234995322826563990e+00
-4.530583147540923505e+00 1.500567470854899721e+00 -1.165646240600447081e+00
-5.053257504066794858e+00 1.068140131810933369e+00 -1.447615697670981083e+00
-4.554233164887334873e+00 9.894475351053985124e-01 -4.050564852855605413e-01
-4.408230939866520259e+00 1.206430527170849976e+00 -1.327743414469746419e+00
-5.186851352362784162e+00 8.910509432433004751e-01 -1.534519309372807117e+00
-4.666315030787107077e+00 1.099878252304933302e+00 -1.254386262745117220e+00
-5.147392719097005021e+00 1.051319971321739377e+00 -1.310856355031540632e+00
-4.589428622764035737e+00 1.564683731775032838e+00 -1.283458165072965063e+00
-5.001088967805325858e+00 9.279071343391798177e-01 -1.211283448599673518e+00
-5.028428862101617547e+00 1.243536546792854969e+00 -1.220079216719681448e+00
-5.166235707267730071e+00 1.102816308226024056e+00 -1.033087341469265841e+00
-4.604847384050218650e+00 1.372108159345200251e+00 -1.068691386482787609e+00
-4.193568969388302037e+00 1.116516127516865797e+00 -9.814981629305736810e-01
-5.186876245320804379e+00 2.515292846680709626e+00 -1.112185956689972111e+00
-5.432490253509453915e+00 2.303261230215839728e+00 -3.571080958921861170e-01
-4.841698499389295307e+00 1.055034441227878261e+00 -1.214335309648167049e+00
-5.276182959327057276e+00 8.853247095077871887e-01 -1.146935155582414101e+00
-4.812681581114540030e+00 1.362594984091939354e+00 -1.580351656556531426e+00
-4.496982622394117612e+00 7.693936918440731354e-01 -1.236190628017098447e+00
-4.635013097946466765e+00 1.131424752366912312e+00 -1.134889360646331280e+00
-4.260787203897687725e+00 4.607194971515324311e-01 -1.593040629376835993e+00
-4.315993014499099445e+00 1.311092848938142819e+00 -1.407082208689450775e+00
-4.125110168258733445e+00 8.000047106924925711e-01 -1.810041371180948433e+00
-5.013483724535453767e+00 9.663591791836594336e-01 -1.181845966307499385e+00
-3.915108948565321878e+00 9.546243207055697955e-01 -1.097169165258468304e+00
-4.778590811732883026e+00 6.712480974793021138e-02 -8.505596062740835572e-01
-4.643428806333085745e+00 1.652844644867119683e+00 -1.463129978053775204e+00
-5.014913625410364340e+00 9.330226122119427146e-01 -1.057910309999609888e+00
-4.317727780276142013e+00 1.935988389736316817e+00 -9.931846242102925215e-01
-4.268262343897083255e+00 1.269887065252666147e+00 -7.055209173845085058e-01
-4.795058939411269705e+00 1.567760402959136767e+00 -1.273862631281939661e+00
-4.128086857893917383e+00 1.543408398886189081e+00 -1.469372959379927401e+00
-4.781388883713617588e+00 1.482514914593376476e+00 -1.357000284633122833e+00
-3.858118746536363108e+00 6.917888106301993689e-01 -1.305342717140621334e+00
-4.390011011658810247e+00 1.021738586171102137e+00 -1.039862023139251024e+00
-4.559104688443672337e+00 6.860914414879625278e-01 -1.216990142661285912e+00
-5.092275699623310281e+00 1.029932851678279970e+00 -1.155489579456013605e+00
-4.861710223153928645e+00 6.073849615014008663e-01 2.669356783416183543e-01
-4.569691535939148785e+00 1.189144099500723195e+00 -1.463705161177399683e+00
-4.996659599704450727e+00 1.063205950995947502e+00 -1.168016455496453165e+00
-4.950350835757766355e+00 9.670934015740295653e-01 -1.788202889601556933e+00
-4.502599606282073452e+00 1.212522764409645015e+00 -1.319140040546990189e+00
-4.776482901399758951e+00 6.715268105319948111e-01 -1.154112275920458286e+00
-4.217217874065416261e+00 9.930517511644973982e-01 -1.192552379718899047e+00
-5.005270881318990561e+00 1.013218841812590698e+00 -8.105559462199775078e-01
-4.842583455876069642e+00 5.462706324056609830e-01 -1.409695490730452416e+00
-4.364879477608907266e+00 1.373051529177960806e+00 -1.247376751761930747e+00
-5.210227626413174384e+00 1.314997030984137005e+00 -1.610619025834843621e+00
-4.971292616859419589e+00 1.155224005283307598e+00 -9.022589261502123037e-01
-3.993339726508829290e+00 1.419304364202556457e+00 -1.340290956604815786e+00
-5.124202545416638443e+00 6.642521688298905769e-01 -1.136120425280241486e+00
-4.930343404046918288e+00 5.140693519437096182e-01 -1.149721496978967750e+00
-4.870684904850673291e+00 1.489008624160454541e+00 -1.340174843324590359e+00
-4.485406230036059760e+00 8.577848936444655292e-01 -6.819273618528736147e-01
-4.226084120658619270e+00 1.516695638635113363e+00 -1.440135896417832129e+00
-4.838484170308992915e+00 1.200484379597604567e+00 -1.244231546167405611e+00
-4.934622628966761404e+00 1.882884546654819191e+00 -1.200904313136141877e+00
-5.068917671561627536e+00 1.014325417301265020e+00 1.250497702500554843e-02
-4.250197085495297067e+00 7.973936386209077298e-01 -1.180767527717015097e+00
-4.884287835384249377e+00 9.541301345249306731e-01 -1.162798809942804601e+00
-4.419580154182919607e+00 1.323593275332197283e+00 -1.290776056854474829e+00
-3.854655917275153776e+00 1.050848309314549756e+00 -1.565698575628828415e+00
-4.450573867068198020e+00 1.137709893543453532e+00 -8.924743180629535200e-01
-5.026530736185065962e+00 1.321027005179284064e+00 -1.229998710969099296e+00
-5.041578433671131343e+00 1.175915662591900057e+00 -1.475481199131974952e+00
-4.734646488549539178e+00 1.233981585720425045e+00 -1.181486103213029049e+00
-4.474288428341329116e+00 1.682156357253351775e+00 -1.288859693308507248e+00
-5.051589316541962305e+00 8.381221669095112459e-01 -7.692044723798701078e-01
-4.698303197509732243e+00 1.487750011922152726e+00 -1.128690897345747457e+00
-4.584491546854620125e+00 6.173678753836960853e-01 -1.040892770973169457e+00
-3.774216696707644036e+00 2.150477554832391558e+00 -1.668186747795750380e+00
-4.620154045063332937e+00 7.782348640934485529e-01 -1.344305694727199185e+00
-4.387469782947809982e+00 1.374676085181421481e+00 -1.281528433058670258e+00
-5.667792730975549809e+00 5.813562998525416692e-01 -9.025470200050901282e-01
-4.696765146604273689e+00 1.142660943439337551e+00 -1.079849550021109383e+00
-4.160760291478984740e+00 1.122474344273818758e+00 -1.276888024218087780e+00
-4.911870752404051466e+00 1.576314668384043882e+00 -1.211476976285680074e+00
-4.337096734940483422e+00 1.126874718069780457e+00 -1.171465654464988848e+00
-4.322198167740516794e+00 1.125978310545089345e+00 -1.190798249202411840e+00
-4.291650604128152580e+00 1.193940562090899160e+00 -1.035792368697630694e+00
-5.156393164337338852e+00 7.677164241924508969e-01 -1.513023571328024008e+00
-5.034650363123838623e+00 9.902022354535797710e-01 -7.597393777801961789e-01
-4.625437544560146108e+00 1.648939447015373760e+00 -1.207691010553734623e+00
-4.570429093397790687e+00 1.325152835850457844e+00 -1.347821770237430661e+00
-4.282692877116990537e+00 1.328728726012549100e+00 -1.064023739477527597e+00
-4.299418424238418801e+00 9.171539133208053141e-01 -1.223507329297764068e+00
-5.242210313405624156e+00 1.210206417086340247e+00 -1.349748054148744103e+00
-4.609459933488472494e+00 1.096623775234154774e+00 -1.223068956950492003e+00
-4.427464646207360133e+00 1.004472171052370966e+00 -1.361720789478489069e+00
-4.958891213410895560e+00 1.585506778582488563e+00 -1.214426014102215623e+00
-4.981676796739805901e+00 1.298545432758246188e+00 -1.100437984049986051e+00
-4.789843326796280110e+00 2.444422234753414802e+00 -1.520787074363673330e+00
-4.156141039176485030e+00 6.582809932075098791e-01 -1.323754969815707838e+00
-4.467538996858617217e+00 1.367558106056852685e+00 -1.456632223287825267e+00
-4.878223361568466032e+00 1.169263134565846629e+00 -1.167270660932968468e-01
-4.481186596076407014e+00 6.733758994625054228e-01 -1.187308634818395658e+00
-4.625886980395529591e+00 1.235159997268626908e+00 -9.016698630889860011e-01
-4.692408036905331592e+00 2.212349467791592694e+00 -2.359549320740187639e+00
-4.623117240502683245e+00 8.548338652387459380e-01 -1.092659277680227303e+00
-5.016209713767643130e+00 9.141007436922546914e-01 -1.396524030895754942e+00
-4.697710217272333288e+00 5.793104918959021132e-01 -1.442036979436780886e+00
-3.037165737717693048e+00 1.281043683955607859e+00 -1.809045962457351386e+00
-4.604409243668453833e+00 1.836058261197319075e+00 -1.680827998311032578e+00
-4.237722589578770460e+00 1.180077975537531021e+00 -1.440470330314449710e+00
-4.954788456309588085e+00 1.589136994561353156e+00 -1.107898840579132127e+00
-4.693589098065980458e+00 1.169080575686639589e+00 -1.536591138650015287e+00
-5.127695594166928217e+00 1.257012037421487038e+00 -1.304158208416133169e+00
-4.579184575657456513e+00 5.635996833611078838e-01 -1.113750922850053060e+00
-4.578996611483922230e+00 8.691278004800384593e-01 -1.473469020777506966e+00
-3.739742420727483108e+01 1.231875314267261956e+01 9.802534769534720915e-02
-4.423984981642907321e+00 1.446897430102135562e+00 -1.423752764939705928e+00
-5.206392341084918662e+00 9.854411952337882585e-01 -1.156000753760744626e+00
-4.479555092632148572e+00 1.385684065717219138e+00 -1.276960520173612279e+00
-4.215448408400405356e+00 9.936267499251180135e-01 -1.194994726761697379e+00
-4.038112969941528796e+00 5.719833712813786608e-01 -1.050108705246726171e+00
-4.780788070760642938e+00 2.144367708935182026e+00 -6.695873920450153838e-01
-4.604491261109823874e+00 1.808726897601349970e+00 -1.207259913682391161e+00
-4.840338480783953123e+00 1.599932438050407191e+00 -1.202366449547114469e+00
-4.335228063193462766e+00 1.222681253487216235e+00 -1.144123440198687724e+00
-4.677864158460794286e+00 9.670654723604034109e-01 -1.208056254510395222e+00
-4.847608272067398083e+00 1.014939162429770336e+00 -1.159330625110774005e+00
-4.922242882862238211e+00 1.428337434027069586e+00 -1.746702554921548911e+00
-4.897093932082874801e+00 8.400524797824410195e-01 -1.435685934233654981e+00
-4.717119632559685805e+00 1.104398638794276133e+00 -1.343737909306974343e+00
-4.536301226880517845e+00 1.836858635484971192e+00 -1.261822334914662891e+00
-4.698125670550092892e+00 1.406374507257892592e-01 -9.412059573049441630e-01
-4.406398484209450572e+00 1.041548313357354649e+00 -1.612037591704185591e+00
-4.359624443452639220e+00 1.011227894354070900e+00 -2.178233289965564090e+00
-4.717052491037309281e+00 1.132344591118215726e+00 -1.131426780418004263e+00
-4.109022401152265580e+00 9.346609536114084404e-01 -1.124562141403312232e+00
-4.865145066751442648e+00 1.082414638203316626e+00 -1.291906167333783939e+00
-4.121746964248777623e+00 1.454756478654226415e+00 -1.605827509025076649e+00
-4.316478612316624108e+00 1.491738513200233651e+00 -1.032753917731918492e+00
-4.655839882465127921e+00 6.373127407351355522e-01 -1.211545568624198266e+00
-4.373320046993811161e+00 5.288700005685771366e-01 -2.221685971176398766e+00
-4.282279325369525047e+00 1.283142804719204833e+00 -1.310987900520266924e+00
-4.892357609214408320e+00 1.148969488995826405e+00 -1.227382773101455493e+00
-4.370025781494789818e+00 8.850921069813592057e-01 -1.214072964019662138e+00
-4.654728682160232722e+00 1.240642524938315949e+00 -9.527142801966521635e-01
-4.873617772578100471e+00 1.239256438308820929e+00 -1.337400008250617889e+00
-4.941249763125590277e+00 1.111240151643628771e+00 -1.295127539317497023e+00
-4.044165212545935084e+00 1.642554251156078893e+00 -1.016851503967296289e+00
-5.097426094517668815e+00 1.182961228532695586e+00 1.366826114156497740e-01
-4.032766674556849118e+00 9.627040333500431757e-01 -1.336661397421707198e+00
-4.627456029994507780e+00 1.506635603913259125e+00 -9.767313191827964314e-01
-4.758101592143573200e+00 1.976462244815140545e+00 -1.144659569736605764e+00
-4.492911250321049543e+00 1.583768335565639562e+00 -1.230972090388995799e+00
-4.360472605354789977e+00 1.099571876843667528e+00 -7.130102300683416328e-01
-4.106466080105746208e+00 6.172906127512486352e-01 -1.373379818353316573e+00
-4.590833697226808674e+00 8.545477740361776542e-01 -1.358771821069136188e+00
-4.284418592566945350e+00 1.710984321157073440e+00 -1.212069867879171925e+00
-4.011849404258795992e+00 9.699079508741055289e-01 -1.068616348213117462e+00
-4.253839822637312196e+00 8.426085201495832067e-01 -1.189264860922743194e+00
-4.640735752377190160e+00 1.696117949194647867e+00 -1.235506623434247109e+00
-4.248172529528014607e+00 8.475194486556063556e-01 -1.509140351850781547e+00
-5.730352081644428885e+00 1.454831145289160688e+00 -7.847486547637273491e-01
-4.462397237457708776e+00 9.142941276330348588e-01 -1.212983706926878957e+00
-4.203515759331735602e+00 1.134718058020605991e+00 -8.480999586016159109e-01
-4.420812584269834034e+00 1.104611443414209582e+00 -1.324796767255650876e+00
-4.551067927837083360e+00 8.201981062534727807e-01 -1.330356028043077288e+00
-4.438525873708957015e+00 1.048966122006099511e+00 -1.567819231654844492e+00
-5.200814820996482624e+00 4.226789766218427835e-01 -1.214016019316455086e+00
-4.857726084091932073e+00 1.671943640143482623e+00 -1.370192378529125898e+00
-4.846039244028215620e+00 1.458230394628928117e+00 -1.675284055585637200e+00
-5.059482673526126462e+00 1.526243025459197433e+00 -1.255159621915282298e+00
-4.845789171745316537e+00 1.624265816521738071e+00 -9.492610459798750400e-01
-4.689728411910289552e+00 3.193825528385111356e-01 -1.169705724870759633e+00
-4.195853828716265888e+00 1.714869572229896999e+00 -1.485003155826532195e+00
-4.377670489601222847e+00 1.463174772272248791e+00 -1.020129517366197502e+00
-4.446693775582952313e+00 6.156950606664246539e-01 -1.582033839972263989e+00
-4.045722579387553530e+00 9.004405781440738554e-01 -1.243663339706082116e+00
-5.237512849354152067e+00 1.395373735716197494e+00 -1.454678232353177947e+00
-5.090513727283187961e+00 9.881036026258236404e-01 -1.218340765661147795e+00
-4.507454790430453606e+00 1.752990150191721552e+00 -1.777597062949946682e+00
-4.924580758401823743e+00 8.394341258922018989e-01 -1.354276678180304394e+00
-4.321749185216108735e+00 7.717449770139331866e-01 -1.349376917245536101e+00
-5.351992628172560273e+00 6.004517658780825773e-01 -1.221453262372984350e+00
-4.741645893374021981e+00 1.092442214835286585e+00 -1.199023739177635273e+00
-4.615387104497325588e+00 1.523102918657556426e+00 -1.330447262975251066e+00
-4.479624350969372060e+00 1.376736140668694208e+00 -1.232618696877241904e+00
-4.573637969449672269e+00 5.658427011804050277e-01 -1.305394804226757577e+00
-4.514314663520013760e+00 8.493070718049104961e-01 -1.123722480004687219e+00
-4.735516438230574110e+00 1.004908858347614675e+00 -8.904776923958688251e-01
-4.926177452483441854e+00 1.467612701235377903e+00 -1.001488147099510950e+00
-4.798989728568881397e+00 9.499695069346609788e-01 -1.232197603969874322e+00
-4.951152960905152334e+00 1.580464319994691058e-01 -2.080103427416519324e+00
-4.736623329036071972e+00 1.051922940983877064e+00 -1.187037716781362828e+00
-4.939261503457651692e+00 8.436534000902689012e-01 -1.145513471032705510e+00
-4.071345493210261068e+00 5.565415558341657576e-01 -3.426173129230716818e-01
-4.891823494758794411e+00 1.412451164411788529e+00 -1.050345421300402649e+00
-4.173308297384751064e+00 1.269475933973396087e+00 -1.040039484978946938e+00
-4.730583114908959885e+00 6.543310117945694282e-01 -1.562802897024690774e+00
-5.161709385803575856e+00 1.291112454893628581e+00 -1.254478175751032820e+00
-4.926672860121027675e+00 1.027871260844241963e+00 -1.018569636930948930e+00
-5.084905455878431901e+00 8.902182556599249619e-01 -1.173067803079172355e+00
-4.837586151482669017e+00 1.099626797217341245e+00 -1.115024701128448426e+00
-4.801645824816402452e+00 1.452078899258435030e+00 -1.252462072577988250e+00
-4.216692849755506067e+00 1.071935424700015460e+00 -1.282816611947631413e+00
-4.966643017288242312e+00 1.734667986008894047e+00 -1.682510326718188454e+00
-4.743940026291774359e+00 1.388827053042275494e+00 -1.507974431429998985e+00
-4.621314483487783065e+00 7.542892896861147500e-01 -1.173799898549364507e+00
-4.698922491851178052e+00 1.262203667206842850e+00 -1.059022270462744553e+00
-4.500747665502928818e+00 9.459820293657600354e-01 -1.480911270592865758e+00
-4.513110028214160074e+00 1.439695572015859959e+00 -1.268510064975206353e+00
-4.763642403213707688e+00 1.151675280910034127e+00 -1.154644265889665400e+00
-4.794964249691958891e+00 1.629433619978773340e+00 -1.339715572679117894e+00
-4.041678741450350998e+00 1.378973286225142036e+00 -1.486755808368114273e+00
-4.530819949891637499e+00 1.078068667614854537e+00 -1.296695668405927204e+00
-4.063624398334593657e+00 1.382644169095027076e+00 -7.046670232386100796e-01
-5.019806920715963905e+00 1.129803810287265398e+00 -1.507703942901115202e+00
-5.226385644458145130e+00 9.433933297583149136e-01 -1.213668644840978583e+00
-4.406058870833933661e+00 1.468979359129019890e+00 -1.281366529724649039e+00
-3.762300935064140095e+00 1.315941742037683992e+00 -1.349302806978867064e+00
-4.308657556508044273e+00 8.061984602869847194e-01 -1.001188803243844294e+00
-4.644950904492115562e+00 1.005441954441834929e+00 -1.019179979473694875e+00
-4.552884612360789340e+00 1.361565550827289917e+00 -1.052946770765911921e+00
-4.053264652805527390e+00 8.724546925271828846e-01 -9.784933005472378209e-01
-4.636318496987572146e+00 9.366073848155697101e-01 -1.244657240091117334e+00
-4.490085227126386691e+00 6.221013451956460827e-01 -1.200042977324712101e+00
-5.838212201620632591e+00 5.915353748347402796e-01 -1.594994756601359143e+00
-4.646619536388254978e+00 1.510140997550088571e+00 -1.370617392729692741e+00
-4.975418719505825038e+00 1.203339143107009290e+00 -1.109567246728187406e+00
-4.453764491610188614e+00 5.938237445711187501e-01 -1.177784517292267408e+00
-4.344737859286224690e+00 1.540621275974177973e+00 -1.381198614893800025e+00
-4.657798674925468063e+00 8.415527567118857855e-01 -9.805882236652393447e-01
-5.201213297883564124e+00 1.022193776167929391e+00 -1.108904581092892805e+00
-4.844357661851965702e+00 8.564013053841741385e-01 -1.088048279292639808e+00
-4.990414629241675115e+00 1.004894054444634310e+00 -1.346236911581879081e+00
-3.932618269375497189e+00 8.703225684690903963e-01 -1.171655976391484666e+00
-5.152710349468944351e+00 1.487293801977234597e+00 -1.313486969375264657e+00
-4.681245906403488810e+00 1.761848647487823216e+00 -1.438285849505901437e+00
-4.683965355642210504e+00 1.945020548732790733e+00 -1.800763548775309975e+00
-4.614933306342672736e+00 1.537512789432781579e+00 -1.359192084159991376e+00
-4.587085911953173500e+00 2.132354139020571360e+00 -1.315331536420832670e+00
5.075910139105452856e+01 -2.033207497539220299e+01 8.908644216163974505e-02
-4.628849965797382282e+00 1.553229877903667511e+00 -1.081439292588469270e+00
-4.351198045529241831e+00 1.366869613338130618e+00 -1.320463637643355170e+00
-4.656962584221195911e+00 1.163394152195626363e+00 -1.297954952956769326e+00
-5.201212671294707768e+00 7.434249241777410866e-01 -1.272279454950838939e+00
-4.803326051947910180e+00 1.820103886137035998e+00 -1.236678909049510056e+00
-4.685881074054385032e+00 1.172740270044512423e+00 -1.389805083680952125e+00
-4.623049521401100037e+00 1.210610096191381491e+00 -1.155786232929681523e+00
-4.752877143302729479e+00 1.036162329726957099e+00 -1.117234943565347693e+00
-4.254018816457755925e+00 9.311697606562674423e-01 -1.007871930671405680e+00
-4.829627688544974262e+00 1.425787333696322934e+00 -7.349565018713076769e-01
-5.613488482769297683e+00 7.570490237805846956e-01 -7.744199699662491776e-01
-3.461412791811531164e+00 1.872530311141372417e-01 -1.501862753783613336e+00
-5.514563049740948131e+00 1.774992812875513692e+00 -1.437535890029967511e+00
-4.411985656235974496e+00 1.661134050408731966e+00 -1.189704376552659593e+00
-4.930101358574192183e+00 6.403819464188480470e-01 -1.192376088839076420e+00
-4.356657248778759595e+00 1.347294729539903146e+00 -1.267675435180813714e+00
-4.900770280856181493e+00 9.802323793157654563e-01 -1.219278130907592406e+00
-4.729715382454108052e+00 8.493168625775047165e-01 -1.244335241741986176e+00
-4.149204577223392754e+00 1.652254226982802665e+00 -1.833372115335186292e+00
-5.000346700869953587e+00 8.976299898232386054e-01 -1.230683515405160966e+00
-4.598785290524787683e+00 1.069099200905761826e+00 -1.305983501767373545e+00
-4.025395695677092434e+00 5.268561103073148288e-01 -7.761840632121796979e-01
-4.703728305558808387e+00 1.085739933698343984e+00 -1.411128571709622470e+00
-3.740187217622771509e+00 1.538017381506909809e+00 -1.474226134992345116e+00
-4.952725788492919889e+00 1.127522252297853411e+00 -1.076104212836463514e+00
-4.103750936328145471e+00 1.488450192141823836e+00 -1.398315535642957075e+00
-3.892841616477261013e+00 8.092543641949883071e-01 -1.692962515036482429e+00
-4.660514126467779406e+00 8.465930663445094817e-01 -1.187039728010398809e+00
-4.981429422164909582e+00 1.203080487425507217e+00 -1.286500888238407247e+00
-4.305550285477214523e+00 5.632603501417080549e-01 -1.177756490334998851e+00
-4.849456163956752164e+00 8.744238247431781463e-01 -8.408168917561420486e-01
-4.747448167312217748e+00 1.687072031594634591e+00 -1.515443035683222028e+00
-4.843380851474515580e+00 1.036762460693291032e+00 -1.080100446100538791e+00
-4.525275640608646732e+00 2.401312699243894233e+00 -6.671460362010444012e-01
-3.997289375447738546e+00 1.155409782925118423e+00 -1.397059547840556526e+00
-4.957284023008908136e+00 1.571923015926495193e+00 -1.305012176482456265e+00
-4.921816636540665257e+00 1.233743670440661910e+00 -1.057945004694275992e+00
-4.973075505038772270e+00 9.411725757212648924e-01 -1.041201989501490566e+00
-4.924484253482454221e+00 1.028528639078578388e+00 -1.686573954093774530e+00
-4.543091909230935421e+00 8.143081767044579866e-01 -9.562375149002686481e-01
-4.102430024922187890e+00 1.136452987510382373e+00 -2.312636882160056473e+00
-3.956140536832520649e+00 7.022747082188547374e-01 -9.564012897990844531e-01
-4.942584198819377939e+00 8.173872219078907042e-01 -1.303157989762958824e+00
-4.460831690531569471e+00 1.227165015147784644e+00 -1.295944696196815071e+00
-4.819828713163397005e+00 1.306222534655592682e+00 -1.316755264478948195e+00
-4.932818230185954000e+00 1.267611374449250761e+00 -1.603133814954749603e+00
-4.375933491634324213e+00 3.328604875934864649e-01 -4.312360189554900747e-01
-5.018118691453850921e+00 1.029848960516401846e+00 -1.070546348025971373e+00
-4.782977509540843997e+00 1.801425772752407228e+00 -1.453459794044886788e+00
-5.229436605759090639e+00 1.211764582465274742e+00 -1.335599652928168179e+00
-4.617664345220556577e+00 1.104366832717415869e+00 -1.174650808388517653e+00
-4.909253042464639449e+00 1.395758542954467218e+00 -1.305606981924184451e+00
-3.391563427515527529e+00 2.049024718959826963e+00 -1.940509943278738048e+00
-4.442082233620038956e+00 6.571880487706918128e-01 -1.056963876421359139e+00
-4.619072146872714058e+00 1.028070707253680993e+00 -1.443251115494220249e+00
-4.811759408925865067e+00 1.007022203792664161e+00 -1.204070923645703894e+00
-4.545427044833294516e+00 6.363946524791944670e-01 -1.299281690259521671e+00
-4.730947092562123757e+00 6.875718758580015022e-01 -1.148177346115263786e+00
-4.647574200177726489e+00 1.158144660020509642e+00 -1.321455570514096012e+00
-4.176524550655205559e+00 1.222691963754887201e+00 -1.060802408736808644e+00
-4.044048360998004910e+00 1.579231612385429750e+00 -1.726558478419208509e+00
-5.524123337605942652e+00 4.412745920148201106e-01 -1.499124902406167692e+00
-3.745191813326000929e+00 1.125096837186903009e+00 -2.100285764388831300e+00
-4.155132019764566031e+00 1.070976152292661521e+00 -1.627058602139158205e+00
-4.795445703112852343e+00 2.096754847317612303e+00 -1.848759804821945352e+00
-4.082950964545735140e+00 1.028283226918336402e+00 -1.103438230481505800e+00
-4.840993883476351733e+00 6.935272972249678647e-01 -5.023036285179843796e-01
-4.674644554263106322e+00 1.425129610110402512e+00 -1.687944329856418069e+00
-4.656035817157027523e+00 1.441851884448632992e+00 -1.289631825817045385e+00
-4.778265381071049589e+00 1.500359257945376390e+00 -1.245339173933242893e+00
-3.937396858926000220e+00 1.550613268818645363e+00 -1.641860548517450891e+00
-4.643822582279653943e+00 8.635544069393759070e-01 -1.039489761519875710e+00
-4.577350698430619147e+00 1.642322975795974749e+00 -1.223626636342269869e+00
-4.819688203782472868e+00 1.092281915147269578e+00 -1.197858027905346123e+00
-3.633160776115308632e+00 4.906913395277923140e-01 -1.378341512303334460e+00
-4.818989485765237113e+00 9.218309674854199276e-01 -9.298594453358198786e-01
-4.308244928474266544e+00 7.813324039484828010e-01 -8.517267187973263098e-01
-4.177762548533926257e+00 2.257453793949100618e+00 -1.475618611654802015e+00
-5.536263377832881361e+00 8.410782729973822480e-01 -1.468280432541196889e+00
-4.679059629992413427e+00 7.965236300092418675e-01 -1.284085075740276638e+00
-4.732470495002790933e+00 1.023947817053218134e+00 -1.243693475010221094e+00
-3.914394519771092984e+00 1.435691580473924756e+00 -1.030718335521764173e+00
-4.205657904456344909e+00 1.567430074759705860e+00 -1.319156515671919827e+00
-4.113564005860106398e+00 9.220725584963739285e-01 -1.226801596264138094e+00
-5.009803963521398451e+00 1.219744875326125300e-01 -1.430057024290672496e+00
-5.002038862605426850e+00 1.384869095029602981e+00 -1.295876725581800004e+00
-5.001757726315053887e+00 1.526642996139300879e+00 -1.218360908501281870e+00
-4.745568561737577795e+00 1.651210370606052580e+00 -1.329031594072521916e+00
-5.034180980359344915e+00 1.482060028337822244e+00 -1.246558452323638821e+00
-4.221887488226032659e+00 9.929600801893245787e-01 -1.243638674710313863e+00
-3.888402540170758481e+00 1.490114893597749512e+00 -1.293645654236081466e+00
-5.164259322048485146e+00 1.372831931591270038e+00 -1.211073180149582873e+00
-4.482591359009667542e+00 1.106629031853203937e+00 -9.470379138062975377e-01
-4.557381698923753888e+00 1.190904938352711717e+00 -1.165384699640185096e+00
-4.547446692940781965e+00 1.221151896242405499e+00 -1.209460044959241198e+00
-4.159106284066592885e+00 1.621966933305548864e+00 -1.683492818041211647e+00
-5.173614503934579112e+00 5.473861055792875741e-01 -1.141498214829465008e+00
-4.418021932620745496e+00 6.705568257231089291e-01 -1.358175413883916161e+00
-4.454510401222364635e+00 1.376342128805498222e+00 -1.310796225074948085e+00
-4.080401131859223263e+00 1.253151494491915763e+00 -1.217634556163434079e+00
-4.536258890023631807e+00 1.364381354981317518e+00 -1.154382134269991811e+00
-4.895125892270793422e+00 1.372902562101781632e+00 -1.483936293766828562e+00
-4.888907134212790773e+00 1.107674706064778247e+00 -1.282772508271781353e+00
-4.088026590394173709e+00 8.298549743919231281e-01 -1.020188896212371521e+00
-4.631438220102862324e+00 1.543774743967497809e+00 -2.505303368916308226e+00
-4.804336644287106495e+00 8.993838482302722870e-01 -1.174999852768947139e+00
-4.691263152887760413e+00 1.236193152493271885e+00 -1.333446054957053706e+00
-4.250069119053402567e+00 1.256010993298741329e+00 -1.262998534209808010e+00
-4.722554005648813558e+00 1.439123926924860797e+00 -1.296514086857163184e+00
-4.954365450962492368e+00 8.926673933009277029e-01 -1.377636780122994953e+00
-5.231595237793074560e+00 1.475778737665687901e+00 -4.794727243325706545e-01
-4.708736434692889716e+00 6.646668821274139827e-01 -9.715593825575020714e-01
-5.005325598387143415e+00 8.350724206649066117e-01 -1.345161471639078066e+00
-4.999513749864358481e+00 6.315999404166025011e-01 -1.491092782241221437e+00
-4.694651595400201494e+00 1.771815699877975048e+00 -1.345813942936008978e+00
-4.694362528174043092e+00 8.489476260950123976e-01 -1.304696312372934708e+00
-4.834590836250387547e+00 1.133584528708015737e+00 -1.967757031595346318e+00
-4.561105060864485417e+00 1.365769767349875430e+00 -1.195347296850660657e+00
-4.870423429488518252e+00 8.037312766352233684e-01 -6.979387328320092454e-01
-4.055498743282461405e+00 2.138397855703261019e+00 -1.866560842265339248e+00
-4.095952947629999841e+00 1.072628366066312067e+00 -6.646707266400327940e-01
-5.102642751503523755e+00 1.499494885945029443e+00 -1.562322070008295150e+00
-4.557021406716618372e+00 6.079573187614842888e-01 -1.138816599459948398e+00
-4.795678312011815159e+00 1.153184914781810066e+00 -1.011765982209312131e+00
5.079593764189481675e+01 -2.724953329931699386e+01 -7.117917041970271974e-01
-4.826171076193136678e+00 8.541949897118950030e-01 -1.140809980195129025e+00
-4.855451639879240666e+00 8.579222927734770909e-01 -1.103022311726703286e+00
-5.061642362722968969e+00 1.170624630680975331e+00 -1.177460008326176588e+00
-4.720985833280442634e+00 7.483861980468154984e-01 -1.495085066038422728e+00
-4.946453454454154297e+00 5.566391524570826199e-01 -1.232663104744754934e+00
-4.612113453994050261e+00 5.850847739101963096e-01 -1.244156739110308552e+00
-4.802907249218905328e+00 1.159875462580740590e+00 -1.505119449203679682e+00
-4.517987290225832453e+00 1.121640657217142678e+00 -1.258827645542494045e+00
-5.154060789008301668e+00 5.980937704454380999e-01 -6.729172760470375492e-01
-4.834698131739637361e+00 1.455377087859869745e+00 -1.048986068075670852e+00
-5.127792927404664525e+00 1.113318499298331155e+00 -1.436133035023419158e+00
-4.960326569086483950e+00 1.183324113965803726e+00 -1.510314573118557213e+00
-4.796591444991515907e+00 1.316708079189633951e+00 -1.300542787806182599e+00
-5.207421621424447089e+00 9.174957682174187390e-01 -1.239626932075983179e+00
-4.714712288027012477e+00 1.036933539650346514e+00 -1.201731190400199489e+00
-4.295968802337201353e+00 2.039734189433160427e+00 -2.168065523009627960e+00
-4.839329392184946066e+00 5.126637274532579447e-01 -9.300926461644867249e-01
-4.892785693133523850e+00 1.314790010407951959e+00 -9.137994372613849059e-01
-4.981324596560009255e+00 1.157961690099286622e+00 -1.058290382244404526e+00
-4.250709795071103692e+00 1.206623398335647579e+00 -1.146850100038204312e+00
-4.812338866566575390e+00 7.992957065839902953e-01 -1.206733760698558200e+00
-4.887317193933450099e+00 1.657342824385618307e+00 -1.597936546081427212e+00
-4.588815520430322259e+00 6.609043041656068596e-01 -1.243411428224621806e+00
-4.260785235425387896e+00 1.756993890362447575e+00 -1.410564952973609731e+00
-4.408820380335455980e+00 1.128469392557180928e+00 -4.891604731293131558e-01
-4.783146600900497702e+00 9.645580937386009079e-01 -1.317620548860341634e+00
-4.425773253916946537e+00 1.417801021454936139e+00 -1.291463763960973621e+00
-4.449574138072781793e+00 4.315356736693343742e-01 -1.103531627903742818e+00
-4.713513726126137726e+00 1.083561057204442735e+00 -1.228304367883656045e+00
-4.868150505287935914e+00 7.531842580170726720e-01 -1.279598724847271773e+00
-4.279606461707838427e+00 1.197741991030377706e+00 -1.155419470502443868e+00
-4.676760785627668504e+00 1.679318587216150904e+00 -1.282837350849799885e+00
-4.947907696947709155e+00 1.575941013439408955e+00 -1.068015848001036883e+00
-3.557705952222980805e+00 1.178712846793488478e-01 -1.554546152447626950e+00
-4.567378950938382864e+00 1.898401422186841270e+00 -1.164180688616238912e+00
-4.799398406921321580e+00 1.434348543156861222e+00 -1.246133792165135201e+00
-4.245969375768677168e+00 1.408499695575410326e+00 -1.249944865903344082e+00
-5.224255597801680473e+00 1.117913682000548414e+00 -1.338995130357219621e+00
-4.968491985415458778e+00 1.385994229528207944e+00 -1.490883441324837300e+00
-4.962070838418043195e+00 8.357950021909407168e-01 -1.164980511457899937e+00
-4.814900285129035673e+00 7.217572802833235324e-01 -1.188911963079591683e+00
-4.637010045008258530e+00 9.651630170228604477e-01 -1.243808839077454431e+00
-5.192750497003510546e+00 1.431530268031284914e+00 -1.220544572792966465e+00
-4.802660999371365591e+00 8.163478908950656532e-01 -1.256256850726457541e+00
-4.479467063896538370e+00 6.574280155666269998e-01 -1.159247117136506633e+00
-4.868071124942730421e+00 6.738613087938246649e-01 -1.136092304867705405e+00
-4.647433654885086973e+00 7.178682251743957465e-01 -1.233063561549537335e+00
-4.698969400620569559e+00 8.751185572303359361e-01 -1.204822381943990273e+00
-4.427703479279349708e+00 8.767224123859899132e-01 -1.358283313947472370e+00
-5.066878361421768950e+00 6.881774247457294047e-01 -8.584282509490342994e-01
-5.162808244210991937e+00 1.624856117925990384e+00 -1.261309802807033531e+00
-4.419876261344558799e+00 1.341171299538536754e+00 -1.230978473132424256e+00
-4.830624970442660704e+00 1.417168068173283668e+00 -1.232840492156072720e+00
-4.870712126192082714e+00 2.307014445412755688e+00 -2.012520430227432211e+00
-5.102423476964365712e+00 1.128315067856992426e+00 -1.559228040208433308e+00
-4.920609633903175961e+00 1.528511222896414834e+00 -1.122189125001443299e+00
-4.089580119035555406e+00 1.137014956004856359e+00 5.851339816246624304e-02
-4.509241134069652546e+00 6.518151000840386455e-01 -1.773929880836743855e+00
-4.727697367563168385e+00 7.966059777392173746e-01 -1.181602778266515497e+00
-4.278059913197854947e+00 1.978776591306848687e+00 -1.430989861294841736e+00
-4.840234125943422505e+00 1.473245508718306507e+00 -1.136390923688017196e+00
-4.724097295648758355e+00 1.872733669725530903e-01 -1.007471570775473113e+00
-3.283713688333997016e+00 1.637494804325372311e+00 -6.723744663724203763e-01
-5.032063011295641708e+00 5.643756592519164617e-01 -9.659543836894887159e-01
-4.590621757278408488e+00 8.742383505018764822e-01 -1.704665600049415142e+00
-4.084322229497390211e+00 1.152277921830689777e+00 -1.013106078169562885e+00
-4.586721233354956517e+00 1.339468695324845804e+00 -1.264348744282537851e+00
-4.894255412707812170e+00 9.151628661163156986e-01 -1.293125969209483195e+00
-5.347410212649991834e+00 4.305055698545128817e-01 -1.485389683267663408e+00
-5.318553799492747203e+00 6.571107439409307194e-02 -1.251086122750508567e+00
-4.234911372985787459e+00 1.314051873415967853e+00 -1.286020167361923594e+00
-4.470041737027939277e+00 1.145279656178237904e+00 -1.124332885346025934e+00
-5.299515763126495749e+00 1.701035746315424368e-01 -1.028766522786067616e+00
-4.879753571698726589e+00 8.793250297756524114e-01 -1.401693309822545697e+00
-3.806168195167060730e+00 1.340949871932589632e+00 -9.157797413751979088e-01
-4.248889416721933543e+00 1.387371968412051126e+00 -1.123233989408723765e+00
-4.174319673271282838e+00 1.069599891942552228e+00 -1.272249542950766976e+00
-4.808303718214139266e+00 1.492451632365809688e+00 -1.363659150572664069e+00
-4.254850320545821241e+00 1.354343085961566384e+00 -1.380013455817665546e+00
-4.721252819864431238e+00 1.790396358677987187e+00 -1.129209470960702344e+00
-4.367374602077420676e+00 5.108512583457952561e-01 -1.139416097918126702e+00
-4.471312079567553610e+00 8.429973905123193667e-01 -1.320714277952767857e+00
-4.542960510846997479e+00 1.097883075770224703e+00 -1.149390393981918779e+00
-3.867077027134889100e+00 1.022631897966388648e+00 -1.448111794485399839e+00
-4.174796972148126173e+00 1.267197382276849416e+00 -1.244096096285919772e+00
-4.404308602449405363e+00 1.479475423597903072e+00 -1.325688829971066296e+00
-4.457171079594691498e+00 1.423383306636561318e+00 -1.413593307335476945e+00
-4.719729801078411668e+00 1.141383684375715024e+00 -1.068109859109548143e+00
-4.527744068516287967e+00 1.541246330448292401e+00 -1.589906503658971459e+00
-4.843254471867552979e+00 9.400530527756733035e-01 -1.562917266254926441e+00
-4.446629059597078104e+00 1.470916333418406552e+00 -1.546680041122833638e+00
-4.629173315793123855e+00 1.449829715051577539e+00 -1.169296300933737820e+00
-4.781398965564545911e+00 3.930344691196144824e-01 -1.349513505507773381e+00
-4.972776260915676261e+00 1.091284224205335329e+00 -1.325240727610947911e+00
-4.517917024455021746e+00 6.888525477766518357e-01 -1.128018943690424658e+00
-4.230509770171742012e+00 1.393911934287506593e+00 -1.278350600831375861e+00
-4.509623445369107309e+00 9.035858716639979527e-01 -1.481513658989323634e+00
-4.796913099419999327e+00 1.238784285889598991e+00 -1.174244131842982153e+00
-4.226351821543986809e+00 1.534302613993041797e+00 -1.376776293829516273e+00
-4.554521126797527408e+00 9.005345134642788185e-01 -8.995356495962669729e-01
-4.459841950370181607e+00 1.136837133504490005e+00 -1.369151364504292534e+00
-4.775802747885935950e+00 6.403487463967133531e-01 -1.259983737472535559e+00
-5.048781507011700143e+00 1.409145656327299934e+00 -1.294238377668449624e+00
-5.409266522374258201e+00 1.169380627655562943e+00 -1.792573073210867340e+00
-5.186730262093568022e+00 1.098812595278162663e+00 -1.118186682047367153e+00
-4.731425127739467662e+00 1.331199864798229271e+00 -1.527191604953518134e+00
-4.311642183379869486e+00 1.280096986155078165e+00 -1.581192522875126683e+00
-4.351919560729826664e+00 1.245029623203172120e+00 -1.174392735427350232e+00
-4.463211532967299888e+00 6.539444302252789276e-01 -1.344014568772377682e+00
-4.273908932102756353e+00 8.210239996986306021e-01 -1.884420651282509684e+00
-4.409993698353689595e+00 1.638067478310093472e+00 -1.238318202503668752e+00
-4.308618159381715884e+00 1.108165914218551151e+00 -3.548414063183378264e-01
-4.651960836795669962e+00 1.312215279023683623e+00 -1.204043119542074658e+00
-4.575354753984100853e+00 1.321843555416132521e+00 -1.053954697325769851e+00
-4.525883923096404082e+00 1.086172339840375756e+00 -1.106110991127184473e+00
-4.716449714220599887e+00 1.551793321226725864e+00 -1.139058089387932515e+00
-5.297514168611312968e+00 9.641775733484053701e-01 -8.792343275303130534e-01
-4.029843289601068079e+00 4.219671289595652297e-01 -1.678699857139310803e+00
-4.851584029807352039e+00 1.684968042754076967e+00 -2.138240146915892481e+00
-4.736063054601180156e+00 1.766597137774661708e-01 -2.185173401372134450e+00
-4.811319094520386308e+00 8.317415578254520048e-01 -1.338773241933828961e+00
-5.030680159398623452e+00 9.131234546148966347e-01 -1.151048498200113679e+00
-4.669204867025796624e+00 1.240830055397883491e+00 -1.170307932806019302e+00
-5.727455980713881623e+00 2.165990234448305962e+00 -1.541929404309323903e+00
-2.602773773284453895e+01 -5.730247469648929126e+01 -6.600355811607616641e-01
-3.609523083573643820e+00 1.121508596778552524e+00 -1.439518010668171977e+00
-4.324108501606342969e+00 1.545367277123260497e+00 -1.208949633103198806e+00
-4.376661823247181005e+00 1.666711464162216716e+00 -1.495506742522040744e+00
-4.415541052614129214e+00 1.353720551439584918e+00 -1.297567615465575086e+00
-4.323778925786300853e+00 9.316943433850084499e-01 -8.695780003118457335e-01
-4.985531484458394225e+00 9.172887988512669066e-01 -1.679003401687629182e+00
-4.345213124922933545e+00 1.242307892841306272e+00 -1.211647883239190149e+00
-4.544235685723785778e+00 1.187498686169351725e+00 -1.381494912762440075e+00
-4.375952710640922838e+00 7.559620160656865817e-01 -1.128002359632272578e+00
-4.740630779735486300e+00 7.493652314854266638e-01 -1.004166365324178800e+00
-4.918304101803339101e+00 1.142285821643565624e+00 -1.259901033687859551e+00
-4.442579081935931207e+00 6.094126671214546986e-01 -1.031353930048163337e+00
-4.329428524024760527e+00 7.622061316512691587e-01 -8.926344231914141725e-01
-4.535145863013039680e+00 1.308035139073157715e+00 -1.338782673792461519e+00
-4.234210007086594452e+00 1.227845244736172292e+00 -1.369029978291780081e+00
-4.533319639290607661e+00 1.064773123639488617e+00 -1.295393464379808179e+00
-4.736958836067076462e+00 5.421903159073109268e-01 -1.545673330968554193e+00
-4.772952380712887965e+00 1.637311936017704195e+00 -1.142843187937615523e+00
-3.527530317997066511e+00 7.100936153109687066e-01 -1.802774056050100882e+00
-4.643994115547489976e+00 1.356888555929602225e+00 -1.281302262921631518e+00
-5.014397026987500894e+00 1.312130808282607308e+00 -1.544811655324582089e+00
-3.827501477102968064e+00 1.472008628324888102e+00 -1.253984615578287887e+00
-4.865886358183765914e+00 1.669588892190345453e+00 -1.306268642458526807e+00
-4.925250622441677884e+00 8.993871509536703890e-01 -1.288486095932214193e+00
-3.802573227173394965e+00 1.556579433816304592e+00 -1.522044187612333399e+00
-4.128134246654379780e+00 1.071676950784072213e+00 -1.526816358591793099e+00
-4.592210350007242425e+00 1.875501319152518720e+00 -1.456763541191942846e+00
-4.651086848274522900e+00 2.794814084351998629e-01 -1.257829554331600486e+00
-4.307832046012816107e+00 8.901929461929366516e-01 -1.387704625490348453e+00
-4.316922120702329835e+00 1.468082302366259029e+00 -1.118804991291565631e+00
-4.485617427645836486e+00 1.260000716550004674e+00 -1.220512726515614599e+00
-5.163221910440989326e+00 8.576097741258611462e-01 -1.598891987589578845e+00
-4.543283912503111921e+00 1.095865193527389536e+00 -1.288644613660848703e+00
-5.106938027632090815e+00 1.139850322642113500e+00 -1.418665888328615621e+00
-5.079349243581498641e+00 1.589613102330271532e+00 -1.078596035113408069e+00
-5.199485545099346240e+00 1.550111857651080616e+00 -1.212770449101717718e+00
-3.910075261713461536e+00 8.970146088996290290e-01 -1.519616127535155181e+00
-5.184825063690647440e+00 1.610746739543593709e+00 -1.298420837607141554e+00
-4.247263178140999962e+00 1.199805150242231111e+00 -1.110146666077250543e+00
-4.393277884797916144e+00 1.244418452318073243e+00 -1.154572616214943448e+00
-4.242429479141885729e+00 1.249798679037048776e+00 -1.019600914747263332e+00
-3.921531046222368033e+00 1.510146686404515437e+00 -1.272486903133901226e+00
-5.051531298298930217e+00 1.692307887135867661e+00 -1.202094361607032535e+00
-4.314299885722197914e+00 1.140483797612874550e+00 -1.233585260966672648e+00
-4.617961314515388160e+00 1.429979040888857522e+00 -1.232130283644634616e+00
-4.713714271858560068e+00 1.100510178197453559e+00 -1.183643430920573003e+00
-5.157296151304492149e+00 1.467654991719377744e+00 -1.235964748830190807e+00
-4.593754000145809258e+00 7.207567656641183929e-01 -1.695754191776311481e+00
-4.988676188311638171e+00 7.726363419755007955e-01 -1.207969270019406238e+00
-4.481541558444980922e+00 6.602410017387069230e-01 -1.818051936615563635e+00
-4.548630477411676587e+00 1.396104384082766270e+00 -1.132719145582066433e+00
-4.569687901517619721e+00 1.947836615583613540e+00 -1.569529991123879142e+00
-4.253465859539540261e+00 1.242740655183391940e+00 -1.429041708904614572e+00
-5.045794318463497241e+00 1.105395995535824349e+00 -1.447122209054473752e+00
-4.425715791390525844e+00 6.112087992394615865e-01 -1.206056265765399704e+00
-4.530715430599152604e+00 1.515082862767370253e+00 -2.248251627049128842e+00
-4.016213568066707040e+00 7.718208571550791985e-01 -1.371326760257459698e+00
-4.832818639574348651e+00 8.572714262441681887e-01 -1.137143223175879125e+00
-4.756254923851214400e+00 1.068756071949407582e+00 -1.408345133174826680e+00
-4.682012016501095886e+00 1.240822159365389199e+00 -1.174680050621688565e+00
-4.185451409340538831e+00 7.839343566745927694e-01 -9.811001861638283250e-01
-5.098838184778005100e+00 1.283148930837755719e+00 -1.321841309490809691e+00
-5.075786496840972717e+00 1.130325746481144256e+00 -1.294398741280544884e+00
-4.724022261430416592e+00 1.731119874805652437e+00 -1.469277969185053934e+00
-5.511681837321842359e+00 1.220877586605601639e+00 -9.788244375224193217e-01
-4.712152048027967055e+00 1.211648635762685666e+00 -1.224077957455213861e+00
-4.895460156079302294e+00 8.186559948610577786e-01 -1.339492453972764618e+00
-4.382650663528674606e+00 5.953468343860811585e-01 -1.281921445895731759e+00
-4.406796123178756019e+00 2.808066517759665870e-01 -6.223220806625704427e-01
-4.318223560925091853e+00 1.089554068548909571e+00 -1.292009803765588494e+00
-4.878727160752685421e+00 8.874602958906084860e-01 -1.513135307033671051e+00
-4.367951015001874993e+00 2.042031006648764357e+00 -1.988692012467101033e+00
-4.370144670687015953e+00 4.152485876489724337e-01 -8.348747238955431804e-01
-5.315298734196683306e+00 9.411312250259221690e-01 -1.254113537041118498e+00
-4.280348719564387672e+00 4.494578922092378193e-01 -1.419854814306985125e+00
-4.914833654408306884e+00 1.258032968404121821e+00 -1.260645234258440439e+00
-4.915566051529311586e+00 1.377990876256124375e+00 -1.348594800755729572e+00
-4.701533623563023845e+00 1.686435503867243169e+00 -1.247082314032492922e+00
-4.423049188214660532e+00 1.161852369896450465e+00 -1.287992447829023890e+00
-4.961504597036328512e+00 1.433836684196424294e+00 -1.806830413953045333e+00
-5.040239018846695451e+00 1.361289334134397899e+00 -1.125283894377355320e+00
-5.303708400447643356e+00 1.344704384932167152e+00 -1.762426691847371663e+00
-5.871798523736968534e+00 1.330815408043105830e+00 -1.422846285033026348e+00
-4.294215647759424215e+00 8.167377152218153746e-01 -1.179960477986215395e+00
-3.338723999675474285e+00 4.403604525499216771e-01 -1.774022039460266376e+00
-4.415921961990638245e+00 1.506060226350454112e+00 -1.299779550365401715e+00
-4.557859122741761304e+00 1.038861986267363369e+00 -1.141014039661315316e+00
-4.214464315101299263e+00 9.092167184342517805e-01 -1.301699797777224887e+00
-4.434113292561273845e+00 1.360875178170670941e+00 -1.273004662642136742e+00
-4.946451102567693603e+00 1.426680662244019793e+00 -1.231886102163507690e+00
-5.129509738615587011e+00 9.873284199545859785e-01 -7.897572697150273546e-02
-4.684887572513663834e+00 1.105009926473103254e+00 -1.149001224851129876e+00
-4.549574166835800959e+00 6.028898795398077715e-01 -1.256937578354009100e+00
-4.483794125056205893e+00 3.621584798533593608e-01 -1.279866136985751801e+00
-5.036566095452808867e+00 1.083728487380319461e+00 -1.101627852055047985e+00
-4.035345674956228201e+00 8.075212994234673980e-01 -1.237917825490751245e+00
-5.038472473325788847e+00 1.487596368908332467e+00 -1.204328566436772219e+00
-4.688426523712293736e+00 1.240837758516779354e+00 -1.179717561241746537e+00
-4.483687319991456199e+00 1.362867598175045769e+00 -9.807039100933787612e-01
-4.735581825295311909e+00 1.129152071650485922e+00 -1.226076170198171500e+00
-4.576317397234096696e+00 1.172813553679215914e+00 -1.133376428639148115e+00
-4.332840423725837553e+00 1.174352446148840601e+00 -1.575506736544765696e+00
-4.662397112915113162e+00 1.398730420140967157e+00 -9.087786420050402159e-01
-5.064287874944901624e+00 9.187102595492829815e-01 -1.159888838444589343e+00
-5.114282222874122041e+00 4.112262461514991640e-01 -7.942105114490408679e-01
-4.859096829028969111e+00 6.466032225962466962e-01 -1.548945928866306998e+00
-3.783350085631005388e+00 1.487829656961950242e+00 -1.870165347110834819e+00
-5.341738050831641438e+00 9.278431259834503120e-01 -5.271622446665908956e-01
-5.074222296187141268e+00 1.049089096694775236e+00 -1.219086498655253425e+00
-5.246213618219173647e+00 1.537299820220108693e+00 -1.443368573282161504e+00
-4.656606505449761180e+00 8.873295157105219877e-01 -1.472690678009116683e+00
-5.245131099922369700e+00 1.158950110973320236e+00 -1.581125718181389361e+00
-4.485026837519686005e+00 1.447737806382602299e+00 -9.890824542064947655e-01
-4.556331734347049967e+00 6.768935507890503356e-01 -1.098386777969932782e+00
-4.772364732418500566e+00 1.391974771774910635e-01 -1.343003046068430129e+00
-4.921198444945219741e+00 7.502045952146282337e-01 -1.336730183801923877e+00
-4.933961317019011084e+00 1.070218764768842146e+00 -1.114138333620308119e+00
-4.362840705963355603e+00 1.114086656647613749e+00 -1.328107899136734327e+00
-5.171645264980619494e+00 1.187181009939019649e+00 -1.161270019790523245e+00
-4.770318660881439854e+00 1.133063188387314346e+00 -1.012894237813566356e+00
-4.337988181112449659e+00 9.718584304761745951e-01 -1.338997701573607202e+00
-4.242706616114896967e+00 1.499817912269798548e+00 -1.606930210100259604e+00
-4.779338589689821504e+00 1.172711389918361879e+00 -1.166089517482242766e+00
-4.378751108189900876e+00 1.005369356385384716e+00 -1.585190230158230795e+00
-1.003378811655525915e+01 -6.508216769261494505e+01 -7.523885692792182667e-01
-3.878843223051855027e+00 9.422683072346280664e-01 -1.516027753648492071e+00
-4.971170452992160982e+00 5.238583003110167668e-01 -5.740845891214857444e-01
-4.832334680860633114e+00 6.707221737444640786e-01 -1.333965674853953232e+00
-4.921044734820522848e+00 1.252560024358761348e+00 -9.944929726487565791e-01
-4.983048523862830592e+00 9.825168446911308751e-01 -1.243235926312091122e+00
-4.683828902395260840e+00 1.831826338778290264e+00 -1.099359430479160959e+00
-4.387903611291493533e+00 1.077940220891306700e+00 -1.338133822282618235e+00
-4.771892723247830759e+00 7.560007608646232002e-01 -1.249627178288661655e+00
-4.885291047281582699e+00 1.304549276092949572e+00 -1.260784926842182685e+00
-5.079335772566536455e+00 1.545045989958535371e+00 -1.108550422411866965e+00
-4.436449844849575719e+00 1.453246227014396430e+00 -1.226657628577426440e+00
-4.522998696159299392e+00 1.123396372734365434e+00 -1.196252358293593776e+00
-4.190952189301932584e+00 6.957228009891862630e-01 -1.382726282167308751e+00
-4.720509753340763837e+00 1.227180428927559630e+00 -1.682276885216448026e+00
-4.780138685055444370e+00 1.599208618151632288e+00 -1.369912194341764478e+00
-4.066029918421782519e+00 4.984743868291747759e-01 -1.149674908210962299e+00
-4.607560102458504225e+00 7.586599164653251570e-01 -1.502320667651710240e+00
-5.064652192892674876e+00 1.624145762582257957e+00 -1.446114895695247204e+00
-4.740463315265791344e+00 1.119179210397104107e+00 -1.223223412699049772e+00
-4.920034216594235232e+00 7.582427601323527000e-01 -1.448460254925851842e+00
-4.292181123218486327e+00 1.548580029600594932e+00 -1.214166882210063081e+00
-4.726247468847220468e+00 1.202118722127410111e+00 -1.291926389708228928e+00
-4.236713613196750217e+00 8.872656622561564399e-01 -1.258949506924963435e+00
-4.488002771503982302e+00 1.223334498644190305e+00 -1.188591619443918779e+00
-4.285347525019969517e+00 4.694551539343991831e-01 -1.192760451774727226e+00
-4.483626424550946510e+00 1.132606460882657151e+00 -1.263357259929942744e+00
-4.570729047929824596e+00 1.500832545201433055e+00 -1.358015463620453556e+00
-4.934504152262248589e+00 9.163799944529360531e-01 -1.037590943190701998e+00
-3.985432649267715455e+00 1.464017889202680056e+00 -8.377966322995339388e-01
-4.720834564390483656e+00 2.126418370087016729e+00 -8.415362946944578981e-01
-5.000308336367480067e+00 9.985116890881493013e-02 -1.177911796988314386e+00
-5.028319164138594921e+00 3.851876348448025067e-01 -1.183563819366584724e+00
-4.988143608061058387e+00 1.595117029645498841e+00 -1.275437141152377496e+00
-5.176731608999033618e+00 1.496909762919599984e+00 -3.350796276510858429e-01
-4.574208873271606635e+00 1.030919884312074153e+00 -1.335438705819296468e+00
-4.962690311456903203e+00 1.682879359678754128e+00 -1.549187184305706122e+00
-4.262568721940826144e+00 1.358913105389850884e+00 -1.381278644545421042e+00
-5.089238137142354290e+00 9.238672120908161256e-01 -1.410535633499097496e+00
-5.204225515302081106e+00 1.295000576156872807e+00 -1.318551385589540770e+00
-4.712288540801158554e+00 8.236521308192289448e-01 -1.166186422325532490e+00
-4.879217179842239460e+00 4.776164081056713528e-01 -1.066599722207416834e+00
-4.231145786363052608e+00 1.036623808962900961e+00 -8.818930334926889936e-01
-5.195449728115504762e+00 1.078439215692421183e+00 -1.235827929536706060e+00
-4.813682207487338438e+00 1.363383934072502024e+00 -1.586214333507781626e+00
-4.947241155706274540e+00 8.630051595337070447e-01 -1.115253328726507398e+00
-4.604045251101462455e+00 7.717061630122844518e-01 -1.176563255111413131e+00
-4.846205570911964244e+00 9.129125221196423556e-01 -1.171109659125746605e+00
-4.671795911167647475e+00 9.844389310607396526e-01 -1.192131674722693546e+00
-4.846503458512103180e+00 1.248999091431580499e+00 -1.182205783750120975e+00
-4.747032831348180437e+00 1.521342198256048439e+00 -1.089123761622717845e+00
-3.660780216815928689e+00 8.115367148671153164e-01 -1.419819215217738684e+00
-4.279422211697339051e+00 5.423612819380257966e-01 -1.928233857444495492e+00
-5.262814456403135388e+00 1.388067434910105202e+00 -1.210492987823037048e+00
-4.361300106081392514e+00 1.874625967214423428e+00 -1.208010032171905612e+00
-4.981459289399288615e+00 9.366093161764823538e-01 -9.850411529179341485e-01
-5.002913774294355242e+00 1.008566900804231281e+00 -9.646889040986756925e-01
-4.460810585527173799e+00 1.076154610710009729e+00 -1.128793440920887070e+00
-4.627015407391922075e+00 1.029188005086062230e+00 -1.304269304283225184e+00
-4.750644571633058533e+00 4.436364415682292894e-01 -1.027173695353776450e+00
-5.058469479640448796e+00 1.029202751812984262e+00 -1.380727813031707552e+00
-3.505075734544260246e+00 5.575464719476772579e-01 -1.996798889300032576e+00
-4.374599161601818054e+00 1.286962978482681375e-01 -8.781683325620940339e-01
-4.761512843292902808e+00 1.760482379435861056e+00 -1.583086527472127525e+00
-4.236603582288616110e+00 4.856118137714510175e-01 -1.411004380044573514e+00
-5.129733673510566305e+00 1.141320227257579090e+00 -1.024717271772427774e+00
-4.080630914173825730e+00 1.330303140546454932e+00 -1.531908212938051017e+00
-4.447499601126103208e+00 1.021045933736766775e+00 -1.416459061681095033e+00
-4.296695568381768915e+00 9.179639165695349101e-01 -1.134530797244411637e+00
-4.541565989794292157e+00 1.705196180493019575e+00 -1.561224893426776950e+00
-3.514472728086949438e+00 1.777356048971612701e+00 -1.865888698063432827e+00
-4.866357245962079858e+00 9.664947003349070309e-01 -1.096217623834112587e+00
-4.272257056061312674e+00 1.742948821050062547e+00 -1.359117217000683109e+00
-4.261795070340280489e+00 1.088975472996966731e+00 -1.255310552950421377e+00
-4.965366543768592322e+00 1.176054622990280629e+00 -1.155529396920450091e+00
-4.693247346963447697e+00 7.556239457122460035e-01 -1.191755904364388163e+00
-5.277360682643323031e+00 1.676928011596528600e+00 -1.918094180905053125e+00
-4.737675233209095005e+00 1.077660020501153726e+00 -1.252876251618513903e+00
-4.547275408362672522e+00 1.274740987080817511e+00 -1.268725691057874583e+00
-4.192819728767571696e+00 6.822737737335965447e-01 -1.138747445253430968e+00
-4.227486681933618762e+00 1.216056648104195004e+00 -4.916646487201609683e-01
-4.763705902672926484e+00 7.521265328088521107e-01 -1.413947215409286917e+00
-4.873373507501796098e+00 1.114181904053052063e+00 -9.691718841502706683e-01
-4.703736273673509771e+00 1.351681435049179925e+00 -1.112631428025244951e+00
-3.987792114015065170e+00 1.173200614152475341e+00 -1.243962855423790703e+00
-4.268339085340471684e+00 9.924809509584759937e-01 -9.980099866133368414e-01
-4.417447053746342611e+00 8.333462848819435109e-01 -1.233816975095598512e+00
-4.332407760670858643e+00 7.339865492169179717e-01 -1.320201527549235809e+00
-4.327226805568468393e+00 1.063816810751105013e+00 -1.193578838173341428e+00
-4.729473898502119411e+00 1.113179331733965771e+00 -1.128141382170843254e+00
-4.308773014958537928e+00 1.704596032789444715e+00 -1.261067439254998312e+00
-4.791404408711236407e+00 5.296263514945815931e-01 -1.525216284733424521e+00
-4.532744794839445923e+00 1.598097146908178390e+00 -1.425556262163636845e+00
-4.714083591174717647e+00 7.994827387097291904e-01 -1.220258669521627093e+00
-4.405316625793313179e+00 1.097256461037269704e+00 -1.263252917166599598e+00
-4.821877381047837474e+00 1.361321583556034831e+00 -1.263170016234026249e+00
-5.295193160693468570e+00 8.749451199389394196e-01 -1.329735328493610202e+00
-4.517897445674224244e+00 9.740399037912438329e-01 -1.124581689953624730e+00
-4.493433410534783512e+00 6.210965774653638416e-01 -1.305096358119367972e+00
-4.694089043923101556e+00 7.673475852153583965e-01 -1.166226678402145334e+00
-5.060815786130747007e+00 1.248094474975149915e+00 -1.075577528527187132e+00
-4.275839842414847602e+00 6.404848437450924026e-01 -1.093316341789777768e+00
-4.263830789120344633e+00 8.360710443345970022e-01 -1.462020088112849336e+00
-4.081381536529160137e+00 1.422342997580755330e+00 -1.329192766281581228e+00
-4.474617564561708782e+00 7.592931759614115483e-01 -1.665153109997934866e+00
-4.364842742145706112e+00 1.236611977510782445e+00 -1.246839004094583148e+00
-4.413597738027670303e+00 1.004276053145849668e+00 -1.105357060959211823e+00
-4.418785677562371283e+00 8.048243739513604167e-01 -1.401848456815224964e+00
-4.714495408459725923e+00 1.536710393586980805e+00 -1.171932660765003575e+00
-4.380046795523176328e+00 1.160671617151267432e+00 -1.533836986361205135e+00
-4.347779597077511049e+00 1.232083705404645846e+00 -1.246593232530009310e+00
-4.756759683159642371e+00 1.053940250820954772e+00 -9.961400011805141563e-01
-4.147399493021667105e+00 6.762463707675112623e-01 -1.021151859492567260e+00
-4.655364640333069737e+00 1.286699255701849509e+00 -7.767145044307470769e-01
-3.996157894625502305e+00 1.085528661841985487e+00 -8.921441850128255524e-01
-4.676586555090296748e+00 8.326846786771614495e-01 -1.301672951008284063e+00
-4.182105156691416248e+00 2.321232696657120176e+00 -5.356896841679672505e-01
-4.495853701154642224e+00 1.547332288838841663e+00 -1.221943815079811646e+00
-4.877123886833433453e+00 1.217951593933979115e+00 -1.385430907728277150e+00
-4.295735595088405745e+00 9.012577801732279958e-01 -9.100511452496654607e-01
-4.013308282498691426e+00 1.879913259935788838e+00 -1.427596797203411816e+00
-4.149445125972339277e+00 1.475003657780431299e+00 -1.291104219733251179e+00
-5.092038949421443306e+00 5.705201762164017198e-01 -1.011161775606731705e+00
-4.222420762716184939e+00 1.056181047810570206e+00 -1.177338333484882815e+00
-4.354679669687785193e+00 1.111655418973970466e+00 -1.286693133412283752e+00
-3.262528645424268792e+00 7.825184885347739794e+01 -4.083708600627724561e-01
