-3.262309728256262531e+00 5.379470510888058055e-01 -9.820574108822760495e-01
-2.773500801280978756e+00 1.080262182629417200e+00 -7.198272170658063240e-01
-2.774644370759420386e+00 4.709057104830886020e-01 -1.427602240262574318e+00
-3.337521320663265012e+00 1.540988368091967375e+00 -1.449920320287329423e+00
-3.655053835658684580e+00 5.636067379748904704e-01 -5.602989353916998372e-01
-3.317966950255192060e+00 1.010141021751259222e-01 -9.940013074048900110e-01
-3.051632946857193662e+00 1.078955216567174302e+00 -1.002377580792968459e+00
-3.467500231334847527e+00 4.131829994642816084e-01 -1.226717533468648202e+00
-3.570695979617010352e+00 3.907431706588381237e-01 -1.308801893142554462e+00
-3.209313457300880135e+00 6.447871390180983653e-01 -9.068770672001608135e-01
-2.747220951680411805e+00 7.001983741874614475e-01 -1.270702434397129155e+00
-2.758654539291156116e+00 1.622804899146318425e+00 -1.410725494416812609e+00
-3.429447023390440386e+00 8.109108538653654330e-01 -1.251702683057487997e+00
-2.994994072135562568e+00 9.043886247372719955e-01 -9.951350141400292504e-01
-2.817117354888474701e+00 7.136687336909303125e-01 -1.309673194428458531e+00
-3.200917392353594515e+00 1.724965612199964859e-01 -1.061201567020620073e+00
-3.270860694254116297e+00 1.008182978923748641e+00 -1.481509799179969056e+00
-3.381806346054376800e+00 7.744170960142979232e-02 -1.052148863737175422e+00
-2.878822783958809417e+00 6.456009253469565667e-01 -1.276339056120429305e+00
-3.003496743142401559e+00 1.084043772021790364e+00 -1.157828827067197697e+00
-2.666190776106974969e+00 6.618202517722783229e-01 -1.102870218643120959e+00
-3.408791809920003857e+00 4.631464346012252875e-01 -2.194206296118379917e+00
-3.340290019010238254e+00 2.002559297505834279e-01 -7.967212460780124239e-01
-2.813776160450606412e+00 1.269551407989292890e+00 -1.878996683110803145e+00
-2.565290969244649055e+00 7.436647122534555399e-01 -1.073243861692402046e+00
-3.616618770952228168e+00 5.331259292419503470e-01 -1.010145934567225678e+00
-3.417247977764047207e+00 5.770727542588822701e-01 -1.091760285916840933e+00
-2.416157593442002760e+00 4.490096327709499485e-02 -1.111344409849403636e+00
-3.409910529149077885e+00 2.984994148613157039e-01 -1.091337530780397191e+00
-3.096323617898571801e+00 2.779291292087234244e-01 -1.114694712648951480e+00
-2.603849053962791427e+00 5.244194307854552761e-01 -1.068222963351977528e+00
-3.682814599110486142e+00 1.106533250002703861e+00 -8.594478732231434215e-01
-2.724908567856541453e+00 8.723098514750009524e-01 -1.262376122475419526e+00
-3.459965830532196751e+00 1.025649486209407463e-01 -7.325958953092541748e-01
-3.367053233581631222e+00 3.562317264389459059e-01 -9.658289842467749908e-01
-2.799475769171789530e+00 5.020496360307173944e-01 -1.043595272939668472e+00
-3.276340280563719176e+00 3.570151069683988876e-01 -8.108834529181688788e-01
-3.015919109355004402e+00 1.389747888172232937e+00 -1.533813597760994130e+00
-2.602232006185605240e+00 3.733500781800139778e-01 -1.241113789829997094e+00
-3.267704587138370975e+00 3.614678234614985830e-01 -1.153852592512405018e+00
-3.258838549280970831e+00 -3.974535631311083561e-01 -5.878359649758923000e-01
-3.446431197108710265e+00 8.260990532411252030e-01 -1.026379158731034247e+00
-3.226865565139885650e+00 8.609852131664283981e-01 -1.048270419656565977e+00
-2.726072015488420597e+00 4.697659121903917656e-01 -9.238048894353647622e-01
-3.804561242079586236e+00 -2.131494769673025758e-01 -6.940452677357672462e-01
-3.240189515455432101e+00 1.213052738173217709e-01 -8.469768340683196950e-01
-3.314359318262659393e+00 8.496866677753348585e-01 -7.639472616349597400e-01
-3.548277782997276475e+00 2.643972243972834701e-01 -1.252812335125162324e+00
-3.346443347549178160e+00 6.020810314313074230e-01 -1.044411825031722252e+00
-2.761045381863519221e+00 9.041304622819865688e-01 -3.255090009145966690e-01
-3.044286935926002080e+00 7.693833246204899723e-01 -9.793463507154483993e-01
-3.565914247198785691e+00 7.238628217523213060e-01 -1.221929930182982016e+00
-2.744133582233908797e+00 6.291134544925467420e-01 -9.791663193843707091e-01
-3.252183651345167181e+00 -1.952559046487850961e-02 -1.072220918561485714e+00
-3.158099676267610789e+00 1.810416057707250059e-01 -2.387570485968225409e+00
-3.237157181690069052e+00 4.212133720125526004e-01 -1.016451103776181419e+00
-3.377023307196293622e+00 2.844898637275160569e-01 -1.136119149023174346e+00
-3.574840293322505413e+00 6.403928286598866704e-01 -1.102496598073806622e+00
-2.818807234636275805e+00 -6.133453191730645626e-01 -1.667610606935934658e+00
-3.167438438327725869e+00 6.027715199932723866e-01 -9.365402989116184962e-01
-2.415611555622191542e+00 5.014046336100150825e-01 -7.161615431440685464e-01
-2.975486206636975606e+00 1.210095833294664525e+00 -1.408961214435315190e+00
-3.897564054631441177e+00 8.059973869982662853e-01 -1.468111248967227889e+00
-3.251212249838550061e+00 4.523745079441854333e-01 -1.091285667683977501e+00
-2.681298697565108746e+00 7.382219554281825857e-01 -1.092445982484966605e+00
-3.022798187885446186e+00 9.477482641155596799e-01 -1.102094095937241169e+00
-3.302165207286737569e+00 8.595829611012254512e-01 -1.073208574766796986e+00
-2.976843821859949557e+00 4.851887101074307540e-01 -1.065153701606812886e+00
-3.637217271923175232e+00 4.995881031132134442e-01 -1.398342864980967271e+00
-2.623032810620224087e+00 2.450923328308144411e-01 -2.318633279054519658e+00
-2.924307817871849569e+00 5.036458072039491363e-01 -1.141800946898266389e+00
-3.148851446677483956e+00 3.288793504135466006e-01 -9.365074556408068407e-01
-2.901089718687884123e+00 4.497078325823792855e-01 -1.145759282352933672e+00
-2.905646935191257718e+00 8.155335345082103116e-01 -8.976676374798260305e-01
-2.699955444930254078e+00 4.482868413048211598e-01 -1.090303239752090425e+00
-3.125791577776907637e+00 1.015485455439241846e+00 -1.096282871731564912e+00
-3.507911570028678927e+00 2.968665937122113019e-01 -1.225490338165923371e-01
-3.103352487427231132e+00 5.785563412972565267e-01 -1.584010362011857520e+00
-3.161496731805575777e+00 5.294080736058753844e-01 -1.046726132558087441e+00
-2.700927255882367373e+00 7.266524167642650633e-01 -8.607534739103674948e-01
-3.134727167024470962e+00 3.791826755707523033e-01 -1.095923160632073179e+00
-3.800249790687302287e+00 5.425774498722568673e-01 -9.945028953982680830e-01
-3.123362194470785891e+00 3.358312333627289648e-01 -8.439697219384085791e-01
-3.442499909822852366e+00 3.421194058383894565e-01 2.294389287172324543e-01
-3.066536384511972635e+00 8.819266181286037343e-01 -1.220370854184619880e+00
-3.217558700449194564e+00 8.492249826677928937e-01 -1.075952149133699631e+00
-2.732660622296991360e+00 8.861108915125593954e-01 -8.597127841207686805e-01
-2.902927200737525748e+00 4.064103450427202224e-01 -6.216171397560459333e-01
-2.622153751109622011e+00 7.189523999239103569e-01 -9.563104037403259428e-01
-3.257268898222209774e+00 8.196149065990461224e-01 -1.146083877313420540e+00
-3.256250378252954825e+00 5.723361630494656627e-01 -6.376278699851131160e-01
-3.162501661912723527e+00 7.165555112943269300e-01 -1.272236991839379661e+00
-3.721234274718665525e+00 8.874249619064183969e-01 -6.199632107226221711e-01
-3.477509132802700798e+00 6.477526837750724464e-01 -1.263961429600845898e+00
-3.053652317577407960e+00 4.069252098980948029e-02 -1.277289714559466827e+00
-3.547288623492057535e+00 7.137306531754311623e-01 -1.314080157768669155e+00
-3.063493831920325317e+00 7.699310830190013721e-01 -3.779784127544682515e-01
-2.944337984266566011e+00 5.565439002988924466e-01 -8.951410388515517180e-01
-3.541824818376943629e+00 7.771433368635781713e-01 -1.253427067649539817e+00
-2.879614522394035703e+00 1.067149784661893586e+00 -1.042079151305870255e+00
-3.001169055156421628e+00 2.025920105827846984e-01 -1.047949646478537833e+00
-2.587823833849804966e+00 5.104996642450935207e-01 -1.127770434674380207e+00
-3.423386363589269621e+00 -1.779460173335094542e-01 -1.000593298918929897e+00
-3.075288956986761857e+00 5.475521569111873044e-01 -1.112202476315709454e+00
-3.397605129953610970e+00 7.635274846677415628e-01 -1.063293572603465797e+00
-3.049816307418331984e+00 7.282225937062096754e-01 -1.131480764626614510e+00
-3.042466328565822664e+00 5.903309766063250530e-01 -1.272737227512134472e+00
-2.733612941113649164e+00 1.141029949179639402e-01 -7.118190012599175942e-01
-2.735945475788422954e+00 4.666466127274738751e-01 -1.069394383267251225e+00
-3.068188055929640168e+00 1.068637141944185132e+00 -1.418063604793708743e+00
-2.630374279139755522e+00 4.197305901562359276e-01 -8.039118300161306463e-01
-3.335286552592434006e+00 7.520850161087233587e-01 -1.077686692605098528e+00
-2.611766475071517046e+00 6.297908257208834071e-01 -1.245656495751009674e+00
-2.293562184621282807e+00 8.262600177433757631e-01 -1.651176082210487950e+00
-3.423166794496696586e+00 9.075499915185051281e-01 -6.223405189976206620e-01
-2.984834973678712533e+00 1.730043293390216286e-01 -1.056292478548611191e+00
-3.159996259799509932e+00 5.107960452039573829e-01 -1.123774721389434239e+00
-2.701041747192995945e+00 3.456719309995636702e-01 -9.796093594149061223e-01
-3.601434120762732061e+00 5.776071494881168666e-01 -8.844089555754333087e-01
-3.564826811046470922e+00 5.148360984500799375e-01 -1.037612591323216815e+00
-2.761567935763764581e+00 7.260760525153642231e-01 -1.207437304683716794e+00
-3.018522424571140839e+00 3.172923740537776927e-01 -8.024329365937604708e-01
-3.368350292880261332e+00 1.690428333452423937e-01 -9.993514118365348642e-01
-3.254351849390749951e+00 7.452100346510907025e-01 -1.348365520274768858e+00
-1.622652317280131129e+01 3.991233183227403458e+01 -3.091649241597513864e-01
-2.657110699973558088e+00 1.293065507077247878e+00 -1.491072716631179018e+00
-3.138996289824339314e+00 3.331461267160448214e-01 -7.495513847732654389e-01
-3.333952643989702480e+00 9.215733078637825537e-01 -1.195646008073778299e+00
-3.582615315948187273e+00 4.428366037579063996e-01 -1.046015364944013371e+00
-2.822803072292919602e+00 3.446369140831369027e-01 -1.067534482022681530e+00
-3.242882287507738770e+00 1.080964115130112368e+00 -1.430721978884704759e+00
-2.817009431667000019e+00 8.233809391798310173e-01 -9.988608044447230272e-01
-2.919325570828447347e+00 1.110200838923646627e+00 -9.006142971042594425e-01
-3.311756442111173815e+00 7.827217217490529677e-01 -1.168063325797759733e+00
-3.290188372149472240e+00 8.678591024749449101e-01 -1.137685679649596882e+00
-3.507019644545547266e+00 5.223976159117478257e-01 -1.608415910233969570e-01
-2.703640575356226261e+00 5.520980662879272360e-01 -1.394809309409366094e+00
-3.523988857766747973e+00 1.063317684456251078e+00 -9.185799516569994605e-01
-2.786490292033514837e+00 1.624812210000926349e+00 -1.188985271976940039e+00
-3.269577085367250557e+00 1.899365206748643287e-01 -1.182060483971713705e+00
-2.813878927084046744e+00 9.023179548554119966e-01 -1.082904592557520917e+00
-3.224987527721012270e+00 1.021234346528725911e+00 -1.443197914844784879e+00
-3.424154886227816164e+00 9.193927033238562530e-01 -1.226383817373411622e+00
-2.578096256796095886e+00 5.234616991743379355e-01 -1.156611713863932023e+00
-2.722996494547302859e+00 2.682098717587232950e-01 -1.040678097696450477e+00
-3.149334469145094406e+00 5.886600145159844866e-01 -1.105394548577667946e+00
-2.806038427332243401e+00 6.954345305794710219e-01 -1.027539569320254476e+00
-3.523159425972524961e+00 3.943948439020337204e-01 -1.199529575838868212e+00
-2.833000527447544936e+00 3.426616477730945465e-01 -1.334770544218584210e+00
-3.461184842552837093e+00 8.313503837919803408e-01 -8.690689363169725734e-01
-2.712063268140526784e+00 2.938603153084438646e-01 -1.100412931598019561e+00
-2.798728922073427050e+00 8.388348277018587984e-01 -1.126771199389580369e+00
-2.860349251214977073e+00 1.034858209810873841e+00 -1.127902572623522781e+00
-3.115948382551823936e+00 4.565798667031653602e-01 -1.363418759351637588e+00
-2.998457406603863618e+00 1.192058473835200916e+00 -1.098686265429275055e+00
-3.854496430675375063e+00 4.250004915052875420e-02 -1.133731661575249960e+00
-2.879115823651285044e+00 6.560362084233071212e-01 -1.104917245458927777e+00
-3.266691600494100456e+00 4.737211806781676526e-01 -1.147770091860160546e+00
-3.412268832882225489e+00 7.245637297487892425e-01 -8.679874578989392742e-01
-2.824250946004234653e+00 5.584525196265579527e-01 -1.108274819206627626e+00
-3.127099855165107467e+00 4.105863848307327313e-01 -1.319458142289702041e+00
-3.014562394744489726e+00 6.201209344522436995e-01 -9.358038561008097389e-01
-3.310096739012681422e+00 -4.849557044814368778e-01 -1.424855818931247242e+00
-2.978206045030150406e+00 8.770790266716990136e-01 -1.115765551568420166e+00
-2.901148226760574822e+00 2.331163749276422559e-01 -9.972102214216604921e-01
-2.566725872800522446e+00 6.789886927291272078e-01 -1.125270838893127845e+00
-3.086542469950186884e+00 4.176087343805182095e-01 -1.173458528243913168e+00
-2.921957141764155441e+00 2.416726549916856093e-01 -1.100316012848270519e+00
-3.547965500937322769e+00 6.395237566610657565e-01 -1.035970181978435489e+00
-2.980625414153680097e+00 1.183164778007281259e-01 -9.855600440675467144e-01
-3.041461683663328586e+00 1.253941824482733614e+00 -1.145571601153840158e+00
-2.807217566534036646e+00 7.841584793455871338e-01 -1.208527347207285496e+00
-3.143718362570140368e+00 9.748165565968092139e-01 -1.027485327384326741e+00
-3.158139288793888610e+00 1.986942246182091254e-01 -1.163687341488331306e+00
-3.352770781667214095e+00 3.235755744107521314e-01 -1.061506078561480049e+00
-3.340479767035203551e+00 3.973093945824277551e-01 -1.084948064496518372e+00
-3.491053496424935343e+00 5.212337272573415170e-01 -8.802704400835220655e-01
-2.865381249705244215e+00 4.968244482758645830e-01 -1.481662513157615324e+00
-3.325648821473969896e+00 8.368654818744928336e-01 -1.330346927379871591e+00
-3.221404568215725295e+00 4.986092493635906342e-01 -1.169545606449960085e+00
-3.179891599038227490e+00 1.924520730551864123e-01 -1.200156652122139178e+00
-2.884643048460979742e+00 7.220972045459780331e-01 -1.100707110834633351e+00
-2.983483286945514568e+00 8.158686094326049465e-02 -9.546518234824958871e-01
-3.704801901341683745e+00 5.487985955371667002e-01 -9.634362847916023709e-01
-3.399460114815787470e+00 4.898833216102038146e-01 -1.004833148638417217e+00
-3.246613559493617185e+00 4.436485957558646831e-01 -1.012262364816221893e+00
-3.031861030227022358e+00 1.041576650009510052e+00 -1.305380855846615118e+00
-3.199368059554864807e+00 5.285143520753037283e-01 -1.104744907770748519e+00
-3.328698312352337485e+00 1.337872896895280883e+00 -1.039438900360954099e+00
-3.523708928247132555e+00 2.411812271387756001e-01 -1.272257693886741148e+00
-2.764316478157648138e+00 6.723744436066496633e-01 -8.171120944175258582e-01
-3.127090929270712749e+00 1.083589946654661906e+00 -8.786474333289835403e-01
-3.443703533277957085e+00 1.708470634151861844e+00 -7.451161512272826970e-01
-3.276997733801172430e+00 1.140079179552106581e+00 -1.197548438165970897e+00
-3.457911106831139225e+00 2.544294943010326771e-01 -1.432727482197856117e-01
-3.497493409513034557e+00 -5.579025326327091694e-01 -1.509685533865682494e+00
-2.737022650390342093e+00 -9.534373600009959926e-01 -1.187266754194624463e+00
-3.041001237258912138e+00 1.024911603392993920e+00 -1.053235761419732519e+00
-3.298590412279093442e+00 9.529648947307988172e-01 -1.001463280841407011e+00
-2.643195923981820794e+00 1.194620756772905912e+00 -9.867153454318338124e-01
-2.911541085151593045e+00 9.090994405682800705e-01 -1.111477982195934189e+00
-3.587357185611279142e+00 6.712402818410700966e-01 -1.037850512297509464e+00
-2.878517363066371182e+00 8.700177431917425208e-01 -1.200758447633440751e+00
-3.371195582935642143e+00 -2.682622256232017888e-01 -5.914937248579998919e-01
-2.696049242879964947e+00 7.816156227416983793e-01 -1.062601572545909034e+00
-3.124637239055015669e+00 4.648661457513853512e-01 -9.472207719463726638e-01
-3.476555012490659458e+00 1.210768556977697585e+00 -1.051725744269588425e+00
-2.764902505132252220e+00 9.076397723071839563e-01 -1.229532939188566765e+00
-3.359078940650153111e+00 3.311285808240657103e-01 -1.172098103022929827e+00
-3.051291999209896133e+00 1.249254299946983143e-01 -9.179876742957892022e-01
-2.566610769129564762e+00 7.312923816365125562e-01 -9.776136895829211637e-01
-4.165664624193693655e+00 8.542692409959071753e-01 -1.166931994525328919e+00
-2.930977958926639815e+00 1.010070767039778383e+00 -1.327002125698826474e+00
-2.709691819645535293e+00 8.293654924416913321e-01 -1.040187869654105368e+00
-4.090524318036548479e+00 3.500212284527602913e-01 -6.312796199550368970e-01
-3.129623675075725586e+00 1.155084057642059792e+00 -1.666893123883286032e+00
-3.603496983191351255e+00 3.665163186628683789e-01 -8.860433131823755026e-01
-2.663882310131158615e+00 3.523296367500598492e-01 -1.013927333805077824e+00
-3.564104905583111549e+00 6.964266672722809748e-01 -1.162476492186745425e+00
-2.881855110912547868e+00 3.720358272711715708e-01 -9.452537953822582883e-01
-3.482108776716852816e+00 1.356989312951489557e-01 -2.758214229974040310e-01
-3.189459502613640307e+00 5.886611929013384481e-01 -1.019893818600599467e+00
-2.843683643040704201e+00 9.297488333656271919e-01 -7.218958630160529077e-01
-2.764135829283525858e+00 6.676054988820047109e-01 -1.083305307480870727e+00
-3.875982297823702627e+00 -2.977556531935375561e-02 -7.447182999411470217e-01
-2.999707568320651774e+00 8.837248141617289887e-01 -1.577657328975166917e-01
-3.273243525579222712e+00 3.313637647870323333e-01 -1.344979907564011867e+00
-2.844460789633308728e+00 2.868812576514624957e-01 -9.950527400870149419e-01
-3.172964605305099717e+00 6.900271322904407700e-01 -1.245704944852656260e+00
-3.064038667324378018e+00 5.184231480037420070e-01 -1.196085136831680273e+00
-3.029893354558319096e+00 1.379045253461301801e+00 -7.662984275854777261e-01
-2.775528370645090170e+00 1.845906528133174906e-01 -1.197515001450415451e+00
-3.205987927586802844e+00 9.877484158451722562e-01 -1.082811779668831687e+00
-2.841673070937707823e+00 1.285873167306644527e-01 -1.027229481490258944e+00
-2.586632519869661806e+00 7.274892147799445485e-01 -1.087753370315748702e+00
-2.659052707785248160e+00 5.456197798211880334e-01 -9.619348688443928319e-01
-3.571522097338797774e+00 8.239765336448660049e-01 -1.131358436733306050e+00
-3.321445190650361923e+00 1.125093817151808118e+00 -9.323404002279557234e-01
-3.374253964424767105e+00 9.776262897654308670e-01 -1.014148234926939063e+00
-2.595769060570290776e+00 3.814609059416138037e-01 -1.210601636872815634e+00
-3.079946736885090353e+00 -1.645604330096795548e-02 -1.098060535230184653e+00
-3.354415417526649623e+00 1.811966551237020884e+00 -1.503099658775698177e+00
-2.818625196470872840e+00 1.882107560780022226e-01 -1.092676669045212767e+00
-3.788233635770435814e+00 -9.837599257245621676e-02 -3.542601835203478267e-01
-3.308337967826497028e+00 9.256459246334337587e-01 -5.671926344650701779e-02
-2.993200297682582001e+00 2.181317568198552215e-01 -1.080354117163228267e+00
-3.348217773663024310e+00 7.426403258773137672e-01 -7.731157064070086626e-01
-2.663470990362952762e+00 1.033337453225884467e-01 -1.035936751498252040e+00
-3.755021468644123672e+00 1.386056315403465522e+00 -1.897426665100318544e-01
-1.388495521996404847e+01 9.410468884716962634e+00 3.986434790073767331e-03
-2.710142345087500182e+00 4.644063676993520628e-01 -9.468701042436815651e-01
-3.224168915870779806e+00 2.119321354635677890e-01 -8.717953317691794490e-01
-3.409792503680576292e+00 7.988375081300822522e-01 -1.419677494898168080e+00
-3.219441429698501000e+00 4.976837836746342281e-01 -1.111668832215795932e+00
-3.491339861677045242e+00 1.900295392118696025e-01 -1.050168536655180507e+00
-3.369396300121521914e+00 3.516230208485552344e-01 -1.085494971616957516e+00
-2.781419278443098442e+00 5.277316060972825351e-01 -1.274778453893303354e+00
-3.523351977572342530e+00 6.224768968740783670e-01 -9.914820190263046173e-01
-2.837548765197098533e+00 4.313888949275292428e-01 -1.036237576751399603e+00
-3.649825069946093237e+00 9.080926797855259913e-01 -2.074358834870055901e+00
-3.120697904086279451e+00 8.619570674140814015e-01 -1.138248410708825098e+00
-3.133161575945417443e+00 1.204899775874972878e+00 -1.033685036304044846e+00
-2.959000097319855804e+00 6.193041057602550747e-01 -1.234216658764107244e+00
-3.598067372163392008e+00 6.235458422596009687e-01 -1.215281281320995443e+00
-3.095846565868070943e+00 5.727089028306812102e-01 -1.124107535612712594e+00
-3.030380047839481783e+00 1.027857744076814850e+00 -1.041102232505211278e+00
-2.976964572330769609e+00 1.022625184994584657e+00 -1.438324374643249692e+00
-3.470814261460307470e+00 1.110462512691281489e+00 -9.247902661347604525e-01
-2.920055550074065032e+00 6.223345658862102781e-01 -9.413575709498069877e-01
-3.252014134743244522e+00 1.874827295830779672e+00 -1.309722206289295254e+00
-3.166782611292858096e+00 3.279630686045553190e-01 -9.700547192465696078e-01
-3.015922185814106093e+00 1.136092228315864539e+00 -1.387350482039535260e+00
-3.407779682896590501e+00 4.351483283475619523e-01 -1.072042878807015986e+00
-3.219221097237807250e+00 1.138091090374131475e+00 -1.076564147026498830e+00
-2.830102788126127145e+00 3.149510872652725446e-01 -1.045870286718032949e+00
-2.994191985903047915e+00 1.172904689099348197e+00 -1.237987175493372227e+00
-3.234270358665054523e+00 5.422499155870773579e-01 -7.435089841485397200e-01
-3.451009908949984606e+00 3.037501591801880507e-01 -8.712173390840636245e-01
-2.528417739879347259e+00 1.442360762034948340e+00 -6.726414398821762841e-01
-3.794559119292646887e+00 1.438110219749178187e+00 2.076158063966073997e-01
-3.137585967145866128e+00 3.982857751421229331e-01 -7.990257485876650634e-01
-3.467278125604418282e+00 2.404512037024652271e-01 -1.075011006251564316e+00
-2.694664811213117961e+00 5.482936413872123715e-01 -9.990436966997541246e-01
-3.027452953350020515e+00 9.530408109382826343e-01 -1.242377116963158112e+00
-3.210176138452551342e+00 5.528004653370272026e-01 -1.013080174497915431e+00
-3.771727253608153418e+00 8.394692904508928022e-01 -1.420094588357057930e+00
-3.476027845115789550e+00 5.866591347555374369e-01 -1.271662677446586898e+00
-3.823315295307325723e+00 6.702722232845871320e-01 -1.127435308702925632e+00
-2.761514377156188083e+00 5.285028814095823479e-01 -1.055679396070098752e+00
-3.858201100687886687e+00 1.106251515530010776e+00 -9.219641938880055454e-01
-2.803877340786055772e+00 3.266646509020866562e-02 -9.848928483900382114e-01
-2.676900032659421669e+00 9.048252057585817187e-01 -1.195921545808331432e+00
-2.715186681658745105e+00 7.521365626630167611e-01 -1.036153694509234002e+00
-3.534488567485217114e+00 6.918895651496054233e-01 -1.497200980579157958e+00
-3.582258580394382275e+00 5.815319264874768690e-01 -8.960091989929243050e-01
-3.294577601371853515e+00 2.200672965733604658e-01 -9.463484786357464484e-01
-2.863220021294361484e+00 1.187622870363033156e+00 -5.515009525158334203e-01
-3.310346166043634408e+00 3.396795174104388360e-01 -1.068946953158028013e+00
-2.280986299169541098e+00 3.637094579486703227e-01 -1.080264006109593167e+00
-3.067575048516993697e+00 7.486652327838304588e-01 -8.997184265970281647e-01
-3.188329859253740128e+00 1.053266666051673184e+00 -1.110254277328370565e+00
-2.701582728084010121e+00 5.723683168858160197e-01 -1.143687538040514262e+00
-3.571228944740665323e+00 3.393238485719737851e-01 -1.894121033984207114e-01
-2.879713856848418629e+00 5.743167737550227692e-01 -1.306510962962589284e+00
-3.218454267743538821e+00 2.435074979615865776e-01 -1.035719045141900496e+00
-3.437398528327953784e+00 7.084086030109294496e-01 -7.394281704221997709e-01
-2.862460232127693516e+00 5.524961895042368454e-01 -9.146340523324936189e-01
-3.503018288882238984e+00 4.148645779231781017e-01 -1.367216096103253120e+00
-3.326095088461538118e+00 8.860275977628714328e-01 -8.730814770403471092e-01
-3.334952301881767500e+00 7.057476184652980988e-01 -1.522258361633800128e+00
-3.268534914354032761e+00 1.300693436075992526e-01 -1.051667807965505963e+00
-3.142059116758001647e+00 7.172171539648343197e-01 -1.094193823162077139e+00
-3.437090423051548438e+00 4.094333457632747808e-01 -7.065683501077114625e-01
-3.123868092863136159e+00 1.117177240089666235e-01 -1.393128532025275534e+00
-2.600526543353257392e+00 1.031810155528833484e+00 -1.032657422426592975e+00
-2.951787175504242189e+00 4.418355610531801703e-02 -1.236431493141290527e+00
-2.870955536623680970e+00 1.383864899805085369e-01 -1.432737638004342839e+00
-2.777792997544327847e+00 1.178667816459186612e+00 -1.253624022946104866e+00
-3.358415542823118827e+00 2.888387536950733359e-01 -1.660806991820256373e+00
-3.394111630945854774e+00 -1.857632784192020728e-02 -1.046722596799769978e+00
-3.412238369655747228e+00 6.923962465670626676e-01 -1.117069794769560920e+00
-2.507061793884860723e+00 4.606782675872099220e-01 -6.763699880835380984e-01
-2.607151103337960407e+00 9.032172251934982299e-01 -2.180899512234351523e+00
-3.429960950021329946e+00 2.983388763275362510e-01 -1.167081448908425578e+00
-3.064947543788857587e+00 3.777767502716249948e-01 -1.081749455852290653e+00
-3.256192446705572063e+00 6.306925783216771331e-01 -1.249996315441833206e+00
-3.390972789266284426e+00 1.152113158403607340e-01 -9.782589803815032736e-01
-3.216154009475877817e+00 6.292570769257985752e-01 -1.393000216351989451e+00
-3.024952481401549154e+00 3.327354092900673965e-01 -1.223670999596793152e+00
-2.718200795277608606e+00 6.210890800003457946e-01 -8.653380329571402907e-01
-3.045270971581197195e+00 5.897885327773068065e-01 -1.034117474303255069e+00
-2.693708881472775207e+00 3.753314378991660094e-01 -1.262356721273484750e+00
-2.727149009223237552e+00 -6.911632925945337957e-02 -1.232058649312318677e+00
-3.463766252407650459e+00 4.718860097574349433e-01 -9.414420788873525403e-01
-3.402544373533755273e+00 2.886352884145301223e-01 -1.298928966362631776e+00
-3.244706787225299482e+00 5.437107467686629753e-02 -1.174143441708302760e+00
-3.239689606508023179e+00 8.257723256258925337e-01 -1.243991202065997115e+00
-3.347688959308497303e+00 2.755561026452263973e-01 -8.557345938510537708e-01
-2.284588196213531930e+00 8.912442258162247555e-01 -2.125751405120522297e-01
-3.207225933491743675e+00 5.269448142539812086e-01 -9.648907210464896522e-01
-3.484972113835369534e+00 4.316459060458193164e-01 -1.030451070971232674e+00
-2.634199074392344908e+00 5.574956834905661074e-01 -1.172944417809593798e+00
-3.310308322159892125e+00 6.643551031205291446e-01 -7.385445052595330795e-01
-3.029668491469776015e+00 2.595951899778872196e-01 -9.329802788243568568e-01
-2.823940217293853472e+00 1.488072933155912270e-01 -8.163834065118150685e-01
-3.470084100376106484e+00 3.169857011031140814e-01 -8.872957952016720107e-01
-3.150409519722937368e+00 1.666979842284959379e-01 -1.482643940890876477e+00
-3.118959847319110690e+00 1.588594004050727926e-01 -9.963856095413499148e-01
-3.136980829713164720e+00 6.911250071719512444e-01 -9.678431345216950143e-01
-3.395065983723815517e+00 6.691227971346634940e-01 -1.025899591370033503e+00
-2.982483433144678120e+00 9.207767472261324526e-01 -1.108844663256513874e+00
-2.170295290834373780e+00 7.338048680258938417e-01 -1.219647426385393363e+00
-3.052927083415755583e+00 6.005907342789711389e-01 -1.119689469183481778e+00
-2.852241699231315319e+00 8.015472816812120316e-01 -1.270296108875938579e+00
-4.013126576316243366e+00 2.420828251827823741e-01 -1.280156365214487835e+00
-2.837673325097427313e+00 3.410456110833167132e-01 -9.637513291090622491e-01
-2.586006924686471198e+00 -2.644600103034407956e-01 -1.780983451280265362e+00
-3.274239178398240746e+00 -8.487223394760468054e-02 -1.045984031565404981e+00
-3.512879114722405660e+00 5.380533988424586189e-01 -9.345579146448067531e-01
-3.286133579234391533e+00 4.277018570849745460e-01 -3.024651304326001974e-02
-3.275954470284185405e+00 8.851754799449756961e-02 -1.066021222739562901e+00
-3.178175563350924548e+00 6.565450152431208108e-01 -1.016730434195061816e+00
-2.092680717400301926e+00 1.779172087861155882e+00 -8.558849045808644140e-01
-2.964434445606200619e+00 9.011276718961477306e-01 -1.012634088212237993e+00
-3.538320904418763568e+00 8.505512465800126876e-01 -1.318153486178985423e+00
-3.287789758654998895e+00 2.038647340278639808e-01 -1.217939112386873246e+00
-2.172079651371092268e+00 6.025127299098549383e-01 -2.392206261320767524e+00
-2.332836091376874421e+00 6.759557745936598527e-01 -7.767216739035226469e-01
-2.619000597496067062e+00 4.538522160874288169e-01 -1.355551029076968117e+00
-2.815247302074380453e+00 1.091884736878391049e+00 -9.010736015206207705e-01
-3.136697715751108895e+00 5.725183374261810787e-01 -1.311601513929873786e+00
-2.806948724538935735e+00 4.611875704327421110e-01 -9.939728363738534744e-01
-3.487332778453352322e+00 8.659315126943306629e-01 -1.225275418548760875e+00
-3.751810644042802068e+00 4.035941169551945373e-01 -9.270372154886424854e-01
-2.983996882888128610e+01 9.932108802226821354e+00 9.802534769534720915e-02
-3.086282000981297013e+00 1.086825235026437797e+00 -1.179352704245087979e+00
-3.023213236446143704e+00 1.419419683272469569e-02 -1.233891120004342534e+00
-3.450254201409611809e+00 7.764364074457218434e-01 -9.784672288162017395e-01
-3.324879210989387435e+00 8.891667364179295374e-01 -8.755781785415746032e-01
-2.428495215590099399e+00 4.814844859301360414e-01 -1.298518066875678389e+00
-3.076425364318444267e+00 -5.511038239594686639e-01 -1.601509148951241190e+00
-2.979337777817139266e+00 1.105870540589658724e+00 -1.012133159830372664e+00
-2.693677003270023906e+00 4.053305063627195004e-01 -1.111321032953518140e+00
-3.454368957326849454e+00 5.836951324353377712e-01 -8.708615232015582963e-01
-2.853104752779191067e+00 8.126946333227902386e-01 -1.347794281051790222e+00
-3.322211872884830441e+00 4.455261207726680661e-01 -1.085464811385452810e+00
-2.889257163012234564e+00 1.105176083782395846e+00 -1.009775364938938713e+00
-3.080464423227244009e+00 9.680853067694109582e-01 -9.150886347987292613e-01
-3.221483133799002196e+00 4.707816461253629958e-01 -1.096747604482424476e+00
-4.117864155458982545e+00 5.775184729163540531e-01 -1.022211273367652495e+00
-2.502910773307037040e+00 7.914239612366366083e-01 -1.000607272553997840e+00
-3.006018962843649334e+00 2.523086396502740025e-01 -1.373627558313823549e+00
-3.348356112260292949e+00 1.154730276690550728e+00 9.699879122357508987e-02
-3.200878877295104008e+00 5.804405743297221809e-01 -9.887271468270564245e-01
-2.895237997022593213e+00 1.594531122880461782e-01 -9.101132825042439478e-01
-3.283410684886427955e+00 6.433447405569305833e-01 -9.884041746058562783e-01
-3.892094353103312532e+00 -2.928033671535732463e-01 -1.175944188229277376e+00
-2.802595122279090134e+00 2.083616908799959810e-01 -7.761220564829708346e-01
-3.971109860097473021e+00 5.731606798136023029e-01 -1.494855939190373295e+00
-3.280242029044769136e+00 1.142115888802350820e+00 1.847517670585837879e-01
-3.466010912385108611e+00 7.750856674715592698e-01 -1.147471639370162722e+00
-3.226639820409101134e+00 6.827877478001352918e-01 -1.082163638941284312e+00
-3.196953068090073735e+00 9.469039559185863375e-01 -1.138725406999096634e+00
-2.931951264795875645e+00 6.105495296043537135e-01 -7.965294466997229206e-01
-3.037674215157334601e+00 3.927576574906825324e-01 -6.858354208780463868e-01
-3.284014826272272369e+00 3.886280478671655936e-01 -9.484271531770984698e-01
-2.669683213516199860e+00 4.359887191949458063e-01 -1.407747899842864747e+00
-2.759255780440186268e+00 1.080639993312641378e+00 -4.065417324357866735e-01
-2.879050020860089543e+00 1.354263847903144358e+00 -1.041126937965620947e+00
-2.897115786732738840e+00 5.749997240892361638e-01 -9.117210433590623442e-01
-3.079015005196052535e+00 1.651225118525577296e+00 -1.441737977456741593e+00
-3.186743539396071245e+00 2.443593966428407593e-01 -1.019388642468316286e+00
-3.391634959818155437e+00 6.552685454500306594e-01 -1.655857056433399199e+00
-3.562293613616440258e+00 1.036603705578915680e+00 -1.218705143693577853e+00
-3.069642696982628927e+00 7.764438473439948529e-01 -8.226732628336919095e-01
-3.603104559043491584e+00 8.353278452154635492e-01 -9.709852915175758437e-01
-2.579811511954878789e+00 1.237883609770420001e+00 -1.321342873579030464e+00
-3.883860404973626057e+00 1.367289429488793562e-01 -7.122509340989282567e-01
-2.765811571949110093e+00 3.311206422624962120e-01 -1.147712902462759255e+00
-2.164186931448462303e+00 1.218486893363514012e+00 -1.473929070458632529e+00
-3.054295969898078056e+00 2.497099200924743634e-01 -8.866127257727010047e-01
-3.265480654863600396e+00 9.161618598330466545e-01 -1.113720508205955140e+00
-3.106187531087871712e+00 1.027127265331901240e+00 -1.030225653765541649e+00
-3.006897390125875980e+00 4.642379105497804748e-01 -1.479903107067564116e+00
-3.342644579485279266e+00 7.195137877289490280e-01 -8.645598168819067508e-01
-3.386514134883581661e+00 4.992050081150950502e-01 -1.452160100335628368e+00
-2.712609439652306609e+00 7.143977463794525251e-01 -9.727596172516039807e-01
-2.545948678859005554e+00 6.709032106914409876e-01 -1.064882893288411347e+00
-2.778099258625229329e+00 8.971120869757445160e-01 -1.066724413565198537e+00
-3.765185415936088908e+00 5.473067264843438640e-01 -1.160708702839427175e+00
-2.662821432131024402e+00 7.225824951198308588e-01 -8.949111786303513005e-01
-2.351464741946838188e+00 9.399658009331459674e-01 -1.112279631305915784e+00
-3.524860869116807738e+00 1.060423809512799798e+00 -1.125229708307667442e+00
-3.117931552239580739e+00 2.820726101152659648e-01 -1.189296414137180014e+00
-2.560323262755682450e+00 3.856754769997883803e-01 -6.668552471042406005e-01
-2.557728973081747625e+00 4.719492815433746213e-01 -1.007915001845923753e+00
-3.052627249502429585e+00 -5.174141106917227312e-02 -1.185964673693101323e+00
-3.383067936237571516e+00 1.022952148619919122e+00 -8.604873788134114188e-01
-3.638883445696673213e+00 1.065158534423214398e+00 -7.311580627794506126e-01
-3.159996170576679919e+00 1.111384744400908176e+00 -1.061925919530710916e+00
-3.514308456979477135e+00 7.383749188791959295e-01 -9.637871118248360069e-01
-3.837455211794632781e+00 1.362754080496151043e-01 -1.790816877282277009e+00
-3.194819162622725361e+00 4.327746613164384359e-01 -1.090157173351515629e+00
-3.226075137885661359e+00 3.075716311826864335e-01 -1.133247410805425792e+00
-3.121049184557385114e+00 6.717225367855873541e-01 -1.014989716941213871e+00
-3.530914890683249485e+00 8.509429043522724889e-01 -1.045125794560046062e+00
-3.100284770951499791e+00 9.027676404922219122e-01 -9.448385752976926621e-01
-3.206726773374625861e+00 8.386501059183866236e-01 -6.391405714662204973e-01
-2.846400329002942264e+00 1.041617933166741450e+00 -1.066546496149437750e+00
-2.878389226727588124e+00 5.351213020390751529e-01 -9.705787076098372212e-01
-3.410533999758911250e+00 9.919266348923669874e-01 -6.582576927647261211e-01
-3.119339388246017641e+00 5.992906756924909484e-01 -1.036469122721728420e+00
-3.438050889553067702e+00 8.702200938920074957e-01 -1.102335850486750202e+00
-2.751848791996474919e+00 8.524158153256740089e-01 -6.682586296608334919e-01
-2.572033873867088705e+00 9.453100686542886821e-01 -1.707678695670949542e+00
-2.612022723288049963e+00 5.902368605617213104e-01 -1.003496170882892446e+00
-2.783166186573279521e+00 6.503074804814062970e-01 -2.125283908554405077e+00
-2.635200243130788600e+00 7.435629772570723217e-01 -1.068587669570862042e+00
-3.036480871339616971e+00 3.599877497082161204e-01 -8.197573992941936671e-01
-3.451798263080720020e+00 9.800898301378427879e-01 -9.907933264631103576e-01
-3.107203476904385475e+00 6.113825460372800391e-01 -9.925894661351617465e-01
-3.452833839894168477e+00 4.347542249311917018e-01 -1.030390607511174617e+00
-3.354535558881547974e+00 8.126243770876830919e-01 -1.136076107522703049e+00
-3.483846574278374408e+00 1.890873286429324562e-01 -1.272383232669055397e+00
-2.745852198117930687e+00 5.603024130070408670e-01 -1.275313351373693393e+00
-3.235275229351653348e+00 2.138114137501238021e-01 -1.071493493659143148e+00
-3.085025263420998698e+00 6.416118737298686092e-01 -1.240915055821107948e+00
-3.258749481710193407e+00 8.062342883883820699e-01 -7.714072553293727097e-01
-3.442549891456560651e+00 7.850828807217400396e-01 -1.047745276947520621e+00
-3.148838462425376683e+00 4.857560356240024912e-01 -1.025647856798300062e+00
-2.736421121846378313e+00 3.162095879264960607e-01 -1.096722740342041424e+00
-2.314895373460228445e+00 5.969148248648304955e-01 -8.554202404788120440e-01
-2.888389385490885974e+00 7.993804899138378106e-01 -1.124869312211451255e+00
-3.384283937918060037e+00 8.441002146815934637e-01 -6.501113476972441019e-01
-3.526358397477044715e+00 9.244974166526815917e-01 -1.271932910770701586e+00
-3.236241235373161107e+00 1.941338172374690307e-01 -1.142820785934486771e+00
-3.352629418812825612e+00 3.098875949624707582e-01 -1.049641695559098808e+00
-3.605750583734931070e+00 2.575905580213992407e-01 -6.318641450373355672e-01
-2.738012637345798694e+00 2.956222826574147478e-01 -1.138124347688012516e+00
-3.053477461628059331e+00 2.812606863564838799e-01 -1.126687728691494250e+00
-3.410982355839249358e+00 5.548041636387714970e-01 -9.115947595826012773e-01
-2.717428491488424580e+00 1.348872727015451023e+00 -1.324542353598065159e+00
-2.728943888309544707e+00 7.308425177502230197e-01 -1.183682213462375898e+00
-3.493976001539021325e+00 8.843460518179878660e-01 -1.074923187149323667e+00
-2.861701813348180856e+00 1.288433603915109416e+00 -1.139313864257137210e+00
-3.294121446445093415e+00 2.904416948766792017e-01 -8.917045875036052616e-01
-3.203960449187445825e+00 3.723053967254774110e-01 -8.627790801255950104e-01
-3.600618787114922892e+00 6.331133537001221168e-01 -1.206138337895274804e+00
-2.904885725007220643e+00 1.183054642568939080e-01 -1.211871704355709678e+00
-3.147536642682091212e+00 1.008108099142027037e+00 -1.346099435966467972e+00
-2.838477561680187389e+00 2.899261767302013237e-01 -1.271254839196389375e+00
-3.644026926069370287e+00 8.331827398345453828e-01 -9.841772143300254738e-01
-2.977430007960744529e+00 3.347725238302206030e-01 -1.053990590272692929e+00
-3.258778942937555989e+00 1.022170713540025089e+00 -1.198961047480457953e+00
-3.592520498220875602e+00 8.869475288126552615e-01 -1.026996858654021461e+00
-2.974800664144933826e+00 1.257659051489418811e+00 -1.171550640911022789e+00
-2.626143153323360124e+00 9.328252258352709436e-01 -9.352713948540560818e-01
-3.002027246813937289e+00 1.291797915560960186e-01 -1.073889163516454692e+00
-2.718695118161296165e+00 1.642867005712110640e+00 -1.188961887060648204e+00
4.049194770846362701e+01 -1.636721003395760476e+01 8.908644216163974505e-02
-3.209023867861176882e+00 3.128486038935581193e-01 -9.754172349610901183e-01
-3.169476858365715355e+00 1.524394712974077026e-01 -9.892387161243922922e-01
-3.389884945770881064e+00 6.295609820803460543e-01 -1.142414130256496074e+00
-3.154279137514190978e+00 2.739611564700950366e-02 -1.028910261375238333e+00
-3.460776257482762741e+00 6.511468351735179017e-01 -1.114427704230247729e+00
-3.065719065286794276e+00 4.971932218205094567e-01 -1.109703932671110449e+00
-3.166735111939980474e+00 4.920480414204980724e-01 -9.938750331466534860e-01
-3.316447910979522629e+00 3.905684226652656466e-01 -1.078664417253169638e+00
-3.351061306195969536e+00 1.894710668972240386e+00 -8.911036987356938388e-01
-2.753332493259747604e+00 1.283841055842283030e+00 -2.289741650592153288e+00
-2.621526075826451585e+00 8.280571708638297945e-01 -1.164796912443799126e+00
-2.129344534777334985e+00 -2.140303017175253786e-01 -2.088822586340156384e+00
-3.840911726910044788e+00 9.317377991737986198e-01 -7.585733357707642455e-01
-2.699504854153889077e+00 1.051675748489057760e+00 -1.213688345828479953e+00
-3.394461388729987927e+00 5.685299763751207047e-01 -8.042824718801727668e-01
-3.426919133032097164e+00 8.393356988377097538e-01 -1.154434761629853590e+00
-3.344553886122069830e+00 4.751504063477900441e-01 -1.110076513250041641e+00
-2.753484548369072193e+00 9.393473974568868901e-01 -1.171285102986233451e+00
-2.604620611619602677e+00 6.514133944388650344e-01 -5.306292706394443170e-01
-3.042516463214080424e+00 1.134975605670320409e+00 -1.104610283443883789e+00
-3.081643670777245436e+00 3.980603754985241882e-01 -8.564059608380111266e-01
-2.029454896346241988e+00 1.076631756854131039e+00 -1.371739435929893336e+00
-3.106246014395041666e+00 4.705906424142389799e-01 -9.392358568531246066e-01
-2.402460312288207778e+00 8.981360440298730152e-01 -2.145308813446786367e+00
-3.064568487013142217e+00 1.359022025454195148e+00 -1.057777703132347202e+00
-2.703576755506021723e+00 4.499154801117971614e-01 -1.166720644162162257e+00
-3.696721528204773843e+00 7.336037351664790318e-01 -7.470601303995852982e-01
-3.021169208709928000e+00 9.526425383196835961e-01 -1.242960596081034819e+00
-3.210735602014791912e+00 2.375569708563893268e-01 -1.055499763581220218e+00
-3.145744235714683867e+00 2.674309921759350783e-01 -1.050721344798890122e+00
-3.299985225628649932e+00 2.466624214245368707e-01 -1.407895154393492554e+00
-3.337144297373060287e+00 8.835145420727821275e-01 -1.461092567276765619e+00
-3.239545864681661058e+00 4.388676657393438263e-01 -1.061261308501416867e+00
-2.678201918485961119e+00 -7.390883252132296466e-01 -1.259364267318703101e+00
-3.964825053447562642e+00 6.813052181181215028e-01 -8.950560658059651953e-01
-2.661651898242707315e+00 9.711913063695403192e-01 -9.724740607001002290e-01
-3.233379199422484529e+00 6.450393722412417485e-01 -1.162713945681842276e+00
-2.850212747594776719e+00 9.615307137019313277e-01 -1.177079351963243425e+00
-3.204988947626902895e+00 7.947998816614346707e-01 -1.557132373416057147e+00
-3.326411906871431956e+00 9.200826764141647462e-01 -1.058779416160363640e+00
-3.318779731626593232e+00 7.040544944550249928e-01 -1.057300906535771468e+00
-4.043456193445644331e+00 7.859477902217865131e-01 -1.173833463441839253e+00
-3.053226003926799326e+00 1.071540784160518678e+00 -1.040713816776506651e+00
-3.096788125591729113e+00 5.687043355919738641e-01 -1.039168680856652260e+00
-3.285594495768710654e+00 7.354306826888212800e-01 -9.984355610383118806e-01
-2.924989905222209252e+00 7.334180420079557949e-01 -1.383325096018391598e+00
-3.215258331990747287e+00 1.854060010292007066e+00 -8.581634124937449482e-01
-2.981915079778314492e+00 2.801628160448915161e-01 -9.121653906875782925e-01
-3.364449824068672434e+00 1.200391953366140019e+00 -1.258318399262161380e+00
-3.148553153705040408e+00 1.131127348808430133e+00 -1.436520250677628674e+00
-3.182357958403656539e+00 3.239136320538428260e-01 -1.026515991767941172e+00
-2.925931656466798980e+00 2.125708706800314429e-01 -1.050340917308341115e+00
-2.430416244290682037e+00 1.147044640080517652e+00 -2.007038733276317100e+00
-3.476466008937571850e+00 3.883568748170252438e-01 -9.792507163191784825e-01
-2.837908840695845036e+00 6.868302437725763987e-01 -1.236956447989249419e+00
-3.217396903734459634e+00 5.194605509377731023e-01 -1.082674618406380240e+00
-3.243644801361717622e+00 1.041206600322762910e+00 -1.038606848539672445e+00
-3.627413084249972552e+00 7.317910051222181744e-01 -1.061998769650470686e+00
-3.105775098358397823e+00 3.980447861075183114e-01 -1.075665372040061074e+00
-2.825338147001823508e+00 3.602849862718567331e-01 -1.390631434079865780e+00
-3.232072731862055903e+00 4.466667969858613696e-01 -9.361665137417137794e-01
-2.803842735452640955e+00 3.619923738891361875e-01 -1.932355404101557150e+00
-2.954652149327947619e+00 1.302051455415853320e+00 -1.731117493901792814e+00
-2.229680892171506557e+00 1.460693345407412691e+00 -1.399827638506699001e+00
-3.587539851183204398e+00 1.749912961291230085e+00 -1.018629637302283175e+00
-2.569509395263527285e+00 3.258696255683801168e-01 -9.218400000143015527e-01
-2.950472785907288564e+00 1.462027970264490273e+00 -1.027927620984895540e+00
-3.049820007384938858e+00 8.461407200495462133e-01 -1.367977843282968120e+00
-3.525397525654489606e+00 5.207570807633969956e-01 -1.135667010576638214e+00
-3.402899573957895996e+00 4.007294611173194410e-01 -1.004507814390868115e+00
-3.096936943542913490e+00 1.943855260065599833e+00 -1.111134128004876986e+00
-3.240145740774027505e+00 9.112303814277772362e-01 -1.394894306488804192e+00
-2.725921468476303566e+00 4.156616319061386955e-01 -9.239294525992294282e-01
-3.162597129814567865e+00 4.088453947436315739e-01 -1.312047761265364487e+00
-3.837618407589336922e+00 8.223110848669292761e-01 -1.087431981845912610e+00
-3.174690393489720375e+00 9.299067679389173557e-01 -7.204821801860967767e-01
-3.175575757125497667e+00 2.302592101927565804e-01 -8.517696264490295377e-01
-2.752889985799593209e+00 4.808888392907209042e-01 -2.054639482339933210e+00
-3.555798768452846481e+00 2.615302488949261539e-01 -9.278176225317658066e-01
-3.196706885478918014e+00 1.074565604145759190e+00 -1.193409076190763196e+00
-3.195323220150106724e+00 3.358783115660952112e-01 -1.042510731030738880e+00
-3.764062021428232541e+00 1.021710244615052998e+00 -9.174884313909202893e-01
-2.599308413230219994e+00 8.263539941835590374e-01 -1.150744257268259130e+00
-3.230575065161329640e+00 1.249642075143811426e-01 -1.065236599198344347e+00
-2.345728689323790306e+00 1.085466593151732662e+00 -9.600887646390848795e-01
-2.710783922428345871e+00 4.282141336735951764e-01 -1.080574162667922389e+00
-2.651370397546721769e+00 5.836737643999131420e-01 -1.187270096923403129e+00
-2.619012386898547984e+00 5.462800910663553333e-01 -1.096745267423361980e+00
-2.618552613056760237e+00 7.763844233155672292e-01 -1.131552944239698544e+00
-3.162248017716355886e+00 8.670015112132167800e-01 -1.096074387645754600e+00
-1.894345605938274835e+00 9.910129919492506323e-01 -2.149697363044136278e+00
-2.644380059927659676e+00 9.969096871962054296e-01 -3.939609218595716000e-01
-3.082605330851844627e+00 7.500293579804896416e-01 -1.084304370001321294e+00
-2.981699069062775376e+00 5.764456195622353896e-01 -9.032032662096126652e-01
-2.996022370821497915e+00 5.407160330701437090e-01 -1.046374745361251080e+00
-3.236486468973843511e+00 1.317691182597007904e+00 -7.928712551977323830e-01
-2.831437324177508152e+00 3.131547508113378120e-01 -1.012000047198267527e+00
-3.277939382563225479e+00 8.760050027431992570e-01 -1.033833209038598433e+00
-3.108878651423980344e+00 7.083146692268643685e-01 -1.047657377682172042e+00
-2.746499785619965106e+00 2.740310031445175598e-01 -1.093640539076798035e+00
-3.315455348863531881e+00 1.879331153923686215e-01 -1.265133595241201281e+00
-3.221954959736577084e+00 2.057625450722147253e-01 -1.137475552157579450e+00
-3.238678779488036064e+00 6.400018992187307409e-01 -1.105007184232798201e+00
-2.642560493797947441e+00 7.185799425697511067e-01 -1.247635981773112857e+00
-3.698370617389222570e+00 5.365797034326738046e-01 -5.106871355756720243e-01
-3.423697022685685543e+00 9.059510147715642558e-01 -1.073034501054523693e+00
-3.176702706407050769e+00 4.600124100013275319e-01 -1.162486565563100926e+00
-3.263057239349280270e+00 7.992519393975637820e-01 -1.170785740639418870e+00
-3.392897636954985696e+00 4.339177981476425860e-01 -1.151074806165299336e+00
-3.216715842225442046e+00 1.046070691040483780e+00 -1.002713407555243297e+00
-3.682722663335954660e+00 1.226043216827683358e+00 -3.239674471825702562e-01
-3.428491578519423655e+00 9.263645425849270643e-01 -1.123807575087879318e+00
-3.312756689464252613e+00 1.114927288854322684e+00 -1.312582497497131184e+00
-3.442860180582546725e+00 2.693321801008705108e-01 -1.007104002425878608e+00
-2.943537794508194860e+00 1.125612697801597673e+00 -1.309043291428489963e+00
-3.057171517377732073e+00 9.498313533077371584e-01 -1.185793255477828545e+00
-3.692300482298915387e+00 8.230873822861322076e-01 -1.368543596621488723e+00
-3.563109355320510652e+00 7.049152183636949731e-01 -1.136219976270286036e+00
-3.017207205274178072e+00 1.622869885750293228e-01 -6.677868588097415348e-01
-3.327205032505792470e+00 2.296336876203712296e-01 -1.145807996660091366e+00
-3.382849961520758786e+00 6.388188611455138943e-01 -1.806170747866107762e+00
-3.546156528940799024e+00 8.224228076252687591e-01 -8.110190890760822224e-01
-3.339320733912393813e+00 1.006719195082969698e+00 -1.095974846390884050e+00
-3.208824282491100188e+00 4.026444908023975588e-01 -8.784112513893186369e-01
4.055798221041967366e+01 -2.178823139331987591e+01 -7.117917041970271974e-01
-3.098379891144488862e+00 1.158366102497035088e+00 -1.193892676509771045e+00
-3.415341268819538367e+00 1.098175594838227243e+00 -1.059946010905652880e+00
-2.727141577026071850e+00 9.647751156956414498e-01 -9.375636548628618616e-01
-3.386143301837561737e+00 8.397268869263287971e-01 -1.244346063770364053e+00
-3.293536453156048260e+00 1.860182474076969572e-01 -1.010190909555316319e+00
-3.428189344195320842e+00 1.027906307298771971e+00 -1.092901355880685044e+00
-2.817845243401926769e+00 4.714214074835658685e-01 -1.184043447811468974e+00
-2.796046898795461200e+00 6.892438108629783677e-01 -1.153964214086460327e+00
-3.167057699428781348e+00 1.769787281577693550e-01 -8.338134130383817455e-01
-2.764346353217872032e+00 6.977267540503173660e-01 -7.874236135934175040e-01
-2.863538885253411159e+00 9.601448995805468289e-01 -1.103427520995336808e+00
-2.795346007495498331e+00 -4.288578199263771151e-01 -1.574042847297879355e+00
-3.184131638925600249e+00 3.239828976708396535e-01 -1.059841465692774376e+00
-3.613633020277218666e+00 9.246905992489311277e-02 -1.103574189145741347e+00
-3.248416272956119233e+00 3.097586796017987032e-01 -1.038960373767024548e+00
-3.809588270950403643e+00 -4.415428172464276879e-01 -1.499323749244045656e+00
-2.694566637712544566e+00 1.919543843664491822e-01 -1.158704500657907532e+00
-3.030435634085752561e+00 2.897632620914758483e-01 -1.188969483192314991e+00
-3.195461794289471413e+00 5.055854683186598031e-01 -8.117497324140938719e-01
-3.112073075235777697e+00 7.182526625185378100e-01 -9.303953012853831694e-01
-3.172705017611891609e+00 1.145276031323404053e+00 -1.142180527899666176e+00
-3.352330052648359704e+00 1.166550493984665815e+00 -8.184406524689704643e-01
-3.097531005325242948e+00 1.057539736890462656e+00 -1.164247168940135246e+00
-3.066500038363944913e+00 1.632155712959111327e+00 -8.903843326359132115e-01
-2.224505356522437083e+00 -2.064245558993722807e-01 -1.420190436102490406e+00
-2.794972937108781696e+00 5.234110836225420726e-01 -1.011602416563640805e+00
-3.294971638410835624e+00 3.525830670600111350e-01 -9.055804771967583822e-01
-3.112244278336164349e+00 8.530239131635966032e-01 -3.449533092092695874e-01
-3.271369446370247847e+00 5.321655902853006381e-01 -1.088926010538116662e+00
-2.535240179824824747e+00 3.787612615409139405e-01 -1.613276601170043456e+00
-3.221265332724046804e+00 8.469413879536935585e-01 -9.631124077066085531e-01
-2.884833259321476273e+00 1.102244562539137718e+00 -1.016886276914548359e+00
-2.693533325637859743e+00 6.052026007642579142e-01 -1.250067253218219321e+00
-2.920565274465259265e+00 2.122106064812771253e-01 -1.969201224008503504e+00
-2.912474011650705297e+00 1.426036656385983870e-01 -1.561159575392663923e+00
-3.478023621313660829e+00 5.712954549801766424e-01 -9.636024977225425836e-01
-2.892193246620518465e+00 1.598593688368414867e-01 -1.116952945059304758e+00
-3.265464366564975851e+00 1.172119651212988112e+00 -1.197725136495451759e+00
-2.971133733309878622e+00 9.970905964287982703e-01 -1.279630797788857688e+00
-3.056261669079654464e+00 9.719105070457064732e-01 -1.192115662424943823e+00
-3.477184437192660571e+00 3.069602248773679043e-01 -1.215465743723320946e+00
-2.726893283153694725e+00 7.060891585473145771e-01 -1.143311383562292338e+00
-2.677767205807587203e+00 8.783431921957254307e-01 -1.130829394575660007e+00
-3.311993575713678695e+00 7.567214733990335063e-01 -6.320378661281620403e-01
-3.595808691373531207e+00 8.110490077107934681e-01 -1.173823372211681315e+00
-2.405662374442937068e+00 3.078327450385550668e-01 -8.441641709694167606e-01
-3.373417936927577632e+00 1.056814985107162874e+00 -1.082017874094926002e+00
-2.809745560286945665e+00 9.043321458410431557e-01 -1.080183891152669995e+00
-3.863687379842615677e+00 1.231748696414580513e+00 -9.844015104562128249e-01
-2.853284040327863647e+00 2.186968733107255702e-01 -5.611055993212585857e-01
-3.124984287694558827e+00 1.075178722181294511e+00 -1.091094818889234874e+00
-3.222859097107729553e+00 7.325752904308885372e-01 -1.190730819748299307e+00
-3.289433448820941130e+00 6.047664555879701531e-01 -1.062272000984711307e+00
-2.964299296817156204e+00 6.628975492354084453e-01 -1.742161872265690914e-01
-2.846520728617945473e+00 8.126895899861565908e-01 -9.890424508248450985e-01
-3.088821925896489073e+00 1.204318765026012983e+00 -1.119637327671415106e+00
-3.707418428246403330e+00 7.550850858821983591e-01 -1.475149539715509883e+00
-2.537207855047254768e+00 4.191680045962942192e-01 -1.516445743772292465e+00
-3.515705666870527324e+00 7.754942813021646897e-01 -1.042452188571641569e+00
-3.946891611506099462e+00 5.793267458284258042e-01 -5.925388457752943649e-01
-2.886575118960398090e+00 3.287669658257947880e-01 -9.363093783217512067e-01
-3.303746933616110493e+00 -3.245215222584777459e-01 -1.158636952567090539e+00
-2.867642569029439148e+00 7.544094124312414884e-01 1.701785889526914175e-01
-3.364536811725789445e+00 1.048018258675085690e+00 -9.179073533776965776e-01
-3.282770559659890175e+00 1.005681740199758645e+00 -8.818801861194783820e-01
-2.780452602421345620e+00 8.602050672226186911e-01 -1.222677020398712067e+00
-3.569554107456179182e+00 6.963248663016994300e-01 -1.045797135468371941e+00
-3.270970322372676264e+00 9.989565145179452044e-01 -1.369777223866400329e+00
-3.414603790604433531e+00 1.453882569957255733e+00 -1.613465749517209780e+00
-2.335326103043815049e+00 5.652010874793863549e-01 -1.345766422967631160e+00
-2.913222944214880261e+00 7.241702046595409857e-03 -1.194495245810891282e+00
-3.032730939629998179e+00 6.200200866082183904e-01 -1.326899258103439783e+00
-2.473905477533651087e+00 7.985386115064879720e-01 -1.187336830309869917e+00
-2.944332484022512908e+00 1.003657788048145427e+00 -9.048157110339598574e-01
-3.309304757218406667e+00 1.037758474276997273e-01 -1.629072022067774794e+00
-2.980089756579153537e+00 3.945145690634584423e-01 -7.881266294587597754e-01
-3.186037671811080330e+00 8.944126569769063062e-01 -1.120470062029478298e+00
-2.947575087066312438e+00 1.792963155590587276e-01 -9.838251049258091019e-01
-3.191581221150652681e+00 2.703080960006398747e-01 -8.740802553951677600e-01
-2.641756687188415498e+00 8.091523565112285210e-01 -1.139964241923892230e+00
-2.540724855273841065e+00 6.908165711834884926e-01 -1.170733009857332085e+00
-3.074059631807163573e+00 9.323635160108947328e-01 -1.204245902011422897e+00
-2.993845351346430039e+00 4.182626753279536924e-01 -1.145787370178256603e+00
-2.969218647020420487e+00 1.152926618058768282e+00 -9.357338098192191644e-01
-2.569533056767894230e+00 3.932569630525407089e-01 -1.119708488722681583e+00
-2.792137077902478559e+00 -2.595929547917583680e-01 -8.072231405166508944e-01
-3.462004175620056579e+00 5.523304350895328341e-01 -1.438908354281915880e+00
-2.913035276012523322e+00 5.172443482576259965e-01 -8.466573565358047615e-01
-2.699080466735539030e+00 9.114393723562883576e-01 -1.271499492953178656e+00
-3.015483591292587917e+00 7.613773874917746376e-01 -8.370534607290938123e-01
-2.910941635291711016e+00 2.735901073768230995e-01 -1.334053714213632835e+00
-3.347906186275362739e+00 3.309228015783234889e-01 -1.206475311914132265e+00
-3.164782771028009201e+00 1.458328514162070821e-01 -1.590042052701263975e+00
-3.292736185633162727e+00 3.531922790867351170e-01 -1.143227708266033593e+00
-4.014090925184358838e+00 9.457824639348801909e-01 -8.185251607252714834e-01
-3.179255497483157278e+00 6.266577932982453358e-02 -1.034204385057038822e+00
-2.943542293251369735e+00 8.005499207996529254e-01 -9.061689680052483764e-01
-3.110421816653135441e+00 5.308280811586900683e-01 -1.001822415545801537e+00
-2.758275639365303178e+00 2.762071198918113479e-01 -1.054983351970703032e+00
-3.078206191241505518e+00 7.253196878221247479e-01 -1.193263649567563922e+00
-2.877918400276477939e+00 7.588782529401388866e-01 -1.088852069447565629e+00
-3.522443167787257856e+00 8.921980648436633743e-01 -1.111710551411908554e+00
-2.400461788687531683e+00 1.005585398019215315e+00 -1.236340006463412244e+00
-2.768803644964076938e+00 1.349056293466497136e+00 -1.393584993764560576e+00
-2.708324676752970728e+00 5.813186661519503806e-01 -1.122807367961807357e+00
-2.951656982627711479e+00 6.819207120347494655e-01 -1.507699954074563475e+00
-2.663850167741107722e+00 7.633009828372900873e-01 -1.000041512582038328e+00
-3.000514512990327454e+00 5.931097016175297387e-01 -1.183421809633052213e+00
-2.819180898100548394e+00 1.342681375786475062e+00 -1.139994820458883673e+00
-3.143230425167570896e+00 2.867176842340391496e-01 -2.133834358114972130e+00
-2.895231763610976117e+00 2.309091133220718961e-01 -9.941160429166948642e-01
-3.481200200889180696e+00 7.918358363065459704e-01 -1.930526561898719073e+00
-3.369372748829687403e+00 6.033237555142865194e-01 -1.252291463580892827e+00
-3.281926592660578734e+00 8.514338353796450098e-01 -1.330941237081671558e+00
-2.871035554607300533e+00 8.005607916982889760e-01 -9.456673696444356514e-01
-2.984410439987787544e+00 1.399167821020446678e-01 -1.150898917258506904e+00
-3.553950567419469575e+00 -4.637500404475463633e-01 -5.587999245607926380e-01
-3.621565645349761997e+00 4.185138011522850365e-01 -7.259557113046531951e-01
-2.864154102902038090e+00 3.921880590016698087e-01 -5.123797372713033704e-01
-3.312905542564428707e+00 1.827038742674301774e+00 -3.012665711432172544e-01
-3.355364671879709437e+00 9.568618417448599978e-01 -1.402389530141235685e+00
-2.695470920028713468e+00 6.582149015663120162e-01 -1.134873187295264652e+00
-3.161107782336761041e+00 6.207906119748054508e-01 -1.008928182769872617e+00
-4.122184354523843908e+00 1.566073860328056400e+00 -2.321710045279105628e-01
-2.086853682620059303e+01 -4.573182362156443759e+01 -6.600355811607616641e-01
-2.639172905095612531e+00 6.447615173051524096e-01 -1.824871881299420240e+00
-2.731558878982109917e+00 3.134631753572229007e-01 -9.610692275580372534e-01
-2.833199269157475442e+00 1.210658494360384418e+00 -1.190693216584900904e+00
-2.980642467164082099e+00 2.847626764832191792e-01 -1.380662306084142532e+00
-3.321309476154908236e+00 4.404971115477284704e-01 -7.887059089678315482e-01
-3.430326691957251484e+00 9.017936831509976159e-01 -8.869729757208481002e-01
-2.954750431175055869e+00 5.207587107600052390e-01 -1.181153882126605215e+00
-2.984058796932732349e+00 4.822984677046429081e-01 -8.202231064795090232e-01
-3.355180820779430473e+00 8.345201579166177108e-01 -1.043926623533700360e+00
-3.260784674312941611e+00 7.760511314609301881e-01 -1.058997384964643906e+00
-3.294743836549267613e+00 6.166157480040227457e-01 -1.059345113934010429e+00
-3.631634536472577501e+00 5.693681276331167274e-01 -1.213317818442599672e+00
-2.925716227693082150e+00 1.559279990872852462e-01 -9.370138055576191505e-01
-3.093584717864453104e+00 6.679140689103507667e-01 -1.063073473833202831e+00
-3.219094183365274198e+00 1.502812190720573815e-01 -1.003592564464062198e+00
-2.796588381816246027e+00 6.834225402456087783e-01 -1.117741761354449359e+00
-3.488190317430492904e+00 4.098851389572695791e-01 -1.121463409597118988e+00
-2.714954705924977230e+00 6.935363307225058671e-01 -1.093957327950774605e+00
-3.985084520328621149e+00 2.830278387662598094e-01 -1.479787187850086561e+00
-3.177958937602989753e+00 3.449720417093064539e-01 -9.775793706669048122e-01
-3.356944174775928325e+00 1.094274521453200144e+00 -9.370564905453420135e-01
-3.807069318187929152e+00 1.081575779295231854e+00 -1.178251944651751204e+00
-2.690532045046673204e+00 9.362081311653870364e-01 -1.183329862233731156e+00
-2.941774011047017634e+00 1.095459709676710247e+00 -1.078412836066796610e+00
-3.630166868419974158e+00 2.849597100147067685e-01 -1.154520967765829464e+00
-2.638110112950164954e+00 6.666830968820371961e-01 -1.168660429232327269e+00
-3.764512158259760710e+00 9.356272084693565416e-01 -1.473303511125269916e+00
-3.797200962188610696e+00 9.258369328442990487e-02 -9.316061995670343876e-01
-3.049885983853975802e+00 8.851142595842603766e-01 -1.199204243364340838e+00
-3.285115570169136578e+00 2.844151190275949759e-01 -1.104977874419486694e+00
-2.938966682650341333e+00 5.703290345402657335e-01 -1.046067382679377822e+00
-3.528948884199473390e+00 3.583961154105881897e-01 -1.874778190453869620e+00
-2.893582574935123830e+00 5.382268620350062482e-01 -1.046674367587194121e+00
-3.168480701544759803e+00 -2.297641985641058482e-01 -1.009612321961552484e+00
-2.825105151581522200e+00 7.121529211185021468e-01 -1.481643172075572723e+00
-3.321067589969512568e+00 1.247369986614414117e+00 -1.030757511817431915e+00
-3.601507456405841356e+00 3.209077595396312987e-01 -1.076457738972964595e+00
-3.421469417850956152e+00 1.155354754046997945e+00 -1.058676747207445423e+00
-2.983868818900360154e+00 2.763035083755086552e-01 -1.192251857887316691e+00
-3.114620131974235928e+00 6.464733603331462852e-01 -1.225777975001366649e+00
-3.010408665691101326e+00 9.919906703703343931e-01 -1.174505388817512763e+00
-3.604521706454524299e+00 -3.598208379606378932e-02 -6.180555274191262827e-01
-3.244700532716587649e+00 1.183319122238544852e+00 -1.056029972658046434e+00
-3.121219665690914358e+00 7.449831070242886044e-01 -1.206847083021927114e+00
-3.554890240688419745e+00 5.449914258054556759e-01 -9.675367467910546138e-01
-3.148032347413039833e+00 5.734316205113658693e-01 -1.034833043590272172e+00
-2.901300180225110381e+00 1.133524991918813729e+00 -9.561078502010303959e-01
-2.634904959806041447e+00 8.100112448649560148e-01 -1.628823306863139253e+00
-3.676856910807773104e+00 6.345774262279503253e-01 -1.089020189652458726e+00
-2.733379202733706048e+00 7.545936421596828314e-01 -1.491468670582386524e+00
-3.545495445041677574e+00 6.744075832306375418e-01 -9.614908405843359818e-01
-2.491798733703578073e+00 4.639354001925278803e-01 -1.099057023036473346e+00
-3.010557098907625573e+00 1.590170436758023831e-01 -1.309318311680320646e+00
-3.678094063716376816e+00 8.866491936047853351e-01 -6.509606208517570991e-01
-3.388313903649822656e+00 8.851410499461170867e-01 -1.094214888032447375e+00
-3.202208040362815478e+00 1.020446953668377787e+00 -1.645264637232062288e+00
-2.565878763211992819e+00 6.468974111506309299e-01 -1.015190479528814693e+00
-3.388328978117141066e+00 1.100214194686882641e+00 -1.117268748048974247e+00
-2.937446407906580070e+00 3.703397816182270597e-01 -1.003636069949737308e+00
-3.164008080277565860e+00 4.153166049131551407e-01 -9.945136374513986466e-01
-3.199059698066221813e+00 1.404628597977513493e+00 -1.574613783480563800e+00
-3.221807890115111039e+00 1.129844848062933949e+00 -1.078282458928751186e+00
-3.541151823064670356e+00 7.039180480707201149e-01 -8.199727825626899058e-01
-3.292311350797793246e+00 1.247514868338665428e+00 -1.111028167826280999e+00
-3.388686925649721626e+00 7.643901929009604412e-01 -1.092090971620502504e+00
-3.430848884623297845e+00 6.042872564396379875e-01 -1.010930590682628916e+00
-3.510350031826723338e+00 8.547021774865343202e-01 -1.162616164203625679e+00
-3.631202899363668912e+00 4.886235324443363170e-01 -1.231739186647554218e+00
-3.074910650190856298e+00 -2.518303799244407393e-01 -1.182632906125525407e+00
-3.044788580071443373e+00 7.320779372853780664e-01 -1.136061086938954023e+00
-3.418902308797414413e+00 8.151570467469128056e-01 -1.069397198523261094e+00
-3.255115615468670676e+00 1.984849573162086600e-01 1.489204715027825365e-01
-3.198469118313723492e+00 1.346901532587600592e+00 -2.271976653224279108e-01
-3.678946836645542451e+00 7.240524978011722568e-02 -9.780557991083482783e-01
-2.802546713593994987e+00 1.387236463938918085e+00 -6.096721665873386931e-01
-3.408323036527829419e+00 5.560647612939875195e-01 -1.059962419479540729e+00
-2.708032842828157261e+00 3.265321958109115852e-01 -1.088787138031728441e+00
-2.641376387685489657e+00 5.771713740973473117e-01 -1.251256197739240905e+00
-3.295720967752191477e+00 6.677041395887223230e-01 -9.572290663540269362e-01
-3.431990808608369470e+00 5.911097484800644786e-01 -1.646275985422194887e+00
-3.477573626849530974e+00 4.223344066411909847e-01 -1.142500735500971309e+00
-2.259153729422540557e+00 7.837510047817508596e-01 -1.082277605336278370e+00
-3.581356438208478821e+00 -3.677454334695913762e-01 -5.768699823662996051e-01
-3.461727473299871960e+00 8.945183290990316172e-01 -1.123978009874549766e+00
-2.437772335074511965e+00 3.522106292781967268e-02 -2.339808818242482324e+00
-3.055073628465644564e+00 8.710354369513546580e-01 -5.797972668846241850e-01
-3.036105441298847296e+00 3.550997579424186035e-01 -1.004221024819218266e+00
-3.539180052190243231e+00 7.133452757968656854e-01 -1.088261603055579174e+00
-3.249663200465637392e+00 7.611834748849914956e-01 -1.046179501515002830e+00
-2.848684205773867717e+00 2.815133278555524976e-01 -1.018559517916815205e+00
-2.948341977085485510e+00 5.942349040792633819e-01 -2.031296361607406453e+00
-3.212858150037182892e+00 6.031196976477287697e-01 -1.050251152583722813e+00
-3.429985013140091965e+00 9.366038618248440084e-01 -1.120329574673020190e+00
-2.572736191367000380e+00 3.834813054419748402e-01 -9.871360616988643644e-01
-3.213637371303789791e+00 4.180825657586668131e-01 -1.064649823823526242e+00
-2.890851873012060480e+00 1.140513076886999544e+00 -1.434386653853075400e+00
-2.883232552063950571e+00 5.355174721168536323e-01 -1.069213271644626317e+00
-2.856439542954885891e+00 3.563523267260693128e-01 -6.308795822001715958e-01
-3.451686663084912787e+00 3.553100544462488020e-01 -1.245572956451338476e+00
-3.144789786093271644e+00 3.762142962324465656e-01 -1.150742068987466338e+00
-3.160736292365511346e+00 4.063878192200965911e-01 -9.678184642833798090e-01
-3.430928689392964248e+00 1.039164403529466929e+00 -1.628743468139739692e+00
-3.289429037746766316e+00 3.424334916755142899e-01 -1.227290964762064451e+00
-2.968289178201800382e+00 1.116745295801214954e+00 -1.154259119759847740e+00
-3.445316169253376248e+00 -5.522031708827234153e-01 -1.165300632043453133e+00
-3.598147518343208784e+00 5.762465005380269512e-01 -1.320900445427464875e+00
-3.179165523169380059e+00 6.413105031743543405e-01 -1.650451854945174990e+00
-3.699237798212371420e+00 4.729562048991426959e-01 -3.895733641649902768e-01
-2.827368776655398541e+00 8.385972605849814077e-01 -1.257781918247112385e+00
-3.598875126714545125e+00 9.882772018832575167e-01 -1.053663917051927967e+00
-3.043195570021342444e+00 9.799291648709338443e-01 -8.163863841634598773e-01
-3.521525673699252401e+00 1.109822963272608515e-01 -1.037691126047055823e+00
-2.924070464553449877e+00 8.255142591621745796e-01 -1.508502263469268190e+00
-3.235961378022261137e+00 1.022765470942929467e+00 -1.235775473547299663e+00
-3.218384319537540339e+00 -3.033236964583749251e-01 -9.044706347046461703e-01
-3.430357745442988548e+00 8.860225758237618710e-01 -1.257913339409523656e+00
-3.287770386881970541e+00 5.715279102742161221e-01 -1.149957934960242234e+00
-3.006392166925277554e+00 8.012655173086875582e-01 -1.125997222706014211e+00
-2.794107101899574896e+00 4.776153817805380286e-01 -1.098732265762082605e+00
-3.041033474139761772e+00 4.164200483090326754e-01 -7.865025925676299989e-01
-2.909165910049710480e+00 8.383846287943610420e-01 -1.178389043453511142e+00
-3.163161116296855813e+00 -7.815347051096044328e-02 -1.393673958555094572e+00
-3.205764288748204294e+00 6.380667895411150647e-01 -9.953960714004891353e-01
-3.524855969517311838e+00 6.224678768827057729e-01 -1.395180544189758232e+00
-8.082658810332960186e+00 -5.197099439003878985e+01 -7.523885692792182667e-01
-3.154364666784859939e+00 -1.206923694481802922e-01 -2.445227733873707621e+00
-3.351292739178437952e+00 1.292399765244655274e+00 -7.061327701473172347e-01
-3.591083878172847577e+00 7.406732895019714213e-01 -1.078211726086690136e+00
-3.332292143650055216e+00 1.102090051943914073e+00 -1.306962788428287059e+00
-2.915280813304962138e+00 4.187620326887891431e-01 -1.116615982434727483e+00
-3.004755862675743128e+00 1.142733495214465211e+00 -2.371990911255825285e+00
-2.956812373690985041e+00 7.989230105534773640e-01 -1.043736302164102625e+00
-3.362725437721695965e+00 1.094022710290760703e+00 -1.091948393241672921e+00
-3.363610036318990915e+00 8.170536698555564969e-01 -1.085795888724906622e+00
-3.430941728341498020e+00 1.203947997903302314e+00 -1.009131080331888253e+00
-3.560467159960815309e+00 4.198028745711981924e-01 -1.116515331446955139e+00
-2.888071619324104944e+00 5.410644200048333463e-01 -1.217522688934716379e+00
-2.758046119881218949e+00 2.065080796736076807e-01 -1.084105440153388944e+00
-3.048947420682315279e+00 3.767197630144569209e-01 -1.293408324481454486e+00
-2.803363163874084574e+00 1.032220672429868591e+00 -1.082421939115991494e+00
-3.677290686653370333e+00 8.797253718968396363e-01 -1.015355460724388648e+00
-3.125763930581541672e+00 8.223847882510172680e-02 -2.031646621507664729e+00
-3.513173863592338186e+00 9.944484016616945699e-01 -1.190488861848409519e+00
-3.184574541860211383e+00 5.159017368564166039e-01 -1.103123238313390875e+00
-3.438679633600024932e+00 7.367910130587127515e-01 -1.457081157082487310e+00
-2.564605991495014781e+00 6.623104938809900588e-01 -1.066229958817185741e+00
-3.148570871147586381e+00 5.299097067002402905e-01 -9.080909736326319148e-01
-2.873673779213815838e+00 1.033014495476319849e+00 -1.521300185459064425e+00
-2.989670539514451164e+00 5.632283873910962635e-01 -7.481854617418995934e-01
-3.573327755084516610e+00 3.840623480195531902e-02 -1.178744154001445832e+00
-2.826393727690939439e+00 7.009228584297870768e-01 -1.188085001052151313e+00
-3.366010263060561059e+00 4.170825330781369189e-01 -8.152592095399293637e-01
-2.781691028583943126e+00 5.683409409291889647e-01 -9.750969515031187029e-01
-3.687650779323033312e+00 2.189370969143479284e-01 -5.431534362887677769e-01
-3.519479229395049202e+00 1.291226077873577127e+00 -3.631062987998140423e-01
-2.376576693829859810e+00 7.483996293805545985e-01 -1.629167899132259123e+00
-3.235105341697478210e+00 -5.570786435068791898e-01 -6.985400562454019413e-01
-2.565669896669339867e+00 7.477917977733252730e-01 -1.132038420821888103e+00
-3.535361798503595221e+00 3.100194939487649903e-01 -1.817695506193852895e+00
-2.985760663997512054e+00 4.654098776691563133e-01 -9.293938624748945276e-01
-2.900989439480627041e+00 1.007334439392198577e+00 -1.245125336088982682e+00
-2.716557801321579646e+00 3.110537919300110921e-01 -1.160367828942120649e+00
-2.998963923046945812e+00 1.007301513210332233e+00 -1.138886025211341080e+00
-3.600216013238585866e+00 2.812651328692009622e-01 -7.916219376556590248e-01
-3.162071859162802312e+00 7.979952629474117431e-01 -1.380256464608201172e+00
-2.688383132682528931e+00 4.814909956624154885e-01 -6.285970958822559851e-01
-3.244547825052736201e+00 -1.431340430155232935e-01 -1.326211844193196709e+00
-2.735257861382920819e+00 9.692789488953591492e-01 -1.050873688523809246e+00
-2.889908061227687952e+00 7.690869601720171644e-01 -1.417857184201831933e+00
-2.867894081883794577e+00 1.067975363180877046e+00 -1.125660403063162507e+00
-3.132940344714202130e+00 9.412859908978593593e-01 -1.078741218825517656e+00
-2.918981011809754555e+00 8.805307131976085611e-01 -9.966057272974100378e-01
-2.931062280297245248e+00 3.866900348201820492e-01 -1.122313881728883800e+00
-3.290988014477113310e+00 4.479234773695132676e-01 -9.371093135457837509e-01
-2.684277770170981903e+00 6.669279846588246352e-01 -7.467292170344149715e-01
-3.095220565481214159e+00 2.740458522546114842e-02 -1.058811637077755829e+00
-3.887217088263459797e+00 1.239632012701811448e+00 -1.379773864857561372e-01
-3.755885742393670679e+00 6.232111032787037708e-01 -1.213271772127664239e+00
-2.862084315058729622e+00 -5.968873759062075512e-01 -1.395024020679348942e+00
-2.839412798509044489e+00 7.265821747967687871e-01 -9.131967248983969831e-01
-2.756165436856449880e+00 8.024995204209918187e-01 -1.284445124019144346e+00
-3.005807259204598569e+00 7.588498825568026351e-01 -9.420426579787861687e-01
-3.180135669267702081e+00 8.567879942451527286e-01 -1.247981732122305676e+00
-3.356770533607946305e+00 1.270720103340426066e+00 -1.833960637159725460e+00
-3.019351492378221202e+00 8.936219901020702183e-01 -1.082879682457315917e+00
-3.811968307901855368e+00 6.897661285951967036e-01 -1.001637860431693339e+00
-3.347362177577179576e+00 -3.762070213110111361e-01 -1.242894949412865380e+00
-3.216227070342920769e+00 1.252532311843185031e+00 -1.275157344772131163e+00
-3.708541463622877732e+00 8.630068479071252574e-02 -9.285757190383351345e-01
-2.688778813181472493e+00 7.803798225831519719e-01 -1.255546581088100355e+00
-2.821221457998651871e+00 1.347006211305347811e+00 -1.167900293670588674e+00
-3.114363923263978595e+00 8.774277068127879220e-01 -1.126322101762654349e+00
-3.320340470077013162e+00 8.910084304746413997e-01 -1.287950450733654773e+00
-2.804630095576921889e+00 8.157862576571038860e-01 -8.017619815300981445e-01
-4.353634630704447339e+00 8.569356203416929330e-02 -7.475225669088849667e-01
-3.100588427652751111e+00 1.774299981913622648e-01 -1.030416945113460825e+00
-3.299131979131259218e+00 1.232832390963107594e+00 -1.154840669301606226e+00
-3.005899739714190666e+00 7.316960654274151654e-01 -1.180765405929196765e+00
-2.877506757368653467e+00 5.222101036880312241e-01 -1.301942728376273894e+00
-3.415945872219303237e+00 1.004319355138361569e+00 -9.834130376480827440e-01
-2.919303082165551455e+00 9.349458928548926018e-01 -8.337030511637186780e-01
-3.188971385342830978e+00 5.426978067461553090e-01 -1.008741110133538621e+00
-3.052638197438399370e+00 5.732281424854215324e-01 -1.108925273351964780e+00
-2.884672725472292143e+00 7.632453061730615218e-01 -1.618572908892653484e+00
-2.912684158389216016e+00 6.857772784181562775e-01 -4.420959094776046872e-01
-3.332176368336059458e+00 1.047541355492595638e+00 -9.644065410503616098e-01
-2.781011210208931050e+00 4.830276850531738941e-01 -9.029768227132614067e-01
-3.394626701619506637e+00 5.968721300650567940e-01 -7.705497862907630946e-01
-3.841063246831261768e+00 8.462480063418124088e-01 -1.147409045833735597e+00
-3.376847904995528893e+00 7.237956811606259810e-01 -1.124433131145630371e+00
-3.154046229768136200e+00 1.001445291787354641e+00 -1.122392787500805733e+00
-3.340878420956606476e+00 2.703072586472726191e-01 -1.373934783522503533e+00
-3.005350247675283804e+00 7.590572622657670854e-01 -1.131082692597334072e+00
-3.106504137330257098e+00 5.570312261098938622e-01 -1.075518505745059139e+00
-2.702329076741396552e+00 8.680476994591366235e-01 -1.095029012886065800e+00
-3.186488316901226359e+00 1.183614463938638534e-01 -7.697735077857537078e-01
-2.667487791494795424e+00 5.673180873666014978e-01 -1.097390645517480667e+00
-3.030904449352660457e+00 9.763353823572993306e-01 -1.229493505717143220e+00
-3.406535446255470223e+00 6.113043188164402064e-01 -1.420336740767965455e+00
-3.491902693558570636e+00 6.065602541837362693e-01 -1.046263999642254694e+00
-3.391307939639970570e+00 1.030908417192062804e-01 -9.382898753406242465e-01
-2.880106465741350874e+00 5.850974691255463878e-01 -1.229971129152696019e+00
-3.647670085905622361e+00 6.985466893631572249e-01 -1.040029119683792080e+00
-3.031048269996618139e+00 1.073013568777593685e+00 -1.052600667751102392e+00
-2.801600193502036262e+00 5.075213030570182582e-01 -9.948319219570844751e-01
-2.688329473097188504e+00 7.406333008269990748e-01 -1.063897012677145870e+00
-3.334763319562210171e+00 8.482408625737144492e-01 -9.195479609240239105e-01
-2.780144474139337962e+00 2.571618895460957011e-01 -1.163883709540874722e+00
-2.980611811576640235e+00 4.246537207544637815e-01 -7.554915958806651677e-01
-2.981307461156279981e+00 2.440728049042302228e-01 -1.154883799967940439e+00
-3.269389944485631361e+00 7.565249338821474767e-01 -9.186213746135905023e-01
-3.227347229535115769e+00 8.270557989027784718e-01 -8.436216872013948542e-01
-3.037597649907774588e+00 1.526177375210395759e-01 -9.933354408558124904e-01
-3.265609663417995190e+00 2.428433988691277023e-01 -1.300904495828098195e+00
-3.253917497990786778e+00 7.801972216232869739e-01 -1.168936332960971214e+00
-3.075191872699228224e+00 4.209799334646971980e-01 -8.649381705035829038e-01
-2.433953118683288341e+00 4.978344383444665566e-01 -1.317071537170016793e+00
-3.576348002426164019e+00 1.228783164123630867e+00 -1.030198223322762008e+00
-3.625138709889731636e+00 6.904449619148519401e-01 -7.726321760652803405e-01
-3.085178210215818062e+00 1.086983099651109619e+00 -1.159441806276024334e+00
-2.716260123777089586e+00 1.012665784432821958e+00 4.201996587938695571e-01
-3.216160407048890502e+00 2.445039519154598717e-01 -1.040621011591179368e+00
-3.380199308709096684e+00 6.167695395172003714e-01 -9.707577173612766952e-01
-2.986232565200499511e+00 3.186531673648861362e-01 -1.447959523104111135e+00
-3.060063658970997302e+00 4.779335589417378904e-01 -2.412362971492834074e+00
-3.492128314160868108e+00 9.440223737606976417e-01 -1.292583427011589459e+00
-3.100732344815507968e+00 -6.288913380549727983e-02 -1.171251173827550840e+00
-3.166681334267454684e+00 8.807761927687791648e-01 -9.759586012200626159e-01
-3.135626744729889559e+00 5.457400852223200927e-01 -6.021782539441172810e-01
-2.425756800337076857e+00 6.250942255763875011e+01 -4.083708600627724561e-01
