2.887402285916098044e-01 2.835086531508946087e-02 -1.898615494757466271e-01
-5.383415203568151508e-01 8.764837824725181525e-02 -2.562959602151668737e-01
7.393828517497837982e-01 2.285133507984105777e-02 -9.637069913278333289e-01
3.655391733202156823e-01 3.017465236112732985e-01 -1.039103983934558800e-01
-3.495094512510471541e-01 3.344772576553750043e-01 -4.557681002118555980e-01
-5.345873384253753136e-01 -1.526949898682228024e-01 -1.801698445877717991e-01
4.355742427468987654e-01 5.727008945161465164e-02 -1.522342217689182930e-01
-3.803673601177482433e-01 -3.646458168129136368e-01 1.510226102407552333e-02
-4.726559681940636359e-01 2.152144995097567681e-01 -2.574230534945438076e-01
-3.409667702869477734e-01 -3.322576295370749389e-01 2.831656510078253350e-02
1.474195125080821345e-01 -3.789959926571472848e-01 -1.236235280901991224e-01
6.824338464720500763e-01 -6.595441312105028153e-01 4.990544233928334572e-01
4.402309070753788744e-01 -4.829255299970239834e-01 -2.483833381897216919e-01
-4.383565625123844733e-01 1.560265832444492629e-01 -2.976307399763223893e-01
-2.743911020153220748e-01 1.799046654045378946e-01 -3.965744014482356916e-01
9.910977987188938909e-02 -4.351933334593369174e-01 -5.242149085747565412e-02
-6.863027912396705288e-01 2.458015162851344970e-01 7.023240076400882881e-01
-1.559841528825114398e-01 -3.919044447916266716e-01 -2.447139738957940791e-01
-1.516648699497836483e-01 -4.469786952449205097e-01 -2.324415568378830621e-01
-1.244446768918112955e-01 -1.853830574292248956e-01 -2.874758568949737914e-01
-1.648549887415483028e-01 2.539891959108631081e-01 -2.019303587329292771e-01
-3.590915571753890978e-01 -4.255724453485001946e-02 -1.295444990548651365e+00
5.614434030192003849e-02 -5.036264788288863370e-01 1.873937544068362548e-01
-5.236044618658100003e-01 -5.327863071581132592e-01 -7.635340992864949605e-01
-9.031967781533722928e-01 2.042380488898534463e-01 3.889561602838474963e-01
1.505481394512395432e-01 -4.747147181149244388e-01 -1.567002538279186341e-01
-1.821035645946492698e-01 4.048172277403313535e-01 -2.487679558644643740e-01
-2.796114438177073058e-01 -9.749964345959724055e-01 -2.106710166041242116e-01
-3.223489982025611322e-01 -2.074268132161926903e-01 -1.189879404481674063e-01
-2.374729955565972328e-01 2.063914690875543745e-01 -2.527553317339326089e-01
-2.790924073925606375e-01 -4.181053638130174249e-02 -1.983666090160556839e-01
1.287105223889139505e-01 5.919298539913543655e-02 -9.428248874634959087e-01
-7.162148382848537720e-03 -5.345692231389606031e-01 -1.429021593021529146e-01
3.050907219714482643e-02 7.935891449932848118e-01 2.319275658475185575e-01
7.052924266220540750e-02 -3.756603506423023542e-01 -1.144492062526901943e+00
-3.256250086034641611e-01 1.943844215917083784e-01 -1.862035816354949969e-01
2.197074814867014669e-01 -3.011387076947360519e-01 6.581231608644915604e-03
-3.159855690607258349e-01 -4.931655150019962908e-01 -3.093954397463268280e-01
3.839921042227742998e-01 -1.563382903220335018e-01 -1.274807552989787596e-01
-2.309837174522699765e-01 -3.905683654340710298e-01 4.803176675416175045e-02
-1.667638332971960180e-01 -6.950433433902633018e-01 4.127726863378860522e-01
1.108301632382892726e-01 -3.675978713138178255e-02 -5.827108805062199831e-02
-1.966166408471401172e-01 4.472413053069758115e-01 -3.502168080604096123e-01
8.080923512678832299e-02 -4.686476495487191807e-01 -5.970160733531125474e-02
-5.576874154659773319e-01 -9.355838919395287334e-01 -7.572842703839248735e-01
-1.118424651972813599e-01 1.600804285328605858e-01 -3.035978109338854369e-01
3.503864512000857134e-01 -1.262508660414451422e-01 -5.088961180027002928e-01
1.766946893821677855e-01 -4.509868398680934587e-01 9.008726941615541328e-02
-5.396760983530449751e-01 -8.448950787772366300e-02 -2.249726709245445100e-01
-2.393532550960274785e-01 -4.270149223180725873e-01 -4.200776886529486442e-01
1.439800663936625924e-02 -3.420396246798935724e-01 -7.556272392189666842e-02
2.114438566356490745e-01 1.686553107568545401e-02 -5.777409556613255504e-01
2.008460532047914027e-01 -2.478176665992335714e-01 2.676878201071062821e-02
-3.925394339120384379e-01 -3.254571889885853886e-01 -4.642602371173533138e-01
-2.588998605398676323e-02 -6.726799975853011704e-01 -6.484996651188528194e-01
1.205414478098211367e-01 -8.079741663661924034e-02 1.573443289437165271e-01
-4.160102595453893937e-01 -2.182010137494273250e-01 -1.919232157129467653e-01
7.443788936821381375e-02 -1.698946149822146423e-01 -1.922865104361110022e-01
2.341535701865338215e-01 -6.912144669073042591e-01 3.225493803357516454e-01
3.716434400384656389e-02 3.643936042827541910e-01 -3.276174371131012619e-01
-4.415497082996242550e-01 -8.540247264082047041e-01 7.257610282188347028e-01
-7.086930929589699835e-01 4.514419794951651799e-01 6.895644811658933893e-02
8.296319240493899017e-01 -2.380151451564309906e-01 4.744932825293090017e-01
1.974438468062180985e-01 1.181171275734156367e-01 -2.153272749203029024e-01
1.569706155871408160e-01 2.562415831659503040e-01 -1.952163692797675432e-01
-2.517282491786659859e-01 1.532891785049876263e-02 -1.995248444842414315e-01
-1.910222392639860656e-01 2.361709094959944522e-01 -2.735571615276847363e-02
1.522538391067207626e-02 -3.655197396431988377e-01 -4.117290187211609664e-01
7.536328476609618909e-02 3.211778933361175703e-02 -3.362200346083367153e-01
5.146959845722857141e-01 3.886419868659422849e-02 -2.774856500347052442e-03
-3.814142495554790901e-01 8.812568053272877566e-02 -3.872592631962413767e-01
1.391271941057498907e-01 -2.548231519250822585e-01 1.106052431799500607e-01
-3.804439897988191599e-01 2.351712410751458648e-01 -1.850676058688500714e-01
-1.096605571912649818e-01 -3.054219564358099936e-01 -5.629157807456047075e-02
-4.393060633945892191e-01 -4.089493330206319666e-01 -1.494670609125600402e-01
-1.164586114564655217e+00 -3.159957023567117745e-02 3.558909562359218737e-01
-1.659021826471205052e-01 -4.883660579809591118e-01 9.234414140584029651e-01
-7.279298152659444132e-02 -3.434251584900449017e-01 2.117442241052955032e-01
3.099001742636884119e-02 3.530901704603193331e-02 -5.086548474478923276e-02
-3.251200406031550250e-01 2.043193347571096719e-01 5.328326029228375171e-02
7.888452234159751275e-02 4.146749834068616525e-01 -2.022324753498576377e-01
2.091190951590707336e-01 2.908886702199596219e-01 -4.345028530012966933e-02
-2.378655076735324003e-01 1.249560597635191728e-01 -6.765539351964716674e-02
5.555531943417397339e-02 2.818641772909802334e-01 -6.909359964665431342e-01
-4.874341517578003602e-01 -1.859431557491066089e-01 -1.000294465958205120e-01
-1.886394889597236280e-01 2.639113581288456412e-01 2.580876263934071130e-02
-3.102099270132121500e-01 1.252195978881459892e-01 -3.929839010781151221e-02
-2.064182591939811018e-01 -3.548321818424067242e-01 -6.009501884002390604e-01
2.938178466547621340e-02 2.849060352397990437e-02 -7.671670061753899095e-02
8.238855450401402769e-02 -3.143882798838416176e-02 -2.164383851585798546e-01
1.146638169555222048e-01 -3.530079733855825963e-01 -7.360060114606434833e-01
-4.923357421834399505e-01 -1.941414983770930747e-01 -1.796258754634602328e-01
-7.415400759821971777e-03 3.796620919718951548e-01 -3.138674463285935912e-01
-1.806393463346011030e-01 4.973437815881162627e-01 -3.236590931857473707e-01
1.421030387910618142e-01 3.565985526866538025e-01 -2.981489554114435947e-01
1.762392052808124387e-01 -5.057159422009109839e-01 -3.211916261584866206e-01
-6.295245328032126331e-01 -1.553568071794008132e-01 -7.715239579795418745e-01
-3.818878183805363147e-01 6.761263583460387638e-02 -9.460147998769274924e-02
-1.177136309501348663e-03 -5.865792610441750154e-01 -4.801000261892544585e-01
4.854295178785497655e-01 -3.615677446377906779e-01 -2.788963604698411758e-01
-3.443425178277722543e-01 -2.103478360111095125e-01 -1.371915941307759457e-01
-5.385955617278863627e-01 2.259347862020327224e-01 -6.406354741567886479e-02
-6.845284810018679167e-01 3.022282915547595539e-01 -9.724072694516361359e-01
-6.727017425740068612e-02 -4.450711793218972145e-01 -1.136100878601860736e-01
-4.591540721244578571e-01 1.320287535853978400e-01 -1.062758330789718014e-01
-4.707063874140277604e-01 -5.089356208263359216e-01 -1.085431767216978038e-01
-4.303827339309179711e-01 -2.065600167272365895e-01 -1.682960764061284253e-01
-8.078457143475957780e-01 1.583751747320201464e-02 2.775388087811636040e-01
-4.048279880388118146e-01 4.063744929156925395e-02 -1.270810753402698279e-01
-1.830107285529573580e-01 2.368340266592921239e-01 -7.125289649872207365e-02
-3.687052635570915449e-01 2.324309547999398595e-01 6.756168904829200350e-02
2.204437604563644626e-01 -5.179606793278811461e-01 -2.274345548271873851e-01
4.982027790351520879e-01 -3.893205844102538560e-01 -3.631317526135479090e-01
8.271854733711214713e-02 -9.183119918524440539e-01 5.778570735689734228e-01
-4.314192000799903504e-01 -3.492096439597385249e-01 -1.372929597760725040e-01
8.262815481120731539e-03 1.576978193448421439e-01 -1.362064019668192405e-01
-3.358560625398495092e-01 -4.567999981038041724e-01 -1.749474817230943502e-01
-5.122073411627101058e-02 -5.624371689679993347e-01 -1.782391279690520025e-01
1.605184255494764012e-01 -1.302081674859010940e+00 2.415676223982534399e-01
2.596172185174915881e-01 -3.409187539587590909e-02 -1.393470272488471773e-01
-4.372592752452482412e-02 2.911485493869174213e-01 -7.434333847661041272e-02
-4.754921767090548035e-01 -9.722458636605423032e-02 -5.088004190249550973e-01
4.226011542244901831e-01 -2.588660506740352307e-01 -1.240073284025023648e-01
-4.281922257738199900e-01 -3.043368550252082971e-01 -3.723586463525200285e-01
-1.832041404487380731e+00 5.880174242215612246e+00 -3.091649241597513864e-01
-6.144296178547286047e-01 -3.420230066011946679e-01 4.439196039881675854e-02
-1.425304180329273473e-01 -8.392115771695957127e-02 1.130937679706680299e-01
-3.050169720451663402e-02 1.984331549085386615e-01 1.718562509545472072e-01
1.384597578668299578e-01 -2.289953345820792963e-01 -1.263508565751599033e-01
-4.073315407433952817e-01 -2.337104102094133273e-01 -1.937284880641238216e-01
-5.014592013433837314e-01 -2.737427153338307245e-02 -5.045381214485915589e-01
-2.219639232615821522e-01 1.694760466912775543e-01 -2.737897358755982946e-01
2.692984193298824658e-01 -3.453692789689284393e-01 -2.183891299140687803e-01
-5.372167185789995525e-01 -7.307568166958933187e-02 -1.925295419753979276e-01
-5.109059713967906147e-01 -3.452353124653026462e-02 -1.229394334612646800e-01
3.965757129099707901e-01 -4.092616069145063040e-01 6.927619978036110293e-01
-3.186804528928326996e-01 2.092415755068595049e-02 7.760950106488435918e-02
2.949740345042288214e-01 4.276038297435208468e-02 -1.036287466943232732e-01
9.791281217413405624e-01 1.136803115822679761e-01 -2.835969240977158079e-01
2.636361693974466625e-01 7.025529447725788190e-02 -2.970421161553407075e-01
1.046154892721348068e-01 -3.866713304476351865e-01 6.436126089446154996e-02
-3.193453728207104603e-01 -3.556775081264860749e-01 1.238754008234041887e-01
-1.739748985839864315e-01 -4.141505205782120003e-01 -1.550057689920585624e-01
-4.887512001171178538e-02 -6.641632349099449995e-01 -6.673149914414189254e-02
-2.121526954195850911e-01 -3.857993996895399680e-01 -2.449132109155686132e-01
-2.425007034991001897e-01 -4.653987905845606288e-01 -1.134559652950518083e-01
-2.432302765784731258e-01 1.323170750625239644e-01 -2.588703135597578697e-01
-2.146890011711068413e-01 -1.979232936621178746e-02 1.528530533968572580e-01
6.696970958898043058e-01 -2.140874324793353434e-01 -9.565163225883881459e-01
1.941818256442560398e-01 1.410280604218492606e-01 -3.220634046871990730e-01
-3.564120241915318399e-01 -3.406956886531287837e-02 -2.032440406673991506e-01
-2.566819512564748051e-01 -1.726348859648393630e-01 -1.897612806627794468e-01
2.394703970396303838e-01 -3.477436184478139292e-01 -1.435151138151316286e-01
-1.480511624668135462e-01 -3.723122711496774651e-01 -6.134823739383649110e-01
-2.663656836322252780e-02 -4.088575045557250043e-01 -1.866581196365009465e-01
3.299249171784879864e-01 -1.112301618247560769e-01 -1.170286646275133347e+00
-4.557448330340840847e-01 2.022739226356284892e-01 -1.627330319749643595e-01
2.346519470507629768e-01 -1.392447792945108176e-01 -3.131803716278906413e-01
4.732859513671182627e-01 -7.554257831961888048e-01 -5.713683430868653490e-01
-4.877066788186815716e-01 -1.468870933103496867e-01 -1.541852800839633997e-01
1.271926378078834241e-01 -8.543914468143291863e-02 -3.620582011190822680e-01
-2.564849264732981249e-01 -5.561578974243435169e-01 -2.006384792420206342e-01
7.126346307140345449e-01 -6.817475931431705716e-01 -6.339656199992987906e-01
-2.601722038950975979e-01 2.429495163758266241e-01 -2.333509088148395111e-02
1.928946162387478735e-01 -4.559958447456496922e-01 -1.402127305534236479e-01
-1.209894184197755906e-01 2.977136886643450692e-02 -2.784208478865743408e-01
2.870781738469353056e-02 -6.020741258050904543e-01 -2.196438958551772958e-01
3.524161350688910233e-01 -1.202582014079736916e-01 -1.691821309103728466e-01
8.890626021455168004e-01 -2.941199701070321693e-01 -7.203435697549750438e-01
2.480587530055846923e-01 -2.044432956526667511e-01 -1.204114478588186321e-01
3.246734110540598905e-01 -2.793138039685090224e-01 -2.939381129058713394e-03
-4.025056548170886095e-01 2.233049528737042211e-01 -9.634956244201500764e-02
-3.929192338541365181e-02 2.806109528696913435e-01 -1.714083288018734830e-01
-3.724652562584305215e-01 1.668520423365610073e-01 -2.844538753811354237e-01
-5.316584424707259116e-01 -1.791618327424841506e-01 -1.030362557348702968e+00
-6.231220701639374193e-02 2.234420556774355804e-01 5.843344163722016121e-02
4.487707228136118831e-02 -4.529373217659247303e-02 -3.582404388813424934e-01
-1.150254188116832804e-01 -4.642162947977857557e-01 1.117976629653958665e-01
-2.537780467496528192e-01 -3.389002116504100798e-02 -2.910337129876907070e-01
1.257576519853954577e-01 3.169058807268922140e-02 -6.035438905943565913e-02
-8.023254362231785342e-02 -1.902612899744784702e-01 -1.459711317856617341e-01
-4.005829393883493239e-01 -3.483595114559053241e-01 -2.557196621795321256e-01
-9.224091855892896374e-02 -1.529307836076902183e-01 -1.588367320071117639e-01
-8.626814304531463806e-01 -8.020678250989461411e-01 -6.143724388558939875e-01
-2.285815122707993141e-01 -5.203630769705841486e-01 -1.287044260754070524e-01
-1.690247063144791895e-01 -6.619889782195556016e-01 -5.043424592085637287e-02
9.654777379163821671e-02 2.193761185531196423e-01 2.769574364340381400e-01
1.652546451571764718e-01 1.423658377942240150e-01 -3.426678610379336187e-01
-3.515472967301981888e-01 -5.957024629505973667e-01 -8.407814764291426934e-02
-2.605211523770806746e-03 -6.183924755122793826e-01 1.188193971593571804e-02
-6.040681888499668251e-01 4.867980038279150490e-01 4.803891936313021138e-01
-4.029739500291229515e-01 -4.493310475003331472e-01 1.185903303230139705e-01
2.006398972489929766e-01 4.178548684402947355e-01 1.273595865025852480e-01
1.874965590794837045e-01 -1.057783926582219758e-01 -2.538360076360445805e-01
6.108661892371622937e-01 7.176711201437123433e-02 7.622310464022824528e-01
-2.212474132571282670e-01 -5.536293381455750229e-01 -1.604112690898965576e-01
-3.273713725894827897e-01 -5.002874472375259396e-01 -1.670629455749884362e-01
-3.229098976504927165e-01 7.849554028011607176e-02 -3.775948107701654899e-01
2.982708242298086621e-01 -2.363008935428135004e-01 -1.465554271808686415e-01
-1.437454857520700513e-01 4.764861703119486758e-01 -3.099894226197131841e-01
-1.738293650702452120e-01 -4.324942549356596833e-01 -1.162783365503715222e-01
1.528177685570479838e-01 3.275830839517684945e-01 -4.551570391855119246e-01
-2.861242349871028212e-01 6.212226470342146339e-02 -2.619650118822839380e-01
-7.545331320619563797e-01 5.050047314386093555e-01 4.678612618073071383e-01
2.019507215721390858e-01 4.778069625142725152e-03 -1.589770023704504265e-01
4.105929981798933093e-01 -1.113182699366971340e-01 -1.655410871825468144e-01
-2.293443929029807260e-01 4.442828135172642856e-01 -1.386697000274514091e-01
-1.091202208804048640e-01 2.176332168880021900e-01 -3.030511827804525105e-01
-3.905269862932810032e-02 7.455409554466660427e-02 1.281072211119348436e-01
-1.816326335263123981e-01 -4.606011898293659729e-02 -2.151643522025185190e-02
-4.892665533218046869e-01 -2.524105763940136526e-01 -5.692253562046005744e-01
1.607194134588347256e-01 5.157224006794339788e-01 7.780539799672494539e-01
1.336039169329358844e-01 5.756406263095088793e-02 6.240743108593897748e-02
-3.398989313415522462e-01 3.852378296842122185e-01 -4.216899484491503647e-01
-2.346636858633573963e-01 -1.139265652754410496e+00 -1.626762723515207676e-01
3.474127043720795505e-01 3.018500741155205613e-01 1.822680063878988621e-01
-6.534182773886050566e-02 4.114102017149897650e-01 -3.687343230789502102e-01
3.187184943090057843e-01 -1.635780531569461793e-01 -2.244410243536991423e-01
-3.649120286362730337e-01 -3.920680948018634981e-01 -1.910587930780614507e-01
-1.651521423452544102e-01 1.249582736796630150e-01 -3.711548151165662834e-01
-3.849525518408770663e-01 3.871830708153147782e-01 3.209445416984619270e-01
1.870059598508653359e-02 3.850397059608479805e-02 -7.438339551507416880e-02
-1.119084025483702005e-01 3.161248171581227950e-01 -2.718851500781512276e-01
-3.532232829684657793e-01 1.314668749744963561e-01 -1.632417972531095274e-01
-1.600867338123973249e-01 -6.044661824687618257e-01 -4.791535561198365101e-01
-4.783222067326994287e-01 3.643333359437134766e-01 -3.180201514948550745e-01
4.680040069982007583e-02 4.374481594240702265e-01 1.214147346090608572e-02
2.066697286931828692e-01 -3.378457562806814196e-01 -1.006921570435458518e-01
-1.846932436879703265e-01 -6.552935319010021187e-02 -8.057426059351037451e-02
-3.898617493252964916e-02 -4.507044201804389361e-01 -2.246542167455905237e-01
-6.714967121428112584e-01 -2.242430126619842090e-01 6.196402519793000607e-01
2.991228168819229372e-01 3.613261369205478801e-01 -9.416626716853546131e-02
-4.947541354695131899e-01 4.130352510924176906e-02 -1.314522466664035383e-01
2.515841179778351422e-01 -5.748786634318414634e-01 -1.509156594271373886e-01
-1.092505183926234524e-01 1.952814757976492274e-02 -1.742074786672893338e-01
2.248679629814074599e-01 -2.936893053281476318e-01 8.212469445409081859e-02
-5.461407712564033540e-02 3.947324042252449150e-01 -2.625964393928553742e-01
-1.918020938758165442e-02 1.133974158307640145e-01 -7.581911415575121049e-02
-8.622713315354284258e-02 -6.087912781436588538e-01 -5.123134225517228524e-01
-1.433002303221858342e-01 4.631818000643523336e-01 -2.721306015936357792e-01
2.733528259512260639e-01 4.699964595457343380e-02 -7.618748695536813748e-03
8.166178945682946999e-01 -3.102557632409819743e-01 -8.425526443515272135e-01
-3.493991603894157083e-01 -2.613775631737444982e-01 -2.014647227423121412e-01
7.680666243247744607e-01 -4.921619186945425106e-01 5.325380015094969277e-01
-4.149267336597569633e-01 8.275298980353863743e-02 9.441860836826349024e-01
2.732656942999908689e-01 -6.407935103513657804e-01 -1.599375499984022619e-01
-3.680394674012308354e-01 -3.113083371539802635e-01 -3.308041530742170666e-01
4.902553028602029128e-01 1.718185137360180026e-01 -2.834828466830293103e-01
-6.523133123054334348e-01 3.276937028326636914e-01 3.776608262311239028e-01
-1.851478137478294483e+00 1.528229394893607651e+00 3.986434790073767331e-03
-2.631583084574141140e-01 -1.479605296458024778e-02 -1.015248472667328039e-01
-6.488334017013835942e-02 -5.356798776985243205e-01 -2.591937465176076816e-01
7.137133819323661366e-02 4.761115213924348860e-02 2.650539813486298829e-02
1.194413121820352558e-01 7.113880334576948294e-02 -8.051290951945971885e-02
1.624512889662803883e-01 3.895292641982893711e-01 6.873016129886369008e-01
-3.750519592392856927e-01 -3.944820433500473983e-02 -3.566836850209177956e-01
-1.916139392487336002e-01 2.352406078776862475e-01 -4.161561185829476539e-01
1.614268973725040135e-01 -3.278083853874404485e-01 -1.336395760801554755e-01
2.112060206785399408e-01 -3.959715917876411306e-01 -2.846790700985987188e-01
-1.961441358810467883e-01 -4.802728463164654404e-01 9.706847482163905028e-01
-4.832667883634820249e-01 -3.126263452981708352e-02 -9.974041027972531392e-02
3.102442666218470091e-01 -1.129758792432196401e-01 -2.403695607243360732e-01
-3.609545840103064451e-01 -3.976725545859133293e-01 -2.388101248590935033e-01
8.700406670031867185e-01 -4.799919666454673384e-01 2.165349385493155476e-01
-3.751982556780412287e-02 -4.251005442465971007e-01 -2.242752489129005711e-01
-3.836116525043131720e-01 -1.288509939298767781e+00 4.170661717771859123e-02
2.774653481609111738e-01 7.696400073683878906e-02 1.271036586233819099e-01
-1.869926507100940494e-01 3.682100894280260217e-02 -1.024900901327766789e+00
-2.727663740338324705e-01 -2.436113573203909088e-01 -3.862367130349808053e-01
3.335021384108449172e-01 3.227319442604175692e-01 1.079376255092134307e-01
-3.557032340914488278e-01 -4.164954789851731953e-01 -2.325255012227242235e-01
-1.006062120291717765e-01 3.083059390022483415e-01 9.591845298999777947e-02
-1.865945468697954857e-01 -5.243218575869629250e-01 -1.940315038098672784e-01
4.228500602428819088e-01 -2.020124884646662955e-01 -3.839594598078319154e-01
2.756440257819273154e-01 -3.001421326528757039e-01 -9.838092948360209478e-03
1.397335762478025822e-01 2.497762529494153977e-02 4.097871794401262285e-02
1.692188099604582663e-01 -9.226750720943037443e-02 -4.234301127635193424e-02
-4.072555561536473356e-01 -5.472310132136870564e-02 -3.086832508601269898e-01
2.199442768076546595e-01 -7.003304824014507934e-01 2.015565706849990202e-01
2.922046762738901293e-01 -7.735313756176530331e-02 -8.109165238611798499e-01
-2.516214915105210448e-01 -4.517948223034216060e-01 -2.727570165511339351e-01
3.298067477271740544e-01 -2.276897780655753600e-01 -2.017737341436249832e-01
-2.884737842035017819e-01 3.779597861381468749e-02 -2.451697172011449155e-01
3.165730223297369417e-02 2.917399305368041929e-01 -1.866655055581215583e-01
1.057791325971387669e-02 -5.334946521330929253e-02 -1.727134695681598331e-01
5.977706615109056737e-02 2.628714988259885921e-01 1.496747235621493366e-01
6.161091406377251778e-02 1.966024329190058928e-01 -1.032394064450134347e-01
-3.012687978775928643e-01 2.125606987458282804e-01 -5.258333560206784885e-01
-3.987346935805279879e-01 1.416852914215010473e-01 -1.674775877223380893e-01
-2.922086371879324962e-01 3.842401735835330734e-01 -4.578165733045704844e-01
1.084332786867818976e+00 -1.927912368620930683e-01 -3.826303305127664034e-01
-3.068071450663648753e-02 4.860369298943525429e-01 -2.555865739743768406e-01
-2.248758301764151035e-01 -2.791452751819506473e-01 -1.391795244987598656e-01
-4.313642649039839960e-01 -1.510001524156765196e-01 5.960876901529222303e-03
-3.882620188194639277e-01 -5.178001976517707661e-01 9.159867989312922010e-01
-2.583674625243139178e-01 -5.037854819014910834e-01 -7.378911125539709681e-02
-3.143732998636039055e-01 -7.273063707041879100e-01 8.689313490092707148e-01
4.476234698989380034e-02 -3.012086475071648617e-01 -1.969242062331468812e-01
-9.674556558015525720e-01 -8.996864976438992412e-02 -2.375678604131669924e-01
-3.280355835854928404e-01 -3.995866444093743586e-01 7.862188358110406769e-03
-4.627320173813434523e-01 2.035648619969001039e-01 -1.721986856296266466e-01
-3.490031654541121964e-01 -4.255674508183350802e-01 -1.719878540855097337e-01
-3.257595012070741980e-01 -5.072560387648281655e-01 -6.062979656418689967e-01
-3.054969281161833972e-01 -7.417333760507885398e-02 -4.097413354895421689e-01
1.731057064095500031e-01 -1.953977529457990858e-01 -1.057627922823453359e-01
-3.852563710438989819e-01 1.796143082661613433e-01 -6.073916043352045602e-01
-1.028923004404185271e-01 -4.114636902315268463e-01 6.207376005450550988e-02
-1.693028715076903001e-01 9.153161479645417764e-02 -4.264318336310853885e-01
-4.775901383133475120e-01 3.141011211809016657e-02 -3.063332352082645538e-01
-4.582398565997766737e-01 -1.215152787105540644e-01 -5.872128502690177054e-01
-5.714848242515990079e-02 1.451479195494212171e-01 -2.663005435207048133e-01
-1.011041810661234830e-01 -4.174689663445001475e-01 -1.443297860106853014e-01
-3.561606440244636795e-01 1.278224773823235239e-01 1.705237640642789099e-01
-3.811701938057857619e-01 -1.561903998046087483e-01 2.534315356744578640e-01
1.910634683497249714e-02 -5.921415814927720733e-01 -2.304950860208211660e-01
3.311854379063596809e-01 -1.181157206676015786e-01 -2.644779835007721736e-01
-3.590730108004969168e-01 -4.141347499088963713e-01 -3.273163954023530775e-01
-5.089041610556734874e-01 1.333810780499114224e-01 6.113118037442084179e-02
-4.712846602977188160e-01 -1.481977739051051624e-01 -3.449891348770525723e-01
-3.744380768463076437e-01 1.021273244315636708e+00 2.814919789709754427e-01
-5.504388209168865620e-01 1.084625107289718532e-01 -1.763475714449110332e-01
4.972570381293581199e-02 4.022112933048666572e-01 -9.996633858747515367e-02
1.760041691213370396e-01 -5.764623940429353111e-01 3.737257347458348145e-01
1.153192073406059635e-02 6.617345895680837309e-02 -3.466801537020369750e-01
-4.447603687715006027e-01 1.580889407194991936e-01 -1.507525905450184112e-01
-4.242166945708158443e-01 -2.495763812972767726e-01 -9.232555600988176514e-02
2.307800980174083971e-01 -7.435107053442310265e-01 5.961767551215910871e-02
-3.234470296336310891e-01 -3.320131635260004654e-01 4.889132485157456770e-02
2.156124405409249600e-01 -8.154872399007995210e-02 1.912965159362738435e-02
-4.594038258135279551e-01 1.869069921527235778e-01 -2.170784424395798828e-01
4.005615192169097172e-03 -4.880864955645153880e-01 -1.082103071593094185e-01
1.234259576321425633e-01 6.040184262671734194e-02 -2.973745368395916064e-02
-4.804540392769377499e-01 -6.626462069233740593e-01 3.417882841105225888e-01
4.505638352298628191e-01 -1.780040908093777074e-01 -4.011040826870014842e-01
-3.817782268393832834e-01 -3.145351769204383086e-01 2.170498345366441706e-01
-9.950102086321399586e-02 -9.170432908658225912e-01 3.435807774539734183e-01
-5.246129481447148191e-01 -1.950112473304983496e-01 -3.649162854951945589e-01
-2.881568745822462967e-03 5.530904457545979952e-02 -3.204317860677357577e-01
-3.783474884958657469e-01 -9.367696329279755485e-01 6.921209750591623688e-01
1.246678882227224699e-01 2.412774017304322449e-01 -9.687215416223383946e-02
2.123732047035865600e-01 -1.927098456757799783e-01 -2.751077500595945913e-01
-2.440998774645713187e-01 -1.112818831512614980e-02 -2.841906262248363180e-01
3.549373408612868652e-01 -3.701588226952167160e-01 -2.503131040190677559e-01
-1.695571582473607009e-01 -2.819488053482412104e-02 1.457715045745797133e-01
-1.803364135342611085e-01 1.186434152519983687e-01 -4.040256247840343096e-01
5.857864992057457837e-02 3.409748990267035679e-02 -1.312066313866261727e-02
2.314226939016891527e-01 -5.629242741674164163e-01 4.804825644173344457e-01
1.911971547642510871e-01 -2.163546305754363852e-01 -7.694699744437855093e-02
-3.067064026550838096e-01 -4.123387006846149228e-01 2.798764295411029649e-04
-4.978984464166696378e-01 -9.735460433706373540e-02 -4.442082620752400846e-02
-4.932987478301508744e-01 -7.385824018727154411e-05 -3.427618776594261174e-01
1.643458007497934359e-01 3.404166973968714704e-01 -3.545684448729634619e-01
3.690217223558664439e-02 -4.980257952197276738e-01 -1.189366507985960622e-02
-1.907496249535238497e-01 -3.243823343793482139e-01 -5.211809571114467410e-02
7.763196047910005115e-02 9.612546888812130153e-01 3.908104013642321739e-01
-4.188848050587620775e-01 -3.717357808735234637e-02 -2.489277264438939929e-01
-6.652404687833310959e-01 3.144552231797214659e-01 5.318982814595574204e-01
6.786944422038274638e-01 1.905187971202602359e-01 -2.453865318639155135e-01
4.345510876256290511e-01 -3.076966277004564154e-01 5.625579112669461257e-02
-5.482352225146834845e-01 2.003917949258527953e-01 -1.148060770980826373e+00
-5.954733925335972677e-02 4.825588242500328251e-01 -2.950854318449753211e-01
-2.307336363160703008e-01 -4.189102795271335555e-01 -8.224048201558238277e-03
-2.772471023142807911e-01 -6.430658226916726727e-01 -3.122767914650629306e-01
-2.265841202231362317e-01 9.861707794339673316e-02 -1.788307464702238170e-01
-1.594369765609388034e-01 4.165125896144575290e-01 -2.494467225623205331e-01
-1.666205638306199333e-01 1.993845769358494335e-01 -3.354909136587683749e-01
-5.913257168089197657e-01 -3.421045272125273762e-01 -2.046301021377289475e-01
-5.525830523365067304e-01 1.595481113952647856e-01 -8.759737322896668510e-02
-4.217306444257943321e-01 2.524949259464443485e-01 -1.464851384990287775e-01
3.273908854376517685e-01 -1.455472556020944580e-02 -1.071775490911441309e-01
-2.330216864167166391e-01 -3.581573287623736057e-01 8.734625733382250790e-02
-1.377578135434331108e-01 -4.688163622660978525e-01 -2.468614924366367147e-01
8.521964552730604270e-03 1.876328347035057797e-01 -1.054999622373794799e-01
7.263188342949523646e-01 1.527437210341497376e-01 5.524462294700768217e-01
-4.120241653953395478e+00 1.809819192023723655e+00 9.802534769534720915e-02
3.631470950994732938e-01 -2.544519638742123724e-01 -4.892340322412200293e-02
-3.647127408874858423e-01 -5.470387074085840684e-01 -1.495112383708920197e-02
6.628424640337297891e-02 -3.934924968514312282e-01 -1.011356747923029681e-01
-4.754958273265690871e-01 2.375209898963283328e-02 -3.116734327781029990e-01
5.932808835536687031e-01 2.151012123393221953e-01 -1.413909443777849329e-01
-3.937794311107269962e-01 8.554976613379732253e-01 5.161027898252804613e-01
3.044464246220610626e-01 -3.674857906202638191e-01 -9.847208156081464769e-02
-1.742259461124099629e-01 -2.685728017017729452e-01 -5.918081990618555971e-02
5.489232350319613041e-02 -5.739198949282604545e-01 -3.663527382012947142e-01
-3.350069520176655047e-01 2.044184962893912383e-01 3.809504236954848466e-02
-5.119640674694476701e-01 -3.037614320696739312e-01 -1.289318704248835767e-01
1.901270574500098787e-01 2.021086777870197485e-02 -2.485431115877376196e-01
1.417963986376614416e-01 1.967872757790204985e-01 -2.072509538945204732e-01
1.027781616848213037e-01 5.093593566702976638e-02 -9.356837785397048579e-02
-7.696139817120514204e-01 -4.467043199279236432e-01 7.466832986362089697e-01
-1.046586549028072355e+00 -4.715702324199857465e-01 -8.418820472245066577e-01
-3.223885323619281595e-01 6.829927262757179429e-02 9.473968339352982493e-02
4.741162720752810089e-01 1.414202779040422964e-01 -9.850542481002866335e-01
-2.589056990719881129e-02 -5.223614456123457095e-02 -1.699930664554472337e-01
6.352238509836386285e-03 4.862124733701371493e-02 -1.952525835873110127e-01
4.757935776507769138e-02 -7.907723660235614627e-02 -1.026687468786971758e-01
-6.848151678447175206e-01 -2.817572883966376618e-01 -5.215593931763384816e-01
4.103098832033283960e-01 -1.905415861099876984e-01 -1.722878835503799388e-01
-6.294920528662075743e-01 -9.014352121540072371e-01 -9.085202459341046310e-01
-2.922253466107906372e-01 4.283149542311801561e-01 7.947294978816178690e-02
4.460670008665714725e-01 -6.516017936957210765e-02 -1.819958207517732018e-01
5.455966251179147908e-02 1.467392321945832634e-01 -2.214228712683587452e-01
1.124804516103994206e-01 1.815448760964725738e-01 -2.366984246644221190e-01
1.469952653382642915e-01 -2.080899013336278136e-01 -4.014019247920849742e-01
-1.141651703182746808e-01 -5.584583477437318200e-01 -5.099818690418493894e-01
-9.821734583859480228e-03 -3.116025320891859796e-01 -1.663201165687635819e-01
-5.233422547786882317e-01 2.638017392365600844e-01 -1.300233617039054657e-01
1.429515272317604946e-01 -6.544965249702952015e-01 -5.403856662288306634e-01
3.398879141773436530e-02 6.715632086726060213e-02 -1.160881143409903671e-01
7.336069414968234004e-02 2.338470068693960791e-01 -6.233721529828787355e-01
1.118411244002722515e+00 1.286895894963811793e-02 2.060336476452242216e-01
-3.536790518223268398e-01 3.681886937190382847e-01 -1.612565935805515827e-01
-2.500670366988489435e-01 -2.889717646086236158e-01 -1.327082922604463366e-01
3.711241798230698885e-01 2.013381459692768216e-01 -1.202978263968524503e-01
-6.947499695076601867e-02 -4.333582656192067062e-01 -1.842770873098688311e-01
3.569690056264554490e-01 -2.513025734416722279e-01 -5.601946163714496829e-02
2.182159969153757983e-01 -4.941124711428050986e-01 -3.730434630756755687e-02
-3.542266496040703538e-01 -5.101863234506551770e-01 -2.550104471676085671e-01
-9.017313302041392309e-02 -3.604893424907930077e-01 -1.220930766925542726e-01
-9.302253566068251489e-01 -1.740412568253247860e-01 4.853791501119119611e-01
-3.573249720618134062e-01 -1.152675632534116090e+00 -8.302844474256327878e-01
-7.497245929000669051e-02 2.825694267332692911e-01 -2.479726784874454470e-01
1.553900478499269447e-02 1.823432969388877611e-01 3.299769238274323224e-01
-3.210453194576771141e-01 -1.608691921027249616e-01 -4.775189446530878623e-01
3.845857604481749958e-01 -2.898299501769158737e-01 -3.622588028737578902e-01
-4.818741408523366521e-01 -4.798353582483156493e-02 2.426528083585611228e-01
-6.611660785824290398e-01 -2.365822963030495274e-01 -2.445765076900466295e-01
-7.723726924967024010e-02 -1.415782291715955987e-01 -1.057875580794071652e-02
-2.853686879870466209e-01 -4.229921166427227930e-01 -1.021521161887081475e-01
3.787030257453695703e-01 -2.242665331173247234e-01 -1.121191373786057793e-01
-1.950516159544549710e-01 3.164760544046552743e-02 9.540154042454038197e-02
5.550604094200723981e-01 5.714239705617647075e-02 -1.459912294148239253e-01
-3.083036719963567207e-01 6.627286178590231780e-02 -5.873120288724272831e-01
2.129744405152780018e-01 -3.966707383091734873e-01 -4.056708069912923209e-01
-2.499179681653398988e-01 2.498804264423343524e-01 6.279322870410664059e-02
-1.622637463720063011e-01 -1.827567449565304369e-01 -1.590576597636168543e-01
3.860235055247282498e-01 -1.831589299185320541e-01 -1.449349425683511550e-01
-4.590672647178635768e-01 1.976306105463182805e-01 -4.879210782797530621e-01
-4.751460854838669423e-01 -3.402478135368092182e-01 -1.339341525912709496e-01
1.764995489028624576e-01 6.042922562505199588e-03 -1.442386369034036053e-01
1.344396648503580483e-01 2.697210634949041563e-01 -2.452321623340457113e-01
-2.402255150415595342e-01 5.043109070179770947e-01 -1.159778130056567713e+00
-5.422514282421270204e-01 -7.048224754999581065e-02 -2.385931099731900262e-01
3.603138759888918075e-01 -2.999634365049510532e-01 -8.224509718618462639e-02
-3.586518062234345661e-01 -3.551882446306701691e-01 -2.885650030491402479e-02
-2.801290240742947413e-01 4.589603530632300754e-01 -1.791088718903020016e-01
-2.806225639499113633e-01 2.159981095367670689e-01 -1.708150300380766387e-02
-1.894702125370802473e-02 3.911523272644470972e-01 -4.284953521571435719e-01
-5.622278922704569970e-01 -4.913573307063405504e-02 8.892051409314486593e-03
-4.416830020716150940e-01 -5.742185508125836196e-02 -2.268344043882208616e-01
-3.824324519044468573e-01 4.731156966880073478e-01 -1.057780785776222698e+00
9.675232334039686466e-02 -4.670741110651557837e-01 -1.298130644113234811e-01
2.792531207924649483e-01 1.904149896298336642e-01 -4.246726184138307492e-01
-8.174105351343170511e-01 2.346399245786520704e-01 -1.066299267680039353e+00
1.614824810012540912e-01 4.356050426529938790e-01 -7.174752549855886175e-01
4.553588742911630627e-01 -2.662649609206230172e-01 -2.634099781403737017e-01
6.545179806392471822e-02 -6.162078724516821815e-01 8.977788671491084838e-01
-2.578514601902196501e-01 -8.007002751327911561e-02 -1.428727846694025638e-01
-2.635291400220114988e-01 2.791992666966512937e-01 -1.948043114945847976e-01
2.453533314578697777e-01 -3.705404236626394510e-01 -3.982889848169281211e-02
-2.363977806804686693e-02 -5.074629717564547171e-01 -1.930731194312484966e-01
9.308693905887516218e-02 -2.678760378488636573e-01 -1.043201138185207572e-01
-5.141787714909891172e-01 -1.405945584656915787e-03 -1.188990178520394070e-01
9.220428821547173304e-02 3.371999851881495869e-01 -2.389139885589114665e-01
-1.407665283739189532e-01 -4.770306730215144175e-01 -3.889629218189759596e-01
3.648576156673603577e-01 -5.114335908942341247e-01 6.249476009651246285e-03
-2.145897130745727244e-01 -6.546833590822830340e-01 7.535947652430289787e-03
1.138331816498341503e-01 -4.676294678652567760e-01 -2.764162263001884723e-01
4.924358736135090592e-02 -3.191498774722749676e-01 -1.711506747303725984e-01
-2.158492971811727668e-01 4.221244961584965649e-01 -1.052234994675683571e-01
9.727044290473563226e-02 -5.102021061702959326e-01 -1.486372070717391358e-01
3.751576481410887065e-01 -8.191400592674266679e-02 -2.356836673060770937e-01
-1.260710772115067602e-01 2.123290771666805632e-01 -1.665806067620349828e-01
4.291424517289522123e-01 1.628022353890375140e-01 -1.017216792187095820e+00
-5.024786784059873668e-01 1.311636129584673460e-01 1.166933958726022319e-01
-7.677127885884758862e-02 7.536522602686469563e-01 -2.600960905888730634e-01
-3.343751955762931938e-01 -3.278962874350184187e-01 -2.991763884101467097e-01
3.357888702349660220e-02 7.580872910137745335e-02 -1.095797682526048922e+00
3.242000843748730210e-01 -2.435084319595202662e-01 -2.851101503160413664e-01
-1.322904047183705301e-01 -3.620373198191117470e-01 -3.418425964929741045e-01
2.540413348825968365e-01 -3.738202576611763805e-01 -2.113692917639770075e-01
-6.446377194374602881e-01 2.717351104290081087e-01 8.972380922114261970e-02
-3.787681886185829960e-02 2.680532036935484030e-01 -2.092127790316369307e-01
-4.609386753426993333e-01 2.905872804294347134e-01 -1.941790566057130518e-01
-5.456020155141006606e-02 -6.649521010922798681e-01 9.060467827355622727e-01
-4.090924777988885763e-02 -5.722071950016023312e-01 1.208234107187874384e-01
1.318069333606937121e-01 -5.086678269028125365e-01 -7.387051520327583831e-02
1.940570908137297101e-01 3.767377588483317719e-01 -5.295713775186845773e-03
6.673007326593799471e-02 -3.317851493654485062e-01 2.197239774803986037e-02
-3.606935336012372928e-01 1.962924183672933587e-01 -3.665985267376532519e-01
-7.841984159234909046e-02 4.364773689618597352e-01 -3.965265990569165622e-01
3.392301805235516943e-01 -2.203051533907953996e-01 -1.750066753883424420e-01
-4.512851159251224931e-01 -2.097751263650296516e-01 -1.280557239573699435e-01
-1.810715424989430347e-02 8.482912806400842998e-01 -2.155737362332439955e-01
4.830970895871162241e-01 -5.768120932280871443e-02 -1.290200788718851854e-01
3.398502050411120190e-01 -6.290962481885072066e-02 -4.013983863409395503e-02
1.634405672169829127e-01 4.596381769771113457e-01 -3.858304627776384943e-01
-9.215593310976806229e-01 -2.829390585572467143e-01 -1.729856644320053316e-01
-1.270203800124311888e+00 1.626483649370158990e-01 -1.084639177761506507e-01
5.550505336952070934e+00 -2.873879346173683125e+00 8.908644216163974505e-02
2.128847229414660425e-01 -3.234934565626576553e-01 -2.601280889327202694e-01
-2.586826604906465876e-01 -5.074172670543912744e-01 -9.732292396353144082e-02
-1.133647238390772111e-01 -4.027668358349511535e-01 5.052231503403642465e-02
-6.468724516912496836e-02 -6.836962837836870754e-01 -1.824956309263605081e-01
-5.406031591806454983e-01 6.926893482178969608e-02 -1.141440546485646135e-01
8.611262366241849431e-02 -3.401008413279918985e-01 -3.427135939995894498e-01
1.265753856644314390e-01 -2.165082826004214589e-01 -1.976355007115872808e-01
-5.327168655448264456e-01 -6.939499043594535288e-02 -1.644727442085949787e-01
-9.749818582895088959e-01 -9.264732252432542059e-02 -7.452817950879765396e-01
-6.314726306045004289e-01 -2.906612334056844493e-01 2.186099699121700490e-01
-4.822108585698292038e-01 -5.261593627251498484e-01 -4.582040080959975947e-01
-4.627433742542226836e-01 5.569418852880071019e-02 4.317767297609406696e-01
3.242895510666728986e-01 -1.091675865753348046e-01 -1.289306513360703788e+00
2.471663315944759298e-01 -1.187019308622813407e-01 -1.807258269037184117e-01
2.203046665695022888e-01 -3.671565309153969059e-01 -3.900560229614664642e-01
2.414341360095197953e-01 -3.338595255037795084e-01 -1.951601340590654599e-01
-6.459304532951700706e-01 -1.640471129226147573e-01 -5.904279765704131128e-02
-7.568342743984902976e-02 -1.156962255839711351e-01 -1.774336235830381303e-01
1.934370444464310682e-02 -6.868856233042816006e-01 -6.890771423159308684e-01
-1.428592136199355600e-01 -2.023909297093527127e-01 -9.232301052199602676e-02
-3.887692345123638371e-01 -5.376307109230961390e-02 -3.758624371095974914e-01
-1.113143265073815169e-01 -8.981433476560954920e-01 -1.058231068375576678e+00
4.027138066022057372e-01 -1.120859559601465189e-01 -1.607808522162749720e-01
2.016785531435210388e-01 6.466283573664440010e-02 -8.658581976639760924e-01
-5.005968527831977655e-01 -2.162230588507036214e-02 -4.850458408722596593e-01
-2.477829103447391212e-01 -5.176820917247246800e-01 -2.018149700709554184e-01
4.657091776839358266e-01 4.818091975093150015e-01 -2.657936930078725821e-02
-2.643248167426459627e-01 1.492247759420686215e-01 -1.244146728318449024e-01
-2.086719395595213744e-01 1.850306593073941519e-01 -2.552309797461461693e-01
-3.466442364371754570e-01 -5.679341331054214015e-01 -1.097359632298706700e-01
3.142439009412597017e-01 -2.697041432495311253e-01 2.602587428985545515e-01
-2.294821645778921670e-01 -3.092116695236871160e-01 -1.002534036194642070e-01
-3.951382193918705488e-01 3.237301666709874182e-01 -1.864085337288089728e-01
6.051942715773566128e-01 -7.669860715078333779e-01 -3.077054259288427018e-01
-5.809787094714232714e-01 -5.340209060730864710e-02 -2.198367519735267839e-01
-5.087706168638914672e-01 -3.149790678688230705e-01 -4.674467565378555289e-02
-4.091962440307240524e-03 -9.103926774326874527e-02 -2.156452930138333945e-01
-9.941904376511237484e-02 -5.161159866284062980e-01 -1.741351933578786648e-01
2.049995531857402020e-01 -5.572335864203552952e-02 -8.552248400320563992e-02
-3.169912901492301094e-01 3.394841574678982843e-01 -1.819801029056632991e-01
-2.002245462647094798e-01 5.546341573666051517e-01 7.942611843833222718e-01
-8.397119138598830856e-01 -3.001667123456343567e-01 4.327313162004330360e-01
-1.823459005142771261e-01 -4.576978481094906570e-01 -2.353020675503902093e-01
-4.668271237147236796e-01 -1.681730204054714961e-01 -2.487428630231369453e-01
-4.673876393588983214e-01 -2.056330490346461870e-01 -1.443863831062236480e-01
-2.907597571239178835e-01 -4.168225758961001115e-01 -4.352257794465528296e-01
8.046125406915648481e-01 2.777239781411513508e-01 5.441750600004188199e-01
-3.472007604149561777e-01 1.045760030730688711e-01 -1.780905672026728837e-01
6.868164346860525238e-02 -1.834638544273607674e-01 -2.932835432770959927e-01
-4.558475540029384154e-01 -3.035144185344462175e-01 -4.923152187800068913e-01
5.587072717310474258e-03 -5.541299926657552444e-01 -1.437680282326702641e-01
-1.855567836384838798e-01 1.016554569670885949e-01 -9.151478009467935160e-02
-3.627727724772684126e-01 -2.951632954941601494e-01 6.236425314681021126e-01
-1.969674219939265281e-01 1.195265623897539681e-01 -1.020735141711171107e-01
-3.018589143224078009e-01 -2.305402023808418022e-01 -8.363125734611100148e-02
3.078912805992506732e-02 2.293826427404210139e-02 -2.083656061202573129e-01
-4.296674147151794410e-01 2.074728023887543182e-01 -2.514282949277167889e-01
-2.026351793587465588e-01 1.664982419490924348e-01 -2.352440931088084775e-01
-1.809730927417100566e-01 -4.212240917441233967e-01 -1.111018377614032965e-01
2.942563149055798521e-01 -3.586699336801117410e-01 -2.265154522834830764e-02
4.110240680817333070e-01 -4.345605311533170534e-01 7.784299765852255026e-01
-1.593188886713576002e-01 2.149643185556344704e-01 -1.293597367977923129e+00
-1.851003397225351454e-01 3.557189276925297183e-01 -1.171106237523804161e+00
-8.468961677677696587e-01 -2.652255938398068724e-01 7.277744181179124361e-01
6.520323155172914609e-01 -6.899479527650701494e-01 3.694537274782909719e-01
-3.279532043110394701e-02 4.962626780439292618e-01 -2.648685105465638512e-01
-4.012003703348080430e-01 -1.190071480172065904e-01 3.289027223887230345e-01
-3.564135908937013930e-01 -9.072096389720277210e-02 4.017029349603282729e-01
1.778425626763415757e-01 3.976958056274108033e-01 -1.982199859993979685e-01
-8.684796794457091962e-03 -5.146246756937644662e-01 -1.223215369327244895e-01
5.050995902175046126e-01 -7.146743000543979152e-01 2.663391912223518898e-01
2.456142605402003853e-01 -2.545217694065329134e-02 -1.659069500865703595e-01
1.533916216955330813e-01 1.377661402851864114e-01 -3.338779641779059948e-01
-2.403980844645691936e-02 -4.522410938355878041e-01 -1.509388083150353388e-01
-3.850463396555181550e-01 -5.961538281474720868e-01 -3.773265629709793845e-01
-3.248730757297824123e-01 -1.799182711751806940e-01 1.261363634477386808e-01
1.206471633369149005e-01 -4.521333383187049471e-01 1.983981817666846670e-01
-4.542695439169459615e-01 1.103812959484823802e-01 -5.566588045092450976e-01
7.675985025780232007e-01 -2.692638088284816586e-02 -1.449441207454877645e-01
-6.220795755850977438e-02 2.451643468856546104e-01 -3.346437613794865373e-01
-5.203266193367823700e-01 1.846274802402554926e-01 -1.615724898995941905e-01
-1.421768352842061878e-01 4.787941683858139563e-01 -1.529947969034737010e-01
3.657677139220842921e-01 -1.167730355585135799e-01 -1.446398010956663760e-01
2.408211138679506036e-01 -6.120566926063384372e-01 -1.562549772674539372e-01
4.155905315000552047e-01 -5.430167443400152338e-01 3.099336117087758691e-01
-3.692741839991077191e-01 -2.885597743473405571e-02 -2.024154205264012962e-01
-1.929867007070672213e-01 2.405148810010743765e-01 -1.736461930232378603e-01
-8.691457840630066600e-02 2.318608088669790734e-01 -2.174955426659423707e-01
-7.608810232450892441e-02 8.722467594378868413e-03 -2.995045015018164558e-01
3.366079447781256812e-02 -4.775352115530764191e-02 -2.538846400227199873e-01
-8.466544071766323176e-01 -1.844715456690845246e-01 -7.537514748858589186e-01
5.961413289464461140e-01 1.969988099238707269e-01 -8.852795715221374317e-01
-4.411144835190703578e-02 -3.886287959211713883e-01 -4.194186020286196359e-01
-3.678768870367851718e-01 -6.138365041903086350e-02 -1.788752507611784670e-01
-4.789340164337515526e-01 -8.854880520932874310e-02 -3.031128043577691611e-01
4.183581630859121159e-01 -3.931358492919148628e-01 8.125314668348126990e-02
-3.226933667721502697e-01 7.141540524392652189e-01 -2.829823800357714192e-01
-4.673656352638030365e-01 -1.496331004985967106e-01 -2.762657687433373033e-02
-8.988774346345612676e-02 -6.644020053848803675e-01 -1.200468623036345453e-02
2.371152224683012455e-01 4.434656105237587687e-01 -2.414999548068020585e-01
-1.993291939057744155e-01 1.245832732140606525e-01 -2.067692683581667801e-01
-9.775927602553782791e-02 -4.576750480367566820e-01 -3.523081739668234014e-01
6.491268568984731417e-03 4.073316506829018080e-02 -9.091471622341526504e-02
3.398538453789061164e-01 3.031673515078309178e-01 -3.443501130958201983e-01
5.578462161215326232e-01 -1.284300723670252775e-01 6.335975081843218115e-01
1.160450577395527177e-01 -5.281372867354934275e-01 -1.844822889217750117e-01
4.811363927763533110e-02 3.634442450001067887e-02 -8.538952897269755371e-02
-3.906938153782185674e-01 2.464334562645936200e-01 -2.199727110153776866e-01
1.822420742523610526e-01 -9.603812974448469597e-02 -2.133448012501167335e-01
1.774702334925847280e-01 -3.724070789855185581e-01 -2.369969871672386319e-01
-4.722989502543144535e-01 -7.263551971039946542e-01 6.174238304138388589e-01
-1.734636608412143399e-01 2.112207877595639605e-01 4.165104950517434235e-02
-2.221184887156086307e-01 -6.042385234798057780e-01 -3.839182321268016507e-01
-5.940399768645374112e-02 1.354485638705287508e-02 -6.229418639538574637e-02
-2.888237864181855685e-01 3.602575059293283699e-01 -2.870059565078530994e-02
-1.788690675378254991e-01 3.095888620616974451e-01 -3.109409891152050526e-04
-2.935091577189502532e-01 7.229414902790404218e-02 8.854772779725651466e-01
-6.293001188167777205e-01 1.480191665169975912e-01 -1.704484756765149434e-01
-2.531616380758419660e-01 3.127847777326437373e-01 -3.424581193766309539e-01
4.698769247115648917e-01 -2.763077755662801116e-01 4.847507255695371886e-01
1.221456019345273369e-01 -3.151579322949256134e-01 -9.249224470840162748e-01
-5.519085182425652603e-01 -2.681889740191615301e-01 -2.019033163464157843e-01
2.745430099807326663e-01 8.140508844379448772e-02 -2.087830405861917371e-01
-2.524535425375184494e-01 -2.660750786474295193e-01 -1.905624031447898659e-01
5.715908080722009288e+00 -3.202187809965161058e+00 -7.117917041970271974e-01
1.977496398151073198e-01 -3.241951872703401905e-01 -3.131727055948826943e-02
2.387030556998201158e-01 1.343118744240547890e-01 -1.390368422611485411e-01
-3.546437335824442205e-01 -4.591787442391366270e-01 -1.879519924095220951e-01
-3.338946501958907076e-01 -2.146486626161392963e-01 -4.866909318795210049e-01
-4.917740939376296638e-01 -8.131373901373432911e-02 -1.515253127002381128e-01
-2.958691467305678557e-01 -3.988865799157838010e-01 -1.778633030434238760e-01
-6.215884889406440850e-02 -1.896467032607806746e-01 -2.301113547769735312e-01
-3.352356002962932346e-01 3.114858928462910792e-01 -2.553848732465498483e-01
2.080678768426464653e-01 -3.978792525104539735e-01 -1.184808377160931903e+00
-5.534353620893617265e-01 -1.173830850691055944e-01 -3.560128241998562482e-01
-7.253315083376167538e-02 2.551689022729857759e-01 -2.961068850528163210e-02
1.004900979733176047e+00 -4.803142515074647068e-01 -4.740511204999183770e-01
-3.613550543855140185e-01 -4.640432915761438237e-01 -1.453054585337062166e-01
3.706758064545638276e-01 -1.337334165255520957e-01 -9.801523046885030066e-02
-2.457431294435749938e-02 -4.175802767981991875e-02 -1.608808204559734611e-01
5.525636899159999116e-01 -2.298920928861258595e-01 -1.106484017995698288e+00
3.538578096770480519e-01 4.137975856259420437e-01 -2.276913280702294040e-01
1.612361748174737097e-01 -2.791907154402543667e-01 1.229202003504303309e-01
1.347998687099703774e-01 -2.953454206307072893e-01 9.559805922061695438e-02
2.971175404844642598e-01 -2.667389406714178457e-01 -4.655672059589163192e-01
1.751705812525710393e-01 -3.168636518903487631e-01 8.644522827954928546e-02
2.284923872411145571e-02 -5.929869625079274842e-01 -3.916058793981279373e-02
2.596189299141669626e-01 1.010498359635440685e-01 -2.094397365198967242e-01
2.417247781556939312e-01 -1.568751741657709031e-01 8.728845693059840150e-01
9.897675830624758087e-02 -2.906352715724992986e-01 -9.035264776263982611e-01
-4.293139646494710249e-01 2.543706062923158373e-01 -2.307237970224810808e-01
2.262830531832175640e-01 -2.698038087919731876e-01 4.469193341877503167e-02
1.790635638973893662e-01 -7.190866892581773695e-02 -1.637927385052645457e-01
1.435996321161555345e-01 -1.463416948725345945e-01 -1.348124057274939780e-01
1.189297243591339176e-01 -9.485814379601213986e-01 4.362914847208546054e-01
-6.382971877075315215e-01 -1.941356768542924216e-01 -2.298098088526469851e-01
2.996682746613628656e-01 3.383613387836485742e-03 -1.950898497522475517e-01
-2.400232077212847426e-01 2.211294825420306864e-01 -3.810572924042553988e-01
-5.607131864736625282e-01 -1.554882997904070419e-01 1.544312977721178648e-01
-6.247765345269509218e-01 -5.301855869843837832e-01 -1.055438725691427937e+00
1.239682518391841265e-01 -2.488998962110628987e-01 -3.836783550197475634e-02
-2.952182393317954179e-01 5.663663040410686633e-02 -1.664462884148283361e-01
-2.013806242730662166e-01 4.656684164699437800e-01 -3.213560607593602403e-01
-2.379106336113761544e-01 1.528919536711727256e-01 -4.532767250450334684e-01
-1.500348045213505122e-01 4.092534242320147730e-01 -1.601470550657159986e-01
-1.993374732996830087e-02 4.383911564816793116e-01 -5.289139965857135584e-02
-3.696647824497995560e-01 -7.378913360818896428e-02 -1.314747092564593489e-01
2.017206135815521884e-01 -3.571499235907265035e-01 -2.096452472360083030e-01
1.383440692632890434e-01 -2.537009146683094629e-01 2.827111559423658993e-01
2.890061142346728729e-01 -1.347075846368561980e-01 -2.930226359514460088e-01
8.295106080718233077e-01 1.458991178583866066e-01 -4.325493030149326068e-01
-2.378779006772243354e-01 -1.996334939642651074e-01 -1.394391138586058287e-01
1.032507306478317038e-01 -3.877273129184066747e-01 6.226489529154832087e-02
1.348597390751154756e-01 -5.468137946208251332e-01 6.459005822439400739e-03
3.717029833719751597e-01 -1.895233804614893935e-01 -3.910475983861166349e-01
-3.098022118429675231e-01 3.918745823827101682e-01 -9.647858422615836205e-02
-4.483552045654069507e-01 -4.129718441243959148e-01 -2.805946897401844775e-01
-6.494927750233646657e-01 3.093723139339276881e-02 -1.592996583903633911e-01
1.931714654967995881e-01 -5.933750485100117711e-01 2.541740024982019897e-01
-3.726173190904801258e-01 1.783577010151728703e-01 -7.487198159185791402e-02
4.054220347805290170e-02 1.493945503263226782e-01 -2.574906977416187570e-01
-5.788831434267361908e-01 -3.777180624378687623e-01 2.807585503211225686e-01
-2.517829225349229594e-01 8.761739055703961221e-02 -4.427829465284151000e-01
1.153356760106403478e-01 2.446099618375777163e-01 -8.486459536969843953e-02
2.758522985480714174e-01 5.245489542732973964e-01 2.832699191338077793e-01
-2.297149295629200005e-01 1.560030832444322668e-01 -2.304581693747045079e-01
-1.102811924561988288e+00 3.189928567517084090e-01 -3.343585683384831531e-01
-2.726500610756081855e-01 -1.226515153845265105e-01 -1.036376241452528602e+00
5.203677660906079749e-01 3.044608966749785539e-01 -2.117384866580669101e-01
4.417606847979915208e-01 1.628536699765628371e-01 -7.895601052712798440e-01
-6.317903285787389578e-01 -3.359601975311010125e-01 -6.298300961436689160e-01
-6.309126286843852460e-01 1.603126154653673197e-01 -1.840392304686080394e-01
-4.755114490956991458e-01 -3.330243011956360855e-01 -3.742128301739470198e-01
-2.607306269170449609e-01 2.904158876125442768e-01 9.894662436901291436e-02
-7.363234031497644105e-01 -5.600397873871955090e-01 7.372460800654753177e-01
4.029799745152182200e-01 -4.935748581319277517e-01 -1.929289669489502035e-01
-3.467358682458323571e-01 -1.133842288965157818e-01 -1.719819440432845403e-01
3.667850996788665774e-01 6.747980005158636940e-01 3.133153961079617744e-01
-2.430481181790260792e-01 4.779970619111446190e-02 -8.347831194823772394e-02
-4.096832988010834509e-02 -4.873082897220924470e-01 -8.590429181841005568e-02
-3.319696595540276296e-01 -3.368275064546954467e-01 -2.240112741157043730e-01
-4.961440682047693618e-01 -2.085107288044773799e-01 -2.379908937673370362e-01
3.669760303578290528e-01 -5.789514016743309288e-02 -8.077314217144855590e-02
3.141517847672657682e-02 5.338902597957878582e-02 3.017776498862055623e-02
9.968186180582795652e-02 4.697371993166264970e-01 -2.649711048226459087e-01
-4.912796086120853056e-01 8.645072321160449103e-03 -5.384326074000406193e-01
1.259337646922347453e-01 2.503557376223735642e-01 -1.871217996830134844e-01
3.486235180060832661e-01 -3.772669193653406805e-01 -4.046588408967767558e-02
4.818959784413883729e-01 3.622543761292895126e-01 -1.779770779271947490e-01
7.260183748045814789e-02 2.592411689027550037e-01 -1.015397991017104873e-01
-5.748233196512561038e-01 4.460069111014168808e-01 -3.012261248354515253e-01
1.424577397845852023e-01 -2.146665602327899602e-01 2.619675197622687302e-01
-3.066413682778512673e-01 -2.976042975095793963e-01 -2.524353239351728728e-01
1.646959208378818706e-01 2.863707113274818195e-01 -3.055222229555414407e-02
-4.371876668167010149e-01 -5.394433602102275543e-02 -2.797329948813573677e-02
-2.494333491719545326e-01 1.653499730181329230e-01 -3.016291134364696910e-02
1.363491126388748087e-01 8.370253917308997926e-02 -3.108397904205185275e-02
-3.640885665699458013e-02 1.231680092796749587e-01 -1.020394723228578604e+00
8.997879051298909858e-02 -1.387334771499527108e-01 -3.059959482557288446e-01
-1.443203792018655021e-02 4.426032019554558827e-01 -1.291177715584405049e-02
-1.194555696573391668e-01 -5.514953317662873999e-01 -2.164250761125181832e-01
-7.444955063041608367e-02 -3.572357695059701355e-01 6.758940975698431164e-02
-3.728137134799296981e-01 -5.485312526250574194e-01 -1.259673271279641571e-01
-3.546690698757365423e-01 -3.487767231523019595e-01 -2.127657345877063955e-01
-2.024234615235191992e-01 -4.175380473451807961e-01 -2.284558584575640539e-01
-4.317887599344933935e-01 -1.196588051617403919e-02 -1.537146059448506186e-01
3.736841435448301496e-01 2.147439773560893550e-01 -1.503997172553492023e-01
-2.526738766715023732e-01 5.140100143391508336e-01 -2.494861742378378655e-01
1.689948089800992759e-01 4.098460717879567894e-01 -5.422752084976395492e-01
-3.156099093322428661e-01 -2.983597885149635309e-01 -2.283024571996709606e-01
-2.856743507512581395e-02 -4.666547747925887113e-01 -3.134803071140533914e-01
-3.898187544674738270e-01 -4.936729301508892553e-01 -4.122965828517111686e-01
-1.727309229090582543e-01 -2.551306118505849985e-01 -4.500382642260919441e-01
-2.657162558897105398e-01 -5.964663101237434040e-01 1.644315657242637757e-02
4.027484042768541550e-01 2.417174487610310174e-02 -1.239044866036381976e+00
1.984538479535478406e-01 -4.545833140128481831e-01 -1.481829739747683727e-01
-9.169658587607013023e-02 -1.228838061865049625e-01 -1.201469070306087294e+00
3.079335972392316031e-02 2.469494273123093997e-01 9.284794591114766587e-04
-6.247628298424208193e-01 1.699571027112813104e-01 -7.692928348610229561e-01
-2.403558051615732882e-01 1.001906926410682241e-01 -1.465640447813775782e-01
-7.248301128486231426e-02 -9.479122447726781586e-02 -2.190385149630247330e-01
8.042922007993063005e-01 1.709402418906528498e-01 4.708275135437539061e-01
-3.930619742692337826e-01 7.199788384202434610e-01 -3.851590956352033412e-01
2.305836588502001572e-01 1.695308783640233907e-01 8.522249694538388542e-01
4.535880732809725036e-01 6.840797768818315250e-01 6.152677635973867742e-01
1.767266198709263880e-01 1.326746656302699168e-01 -4.064014749864222065e-01
-3.563691883340985300e-01 -1.959576174980896535e-01 -2.276268206217820778e-01
-3.000358969625830929e-01 -6.484739813391070529e-01 -7.032481455860356556e-02
-5.227346159866260722e-01 -2.168047103064097564e-02 3.392863168786457995e-01
-3.310611160094797611e+00 -6.354285285853803700e+00 -6.600355811607616641e-01
2.528894835731191892e-01 -1.221463396954279405e-02 -1.271422339796067336e+00
2.378220508232050112e-01 3.430694188336794181e-01 -1.601243856035158147e-02
1.000698592095668749e-01 2.341534931426951238e-01 -2.286259915671822462e-01
-3.079659818714614722e-02 -5.298537529930620327e-01 2.037315513825680574e-02
1.878305376435545071e-01 -1.247487450050683844e-01 -3.350661093177851324e-01
2.427923126773982518e-02 -1.071222304641976930e-01 1.428283672036274599e-01
-2.595255603772725350e-01 -3.650508425340265872e-01 -3.993180904264070352e-01
-1.350074032422701742e-01 -2.663106704055062113e-01 -4.444244451608869162e-01
-3.296439468101521886e-01 3.252804379746593311e-01 -2.333574514208711093e-01
2.945732730883162676e-01 -8.876211749004475626e-02 -4.598337864280814258e-01
-1.337543946360032938e-02 2.189163096162568753e-02 -2.227232275299413644e-01
4.071052083212490375e-02 2.754511398114124487e-01 -1.771415839319266661e-01
-4.172701741424088562e-01 -3.937659588205824068e-01 1.092556695263460081e-02
2.486583195822315157e-02 -2.211969617922078871e-02 -2.428881242121985751e-01
2.223864305193252316e-02 5.188138288635060075e-02 -3.099032639658818034e-01
-4.114892379065142047e-01 -4.015151227549105389e-02 -1.851410890000099452e-01
-1.839482911916733346e-04 2.076121003401374190e-02 -3.279558052126549383e-01
-2.537802039844879176e-01 2.464650934297653306e-01 5.429997316348723208e-02
2.958951846305684641e-01 5.453926001033285731e-01 -9.216900960498559670e-01
-3.786093822533348474e-01 -2.700774358338529635e-01 -5.629318100784855838e-01
2.455992035149515140e-01 5.999662425390220322e-02 -5.272375526418044550e-02
-2.173115587057336817e-01 -9.746030939346705946e-01 -1.134618787811191298e-01
2.781561496000691247e-01 7.904647777674908560e-02 -1.384780839977340916e-01
-1.428199771455124778e-01 -4.632482495430946812e-01 -1.600224288505071868e-01
1.884972031944519011e-01 -4.705054071168723318e-01 -1.828823108089187577e-01
-3.727161341008539686e-01 -4.024462694098260851e-01 -2.400966907816367568e-01
7.970904475121055599e-01 -4.997406670552209662e-01 5.452511560088580955e-01
7.402172084319171008e-02 -8.487798189086219747e-01 -1.311971333614050383e-01
-2.154499276586426537e-01 -2.004259685508621158e-01 -1.036795829397887114e-01
3.078566169458492041e-01 -4.839307731629090281e-02 -2.303759122686048211e-01
-6.502803212393782391e-04 -6.030324992920776950e-01 -5.752166681708353185e-02
-2.388214994905274446e-01 -4.373303916092535770e-01 -1.236398768347187982e+00
-4.905970113725313664e-01 3.828747975246650503e-02 -1.253650388450518738e-01
1.908575726424968921e-01 1.421919762278279487e-01 -3.929542606999723020e-01
-5.155149444994732155e-01 1.365484483534136761e-01 -8.031590176950068605e-01
-4.874083918338378146e-02 -5.926593282676497765e-01 -2.240376127289614161e-01
3.961162050476032537e-01 8.985587026566468904e-02 -1.776578506280402925e-01
2.198137914524006808e-01 8.509085051851443537e-02 -9.889202676773886647e-02
7.462093487414041271e-02 -5.094595517096410786e-01 -8.004912993987003955e-02
-2.058011923215186945e-01 -1.966484127650072744e-01 -1.549621001433767742e-01
7.506294752643557500e-01 -1.875697233446372569e-01 -9.962910662392374661e-01
-2.145875698364220208e-01 1.320179660541384858e-01 6.642150767513320675e-01
2.181958916480760957e-01 3.361783191287456840e-01 -7.800992042803249482e-02
-3.123421953021023878e-01 -5.093470502805800271e-01 -1.141762535285899272e-01
2.621105959379905759e-01 3.080362768044902534e-03 -7.402109479695927197e-02
1.691975079256447662e-02 4.134717627303793885e-02 -8.031480354994049997e-02
3.806851191165144810e-01 1.054087513616590865e-01 -1.764307788288913548e-01
-6.951333233140317980e-02 7.224023155806222896e-01 6.769936213996963215e-01
6.928099089221448348e-02 -5.885086368753743580e-01 -2.414870748810532264e-01
-2.197119138297155272e-01 -5.784306357759091410e-01 7.106541696961510279e-01
2.478118968169399639e-01 3.475185690745184464e-01 -1.046798281332351338e-01
2.987787523841147763e-01 2.423527202910063238e-01 -2.160277503161280865e-01
-1.482546653021533656e-01 -4.793468930395399230e-01 1.953816160517433398e-01
-1.001627032873645184e+00 -6.305397616655917803e-01 -7.944013976222080720e-01
-4.341508051200702600e-01 2.254601916349900093e-01 -1.853821305714203338e-01
-5.832322014445437963e-01 1.223976173465852468e-01 3.654900377824488178e-01
3.710190904674890988e-01 -1.193773807249343816e-01 -1.730058791038479871e-01
4.176458166328213956e-02 -5.580427629634743258e-01 -1.746685115301828128e-01
-3.576807670279105178e-01 -4.598618524009011055e-01 -1.078003657657701370e-01
3.978458874091810038e-02 3.284093136190127400e-03 -3.116481517909486243e-01
-5.703044983955057878e-01 -2.561081682688461925e-01 -2.108666244506821608e-01
1.248374107709647046e-01 1.434081638012885303e-02 -2.568327373512595962e-02
2.453848041598096774e-01 -1.535281524574607925e-01 2.212010803320357266e-01
8.890479866326773950e-02 -5.317235745485162646e-01 -8.235322934961256114e-02
5.029289186095274866e-01 6.503371509214723734e-01 7.657186525725760695e-02
-5.489608290222935949e-01 -5.831879408467427472e-02 -1.703406678462210666e-01
-3.934902513984969152e-01 -1.633044528728784806e-01 -3.065806868631812954e-01
-3.349011206290841702e-02 2.796544544308565139e-01 -1.505529251884051289e-01
1.165821168646240802e-01 -8.550291120715739490e-01 3.241505195816082319e-01
-3.872300995300899107e-01 -3.002094836589582760e-01 -2.555162519102467389e-01
2.875002456786623917e-01 4.663255607309239048e-01 -1.231921345625403147e-01
-3.767890277075603422e-01 -1.924621315079956541e-01 9.862114907746630799e-01
3.273143281351830747e-01 -5.442897838764696461e-01 -7.363116878315658642e-01
2.449492401896260219e-01 5.409522382865122880e-01 -1.831162658036079860e-01
4.309960479605499661e-01 4.885659100936197707e-01 7.572356373437528765e-01
-1.036877701645350230e-01 -3.888456435571701619e-01 -2.297185462314382531e-01
-3.932464419947987941e-03 -4.234709640720598078e-01 -1.376859758703381231e-01
2.240776503483043330e-02 7.037737139859927271e-02 -3.418617886493580116e-01
-4.508751719764630406e-01 -2.156071142241492711e-01 -1.134617858541544649e-01
-6.385878685159259716e-01 1.454397655456680372e-01 4.461679153838684492e-02
2.774122358177865677e-01 -3.529494625856040013e-01 -2.331385113746305693e-01
-1.095839547500102318e-01 -6.049973075898256170e-01 1.830439973558232736e-01
9.691533113604038074e-02 -9.792676966307969355e-01 5.641965128748325231e-01
3.081008167221000252e-02 -3.495795286228962628e-01 -1.723994131202289670e-01
-4.895723689238483112e-01 -4.268311124237110787e-01 7.370783825119450738e-02
3.293586633386408336e-02 6.837376363154318293e-02 -5.239023155005181343e-01
3.112078012807931171e-01 -2.112273805582307595e-01 -2.730397401043208050e-01
9.664898426261512090e-03 -5.756199206590235651e-01 -4.974669474864031049e-02
-4.742378289459824869e-01 -5.039834991365457206e-01 -1.407015835692547179e-01
-1.779290387539969598e-01 8.580254538648507401e-02 -1.496221021041711785e-01
3.075104541886893861e-01 -5.588068892095481299e-01 -6.716275502185217183e-01
5.938240756307568147e-02 -3.841674853570146153e-01 -8.958998591163862268e-02
-2.378660300107502679e-01 -3.833363023867145669e-01 -1.019906607960181510e-01
1.170641936357958157e-01 3.210480001450952692e-01 -1.742067883920556670e-01
-5.825660133738864710e-01 -1.684683381867584442e-02 -1.121632435470601569e-01
-2.052081080987992745e-01 -8.433499065008895901e-01 -7.357755959129290702e-01
-1.219493563658215346e-01 -5.493737849046271410e-02 -4.477841790166360303e-01
-3.064228861586665298e-01 9.605048513930419416e-05 -6.744892759441042385e-01
1.874748306882362825e-01 -4.182756530580126197e-01 -2.978574067006683479e-01
-4.244207479067440419e-02 -1.141520499127741672e-01 -1.585140376721866917e-01
-1.493256264658369692e-01 -2.017042833107081032e-02 -6.163343376669207230e-02
-6.613637578014207596e-01 2.912186290655680021e-01 -9.380112838886124349e-01
-1.184408558102003212e-01 -5.509960880728153043e-01 -1.279036779793510936e-01
-7.349134670739419783e-02 8.847275125963036807e-03 -2.856204978661982530e-01
1.021632935826024102e+00 -3.460639330819426096e-01 -4.663333905571857008e-01
3.030595015681046278e-01 -2.545018850004675537e-01 -1.842799674507964447e-01
-5.911296082374326577e-01 -6.503730803431412300e-01 -1.004469579957019798e+00
-1.809539167178110808e-01 6.774030372819953572e-01 -1.028309134869982877e+00
-2.209046409030741009e-01 8.310943401410457454e-02 1.118438967780817361e-01
3.055483776749840508e-01 -1.926942252378403830e-01 -2.199166038213931085e-01
-3.615053898591285009e-01 -2.042080273040493832e-01 -5.752787070227560751e-02
-8.702067744404137772e-02 2.798762495627542535e-01 1.402964684881417012e-01
-2.267329633959978483e-03 -5.170163925025040852e-01 -3.598004282002874032e-01
-1.455859665665558064e-02 3.010609550506921916e-01 -5.899822426354391081e-02
8.437942188193692239e-01 -6.067294133077035800e-01 3.458731434208091038e-01
1.071548837410105925e-01 1.623757071939003760e-01 5.365148698195572330e-02
6.546114334457501203e-03 -1.190175486531507530e-02 -2.847709776198507625e-01
-1.339835389981648139e-01 2.670627395185364295e-01 -2.194123980691939368e-01
2.910294920278598263e-01 -3.663774976116111748e-02 -3.968444293426844072e-02
5.110848541447946675e-02 -3.931076821510137154e-01 -3.603611487430410376e-01
-3.154801546909638543e-01 4.900554798531846223e-02 -2.499536916353018445e-01
1.809871607850900566e-01 -7.723882751771935506e-01 4.359278152963889097e-01
-1.012748129744743542e-01 2.192015799132598919e-01 -4.918396057921388398e-02
-7.532296849791337845e-01 -2.947826648732209676e-01 2.925403401832548655e-01
-1.442525203673988177e+00 -7.350711053852177379e+00 -7.523885692792182667e-01
-6.756557694147373727e-01 -2.523269352071195182e-01 1.433867818256247262e-01
3.686907025558808920e-02 -7.701437085843043651e-01 2.080018618762057361e-02
-2.988042904433259594e-01 -4.515874171787821467e-01 -2.299967581337446221e-01
-4.424208096783316391e-01 -9.010617969493951718e-02 -5.909659311899602141e-01
-2.635990802387713772e-01 2.666130931296488149e-01 -1.916285887593491000e-01
5.041613327474997464e-01 -2.889524338601724418e-01 -4.685391061174221106e-01
-3.685883386202257195e-01 3.053836340145268946e-01 -1.588457833911149086e-01
-2.545808115450752251e-01 -4.502623661201678451e-01 -1.695567544858939124e-01
-2.647137566028005540e-01 3.968386749538524993e-01 -1.890221671035026418e-01
9.767575328254581024e-02 1.761283995169432293e-01 6.499646180634831294e-02
-3.194770199230185237e-01 -3.081749051528158145e-01 -2.729214224698512381e-01
2.004077701394987032e-01 -4.145317107531432121e-01 -2.961027657973446248e-01
-5.811122641095022301e-01 2.183025121874231644e-01 -2.365034268356080716e-01
1.144819984808282398e-01 8.668842166149258455e-02 3.644243098419056581e-01
1.114626589804341150e-01 2.298420007032301038e-01 -2.260229877055475456e-01
3.263950196451607666e-01 5.188746150688686165e-02 -3.703886561574871727e-01
-3.107463076825584536e-01 1.693174937575499528e-01 8.337392490356565489e-01
1.950755796994122493e-01 2.012767281079937132e-01 -1.165599971353428327e-01
7.518082191426581073e-02 -3.163731342755818007e-03 -9.860015321901896557e-02
-5.320870493549253455e-01 -9.392821774126029755e-03 1.306173310561225265e-01
-2.210490729611906402e-01 -4.300401309178170789e-02 -1.355554866544341763e-01
-4.197293875300322497e-01 2.688139218946190012e-01 -4.569799907347834034e-01
1.818425741208768154e-01 -4.333109563418912069e-01 -4.111604389899699008e-01
9.237393519593389835e-02 -2.339652925381800752e-01 1.167889636712511336e-01
8.805032558513513630e-01 3.646868120111634165e-02 -2.567917896886580120e-01
-2.889493855473044825e-01 -3.793090763369215135e-01 -2.746013813996893149e-01
1.370661185525605119e-01 -4.953430914014655961e-01 -6.963291235266555468e-02
2.700134419508111172e-01 -4.269551983066050549e-01 -1.229095209610327200e-01
-1.781203975276595963e-01 3.359817070572364006e-01 -5.304875276575375942e-01
-2.619148264101617274e-01 -3.934974406803521396e-01 -1.298316429913474623e+00
2.781270228129300026e-01 -5.975730004750883229e-01 -1.040842808155729271e+00
-1.194647314844989872e+00 -3.768943477285364163e-01 -6.626118398795340925e-01
2.228959771470585827e-01 -3.336712262199175716e-01 -1.610937560400514390e-01
5.891997815891487633e-01 -1.309367493782943870e-01 -1.074376902762148145e+00
-2.135618727944189610e-01 -5.396327991096909749e-01 -7.957774596782839216e-02
-4.289405457375740083e-01 -4.881037876617496107e-01 -1.468256456625310347e-01
-6.169299407817454561e-01 7.126599587914078660e-02 -3.564623529448837647e-01
-7.711617976360418680e-02 3.224936365124047022e-01 -8.054888195011999930e-02
2.318781800189508302e-01 -3.051601461371610258e-01 -2.890227527710683142e-01
-1.630014165927701486e-01 2.808089517364840693e-01 1.732470468354753435e-01
-1.929423593148314742e-02 -5.322148615381787629e-01 -5.856293301716580801e-01
1.708716306010690800e-01 1.368568908456947730e-01 -1.104236240516698331e+00
-3.058246772517891343e-01 -4.013623717506631383e-01 -1.671350660478611305e-01
4.636875532518525134e-02 -5.235415741169268111e-01 -2.355734690978984192e-01
-2.364318312959333701e-01 -3.387253127568140010e-01 -1.561298222344601472e-01
2.398326623052011997e-02 2.716419621711765875e-01 -1.994583835717872178e-01
-3.456531693374120806e-01 -1.053565289296731211e-01 -2.098296858555847022e-01
1.520074871322985854e-01 -5.867232093748898647e-01 4.094118424092226677e-02
7.530915999347979894e-02 1.932786138798106290e-01 -2.253348917052822864e-01
-4.252700257378049797e-01 1.147110527133603369e-01 -3.150063490069611172e-01
7.373762842696266473e-01 1.505514237123778409e-01 -2.025804374569468436e-01
9.057221083355369851e-02 4.239314931356156779e-01 6.120599169019843577e-01
1.813533561627247992e-02 -1.073712901073203163e+00 1.670951379629619094e-02
6.659086349598773713e-02 -6.746742139932988547e-01 -1.030757271650610124e-01
2.259294596778104458e-01 -7.384006186096515600e-01 6.753903388004243169e-01
-2.458965917836186121e-01 2.942118444916531073e-01 -3.417589320036482636e-01
-3.108023797297120860e-01 2.581649494444533954e-01 -3.486404256001395807e-01
-9.069150082477916985e-02 -3.373482989136264432e-01 7.630785739835595216e-02
2.427870862172716027e-01 -8.224200674375566900e-01 -9.667171872109916464e-01
-6.615434836333204671e-02 -3.422178258985325572e-01 7.519725032948333665e-02
-4.692423074128543314e-01 -2.916705732791753936e-01 2.986444046686820841e-01
3.329918116147924656e-01 5.665517896548917243e-01 1.088185532670708517e-03
1.491289929865889374e-01 -8.222167550728420871e-02 -3.087451419081332360e-01
-9.970377034629379631e-02 2.297036753268467124e-01 -5.878697449783437667e-01
-2.590755020110340756e-01 -4.931836486700206246e-01 -2.226114036795067419e-01
8.459879082713801790e-02 2.214575670784102168e-01 -4.287751567743382508e-01
-3.901279083765203937e-01 -1.213220711673886759e-01 -3.634459689698957274e-01
-6.380317935805661644e-01 -2.636416352805071722e-02 -1.762563048142843924e-01
-1.536399794754507997e-01 1.993625233474185798e-01 -3.966080252708248377e-02
-6.236240616319721486e-01 -7.566731626363111252e-01 4.098339217640727949e-01
2.239054878511217150e-01 -2.910708803984401460e-01 -1.804387924427559575e-01
2.721339237769566100e-01 3.463529942672557982e-01 -1.004742423374437033e-01
-1.257847074653043740e-01 -6.826042047558784631e-01 -6.482583120374665886e-02
1.527246459246409949e-01 -3.183920795954235938e-01 -3.660277533210273826e-01
3.401885748359685380e-01 1.034004339843682396e-01 -2.398650403675845477e-01
-7.732351580082286180e-01 -3.035490757428064290e-01 3.594949604347754679e-01
3.778860496009034398e-02 5.539069216265972428e-02 -1.008523779530361014e-01
1.659002792053659858e-01 -4.424456407436668792e-01 -1.110359138342625895e-01
-2.891482324009992388e-01 3.665221544480790627e-01 -2.237797197680011230e-01
5.076421232498827540e-02 -3.298933959258626425e-01 -1.030808612239020983e+00
-4.888749755993311852e-01 1.577569448662263507e-01 -2.939944599866816666e-01
1.191494143715486898e-01 -2.615514090627455435e-01 -1.166223558730269810e-01
1.784620269959020233e-01 -5.409884069921719885e-01 -4.030660594939319274e-01
-6.726125021684725702e-01 5.860815085455243212e-01 3.067467424107629959e-01
2.939747097027486933e-01 -3.856933850565169020e-01 -1.689163481045931336e-01
-1.071793748011497377e-01 2.399174960112379906e-01 -1.850319153936965944e-01
2.032776111899882443e-01 2.210428207224411079e-01 1.935693193692770986e-01
-3.885709472034912793e-01 8.194015075053870389e-02 -8.732012133887798178e-02
1.307777091798464353e-01 -1.145652239522390869e-01 -2.288798013144115184e-01
-4.381276910121583712e-01 2.956629741546960566e-01 -4.431369684416810312e-02
-4.522469963186937641e-02 -5.812552394697967362e-01 -1.977528453289175980e-01
1.236879616302470342e-01 -3.141408549074199419e-01 -1.792579711504161954e-01
-3.763297592299139072e-01 3.192879007658625534e-01 -1.914245170931691553e-01
1.098642395227371060e-01 -2.876614927377796893e-01 -5.110870927570269062e-01
2.017186061666407515e-01 -4.127091316061591297e-01 -1.169209845081483068e-01
2.641640432692507479e-01 -3.446325052120823296e-01 -2.205762938650223104e-01
2.092339446873424380e-01 -3.631948619141378010e-01 -3.070354556553858139e-01
1.556329961189591160e-01 -2.250310691828485143e-01 -1.089750429283201649e-01
-2.979747278232089402e-01 3.351287841554667080e-01 -1.978128221927053509e-01
-1.333228436350132329e-01 -2.798609648554129525e-01 -4.801274607359008045e-02
3.896256282189682341e-01 -4.998470711407148048e-01 -3.267084134015383334e-01
9.609868908181358471e-02 1.862632675211491895e-01 -3.502170361309520641e-01
-3.165730003045396090e-01 -4.624838456996646086e-01 -1.692543098564117388e-01
-1.973233927070324745e-01 1.724106539016180550e-01 -4.375360839363895971e-01
-5.298722919661574826e-01 -1.493891473416057436e-01 -3.667628206998234663e-01
-4.981264402708063255e-01 -1.518418038807549664e-01 -2.336753512691656653e-01
1.369465707969971802e-01 -4.321415290490800976e-01 3.455625215306398768e-02
-6.528223720561576737e-01 4.497409128314116405e-02 -9.381772754698744499e-02
-2.443571502200235501e-01 -4.760508518201257422e-01 1.850104485897400841e-01
2.990042233799435067e-02 -4.495828640800136194e-02 -2.045373422715166256e-01
1.080107437397092446e-01 -5.284595971650343782e-02 -2.766393780011308645e-01
-5.927406714927144771e-01 -4.916742174246871433e-01 -1.139455440889985960e-01
-3.091633341122665413e-01 -1.778213745726655581e-01 3.369106083629787585e-01
3.965335955322065592e-02 5.397661886026512423e-01 -7.818779170600089756e-01
1.980362499466391535e-01 5.180305986628244881e-03 -2.234505754693934532e-01
3.442585453837363474e-01 -4.923460068114873800e-01 1.423106779631290279e-02
-2.417284981044764691e-01 2.519639377070090336e-01 -2.172877655854002499e-01
-4.504124709219005651e-01 -2.653761104294355411e-01 -1.054927102808702194e-01
-4.250778632477381080e-01 -1.728083757830202460e-02 -5.897808633683589985e-01
-2.573448375258793885e-01 4.095263238889572666e-01 -5.281344540561233591e-02
6.303669244557841278e-01 3.100234765206507093e-01 -2.777178373723870330e-01
-1.032146108948605034e-01 2.751566620283689146e-01 -4.000350739347876550e-01
-4.922378970361701023e-01 -1.221972235901834097e-01 -1.659258132387250173e-01
1.278518049251020361e-01 -1.475378155686329074e-01 4.274835834149169345e-01
4.219667369740504603e-01 8.934391131478209402e+00 -4.083708600627724561e-01
