-2.688423959153502629e+00 6.356496063919011563e-01 -9.657061218495505139e-01
-2.584970243948785829e+00 8.951112952075609419e-01 -6.425659762861102298e-01
-2.928792639244908180e+00 9.472836646599133159e-01 -1.146142073583465759e+00
-3.029341023940934630e+00 1.296540114491805396e-01 -1.179893655069310432e+00
-3.080814787540006261e+00 4.262530934843511976e-01 -6.503323376323045801e-01
-3.212345774609942861e+00 2.905312539093828361e-01 -9.511255404977934091e-01
-2.360382633394759733e+00 7.381308907511971995e-01 -1.148497704059240343e+00
-2.935663478787374547e+00 7.068812674761421055e-01 -8.210293667054409106e-01
-3.210351085604618238e+00 4.102428364689651441e-01 -8.088286723588496985e-01
-2.612801208916852413e+00 5.691115802020609848e-01 -9.419239711026567985e-01
-2.398340448080887644e+00 1.503732764673880729e-01 -7.841367864624793071e-01
-3.533088380078683866e+00 4.961808867623741098e-02 -1.538163416431714170e+00
-2.565944401203998471e+00 8.814782197247206241e-01 -9.147249110517710058e-01
-2.523782360813600967e+00 4.562943502619996594e-01 -1.018099996799449070e+00
-2.377502795350212139e+00 2.377374209964253360e-01 -7.796513015821422421e-01
-3.126810647047629566e+00 4.672231062545917357e-01 -1.051704277774196505e+00
-2.320348098043007568e+00 5.890387166754829096e-02 -5.626624423373690620e-01
-3.012573918741934698e+00 5.942942581474290609e-02 -8.977776786724853686e-01
-2.754420485360013160e+00 2.291287168682030750e-01 -9.292156301230162230e-01
-2.180861030818893820e+00 5.832472469201933629e-01 -9.480736844017373377e-01
-2.492109434921240485e+00 4.914844236562231766e-02 -9.465798715134156049e-01
-3.240279937540150978e+00 -3.551517852148260851e-02 -2.317453650174636504e-01
-3.190583472384568076e+00 3.753394006372870462e-01 -1.156641861317314390e+00
-3.246259103287695069e+00 1.003488257053241767e-01 -1.332662976975361513e+00
-2.043378443155070112e+00 5.304626087728244732e-01 -6.520326192021825840e-01
-3.064294494581763395e+00 9.578691440060577156e-01 -1.072135796682343933e+00
-2.589456759000711372e+00 7.190655606438579595e-01 -1.053434522197276291e+00
-2.152527253443035971e+00 9.966045697844205797e-01 -1.229285639397038388e+00
-3.141653120692717405e+00 5.953600688426838872e-01 -9.887543623675995041e-01
-2.923015983120493377e+00 2.355471685706032325e-01 -1.081016887157086437e+00
-2.460177506215459609e+00 -1.463185439696713247e-02 -9.764536867720630120e-01
-3.215809708169606651e+00 5.583731674786367449e-01 -1.649373103473995794e+00
-2.245576451332456092e+00 3.204548146074591153e-01 -8.803734024253612178e-01
-1.739693195861316877e+00 8.002475533629968552e-02 -9.501784726419117977e-01
-2.762747646386756184e+00 -9.312826105943067256e-02 -3.678897903726691121e-01
-2.763954162435367845e+00 1.603387507775913545e-01 -9.777941807454958445e-01
-2.757404302799271179e+00 7.299390071860948348e-01 -1.131455949905427305e+00
-3.201494348016109992e+00 6.143848686577447760e-01 -1.422204773972633340e+00
-2.215851125521262954e+00 -1.141846824046529284e-02 -9.437014417565404711e-01
-2.705521909291762839e+00 1.231929229425351990e-01 -7.295359624236480434e-01
-1.998210156600961351e+00 8.764235492823649887e-01 -2.156899744136200336e+00
-2.530250822973105773e+00 7.558803943990417551e-01 -9.178344754626009960e-01
-2.505709298176549193e+00 8.965731483023851034e-01 -9.141356720925590817e-01
-2.570689605515552145e+00 5.113400014074396399e-02 -1.157601015470411498e+00
-1.695507993823662574e+00 3.615005046923465137e-01 -4.055420594061169837e-01
-3.091318307131670551e+00 1.122468287488860711e-01 -8.922970276686628122e-01
-3.045031737713696618e+00 6.592453323080188499e-01 -7.385003621493878567e-01
-3.325343805194465929e+00 4.888342014443562422e-01 -7.821753992271478495e-01
-2.636286010035462812e+00 7.411384555929854123e-01 -1.230389221185210991e+00
-2.833762095063606878e+00 7.428751241420544771e-01 -5.711551683557275494e-01
-2.742693171040646138e+00 4.004557204510940660e-01 -1.459151554902138548e+00
-3.095103132383291378e+00 8.878151373076201835e-01 -6.819122834477007178e-01
-1.845847283878015110e+00 6.252689368997305097e-01 -1.271658304297507369e+00
-2.779833060188203753e+00 1.407396958425404573e-03 -6.032062753828567603e-01
-1.911899156087897067e+00 7.286392569579941414e-01 -2.882776367764927072e-01
-2.999476025637232812e+00 5.724538838658123074e-01 -9.241243915255012986e-01
-3.120921236114227781e+00 7.345827853655871875e-01 -9.315428600137808379e-01
-2.996446983629104110e+00 1.005017218807803037e+00 -9.851112304861313618e-01
-2.375417844779701859e+00 1.134941054376665148e+00 -6.663091729506251948e-01
-2.665926459063608700e+00 6.661255471225318026e-01 -8.388811968222620319e-01
-3.432404458052014551e+00 1.164487897511464087e+00 -1.723539276847561919e+00
-2.810517170406313436e+00 1.007877203831393897e+00 -1.364852836484244714e+00
-1.915943441455921548e+00 -6.073933642529444343e-01 -9.854168228731404744e-01
-2.807501810613080906e+00 6.333881385855396617e-01 -1.141566928205399289e+00
-2.373665909616698322e+00 1.150578470086707633e-01 -1.069035157560041194e+00
-2.420124100208428608e+00 3.552608615748657495e-01 -1.119999107241676839e+00
-2.403680040413773700e+00 5.695247918169314971e-01 -1.195228146606944986e+00
-2.842847493329677899e+00 1.843261044843891028e-01 -8.146918510136785807e-01
-3.245329270583702908e+00 6.782130141084276032e-01 -1.128508916685208252e+00
-2.488692738680651217e+00 5.832693688745921312e-01 -4.878989208213836692e-02
-2.898870980032997924e+00 4.640642248647759982e-01 -1.228909465069881080e+00
-3.080532060498645475e+00 5.515477838200686378e-01 -1.239936629727932393e+00
-2.952666650031474660e+00 3.895346632348470894e-01 -1.062873604956408036e+00
-2.568679620059702629e+00 2.413756975705481644e-01 -1.127448122590221091e+00
-2.432809890644374029e+00 6.897327245198353607e-02 -1.049083505682788298e+00
-3.202019429246992122e+00 6.572680629866842761e-01 -1.082092267523236950e+00
-2.534707505926753424e+00 -3.297426837127633847e-01 -1.641229564502810989e+00
-2.553819278381751712e+00 2.120701255024061982e-01 -1.321990854736163179e+00
-2.801920890661095953e+00 5.858627519807266815e-01 -9.608235416030144194e-01
-2.380164352412438511e+00 2.098357550576837316e-01 -1.255126279728300043e+00
-2.868047177678609394e+00 7.682962727126185776e-01 -1.004874371083984919e+00
-3.090340475378169582e+00 2.680886874498817352e-01 -1.113633451299679056e+00
-3.012799014745771942e+00 4.057976157755369684e-01 -1.273401835541793758e+00
-2.143898661467500411e+00 1.329831576763813583e+00 -7.542827258602023965e-01
-2.561837709096061566e+00 4.449518197964927313e-01 -9.880903202431718935e-01
-2.524165007135310113e+00 5.641530394637132018e-01 -9.599090587370735506e-01
-2.293768476087732378e+00 3.701389537680709885e-01 -1.293636581587684686e+00
-2.388630867990124695e+00 4.208064515064562257e-03 -7.812618288700656777e-01
-2.193620930867808738e+00 2.721383173824563628e-01 -1.212938140164507406e+00
-2.575535125886279086e+00 4.470877898214953294e-01 -1.067768699924165565e+00
-3.024650440339246238e+00 5.627649022649201527e-01 -8.655935583129569233e-01
-2.519594030394675332e+00 5.908909865931103456e-01 -1.118625228288502749e+00
-1.592470191495887422e+00 9.348932053912729634e-01 -1.744260360273165167e-01
-2.803330691023540044e+00 9.055333012433688378e-01 -7.800082445084161042e-01
-2.737786080960560753e+00 -2.846097664619171366e-02 -7.971148787071152819e-01
-3.065809494589865292e+00 9.027911868586235844e-01 -7.673884692680824626e-01
-3.314468253339893700e+00 5.930049630686258233e-01 -2.182268874215861132e+00
-2.851858279679350794e+00 3.310338137401743208e-01 -1.259879417815266356e+00
-2.994244993443719860e+00 7.796529498186700602e-01 -6.954780476008651791e-01
-2.192104189672056336e+00 5.718917083983877658e-01 -1.133238173457873144e+00
-3.043721074558630946e+00 3.368378615090086847e-01 -9.661656908479013817e-01
-1.964422187402321107e+00 2.780802740539889406e-01 -9.853626847687643187e-01
-2.147365352642184977e+00 1.692756579106859671e-01 -5.208626241829725778e-01
-2.979237760097895205e+00 5.502955750643848676e-01 -1.049095286999088161e+00
-2.456925856052988966e+00 6.207426923964575183e-01 -1.019165274494696183e+00
-2.659272075361047261e+00 4.293999884595109395e-01 -9.936076587232910429e-01
-2.814095045085488245e+00 5.449575574953910984e-01 -1.164533155315120361e+00
-2.321955687596435336e+00 7.255678738299168318e-01 -7.936959178962571526e-01
-2.636256050756601521e+00 4.599711791856998799e-02 -9.839000407732467757e-01
-2.475036603204283203e+00 9.162271347578334613e-01 -7.534877994615295504e-01
-2.314045131572060932e+00 2.306654703251737326e-01 -1.182348075042489288e+00
-2.537040131153795564e+00 4.960690908459384763e-01 -1.021745222850751977e+00
-2.210139488346536840e+00 2.387385576036769597e-01 -9.350471754031941529e-01
-3.639749507963468300e+00 9.293345120162916917e-01 -6.065549868183621740e-01
-2.908278629759851963e+00 1.020691820512467540e+00 -7.478366240695430989e-01
-2.681477256482208915e+00 -6.516552691989451526e-04 -1.249413240467305064e+00
-2.924911321444012113e+00 5.039039149418625962e-01 -1.118305461171419157e+00
-2.643008307651790734e+00 -2.269218590187241369e-02 -1.054208429571241501e+00
-2.275446288455906796e+00 1.119543034717318086e+00 -1.287630180090921561e+00
-3.066615804239599896e+00 9.132936656827771449e-01 -1.049996309853929777e+00
-2.431184896496403791e+00 1.881411329292106693e-01 -8.318933042396767785e-01
-2.921864573609399773e+00 3.164147083342623290e-01 -1.180759382707930571e+00
-2.760510188323059388e+00 -9.596606324452681969e-02 -8.177089061240159218e-01
-2.500601649566961626e+00 6.392711713922767380e-01 -8.951417544799238346e-01
-1.479389702524531813e+01 3.652524505789681086e+01 -3.091649241597513864e-01
-3.039417344705862778e+00 6.629419459677281523e-01 -1.344863513727447391e+00
-2.927248005955440657e+00 3.898113774111721108e-01 -1.348660567287237821e+00
-2.757191192779022249e+00 6.731039606023639932e-01 -1.379699214428282028e+00
-3.138285623927233203e+00 7.910477337573104117e-01 -1.045697048303472654e+00
-2.850053413122383361e+00 9.868584674942981749e-02 -9.879963661231654370e-01
-2.542861209212038176e+00 1.001184541777593084e+00 -8.280762945068966818e-01
-2.357906467970528386e+00 2.894298070868094319e-01 -1.110294617067315803e+00
-2.256167522403782044e+00 7.605746666070705153e-01 -1.343564255667996532e+00
-2.550098913110189880e+00 5.851495417981960045e-01 -1.109270562733376764e+00
-2.594283926922324568e+00 4.608611292140359916e-01 -1.067419658253366599e+00
-1.637337355380285242e+00 -7.091936290462462489e-02 -1.519352459329833982e+00
-2.451092066755789389e+00 2.158991366797210487e-01 -7.180797024785858795e-01
-2.847203482621234460e+00 1.107679414713699684e+00 -1.130564121784609855e+00
-3.462366199869586048e+00 3.032989766439975199e-01 -1.257288725509596583e+00
-3.090628394567334070e+00 4.162827296391352627e-01 -9.022217896038886575e-01
-2.311024949356295100e+00 2.592656625808297810e-01 -1.085926867482830183e+00
-2.615355738744055358e+00 1.039071495224555886e+00 -1.096705748473431274e+00
-2.524801176253145041e+00 7.900493557976528969e-01 -1.000103024773322469e+00
-2.045552227797263090e+00 2.282235562344984148e-01 -1.061979520064496585e+00
-2.624132747103787189e+00 -5.359400726239699209e-02 -9.602857357339379396e-01
-2.688667811934391416e+00 6.306790285322801948e-01 -8.348512977592406070e-01
-2.597960993127248930e+00 2.151717905992551749e-01 -1.098155612210155230e+00
-3.078558529862728932e+00 4.284277831225365429e-01 -7.008584882960657847e-01
-2.108645009854869468e+00 6.456292583290272613e-02 -1.547901951216403393e+00
-2.886110783678262237e+00 8.679198954642232122e-01 -1.278002954282451586e+00
-2.678124982791521447e+00 -2.957618042510732834e-02 -8.962763813993277484e-01
-2.297732296328934165e+00 2.200415097797196740e-01 -9.403364259866801023e-01
-2.185136583260821386e+00 4.916364743499975209e-01 -1.036354731639149485e+00
-2.890164735172065846e+00 6.846544795046047849e-01 -7.303786626228824241e-01
-2.148150357957200551e+00 7.086830765278665512e-01 -1.041470557977410616e+00
-2.408747512112111355e+00 1.381467800928974643e-01 -4.337825538062158870e-01
-2.828947266171563779e+00 3.195560255990343990e-01 -1.070478446113140691e+00
-2.906652585955043833e+00 7.433271481519173607e-01 -7.542733069738882801e-01
-2.012390894067311198e+00 2.745061486103683168e-01 -1.273608987317713881e+00
-2.798080397671252051e+00 1.554067715035090391e-01 -9.994669402756765075e-01
-3.021159746217228381e+00 3.812885720841057702e-01 -8.076618928128390662e-01
-2.706487585871973245e+00 4.736435725034701116e-01 -1.286562998069012753e+00
-1.589298514044380051e+00 1.262671044889478456e+00 -1.327802558824737078e+00
-2.583203989683165780e+00 3.256861734448424639e-01 -9.789917686011926357e-01
-2.928232007631000666e+00 1.234171146893344451e-01 -1.009467174987676907e+00
-2.203822981964399297e+00 8.740237243823931190e-02 -1.013420309338835867e+00
-2.939136959154496687e+00 6.020082833404171163e-01 -1.123846366257904572e+00
-2.925187118781075846e+00 1.743617980935343592e-01 -9.043406989458767642e-01
-2.146440224003726804e+00 2.590607783177606427e-01 -1.331273346044647976e+00
-2.997483554247098336e+00 6.615441927833520808e-02 -1.030570210215674853e+00
-2.520160918492277968e+00 1.116192073337938018e+00 -1.220213643856990826e+00
-2.665567817652074289e+00 2.717288932348703168e-01 -1.049693972011507936e+00
-2.405108980083908499e+00 4.485958518008911766e-01 -9.869549964613085757e-01
-3.006312023628550545e+00 2.398966441309463571e-01 -7.036386290765822560e-01
-3.186227992015000066e+00 -1.659882176727042469e-01 -1.391845404218329474e+00
-2.745230798054757226e+00 6.861068291465256541e-01 -1.218882319593567853e+00
-3.021759197576573186e+00 8.124945709168343022e-01 -1.119426724322842182e+00
-2.398794006020944281e+00 2.336038138390169328e-01 -7.997749219030864110e-01
-2.510811337632111506e+00 8.271212005815222756e-01 -8.244074001772900839e-01
-2.756649154480783181e+00 6.046541472278181839e-01 -1.109696850208399477e+00
-3.128277332853167447e+00 3.931059772681124165e-01 -8.436899396221065883e-01
-2.657159342304191263e+00 2.833079989648060182e-01 -9.827262811638793893e-01
-2.949890300773855500e+00 1.327832169135606706e-03 -1.073357544160534749e+00
-2.430816066113554719e+00 7.534868606916320100e-02 -7.951369544334516704e-01
-2.693315883012219913e+00 7.925756883044478007e-01 -9.832086292060535637e-01
-2.722933318305636785e+00 7.012426893911957171e-01 -9.344798228121092842e-01
-2.399142064425696663e+00 7.068073789025294262e-01 -6.876779764090317215e-01
-2.823589287673593073e+00 6.201153901981683036e-01 -9.927773303603770749e-01
-2.575571163987008028e+00 1.178812844209961241e+00 -1.146672087369408288e+00
-3.251035583382216210e+00 5.477680528138387794e-01 -7.419627954216250210e-01
-2.418922594255245695e+00 8.022325111549313270e-01 -7.670914958250437676e-01
-2.325633088737861343e+00 7.400790806113088927e-01 -1.272879520679899068e+00
-2.508044446232622793e+00 8.451810288677318039e-02 -1.288445977510785934e+00
-2.429805235949883624e+00 9.472712677663321923e-01 -9.665839472384281095e-01
-2.366388737972449530e+00 4.534940619255114491e-01 -1.496445200100131379e+00
-2.126316335061547047e+00 1.161396999331601787e+00 -8.177100607832097356e-01
-3.733549297287991564e+00 4.061793764020198982e-01 -1.106331056455655659e+00
-2.403463656439052798e+00 5.716431447995177217e-01 -8.941198600982607214e-01
-2.891977070485320045e+00 8.237801124813191045e-01 -1.092399938266996440e+00
-2.329953970419537779e+00 7.464009204290130706e-01 -8.336290032937017092e-01
-2.448214993687345853e+00 5.147676747283004284e-01 -1.325660416473497083e+00
-3.137059090507189563e+00 5.810804333569243862e-01 -1.311660825575595268e+00
-2.618541733206365851e+00 3.106291783741940704e-01 -1.006960037086148896e+00
-2.919238485444283437e+00 1.016262430552212992e+00 -1.292328731531086961e+00
-2.373311176572113546e+00 1.577997923705506400e-01 -1.078919956075440556e+00
-2.965093801246041494e+00 6.290752630230427300e-01 -8.378451938114691577e-01
-2.780064729971653215e+00 1.239498883500438575e+00 -1.053377496300760496e+00
-2.333722552011733509e+00 3.093050840939643442e-01 -9.123843702772516107e-01
-3.135340702122233481e+00 5.743481908914513934e-01 -1.134544820955978750e+00
-2.662390915137925251e+00 -1.277178214012761881e-01 -1.160627076268592850e+00
-4.020177227756883909e+00 2.639374275267959424e-01 -6.495123001676446073e-01
-2.196140666196180646e+00 -3.615021410655038236e-01 -1.522528378296967633e+00
-2.273980718714477600e+00 8.052463583010628367e-01 -1.347793235682044122e+00
-2.208818369360636691e+00 4.189265979833575182e-01 -1.226262388548796212e+00
-1.984925666871447003e+00 -2.155704547192230647e-01 -7.292469947577380207e-01
-3.245108068783121524e+00 3.723052090346065102e-01 -1.700046197855841656e+00
-3.253047180917214565e+00 3.098089297349245208e-01 -8.559127760891380721e-01
-2.546306597644754532e+00 -6.594398708357281091e-02 -1.039471272468039942e+00
-2.859080228065006057e+00 9.834716091282745820e-01 -9.851050501907941959e-01
-2.818287562827162418e+00 2.142004326718450202e-01 -1.227381535959678249e+00
-2.248859989682305827e+00 1.326484592646115290e+00 -8.017581583776051124e-01
-2.840415547064250923e+00 5.872922490901498760e-01 -9.220126746837677967e-01
-2.224574432397157686e+00 5.130692555789939657e-01 -1.210330895034140486e+00
-2.612164263899313443e+00 1.057378464446264849e-01 -1.055107922031359058e+00
-2.042139477183877005e+00 3.972436782837590052e-01 -1.366834986346035619e+00
-3.200081345482908457e+00 9.046970808956719123e-01 -2.170685907935696601e+00
-2.879494123612666989e+00 5.902449296234596465e-01 -8.707889583826788904e-01
-2.873671168181068936e+00 8.065419385937580565e-02 -1.038654260690557773e+00
-2.788505501742710280e+00 4.817827538856569447e-01 -1.131156303581662970e+00
-2.958595394420808322e+00 6.008334599778745178e-01 -1.129644987879086626e+00
-2.851527421903300219e+00 7.356913108658029721e-01 -7.707851415477269263e-01
-2.434401045659788654e+00 -1.089915188377465760e-01 -1.120338179024704006e+00
-2.292586382761134800e+00 5.486120407814824018e-01 -1.072937020987504653e+00
-2.632114713526713334e+00 -9.578961677676511854e-02 -7.675333396039618616e-01
-2.226203716608812222e+00 1.521516217775500945e-01 -1.094034175447934798e+00
-2.233700878564766068e+00 7.206291241969224881e-01 -8.951538740260253091e-01
-2.916696082928546208e+00 1.008226586454031182e+00 -1.088108076681694181e+00
-3.039294788795610547e+00 1.152944804287021174e+00 -7.856534135032727795e-01
-2.832541339622266285e+00 9.585452243065180067e-01 -7.356158158509458200e-01
-2.133356665924305062e+00 1.659623414276250875e-01 -1.059966169904339894e+00
-2.927868591697959211e+00 -2.785286026746622810e-03 -8.342949436396939200e-01
-3.226330653227546641e+00 -6.856215138745204440e-02 -7.622022887233774469e-02
-2.758358026458266110e+00 -1.340556651739320537e-02 -9.234017753128351824e-01
-1.596400593877022711e+00 6.254462340287449962e-01 -1.489906497281769493e+00
-3.511650381406440591e+00 4.071541206164078774e-01 -1.634942381562762614e+00
-2.936979735663966196e+00 2.842570214246874505e-01 -1.005095461312747629e+00
-2.631018108399936661e+00 6.478052859191228974e-01 -1.251601823811140379e+00
-2.141848505546178671e+00 1.290978649328514416e-01 -8.506555744401727015e-01
-2.215653341398948317e+00 3.814500753626355878e-01 -1.133430050458710481e+00
-1.268731058142471824e+01 8.625980594260553858e+00 3.986434790073767331e-03
-2.601031802956034422e+00 8.245951549908495104e-02 -1.126658197641103865e+00
-3.108412950147653397e+00 4.660546875688066915e-01 -1.209225758329088407e+00
-2.710218321199122204e+00 7.784996779524877564e-01 -6.863456154054153879e-01
-2.761907534392475050e+00 6.333817129447162353e-01 -1.046063631536880090e+00
-3.122850209102507879e+00 -2.277513674510773384e-02 -1.348560882529184157e+00
-3.049133301957034359e+00 6.558647932992037743e-01 -8.789117605926688448e-01
-2.556114578494352418e+00 1.002506242892577115e-01 -7.843134027129435859e-01
-2.989271453386658894e+00 9.092665953753011898e-01 -1.099763113140830084e+00
-2.818805858612333903e+00 2.475183017787659090e-01 -8.890724259014286535e-01
-3.166494871182528481e+00 5.636306446616540233e-01 -6.895141235061288953e-02
-2.531626612777865493e+00 5.510568154916727357e-01 -1.171613701509063299e+00
-2.344593505212570594e+00 9.267405864464591803e-01 -9.595383981691596453e-01
-2.788514660643414800e+00 4.054900961094670131e-01 -1.094132433482269517e+00
-3.050174827057763771e+00 -2.564947963920089502e-01 -1.202799631366317401e+00
-2.948038665727552576e+00 5.640163084961300477e-01 -1.073341036803752369e+00
-3.041422136239064766e+00 3.504174906829420344e-01 -8.238892760217024769e-01
-2.335418269907722610e+00 7.263833815277318529e-01 -6.649433277698832967e-01
-2.009871791282415554e+00 -3.855468993915448506e-01 -2.125796199610567871e+00
-2.716546436347879734e+00 2.660603926279399012e-01 -9.997690699322262509e-01
-1.789149159848691273e+00 1.376819448527921985e-01 -4.806961648471821946e-02
-3.014346210405342230e+00 6.955524772702362801e-01 -9.436231592375783350e-01
-2.311832236600891655e+00 8.555387738150259658e-01 -8.186775198142859367e-01
-2.847483582210967423e+00 9.125746584715498377e-01 -1.048637539410272046e+00
-2.320149893160365906e+00 8.162365465479440862e-01 -1.029218317103874458e+00
-2.872569529056053117e+00 1.690306894550802908e-01 -1.101155551628170137e+00
-2.234878147898438083e+00 7.963964536733272315e-01 -1.019661168318409139e+00
-2.748449794751770536e+00 6.832492202228823697e-01 -1.335532106640185512e+00
-3.155159103171934376e+00 6.287932041876054257e-01 -1.256643496517320102e+00
-3.895618504081360456e+00 -2.009783313924926040e-02 -8.843378171053553061e-01
-2.200441468318563576e+00 3.222979532024671245e-01 -1.142087522970044233e+00
-2.983993923739908904e+00 6.105114171964852732e-01 -1.200939932153907153e+00
-3.173876455652505424e+00 1.950766518572914776e-01 -9.298475446263565480e-01
-2.474790102481368770e+00 1.099473606805694420e-01 -9.648618271761412180e-01
-2.491494752152382475e+00 4.390555812870698960e-01 -1.095153425753129017e+00
-2.816633021108350121e+00 5.970539878446324833e-01 -9.901549535182748718e-01
-3.183773513803374478e+00 -2.434914087996123133e-01 -1.071130783441979872e+00
-2.710254221954950804e+00 7.169973792978410199e-01 -7.983771596218490751e-01
-3.115481772177178588e+00 -1.512662495943404017e-01 -7.539948538212931650e-01
-2.702696311504406257e+00 6.862150685937884464e-02 -1.000905975230692579e+00
-3.250211094203600215e+00 -1.909266882019029429e-02 -1.056691095477772846e+00
-2.408317648326336879e+00 9.937579674163327104e-01 -8.444203067525780648e-01
-2.179690280776588551e+00 5.368306351723375336e-01 -9.019442231159384704e-01
-2.273203676908369442e+00 1.446410329026397712e-01 -1.041094628575520042e+00
-3.015367855816363907e+00 7.674424639105369428e-01 -1.227030735208989531e+00
-1.697740458537494224e+00 8.150454250134167022e-01 -1.169118552858680271e+00
-3.099801278908819402e+00 6.160686321599513349e-01 -1.076685429337976174e+00
-3.264250367227648386e+00 7.800794972813663852e-01 -1.707261295619265651e+00
-2.844274907108581552e+00 8.668251782418322504e-01 -1.050087094479002170e+00
-2.457998350014302336e+00 1.216360608535161481e+00 -1.093384396296467775e+00
-2.620651177070274063e+00 4.904039369268001214e-01 -9.772812186960140313e-01
-2.362834769747174768e+00 4.828743642170983397e-01 -9.928725353490972516e-01
-2.509370946898852761e+00 8.030652288566865471e-02 -9.948924202750406565e-01
-1.641909021865158413e+00 7.326847222999680609e-01 -1.717119491564200739e+00
-2.702179706526995240e+00 4.252885270411568275e-01 -1.002547657209600374e+00
-2.889045346067537601e+00 7.581695845757113750e-01 -1.045730816609649505e+00
-2.814890978092190021e+00 5.588255560196034866e-01 -1.440650036830378289e+00
-2.607541946071894046e+00 3.780479455348278450e-01 -1.057322375253336499e+00
-3.089438399090707499e+00 6.559005075277876129e-01 -7.014122412218513070e-01
-2.588944837471375493e+00 6.601273113154617622e-01 -1.108742035808655935e+00
-2.954418468873198034e+00 7.677426632160835318e-01 -1.159742611091092668e+00
-3.037762862270759090e+00 1.277264542396620572e-01 -1.233673907601161357e+00
-2.596560932947318268e+00 5.177250920331036843e-01 -1.009277358082614429e+00
-3.352810218370252393e+00 3.824660265330862563e-01 -8.036192701934505855e-01
-2.768264159055350504e+00 1.333096598841024445e-02 -1.601839150003554257e+00
-2.152348781658264709e+00 6.812661518106297720e-01 -1.181137849564950937e+00
-2.354981596837368851e+00 -1.777683681631523904e-01 -9.251283506277983015e-01
-2.425803854086094891e+00 1.026822478832186691e-01 -8.978935079893538562e-01
-2.170759853674793405e+00 7.292064693083463167e-01 -7.894161308337721561e-01
-2.569211080103362743e+00 1.726181633366063728e-01 -1.405443976455347688e+00
-1.973539257388786439e+00 8.616894512564383657e-01 -8.284528901146361868e-01
-2.492205500767683546e+00 6.120470107480540101e-01 -1.068625443060677194e+00
-2.393550671595057189e+00 1.314698198314121047e+00 -7.532041151194066586e-01
-3.803210387102725409e+00 -1.598025544138163556e-01 -8.526310380956366730e-01
-3.161092203740664353e+00 5.628740330920674051e-01 -9.189956493634440227e-01
-3.126727986717368957e+00 4.940980900967447687e-01 -1.076794193483688211e+00
-2.616668342556221827e+00 7.106685920039392812e-01 -1.190004191566431890e+00
-2.435955328799154884e+00 -2.735490902428429627e-01 -9.346441787278598756e-01
-2.731268156349863307e+00 6.026215758030731839e-01 -8.623460279820227559e-01
-3.024882681470549173e+00 2.676150492609116749e-01 -7.697197572680829492e-01
-2.517377086836926736e+00 1.084046279651662142e-01 -1.216046852451737825e+00
-3.005269235715466891e+00 5.743929003085476159e-01 -9.717432891607846734e-01
-2.511102357083192960e+00 -1.161141577123991908e-02 -7.759993886788982831e-01
-2.460088045681334101e+00 1.191440585126848223e-01 -1.333455175656515168e+00
-2.860387108523694710e+00 8.115610988387245150e-01 -1.193202624797699896e+00
-3.060162379919225462e+00 3.138905246881666389e-01 -7.694360905436117282e-01
-3.154801224832018747e+00 1.568895766542219850e+00 -8.655583424226640510e-01
-2.502194791527835971e+00 7.189034052712538481e-01 -9.596245840867665411e-01
-3.174255259895149450e+00 5.036908997679691025e-01 -1.274864183346994695e+00
-3.571405217767406715e+00 1.198207332579480422e+00 -1.734492467532665838e+00
-2.809168308965383165e+00 6.135616592839484573e-01 -8.976950781924192269e-01
-3.084481874457429385e+00 7.327542904269634949e-01 -1.040957192600329595e+00
-2.471183604108883713e+00 3.275073910606332572e-02 -9.617573561288617068e-01
-2.721108104906804659e+00 6.212315324005430739e-01 -1.331626531991759066e+00
-2.853467681878676832e+00 1.963792656562938777e-01 -1.231438625141851873e+00
-2.685516063156847988e+00 -1.461227817289602327e-01 -1.145805467555201629e+00
-3.156489908613417494e+00 4.489795998303603985e-01 -1.377239732377406378e+00
-2.942008157784754996e+00 -1.137609114159679052e-01 -1.461293131407810142e+00
-3.131065480035114312e+00 3.312930595537265654e-01 -1.051357781487539889e+00
-2.819299087634207890e+00 4.167184831409087575e-01 -8.779158783880411931e-01
-2.525178486797290400e+00 6.732658679471277274e-01 -1.244479937567963379e+00
-2.664749469732261122e+00 4.404903029924597813e-01 -9.772834648682591219e-01
-2.690002349120319547e+00 1.317544929271804444e+00 -1.061795525547676089e+00
-2.933074556565090862e+00 3.017106436223827015e-01 -1.179511754619861019e+00
-2.519405151514498620e+00 3.431627875127957750e-01 -9.895414355086326053e-01
-1.796439454779199973e+00 -3.519977233220249885e-02 -4.352403606098529387e-01
-2.885408499775231395e+00 1.737501900025894275e-01 -1.122794363115153793e+00
-2.291616815393048068e+00 1.002254184559816963e+00 3.034336943103551135e-02
-2.015684934553781282e+00 2.565160762177462472e-01 -9.740001328266867375e-01
-3.018492476631608579e+00 9.031952833258818369e-01 -1.141975434512594312e+00
-1.812809015710981519e+00 4.284090792029508488e-01 -1.485120750254369737e+00
-2.960160292485086497e+00 2.413058497725996399e-02 -8.860545168410285388e-01
-2.821375711614016790e+00 5.648841368275164809e-01 -1.270580632907101881e+00
-2.678112025748969227e+00 -2.219610641979756493e-01 -8.037293326919664471e-01
-2.436204234835364524e+00 3.043425115118671420e-01 -1.086969523813613669e+00
-2.963929760194332186e+00 1.002354975491689837e+00 -8.811016526002655169e-01
-3.167451338304611230e+00 2.204004649513646996e-01 -9.683334574906441450e-01
-3.578589579692298184e+00 3.279698390725468982e-01 -1.318698484273799876e+00
-2.819990411873036784e+00 1.209269058243092720e+00 -7.528224875166761310e-01
-2.331862612820928327e+00 4.533273819843936653e-02 -1.121669151778655449e+00
-2.209287023528226257e+00 6.694927860201594916e-01 -1.227271033300705305e+00
-2.895737795750671584e+00 5.070806012034710930e-01 -8.942642935521110115e-01
-2.765468581451926866e+00 4.767033188428732027e-02 -9.441448153312108627e-01
-2.530990489029409929e+00 8.609701718451137076e-01 -9.777232620044166156e-01
-2.853733140284680836e+00 2.222811296518283075e-01 -9.154945486262398013e-01
-2.728018555554378466e+01 9.123729267559696154e+00 9.802534769534720915e-02
-2.836359389726253344e+00 1.241456555408234852e+00 -1.317320218393108977e+00
-2.216938876728317798e+00 -1.304050516195035536e-01 -1.171414145143437224e+00
-2.527694097577585453e+00 8.337077586234715731e-01 -9.879149459096498997e-01
-2.598803753300993780e+00 6.652872880271666345e-01 -1.109104328169600029e+00
-2.510174719815242650e+00 1.010867794855958124e+00 -1.152598780052535243e+00
-2.029042324729573021e+00 1.478752682035174404e+00 -1.582870405890012933e+00
-2.318361599508158122e+00 1.077407487670481778e+00 -1.187447324859175479e+00
-2.607581415304671246e+00 -3.576480248987835842e-02 -9.724969812946664405e-01
-2.764065400228588043e+00 7.637383479642615436e-01 -1.271923796464636824e+00
-2.356667223303543945e+00 3.366479957347932594e-01 -7.607661678474941791e-01
-2.585607462531355871e+00 7.319639860851350210e-01 -1.043777127789284220e+00
-2.393135598510937267e+00 7.099617514678169261e-01 -1.473275927364908089e+00
-2.351233286165437697e+00 4.197134481086136071e-01 -1.183949501811555116e+00
-2.759359371956611184e+00 6.094811253814412799e-01 -1.062320959920697527e+00
-1.924895600615106783e+00 -1.587676223214028182e-01 -2.982392417804173856e-01
-3.276168524781397640e+00 9.634733301005872219e-01 -1.478052200399567528e+00
-2.887841609347790772e+00 1.428916035195968159e-01 -1.201835034774263899e+00
-2.853397396037011369e+00 -6.185749598314628228e-01 -1.443693455835091566e+00
-2.822329597085247777e+00 5.900771761918547353e-01 -9.708413644222323446e-01
-2.611005232516468766e+00 -1.192841277938002376e-01 -1.077086299547183490e+00
-2.648130011745135182e+00 5.452494784285616403e-01 -8.958588303281759258e-01
-1.975780346149605071e+00 7.883266569442575200e-01 -3.184175269923760765e-01
-2.640948113087802529e+00 -1.143008796374914565e-01 -9.411257272881891067e-01
-2.508228589763306093e+00 -2.337493120340232156e-01 -7.475790354174118857e-01
-3.352338045149897194e+00 5.674970172248715305e-02 -1.924607916582445455e+00
-2.535492933707967023e+00 9.051264199607205185e-01 -1.064114884333053901e+00
-2.645315685813358186e+00 5.406434086606893841e-01 -1.017790304128104895e+00
-2.409551164644756494e+00 4.802856604121897854e-01 -1.108511699529436623e+00
-2.812079710009259159e+00 4.020148270520056411e-01 -1.323496636474236654e+00
-2.798371013363463167e+00 1.349868983617170115e-01 -1.378717018949034978e+00
-2.851156136047332090e+00 6.893009739300578476e-01 -1.194252645415112113e+00
-2.188865340497251122e+00 6.046026845443848163e-01 -1.405969496025968324e+00
-3.609463255015067151e+00 -4.691041311726190655e-01 -1.519524564320875015e+00
-3.011145014297849976e+00 1.169181855546698623e+00 -9.616656326328082427e-01
-2.620278614098342729e+00 3.224657879321505272e-01 -6.479367272639694475e-01
-3.684340196695738978e+00 1.274802926901654476e-01 -1.108236118175154106e+00
-3.111158882080601984e+00 4.499830769349215664e-01 -1.032766458295695911e+00
-3.499580135595017794e+00 1.780065018512913266e-01 -9.043277266392174552e-01
-3.477933797115585701e+00 1.991276584921395920e-01 -1.181228862726821704e+00
-2.458670828804004227e+00 5.174930444276657493e-01 -1.256277245517489538e+00
-3.306708685046874319e+00 8.358229970386749086e-01 -1.115178328188578538e+00
-2.506975663345300642e+00 7.868027172838928385e-01 -1.147782771266600665e+00
-2.222078359083450305e+00 -9.025308365148450307e-02 -9.104188383306307530e-01
-2.682697429099127007e+00 2.612477847462857383e-02 -9.187036509633282888e-01
-3.705420489691456432e+00 8.188339890333298232e-01 -1.668496287226345132e+00
-2.719411928764304154e+00 1.135319957481587538e+00 -9.885090006145330621e-01
-2.354622002526690849e+00 4.454168129119304709e-01 -1.027387499744828236e+00
-2.957566331239319890e+00 6.480451401204576634e-01 -1.151541957187085963e+00
-2.605525103373212303e+00 2.100291236581104115e-01 -9.762720893624227125e-01
-2.722668884855262927e+00 7.070274192439615080e-01 -1.277933594227742109e+00
-2.992984714170936922e+00 6.602508202211927468e-01 -6.362741397362531304e-01
-1.862017830441813571e+00 7.581528165280860820e-01 -9.073989657403140896e-01
-2.235486825877230910e+00 1.027453710504112605e-01 -1.049057427551972621e+00
-2.346508275751953310e+00 4.668394363288896343e-01 -1.461222028353720059e+00
-3.376616741244472308e+00 8.349692709770119015e-01 -1.066112220356750795e+00
-2.315917435139528635e+00 2.414226556149201564e-01 -1.353328204494923970e+00
-2.367078107147198462e+00 8.184477093239037604e-01 -1.008113525610361716e+00
-2.980885879780515779e+00 1.046577029900537248e+00 -5.143956339010377077e-01
-3.064986042932332122e+00 3.889072880377937302e-01 -8.832816429875707254e-01
-2.226890163569413161e+00 1.697065262358872506e-01 -6.629860334805829369e-01
-2.135778554390594941e+00 1.226694388672915081e-01 -1.103688081890010997e+00
-2.231246254481796587e+00 -1.220616426041024605e-01 -1.068409228955232271e+00
-2.600828621162215359e+00 9.211624760080586727e-01 -1.341672606116471878e+00
-2.981019654388460172e+00 8.608236554613821756e-01 -6.987018952106028857e-01
-2.311262348518149157e+00 5.904456321206932312e-01 -1.140652600062646238e+00
-2.740484863943470906e+00 9.695446163528260719e-01 -1.116944399758657891e+00
-1.762644037267016017e+00 -1.253812933127991525e-01 -1.005155537457735004e+00
-2.782726309779644414e+00 6.976278108502168562e-01 -1.061043464780676349e+00
-3.068149166012427820e+00 7.570904304274339580e-01 -1.048927332999177731e+00
-2.679479695612613899e+00 6.036778935099811338e-01 -7.764294247893041012e-01
-2.563000235232012702e+00 8.979493221485312926e-01 -1.031813483570751533e+00
-2.467549974631372489e+00 4.105583695371026742e-01 -9.560440933524725349e-01
-2.701825961048674785e+00 7.692655569575551633e-01 -1.375727617848184758e+00
-2.244978444392024652e+00 5.475758476984996515e-01 -8.480814048664173654e-01
-2.836578551222713518e+00 1.994108976862856153e-01 -1.191801987766464066e+00
-1.926570995001595454e+00 7.533166365943324561e-01 -2.058018218959012824e+00
-2.951790859363968789e+00 5.717491126316623928e-01 -9.413157773655851379e-01
-2.662310302413182672e+00 7.592670186544409061e-01 -8.505702953604097338e-01
-3.275736291488612117e+00 7.379400801538585908e-01 -9.176564712538644031e-01
-3.653751259340229929e+00 8.563162942272254385e-01 -5.155966823876593358e-02
-2.204267751582672297e+00 2.413828108221910684e-01 -8.332323167534737562e-01
-3.358104693225522741e+00 1.337899239177196442e+00 -7.168830833941080005e-01
-2.344127788785853372e+00 1.209552747475692858e-01 -9.997696539176812447e-01
-3.016230307329097027e+00 3.371002748508741265e-01 -1.258631334211703479e+00
-2.768184665314771031e+00 9.810461530012399844e-01 -1.083128648767814006e+00
-2.941999185961198471e+00 5.570102887606995790e-01 -9.435032199688633270e-01
-2.704975666489559227e+00 8.227147448013717446e-01 -9.385663923044357260e-01
-2.413061714496394838e+00 6.810080010125731942e-01 -1.019468967741934406e+00
-3.225911440667520225e+00 2.464799388398265442e-02 -8.058935037124035361e-01
-2.402592726427554393e+00 2.395616867795101190e-01 -6.079370241099386618e-01
-3.042952889468935052e+00 3.877133284504087896e-01 -1.022980324241367756e+00
-2.863086649568777897e+00 5.299019894982344159e-01 -1.136132816372853238e+00
-2.779200629399698030e+00 6.539995957666437931e-01 -1.227966996693150348e+00
-2.536711582677774857e+00 9.364415395658316488e-01 -1.029269616827687583e+00
-2.887192931995815837e+00 6.471366399101557976e-01 -1.025414596780103826e+00
-2.740697735101670141e+00 -1.708096535495750700e-03 -9.493829062617383796e-01
-2.700587066884050369e+00 1.231935744047822467e+00 -9.492367373259729124e-01
-2.420402886754509097e+00 1.739669003050650919e-01 -9.917912398556089082e-01
-3.162422400104242914e+00 9.098460996762703923e-01 -5.419862071322401054e-01
-2.800080464994816332e+00 1.066395780751011602e+00 -1.050614474925984920e+00
-2.700824823790032969e+00 1.444053517044512347e-01 -1.061819839077381866e+00
-3.089595564345285261e+00 7.471645652956033778e-01 -9.976277732738705328e-01
-2.987574876919929956e+00 -3.894381072356924156e-02 -1.574048552937417966e+00
-2.083937597079669857e+00 1.493779165407418119e-01 -8.372515176507642209e-01
-2.947600511271467383e+00 4.289215189706973574e-01 -8.501048988002878337e-01
-2.850423098585544324e+00 8.714403410169530018e-01 -1.246681415412186134e+00
-2.669055846585007163e+00 7.922165426634644181e-01 -1.274350579735490818e+00
-2.420387765524846468e+00 1.153134988541475447e-01 -1.024729216315901636e+00
-2.622215624346097673e+00 9.898261515448684156e-01 -9.363480417122069799e-01
-2.210517577700006786e+00 -3.517661379859049475e-01 -1.558673441978831731e+00
-3.178674078900754818e+00 3.479294052294090167e-01 -9.862802476772565274e-01
-2.964149823299339293e+00 7.307150020995042405e-01 -1.036003072576150652e+00
-3.118286657785344751e+00 8.438712214350146956e-01 -9.410334442703465196e-01
-2.783647982141660204e+00 1.794593162468076375e-02 -7.416835647510292562e-01
-2.407999350530568794e+00 6.027315084911766263e-01 -7.795328916737455094e-01
-2.005865327150128774e+00 4.231481031562969175e-01 -1.429514720877681055e+00
-2.967053971351505393e+00 1.066775269167198781e+00 -1.133566142965763524e+00
-2.971999121907949348e+00 5.225425096965820027e-01 -1.204168208172879950e+00
-3.461480355040517765e+00 3.519733633402016837e-02 -1.135834294161829572e+00
-3.017340238905501959e+00 8.997033828256796317e-01 -1.072999437360141473e+00
-2.424938011499524482e+00 1.082229690573367709e+00 -1.095630168453701536e+00
-2.585805966276413237e+00 9.617777383162001703e-01 -9.190335122477579777e-01
-1.771140457165523818e+00 7.483094191389105809e-01 -1.070499464846904614e+00
-3.748562519343754840e+00 4.515204665350500690e-01 -1.287602709695215175e+00
3.701436339661832164e+01 -1.502427190863298456e+01 8.908644216163974505e-02
-3.023546770138295425e+00 6.362732948273879252e-01 -1.241074948401607703e+00
-2.933695263228629280e+00 6.785113315096241715e-02 -9.821251181232666383e-01
-2.736391350945359235e+00 5.789240687965359067e-01 -1.238876414114139068e+00
-2.692584886085290563e+00 -2.567113994212137373e-01 -9.801022444681042334e-01
-3.297350512564467095e+00 4.090114624403271004e-01 -8.308989622744664683e-01
-3.018049053651820746e+00 5.960005067669359446e-01 -7.492930685356191667e-01
-2.879561568094112456e+00 6.220532443574903203e-01 -9.283749492863533348e-01
-2.677784861021553553e+00 7.176611792323069894e-01 -1.051177112389269253e+00
-3.245830926968859664e+00 -1.162157541291714558e-01 -1.466081940251494187e+00
-2.344858492721102028e+00 -4.448641677802925853e-01 -8.957355340114870890e-01
-3.399245901583989315e+00 1.697751543756509385e-01 -1.569737306679568345e+00
-3.724334628798024571e+00 7.504127647940488366e-01 -2.105731925407804628e+00
-2.531287419736543587e+00 2.881841650647837261e-01 -1.650678220664309803e+00
-2.118338011290405998e+00 6.163103715313597020e-01 -8.479040811379680020e-01
-3.092846325932340878e+00 5.109553827363945144e-01 -1.040974303607652862e+00
-2.494224644448675754e+00 8.677542470248217343e-01 -1.011944464881791017e+00
-2.597390791547156130e+00 6.950315564391590373e-01 -1.079220128678938906e+00
-2.162287791588827446e+00 3.393322891142815934e-01 -9.915275626180096724e-01
-3.539837950302074265e+00 1.040622110861828542e+00 -1.966686363235292223e+00
-2.215372563147737672e+00 6.635834252805838940e-01 -1.016982284690631788e+00
-2.986299532198556150e+00 4.176691651767566182e-01 -1.040809457038475605e+00
-3.528892542746450367e+00 8.219222494227701459e-01 -1.787577596657690115e-01
-2.983248416383817769e+00 6.203697078937573384e-01 -8.279793602745197934e-01
-3.570520325564118469e+00 -2.191394796804379264e-01 -2.020020280968377602e+00
-2.770009832464108257e+00 1.024110571863381836e+00 -8.508900665288628984e-01
-2.521081958142757262e+00 4.220750411065102292e-02 -9.023971980765702616e-01
-2.853143804730475352e+00 -1.207465455006052624e-01 -4.871750097903913557e-01
-2.437334987476052373e+00 3.457976586951350684e-01 -1.055492243545813391e+00
-3.104946250853412693e+00 6.330670135921326880e-01 -1.056151613128899713e+00
-2.494791502059734878e+00 -6.818849313996966366e-02 -8.943058860430743717e-01
-3.033997654802487620e+00 3.312398244012472737e-01 -1.333180667767749350e+00
-2.901738513702642130e+00 7.670995311924589943e-01 -8.470295113529432429e-01
-2.716176178056707524e+00 7.502125249398947648e-01 -1.090641515277465556e+00
-2.833999149341511981e+00 9.586054350849365635e-01 -1.103435277917146795e+00
-2.879487755749583933e+00 1.028822349858373592e-01 -8.927879821948995209e-01
-2.101381690572579952e+00 4.637891044813399199e-01 -1.197371510747450296e+00
-2.715355324335520848e+00 5.938398472448958021e-01 -9.911015237707795356e-01
-2.244976832034019321e+00 3.688711040354911153e-01 -1.003021205182403230e+00
-2.585984076105761975e+00 6.864437727228409614e-01 -9.799009331569237258e-01
-2.570746108288968657e+00 8.684103717580344828e-01 -9.213610507100913338e-01
-2.358424193209895492e+00 4.667178460619872959e-01 -8.194623253231874127e-01
-2.800540661041806434e+00 -6.791830698574075065e-02 -1.367224234058596721e+00
-2.255500966616848402e+00 4.978188790332467306e-01 -1.048540996331140729e+00
-2.761718874678055435e+00 6.087513554052587095e-01 -9.154312140571667644e-01
-2.750940809203447301e+00 4.629940497812423117e-01 -8.351566007431374672e-01
-2.406712515900562011e+00 3.057807634761661730e-01 -1.145188102540716457e+00
-3.508543703720084395e+00 -3.311456091085248493e-02 -1.717630953712828479e+00
-3.026668244759717741e+00 3.569987848573506484e-01 -1.064867082682084520e+00
-2.769659105806192567e+00 1.056466446745576659e+00 -1.317288477131528746e+00
-2.564823091644509390e+00 1.008007640775312463e+00 -6.323389670560642939e-01
-2.905582027072070694e+00 7.604124185385406909e-01 -1.037468152508993935e+00
-3.008076858365975603e+00 2.981059852101168861e-01 -1.050704324137401446e+00
-3.475777285582491771e+00 -5.570979299975693522e-01 -2.135156403720258833e+00
-3.129683078638842986e+00 6.441556191534980602e-01 -1.226829075286406612e+00
-2.600878153002687210e+00 2.630563509655555743e-01 -1.130138652798569954e+00
-2.687123338719799026e+00 6.793485077371500536e-01 -1.029136825621798979e+00
-2.319632270647069561e+00 6.528062751001357800e-01 -9.805798526173290508e-01
-2.924029097156578327e+00 1.009037210031364262e+00 -1.023678623705221558e+00
-2.966628656136062858e+00 6.256612376813306398e-01 -9.877647924223281750e-01
-2.326538890330791087e+00 2.341483423048060508e-01 -1.006822931552682654e+00
-2.507542379372671437e+00 5.802354132457556712e-01 -7.729923205696132005e-01
-2.751993578819219799e+00 1.554105039193834470e+00 -8.229197215627844786e-01
-2.937662080249940022e+00 3.535252422351388146e-01 -3.622043585228171270e-01
-3.696215377416189440e+00 5.357733974260669996e-01 -1.586995994646404284e+00
-3.049907029760477783e+00 -2.037508184010560497e-01 -1.402612391158223559e+00
-2.301745681912859887e+00 -1.470954798101911931e-01 -1.073864070930566461e+00
-3.020040933455609089e+00 8.357402570564474997e-01 -1.141852104817073998e+00
-2.632794864410540114e+00 5.076384877333224299e-01 -1.208615806709434359e+00
-2.973288866213308346e+00 9.583241489176328454e-01 -1.024057916805596991e+00
-2.842236515374939820e+00 8.416227438518369963e-01 -9.444519921561739251e-01
-3.300755209831838233e+00 -2.286599976581880356e-01 -1.320619760615040050e+00
-2.623792736035223339e+00 7.655296909943805073e-01 -6.843175456878173302e-01
-2.535304994530010347e+00 2.319986584711559562e-03 -1.158014375220755676e+00
-3.038771509809986338e+00 5.231138138250437386e-01 -7.750591096341103992e-01
-1.899435643748158542e+00 7.073206657261625896e-01 -6.487751188589513385e-02
-2.503470398694814580e+00 6.274740079754708155e-01 -1.277885820750498169e+00
-2.902500993702553433e+00 1.712925925407602912e-01 -7.696378572138958818e-01
-3.290857756562301173e+00 1.449627219147769264e+00 -3.205900140689140199e-01
-2.196810551531976241e+00 1.046937950397228839e-01 -1.084015663140578178e+00
-2.400530069386943133e+00 8.095115485412822665e-01 -1.028058282641989951e+00
-2.840492285334133893e+00 7.964437019395398387e-01 -9.301832077242723207e-01
-3.270370552435374112e+00 5.954299051475596682e-01 -9.937011754004781983e-01
-2.024261716632064001e+00 3.476687781324013238e-01 -1.025735014512354493e+00
-2.894183400501874281e+00 -1.832342953564332008e-02 -9.103614363848923086e-01
-3.830900480568933730e+00 7.301426388794581834e-01 -4.440319619256647976e-01
-2.682536911774278554e+00 -1.080985861825956539e-02 -9.373366862299726820e-01
-2.491186295184260491e+00 3.794539985361804896e-02 -8.866600794160386378e-01
-2.481922896807525980e+00 2.846089429585035163e-02 -9.672208013943764948e-01
-2.144251619542845155e+00 2.056220669404231205e-01 -1.041889542712014061e+00
-2.562456683361877374e+00 4.141814171665115785e-01 -1.004317943005484493e+00
-2.721783904056453984e+00 1.177018502802999605e-01 -8.156736739756123011e-01
-3.989475101840123550e+00 -6.823155761403246200e-02 -1.193717191749224860e+00
-2.705675302569176210e+00 3.486252195470183612e-01 -1.197643297719896749e+00
-2.836777195960262343e+00 2.904070767718963109e-01 -1.271695134828845886e+00
-2.881839944016077126e+00 5.073749974682459918e-01 -9.875727071311891647e-01
-2.866286436265685023e+00 8.815505988855480979e-01 -9.194530370457449919e-01
-1.976587157223905988e+00 3.504217236954940140e-01 -1.085541744290504873e+00
-2.369074347379399814e+00 6.496452584686344123e-01 -8.805429386500528421e-01
-2.800431529059328017e+00 4.519335928702295502e-01 -9.450342827422429925e-01
-2.331673629859683849e+00 -8.946215142601778025e-02 -1.062131458551083929e+00
-3.115560116887714059e+00 3.403763676175327046e-01 -6.660900043560067374e-01
-3.027825663036507020e+00 4.450656913453852614e-01 -8.515148059546954196e-01
-2.584475183415284594e+00 6.070373321710297310e-01 -1.057658557371961017e+00
-2.065900124035763064e+00 4.329837823490370607e-01 -1.000313694259477693e+00
-1.454673803120493547e+00 5.058707325043648728e-01 -7.814685615349686865e-01
-2.500599565818001135e+00 8.411244695995416798e-01 -9.978515875027921256e-01
-2.848536635073336765e+00 5.694605642876522378e-01 -1.030975302809556293e+00
-2.457976161504203727e+00 5.589422890396469334e-01 -1.093725584337608359e+00
-2.796291842125075977e+00 8.729140479535468788e-01 -1.107625552970529004e+00
-2.307784698081206898e+00 7.118067759117346904e-01 -1.176770763316325130e+00
-2.562045643969212971e+00 -4.781502243448142453e-01 -5.709750821487359351e-01
-2.507263498551606240e+00 6.928929868265021330e-01 -8.507233666618960743e-01
-2.635892412776175586e+00 1.032962098869777856e+00 -8.004931131693336921e-01
-3.171234976348196177e+00 4.861960170343482268e-01 -1.288327122099894861e+00
-2.323060529827176701e+00 9.116061614094449483e-01 -8.878328676582966095e-01
-2.377842260530006691e+00 4.620348418548355096e-01 -8.074179195886904692e-01
-2.420509357355386637e+00 3.061455749324603626e-01 -1.654155488911214889e+00
-2.752825809764955167e+00 9.040755269887504886e-01 -9.810240424896090605e-01
-2.532384743485882606e+00 -5.530124780798913869e-02 -1.023893373084746816e+00
-2.272982727747793419e+00 1.127033364670001481e+00 -3.802175059749596797e-01
-2.912966398279902780e+00 2.764732055140000644e-01 -1.365133362243043491e+00
-3.063201769788424400e+00 8.510820941975003606e-01 -1.320909967097935178e+00
-2.380649135696933261e+00 7.674635882293990852e-01 -1.112876620123931293e+00
-3.004859385173972441e+00 4.978174441862753263e-01 -1.033232287018559514e+00
3.709028762879099617e+01 -1.993843558644988434e+01 -7.117917041970271974e-01
-2.214890347783671221e+00 6.898259226159892954e-01 -9.486035554402358905e-01
-2.534938760443903760e+00 1.049948256487650999e+00 -1.053963928531922667e+00
-2.173379969964010172e+00 4.723269091415631671e-01 -1.337030933798094567e+00
-2.688938452832661863e+00 8.784275021005296669e-01 -7.124892216529057354e-01
-3.203360366189455188e+00 2.508255736306460454e-02 -1.094430502415885353e+00
-2.465792680055916453e+00 8.200244703398462676e-01 -1.030083272656804327e+00
-2.602664993020813888e+00 3.471854532002349725e-01 -7.991360775844515985e-01
-2.620019962386242351e+00 2.333388119809714500e-01 -1.081747121553738422e+00
-2.534680362021743072e+00 9.044913947427263290e-01 -7.623187902687845741e-01
-2.299670959828512107e+00 2.406093195867813062e-01 -1.084459120293441936e+00
-2.355810219630886326e+00 3.824191483384957180e-01 -1.103746053070734146e+00
-2.596139507428133264e+00 1.064884767004654398e+00 -8.858666009213944648e-01
-3.150809962717331381e+00 6.993131599252424557e-01 -1.021149132687668937e+00
-3.083416954481201788e+00 1.352490346776143160e-01 -1.035688882912696229e+00
-2.838657217247445352e+00 7.301875507353203787e-01 -1.001901219627860717e+00
-1.892146105103303722e+00 5.566303995869498200e-01 -2.349447867310294757e-01
-2.185735534102422495e+00 -3.121169549654454617e-02 -1.211528917438936093e+00
-2.874529193881319333e+00 4.677022304178253265e-01 -1.056954324978379267e+00
-3.028458480414736531e+00 6.484596798559000286e-01 -1.257112407825963007e+00
-2.659788402104625860e+00 5.232776016601564661e-01 -8.816075577567601407e-01
-2.295991991040364777e+00 7.546540209610266281e-01 -1.008930947470225936e+00
-2.718952791799926327e+00 1.066033319464479101e+00 -1.154203680412227984e+00
-2.317313695027504838e+00 5.459192982764793367e-01 -9.995339858480313255e-01
-2.806433139880361249e+00 1.154187808056409831e-01 -1.585522206232016007e+00
-3.554190320573341388e+00 8.300623984680971512e-01 -2.061150350435279055e+00
-2.817705471934011552e+00 2.950625796433358206e-01 -1.023747563979363839e+00
-2.931385591441565186e+00 7.950572251611047747e-01 -1.207815152203444375e+00
-2.703974025354358712e+00 6.149565732421198305e-01 -3.864231909695584055e-01
-2.680151236128594849e+00 6.170168720561142184e-01 -1.001914209534325417e+00
-2.321061197780937668e+00 3.658398406743573750e-01 -1.374108110602975774e+00
-2.573323913466889490e+00 5.125425950339907999e-01 -9.287687706488269024e-01
-2.421957788292083968e+00 9.331502470795116633e-01 -1.175269984434453407e+00
-2.475710675649805292e+00 1.288194405819492738e-01 -7.914299278533295512e-01
-2.433032662648515032e+00 7.970235393614840680e-01 2.023272186416004703e-01
-2.517199309586482858e+00 1.332485959628865180e+00 -8.139930688836157779e-01
-2.654421117386534412e+00 8.473113969459863393e-01 -9.764392657089174810e-01
-2.779888141320469241e+00 1.065131866238721615e-02 -8.809414517968658931e-01
-2.522516182381258520e+00 9.981417703644477335e-01 -8.542902850956671790e-01
-2.305401656306933056e+00 5.278143294375515771e-01 -8.320673185726247256e-01
-2.308840219867001498e+00 5.098067676994236797e-01 -1.052744755418593581e+00
-3.275816467160688639e+00 2.482147173164148124e-01 -8.938519282592931603e-01
-2.482933107320471233e+00 1.482744833157539632e-01 -9.500649009199190198e-01
-2.139215301159078209e+00 3.331150482062908424e-01 -1.038842550814843113e+00
-2.939527109226848456e+00 8.640148527154122293e-01 -1.174607952219640428e+00
-2.875969071266695654e+00 1.078669783301759111e+00 -9.139052153176561166e-01
-2.180803754396247740e+00 2.570200744995125852e-01 -1.089515302612246828e+00
-2.382067752312165609e+00 7.955548183914322724e-01 -1.036518299630705187e+00
-2.306918157780804890e+00 2.650004083218909234e-01 -1.087240501643721657e+00
-3.040461274427522120e+00 -2.456123036180508229e-02 -1.100153963737214857e+00
-2.488709844664074300e+00 -1.995675805817941073e-01 -9.789741505654272480e-01
-2.428489646966205839e+00 8.074613667875379930e-01 -1.044741938696524874e+00
-2.574251324153548737e+00 5.729374856976051644e-01 -1.138699318258743265e+00
-2.548033624809868058e+00 8.500779260838758900e-01 -1.057514371060535474e+00
-3.086079890051547370e+00 1.074006943537231695e+00 -2.114811700789974491e+00
-2.413564136071529642e+00 2.607670893311218596e-01 -1.191938346130926973e+00
-2.296028095338912944e+00 7.896264802269788996e-01 -9.186544993230980616e-01
-1.631774688603463419e+00 4.344566472332933027e-01 -1.762315650325237959e+00
-2.220842256494610201e+00 3.294255673409884344e-01 -9.052939849120730242e-01
-2.858283256812026885e+00 9.104503289998651105e-01 -8.664502922171305466e-01
-1.601728115953688469e+00 -1.509341146170658787e-01 -6.925514334031344088e-01
-2.954163072926536238e+00 3.072397645218847839e-01 -1.183062025606921308e+00
-1.813158560231697303e+00 6.863622864053652295e-01 -1.151737125278161411e+00
-2.418166152464059415e+00 4.434347196562368199e-01 -2.058827701952067102e+00
-3.256435867032640541e+00 6.334219533250092793e-01 -7.988842671789525562e-01
-1.994429637298194891e+00 -3.882528220939517327e-01 -1.540501096040393758e+00
-2.258751402201840008e+00 6.672139992759891225e-01 -1.544993145819925751e+00
-2.752589673090052980e+00 9.390156824626363363e-01 -1.042338592877294134e+00
-2.548062342869124919e+00 6.721533184925883031e-01 -7.456958581047874457e-01
-3.320903591519708709e+00 9.751690298125564871e-02 -1.186647634842958210e+00
-3.261617790670766848e+00 1.122544711080887270e+00 -1.465862726214676393e+00
-2.762490593866732791e+00 -1.174021253544218907e-01 -8.242866546509757253e-01
-2.608675936638698012e+00 2.756687013138534037e-01 -1.001976879192483683e+00
-3.216247484179600935e+00 8.014840033046458645e-01 -1.372099574379416431e+00
-2.302570605308250862e+00 4.984728286589275581e-01 -1.241450605942915342e+00
-1.770920801584289439e+00 6.796861892795880156e-01 -1.039215412932186222e+00
-2.713827637381826641e+00 2.186454930554923848e-01 -1.327478162980702425e+00
-2.503147875367674580e+00 4.440999789031459533e-01 -1.036990604098569912e+00
-3.009081627801887038e+00 2.053705014640941351e-01 -9.997634370035271001e-01
-3.008562539122696222e+00 5.090574900814708315e-01 -1.219288318363353829e+00
-2.183006986580203534e+00 9.013961611135243857e-01 -9.230784862885956787e-01
-1.979264848739759941e+00 3.886634566627869547e-01 -1.517642058713451148e+00
-2.462481264213518539e+00 3.671438582337511747e-01 -1.066552240068982194e+00
-2.923006560988551605e+00 4.135510058711263648e-01 -1.123576954714285980e+00
-3.269415782019395866e+00 1.108622836536062861e+00 -8.248745793520194658e-01
-2.376981720193803937e+00 -6.942160767987425041e-02 -9.175042366530382631e-01
-2.416131287845944886e+00 4.432112300123948745e-01 -9.109160014353308021e-01
-3.156531378324947124e+00 4.116541163817464821e-01 -1.772661165533820027e+00
-2.898002367111566890e+00 3.578046957151103102e-01 -1.202053490921219270e+00
-2.142512140075322868e+00 5.046644279755402307e-01 -1.289762790375316159e+00
-2.426208264481415799e+00 4.377578817292482327e-01 -1.259544396051149207e+00
-2.801949432207081703e+00 8.667296423549848694e-02 -9.482931492501719406e-01
-2.823914849395444016e+00 7.059862600284977363e-01 -8.452843603455616472e-01
-2.659923997126209194e+00 1.250174245740235168e+00 1.211686263223412663e-01
-2.851966697567613007e+00 7.639872089210056894e-01 -1.147678861402070982e+00
-3.002578030545138610e+00 -3.944452665947983383e-01 -8.878001857396475849e-01
-3.017769310305760122e+00 4.339282696876570200e-02 -9.300350655100622088e-01
-2.568895908067081457e+00 4.237312794620893830e-01 -9.818934080392772712e-01
-2.867915429276574724e+00 5.646242139970998331e-01 -9.421390493477534989e-01
-2.699210277444079598e+00 -6.666945782644313756e-02 -9.657533601794133782e-01
-2.496429529969815153e+00 5.468073546837287635e-01 -7.378532581480982122e-01
-2.523864657593784866e+00 1.789001966416606804e-01 -1.012538523647008359e+00
-2.651566823784218041e+00 1.013950575163413026e+00 -1.006066609204284257e+00
-2.619488134091692455e+00 8.942700404804901915e-01 -1.114545778013925847e+00
-3.307214370886150334e+00 6.862294747745032453e-01 -4.677621812125656309e-01
-2.529871780932338776e+00 3.493376299098689686e-02 -9.611760071580155440e-01
-2.452772852218980670e+00 3.031310628846475286e-01 -1.090234428296053215e+00
-2.274751427021816319e+00 3.906607035346944534e-01 -1.404677210572942814e+00
-2.776662553635219854e+00 2.935581561760530200e-01 -8.617309093146914289e-01
-2.205994811102993669e+00 9.734371563957551210e-01 -8.923262227205929209e-01
-1.651311887261921685e+00 7.700967981974766730e-01 -7.376646302240745801e-01
-2.920223115473302933e+00 1.340872172119609573e-01 -1.017927511550261732e+00
-3.256101257106077451e+00 8.610316406162632497e-01 -5.668561884143548113e-01
-2.791287399765385757e+00 8.851893908503188912e-01 -1.011044773451622136e+00
-2.893775896047663831e+00 4.235474039698356452e-01 -1.094973827924900611e+00
-2.485258184965238204e+00 2.410746803135955796e-01 -1.010729049894810494e+00
-3.015773325526016624e+00 1.748860650447151277e-01 -8.890947828482391735e-01
-1.609755777949565481e+00 9.706943325447208171e-01 -6.451738289078903232e-01
-1.885430515890651915e+00 1.385877801805481813e-01 -6.199536956934498244e-01
-3.206679934007507171e+00 1.112556846974656510e+00 -1.729743893396095133e+00
-2.529574781879734502e+00 8.783387466448043523e-02 -1.238206292601788050e+00
-2.668350740614759076e+00 8.499987747200473676e-01 -6.725204765163168563e-01
-2.557641239789837595e+00 9.015740077266612418e-02 -9.907582264094544344e-01
-2.899013780943592966e+00 4.932347233223651206e-01 -9.348632366834648266e-01
-1.805482381107052614e+00 2.968742122863973765e-01 -3.791587939362874304e-01
-1.912106555136957908e+01 -4.181273212844472909e+01 -6.600355811607616641e-01
-2.148968777505932071e+00 8.318656426747959021e-01 -3.676232925183245404e-01
-2.541200454415645460e+00 -4.543027862524840615e-02 -8.089134489995799537e-01
-2.492653531494930519e+00 9.743887589989086440e-01 -1.239882007177376400e+00
-2.524598149242766709e+00 1.317818683402090796e-01 -6.962155662645644894e-01
-2.906997614035757405e+00 6.499888519667542663e-01 -1.337129571719797516e+00
-2.802775493146566710e+00 8.618541234675585194e-01 -1.476285641259523551e+00
-2.785374023201636628e+00 3.982760661115209433e-01 -9.467562146385265498e-01
-2.486826760742957720e+00 3.856732931032424982e-01 -1.199571596300368359e+00
-2.387892513369651581e+00 7.327723966645550702e-01 -1.054714730067413120e+00
-2.448131365624325539e+00 6.749863785452773213e-01 -9.168857959145252368e-01
-2.594361078763733008e+00 5.919518322491011952e-01 -9.242020586648150848e-01
-3.061514242470494196e+00 9.505539400180575971e-01 -8.991719751014990436e-01
-2.638633348163070824e+00 -1.258438064797439415e-01 -6.934211030542705156e-01
-2.816873484557580465e+00 5.306209539828015131e-01 -9.860431536306839551e-01
-3.090874464406757838e+00 2.456947032449550428e-01 -9.494020799352574924e-01
-2.502812329254355816e+00 1.755555011708127000e-01 -8.494723045425008889e-01
-3.149638667987411988e+00 6.593224831590182022e-01 -1.225076295577035346e+00
-2.429830513712315732e+00 2.039196954478101065e-01 -1.165926553904465424e+00
-1.527292421873091000e+00 2.038007032881236635e-01 -2.286479992188956145e-01
-2.896733440513408642e+00 3.018082665958445876e-01 -8.302033848973966457e-01
-2.564188518053695631e+00 9.145917542099416542e-01 -1.248305272667160182e+00
-3.267410695818623978e+00 4.189188065430878849e-01 -1.064237118960436490e+00
-2.190429110352099862e+00 6.704382901550351992e-01 -1.067944560162482182e+00
-2.203013305700310287e+00 5.803612823156425460e-01 -1.025590062055914187e+00
-2.820746612657865526e+00 -2.703361547698053813e-01 -1.060317787798437994e+00
-2.150402249736262039e+00 2.850174103107768198e-01 -1.277993774161908291e+00
-2.687201814112639475e+00 -3.820676163274005499e-01 -5.237457420621769444e-01
-1.991353506805271456e+00 -2.559994831587206754e-01 -1.107951188525555963e+00
-2.477944596592869253e+00 4.554095547560124690e-01 -9.682590767795780096e-01
-3.110687360917133049e+00 5.735352064337114752e-01 -9.756716038580111050e-01
-2.950841712577712883e+00 4.365858044911460900e-01 -9.936784434891078321e-01
-2.858013545796995292e+00 -4.944653477525095403e-02 -2.369104749204566096e-01
-2.901766252873049456e+00 3.167674507500202741e-01 -1.008960707349826791e+00
-2.557243168470860972e+00 1.353947294410171864e-01 -8.219937945079569541e-01
-2.685592404132215005e+00 1.267380815669971295e+00 -1.455953743629191610e+00
-2.444082258869651358e+00 1.064185828797864275e+00 -1.096180837376080186e+00
-2.418889410601186896e+00 -4.299027690568573146e-01 -1.017181696960955950e+00
-2.735114826063319793e+00 1.094569850704860903e+00 -1.079330466286447576e+00
-2.563549654372014874e+00 1.770905066987780718e-01 -7.018132757946401457e-01
-2.667673399488464714e+00 4.208624356981977011e-01 -1.090717747236005453e+00
-3.052622239330842646e+00 5.063966050454774548e-01 -6.773455904950926865e-01
-2.575619813666958802e+00 6.343677085631709289e-01 -3.413671387316331574e-01
-2.429154090746963757e+00 9.961001930887076750e-01 -9.940705560243372485e-01
-2.709932150691300112e+00 3.293836619838316770e-01 -1.073039892679875429e+00
-3.034775652503975962e+00 9.472887260791644781e-01 -1.142686649990708014e+00
-2.818149362265051749e+00 5.675458429611308642e-01 -9.384643994472487982e-01
-2.270275589912784220e+00 7.383183432191944284e-01 -1.132672569481740776e+00
-2.996883329784922001e+00 4.625728090007572013e-01 -6.260314321269778715e-01
-3.257603748154285217e+00 6.832293485760096985e-01 -1.008171661001335817e+00
-2.542621637516730093e+00 8.386691151111089759e-01 -1.510258215610546850e+00
-2.911911768989697169e+00 1.013347218256859472e+00 -1.099812961926889487e+00
-2.235622372694136661e+00 8.177091826088428439e-01 -1.076177833613181534e+00
-2.684484457509638045e+00 4.305445731255459763e-02 -6.893109165786613923e-01
-2.661883778681704893e+00 -4.134646668641139278e-01 -5.086737258091122982e-01
-2.411242171946098356e+00 6.615146419304843706e-01 -1.044458213730276919e+00
-2.559788012099573073e+00 1.930072422171130175e-01 -5.621785652483114459e-01
-2.069298667962276461e+00 4.094093180716107394e-01 -1.178501933980193206e+00
-2.482347592078563370e+00 9.904426167587973007e-01 -1.005522651186020244e+00
-2.879954200614942561e+00 4.535284124666095762e-01 -1.239224417043379267e+00
-2.840178907102673733e+00 7.405276910509380750e-01 -9.359734063546047977e-01
-3.132764404909168299e+00 1.024205796286992154e-01 -1.141667615798752866e+00
-2.349294349380608438e+00 7.421544251460653330e-01 -1.057350261826015991e+00
-3.024216603482004384e+00 7.292808178344974968e-01 -5.950448592977271023e-01
-2.665905888962698089e+00 1.101604770525319577e+00 -1.100491444705738342e+00
-3.337025552721478494e+00 3.094630010701805989e-01 -9.545880604356569155e-01
-2.471498799552522385e+00 6.312347529599662277e-01 -9.926377377777267919e-01
-2.814797289882451814e+00 9.805584892220599036e-01 -8.862985766359253725e-01
-3.129389398076376505e+00 8.652884918216013910e-01 -8.286315557124441789e-01
-1.819551472814615822e+00 7.298284670613237601e-01 -6.227969040971047532e-01
-2.483286177435464204e+00 4.817561562151134180e-01 -1.033478369810500563e+00
-3.469969075637321154e+00 3.497278378604477544e-01 -8.827143306162066327e-01
-2.157464969683174694e+00 1.245296828355991620e-01 -1.821151426686487440e+00
-2.728660267059589195e+00 2.487257654919194372e-01 -1.490956903320948879e+00
-3.154786328608332191e+00 2.550100172454073388e-01 -9.839824022662142511e-01
-3.535466713112885628e+00 -7.291608616069716886e-02 -4.931839283946911623e-01
-2.661912958605940016e+00 7.982242444373633949e-01 -1.017508256430560420e+00
-2.632322863757627474e+00 -5.977287868639283991e-02 -9.025590264435684462e-01
-2.415081367628555409e+00 8.700081940561933680e-02 -8.537997474072579474e-01
-2.531931151488733267e+00 4.253639618388657673e-01 -8.975689794829833090e-01
-3.215624179946920513e+00 6.907173608300287704e-01 -1.333852358226083057e+00
-3.133851114821094352e+00 2.992878784716996310e-01 -7.862580257510640713e-01
-2.827598326409074492e+00 1.271030388579581283e+00 -5.526610611948632457e-01
-1.862890163441347058e+00 9.394779524539283999e-01 -1.443296904650881674e+00
-2.493604011828713940e+00 8.831497206337231010e-01 -1.044438127569135677e+00
-3.012454647287221121e+00 6.761627807374182009e-01 -5.337340345254746321e-01
-2.536358312353028222e+00 5.412328559573580389e-01 -4.222043563211941297e-01
-2.959769911658118868e+00 5.701392730386387608e-01 -1.042427121953680480e+00
-2.840252611797974058e+00 1.022808575156320510e+00 -9.959829262701760388e-01
-2.522790349853469394e+00 5.571814171193467669e-01 -9.862187658250719524e-01
-2.925434555462694153e+00 2.165906564923120725e-01 -1.039687012841829850e+00
-3.074394580027494772e+00 1.319771042165195640e-01 -6.653694936429073170e-01
-2.800272544544443409e+00 5.638968136032199707e-01 -9.742685443468936946e-01
-2.419009336357260675e+00 7.954947038984275798e-01 -1.001334654284107284e+00
-2.119632433537256055e+00 4.222152530220827926e-01 -1.102900736721355246e+00
-2.888218574040891884e+00 8.011059860258408216e-01 -9.699284106864582977e-01
-2.626340938076460851e+00 -2.354675649805820781e-01 -4.565559706762337688e-01
-2.757127422250966298e+00 1.324040700897613221e-01 -9.369842257656975093e-01
-2.557119560730045205e+00 -5.117977490026183462e-02 -8.273964771256538953e-01
-2.986350070640567456e+00 8.069075442882416294e-01 -8.891673104623299961e-01
-2.853054337650753780e+00 7.618464841405704346e-01 -1.070387406267415020e+00
-2.929060140677863799e+00 6.929221897050146239e-01 -1.056789416858343600e+00
-3.394714003249056145e+00 2.289639865907515393e-01 -1.417607685173641219e+00
-2.873199794591393186e+00 7.616506434417602556e-01 -1.101432068884318216e+00
-2.190746348738321636e+00 5.878223973437196603e-01 -9.908552020768348623e-01
-1.547751742241840311e+00 8.299343807406420748e-01 -7.097101644212987503e-01
-3.142848498077962738e+00 8.297799115351824906e-01 -1.031255004927065677e+00
-2.457005478176187196e+00 6.056696018841194462e-01 -4.127423300303185161e-01
-1.878906925027355346e+00 1.411879904410376085e-01 -7.820179176668756726e-01
-2.301689575308162095e+00 3.234219117812519584e-01 -8.464209785936025465e-01
-2.850903062414670064e+00 1.092400921205276543e+00 -1.105786705168248174e+00
-2.502565687240281722e+00 4.815967441941000904e-01 -1.272331138661735084e+00
-3.005178866688677619e+00 1.559297307837442526e-01 -6.536802601151562309e-01
-2.308032726186362904e+00 6.484044290469288541e-01 -1.091119197445936440e+00
-2.356839365258274643e+00 6.420367473952985904e-01 -9.864295248708699893e-01
-1.670476302029194837e+00 8.312819694763053935e-01 -1.218976951429944666e+00
-2.859451273635129631e+00 9.411889432703430813e-01 -8.672357119656191049e-01
-2.641519536893501385e+00 6.061046906051419381e-01 -1.093552488243922705e+00
-2.543830646438119736e+00 2.000189275021889423e-01 -1.051161374136764026e+00
-2.778392851118772100e+00 1.304089633048992336e-01 -1.092922722255758705e+00
-2.973215890103817483e+00 4.123959832165824402e-01 -1.289726175619190895e+00
-2.563767770219314457e+00 2.758935870459743311e-01 -1.051505215270731819e+00
-2.792737988463986465e+00 -7.291353097699711239e-02 -1.380309895749936455e+00
-2.616523659061228191e+00 6.001146752326375067e-01 -9.337619622459862878e-01
-2.925418616284442219e+00 -4.228495176140795869e-02 -1.310935938057536054e+00
-7.421792432418956587e+00 -4.753011311013396067e+01 -7.523885692792182667e-01
-3.366405336046278229e+00 2.550979320121143923e-01 -6.770617907090463738e-01
-2.889250214605870504e+00 8.762167998067067476e-01 -6.947010468800810523e-01
-2.898549257263017154e+00 1.000112808972347667e+00 -9.967796678027188717e-01
-2.654226080379567421e+00 9.078185058352246095e-01 -6.500994676363738289e-01
-2.927822403900118164e+00 2.533520343425860744e-01 -1.112272118214916672e+00
-1.982433230034210681e+00 -5.560655906805873627e-01 -1.205315711071128337e+00
-2.547909532979765856e+00 3.057206210865154872e-01 -9.773276986242740438e-01
-2.398882939416717264e+00 7.961553514698159750e-01 -1.068354419745365380e+00
-2.675228675329357930e+00 8.103668616325638840e-01 -1.000068746185333035e+00
-2.660627001448549578e+00 1.153205688261586204e+00 -9.175818739150587433e-01
-3.121058535164646930e+00 8.244300190708708787e-01 -9.748193976688515061e-01
-2.852801487775156630e+00 3.076413866906754224e-01 -9.332859905797425970e-01
-2.379381471466178066e+00 -2.236469286133424828e-01 -1.133104191842774444e+00
-2.685653298587196591e+00 1.167325942665757149e-01 -1.461254097419779407e+00
-2.087303373728818023e+00 6.268984157906700716e-01 -1.104360941583943490e+00
-3.300766709120295239e+00 -2.593578122998067489e-02 -8.725135938841515060e-01
-2.611830493582808277e+00 3.630288501630568598e-01 -1.202248119141602900e-01
-2.905999710529161728e+00 1.097247831098760118e+00 -1.118233213128665637e+00
-2.770357417657117072e+00 6.351177752168707391e-01 -1.053686444235937936e+00
-3.002290256900386645e+00 8.148211217183282118e-01 -8.794285724744763666e-01
-2.337790456534815320e+00 7.890649555872976395e-02 -1.000909928249358538e+00
-2.820898370159068413e+00 5.156587422385796593e-01 -8.800397023980442990e-01
-2.234241003265012182e+00 9.434299732971950236e-01 -1.125841410863953396e+00
-2.714323090511164605e+00 3.090801884716041781e-01 -1.309091533857424272e+00
-2.154454894316159219e+00 2.606948228602757114e-02 -1.010276331411059658e+00
-2.570862940028845856e+00 1.720139527778791477e-01 -9.541475656954265805e-01
-2.999967678079084266e+00 7.144818166160038508e-01 -1.302654705641938193e+00
-2.787415270418791557e+00 2.217518155305113481e-01 -9.405992144925071630e-01
-2.554899561604615510e+00 2.300536958786374674e-03 -7.756477466610217641e-01
-2.969695342546246231e+00 3.336365834554336773e-01 -1.975713668684079716e+00
-3.572736979743367680e+00 8.956016047737890284e-01 -1.520245155669995629e+00
-1.815659565016036536e+00 9.630972112387603534e-01 -8.551211778918765827e-01
-2.216894730118480705e+00 1.525233454679997269e-01 -1.029247761336975486e+00
-1.579805319703236011e+00 9.264024899579160754e-01 -1.012215724908311243e+00
-2.788304608858664047e+00 4.776073118424620234e-01 -1.147287037655193354e+00
-2.409629084442559410e+00 7.351070129041004098e-01 -9.173120122784208519e-01
-2.472181495215997060e+00 -3.385741794741761040e-02 -7.589174579735442627e-01
-2.319802934633383273e+00 4.076223386945641569e-01 -1.105768674694369791e+00
-3.325614757229819141e+00 2.702456045708904742e-01 -1.268186029249075641e+00
-2.451372917293721532e+00 7.921578045160443393e-01 -6.907411086972536918e-01
-2.286955038930004847e+00 4.970627432160298897e-01 -5.258742233084323647e-01
-2.075965609545325830e+00 4.377655562474770390e-01 -1.851784308949555591e-01
-2.137602048494707585e+00 4.311263212960757540e-01 -1.136693996784032379e+00
-2.346041872781898352e+00 4.428548114317733542e-01 -8.641002084254117976e-01
-2.177010908508007159e+00 4.800965523967896109e-01 -1.041666123416473910e+00
-2.348209107245969651e+00 4.128680132624678589e-01 -1.022311217995591548e+00
-2.355388096278848487e+00 2.661452620630681554e-01 -1.093135691365161311e+00
-2.984644378409397003e+00 4.166580973565407464e-01 -9.572370986395150050e-01
-2.744328771521163279e+00 6.760783064476159065e-01 -1.210037270514258356e+00
-2.232454028086138909e+00 1.949616317033389945e-01 -1.045035055988911221e+00
-2.262473968692048309e+00 1.131743374880666703e-01 -1.032920132337130426e+00
-1.784324893895730346e+00 4.693505684078407292e-01 -6.932531087490668709e-01
-3.287614597169603137e+00 8.382166170278582129e-01 -1.040685823816936972e+00
-4.025976372670677428e+00 2.363774748513856883e-01 -1.029742178795294727e+00
-2.701722831413891246e+00 1.254003792336586320e+00 -7.127374627415440367e-01
-2.270707480250828691e+00 2.553999268956838598e-01 -8.911761763848745632e-01
-2.537589469813390064e+00 3.041862132825303711e-01 -8.903308212740415062e-01
-2.620098648428315968e+00 5.021041608728411543e-01 -9.430391681169204565e-01
-2.043653079863998467e+00 3.909893430674365455e-01 -6.545819731115865014e-01
-2.448987587002008137e+00 4.704094643887900551e-01 -9.339971734078759136e-01
-1.777751622558970235e+00 9.584874177523076133e-01 1.267049795149224611e-01
-1.581335832358275573e+00 5.890863903187116835e-01 -1.094735024730251416e+00
-2.481227068478983444e+00 1.063920026224477677e+00 -1.185641980193530953e+00
-2.381563187212580868e+00 -1.877634272145542460e-01 -1.332458864053660541e+00
-2.243032709521447288e+00 2.018742939285785576e-01 -8.912415076118416213e-01
-2.458862388301593871e+00 8.740350868399295869e-01 -1.316682857582096577e+00
-2.810025434594072280e+00 4.013771405421087679e-01 -1.148554624199010998e+00
-2.538642101719716049e+00 7.035297625188960957e-01 -9.312726579410588457e-01
-2.366562401252464198e+00 6.629798829546194039e-01 -1.185184150376184187e+00
-1.986742516360736843e+00 4.592157423811273897e-01 -8.566577754264854683e-01
-2.411423930340846677e+00 3.455648575533009637e-01 -8.101101446298424325e-01
-3.261966753563489529e+00 9.651352034083435782e-01 -1.115198901719218982e+00
-2.648169434630914143e+00 4.057854955692002941e-01 -1.023815376606134642e+00
-2.842016015519154060e+00 2.949702971792373396e-01 -8.373953697268580187e-01
-2.470995686911790390e+00 8.476839167564598210e-01 -1.065902869272943532e+00
-3.099269284871920327e+00 9.466847701781666569e-01 -4.531030658359370689e-01
-2.818356767828992027e+00 5.684676951477325435e-01 -9.630006756355622421e-01
-3.061173004779569773e+00 4.469258147179592799e-01 -1.051953572887086352e+00
-2.187113827012183265e+00 6.101977869069679095e-01 -1.546854940865631134e+00
-2.642328586849248762e+00 1.059996346095308128e+00 -8.576324548783982316e-01
-2.454293340305712334e+00 8.115567879161482701e-01 -1.206166248285800213e+00
-2.614462518042219852e+00 1.295249447067322035e-01 -1.231953532266120366e+00
-2.747633403186151568e+00 7.211135767852772105e-01 -1.300323798277017495e+00
-3.062404319743377457e+00 2.176376956713024224e-01 -9.958630659773425320e-01
-2.707672630766115418e+00 9.949374518802918121e-01 -1.043209622207650789e+00
-2.421936612655861243e+00 4.438019049868082710e-01 -1.049674823625647013e+00
-2.978392532405287341e+00 1.802627132715093339e-01 -8.025952879101099224e-01
-2.679295723343190438e+00 4.293552855946964342e-01 -8.182732111891627413e-01
-2.925963325252532776e+00 5.856582894633989289e-01 -1.017847773630651931e+00
-2.077476309713917502e+00 5.685655670527596239e-01 -1.143175511106949038e+00
-2.937262449468186709e+00 -5.895661221510995614e-02 -1.235895384184011458e+00
-2.419949697265807220e+00 7.574679882330988268e-02 -1.020472357560797905e+00
-2.332470267834092947e+00 3.802702222445401570e-01 -9.471845304283841305e-01
-3.126241430067858484e+00 7.149296268754758987e-01 -7.215338567805492653e-01
-2.585884929747005234e+00 8.116587849237967278e-01 -1.031310090410751279e+00
-3.005541294006605746e+00 9.033286612401709992e-02 -9.286123161183014174e-01
-2.733682630858110585e+00 1.755064311006151179e-01 -8.944527588003013951e-01
-3.001246897195683605e+00 1.020455488279350620e+00 -1.051014798918524118e+00
-2.306844125086942920e+00 4.979706716483018880e-01 -1.063921194502385204e+00
-2.700221436165986866e+00 6.288623883155221306e-02 -1.168370875779532359e+00
-2.130151387832860621e+00 7.018801730932531235e-01 -1.360542562370611552e+00
-2.581783752630819162e+00 9.785426260677835275e-01 -1.149906852085486930e+00
-2.675441124888910505e+00 -3.335424556670329999e-02 -8.411773115619567420e-01
-1.851575273334074456e+00 4.617046433231310476e-01 -9.772809595355949064e-01
-2.803628705270713617e+00 1.255558303125942354e-01 -9.941813793424293388e-01
-2.464177630577378153e+00 5.847153343377935464e-01 -1.197598629585884700e+00
-2.572710960249273704e+00 6.728942468914544950e-01 -1.311952548039234667e+00
-3.040818041273449790e+00 1.787591360802640306e-01 -1.038946765924970039e+00
-2.900306974530817872e+00 2.169387891746236696e-01 -6.869400162759630168e-01
-2.558374691509622600e+00 5.014972953957168578e-01 -1.107439596557710404e+00
-2.866126844681780028e+00 3.310171710803175293e-01 -1.302336580291627799e+00
-2.164609412110931608e+00 1.842992612800032903e-01 -1.248499405904549775e+00
-3.041313197646487332e+00 7.986844314491774455e-01 -1.112135070966143058e+00
-1.757345782245297361e+00 -2.157839112497669104e-02 -1.873100773393142404e+00
-2.364721250452015422e+00 5.285428662591354909e-01 -8.776777189226129261e-01
-2.660763147512510418e+00 -4.171181077079004762e-01 -1.245352703781447801e+00
-3.124833403621235739e+00 5.919846106526063245e-01 -1.050071455944244780e+00
-2.585807743595141872e+00 6.884084130930500089e-01 -1.020746744081268309e+00
-2.527731348305986891e+00 1.448926904130754534e-01 -1.281564163510344523e+00
-2.459576991385501454e+00 1.221970425285358486e+00 -1.874469179416983489e-01
-3.438463429780519665e+00 7.623263290786088664e-01 -1.286881982896718624e+00
-2.650724006819947576e+00 2.132556181319553157e-02 -7.465126252824537678e-01
-2.620167818090798573e+00 5.000416997042869127e-01 -9.596316849903204771e-01
-3.019433007940312663e+00 5.640561424146631753e-01 -8.703530069056066854e-01
-2.142334078613995718e+00 5.717731042517727502e+01 -4.083708600627724561e-01
