-1.271397333103966076e+00 3.699201613565648583e-01 -7.395725636801769864e-01
-1.505731816924884781e+00 4.713980499341948183e-01 -5.864495906018536431e-01
-7.671925685766769476e-01 -3.105595492304387140e-01 3.235103386144097190e-03
-1.513061183345234539e+00 -5.572323336925339987e-01 -4.692774519254434562e-01
-1.398798037224082247e+00 -5.429687469482497031e-01 -8.462676845734259379e-01
-9.953375440008067621e-01 -8.617874873170493222e-02 -8.096117234050244083e-01
-1.652511263886794257e+00 6.149674241181559697e-01 -1.003272840407478883e+00
-1.232556529054810834e+00 3.711364548731990176e-01 -8.900174598968708661e-01
-9.407836526398953847e-01 1.791635596539512543e-01 -4.285817691840858035e-01
-1.410425940947432455e+00 4.058429728651184454e-01 -9.665052621653598131e-01
-1.208256387291052114e+00 -8.165461228597964416e-02 -7.714404965851754392e-01
-1.811793518777014222e+00 4.846914136902811809e-01 -4.578030372927777703e-01
-1.155753326767027245e+00 5.035123875025216966e-01 -8.754493423411735531e-01
-1.742266627180473870e+00 1.530294500052412077e-01 -7.117318307060516158e-01
-1.070668630375454677e+00 2.950612834888147740e-01 -4.608185864400169973e-01
-1.780231434207755647e+00 -8.442095030821275548e-02 -9.343659509910554606e-01
-1.230793855455562635e+00 -2.698616441480091166e-01 -1.231316091663977597e+00
-1.287567066230545398e+00 -2.485087536961985422e-01 -6.624468221509498544e-01
-1.633222416694361856e+00 -2.056163735725304309e-01 -9.010774935324372681e-01
-1.143180281108204577e+00 -9.672974446392629266e-02 -7.324230921412951956e-01
-1.409447769497570890e+00 -1.452425835459824066e-01 -7.763856197357984490e-01
-1.682323227476150596e+00 -7.620853662397826522e-02 -1.478544761849020173e+00
-1.110593685803830333e+00 -3.584751604238670120e-01 -7.143006831023064329e-01
-1.139911917355460380e+00 2.386745684701392090e-01 -7.566841043069238992e-01
-7.027954677801017125e-01 -3.004737055091905029e-01 -1.001013100206174622e+00
-2.014255934912930535e+00 -2.420718970304722162e-02 -8.509858789460045259e-01
-1.386346148066250450e+00 1.609297620105629711e-01 -6.623048711620764806e-01
-1.892567298855754032e+00 6.684756580555470951e-01 -7.489128443591208661e-01
-1.741829394666626341e+00 -3.261963916331709346e-01 -7.157504529183644770e-01
-1.143745460791410595e+00 -1.547629513190709183e-01 -1.003675944447155466e+00
-1.297291284508760079e+00 -1.933256587765927736e-01 -7.657335987003611733e-01
-1.293763365662924381e+00 -6.884470516633468817e-02 -1.409648697193651046e+00
-1.054582931201400564e+00 -1.108535652872130184e-01 -9.001619048904537790e-01
-2.378921922350008433e+00 4.301857286598465002e-01 -8.217851392339940997e-01
-1.588810659331212571e+00 6.160747824830409280e-01 -3.126201164981035063e-01
-1.761922551960738215e+00 -1.683969089759240201e-01 -7.568526557121791898e-01
-1.785036750553187002e+00 1.064628986009612116e-01 -7.709216600532509123e-01
-2.057629257590890326e+00 -6.388066611302273268e-02 -4.357579671875621563e-01
-1.312119941883845842e+00 7.691034298560810445e-01 -9.487594436887246685e-01
-1.211464761259452239e+00 4.344103116966750444e-01 -6.660599004438279014e-01
-2.226447649836532428e+00 2.985838776287559893e-01 -1.129067706170286289e+00
-1.295799413713747628e+00 9.796566732028422209e-02 -6.996859266918185050e-01
-1.789695681714645881e+00 4.291009630914250361e-01 -5.022991550842074160e-01
-1.080295249533680169e+00 -1.804857239923268741e-01 -8.005927155173417908e-01
-2.092899274345949578e+00 4.412548021853533731e-02 -7.416863667402897597e-01
-1.003175743472298098e+00 -1.389207678171294480e-01 -7.207594736290718895e-01
-1.020787027317290763e+00 2.630187815272992946e-01 -5.347374933310172773e-01
-1.114242533408996705e+00 3.322065322485805161e-02 -9.013731327817667838e-01
-1.418105452551415180e+00 2.380429984910370500e-01 -9.779096995904889011e-01
-1.298260586581693410e+00 5.028462218408396023e-01 -7.477384335293926210e-01
-1.553580021122295429e+00 2.952070672809150031e-01 -6.455350162614463816e-01
-1.047896342531617675e+00 1.672057022588524788e-01 -8.663004595684814513e-01
-1.560999650873943212e+00 -2.592001997274117064e-01 -6.644325400271373638e-01
-1.865028294762232308e+00 3.792011702206034562e-01 -9.302310561195736849e-01
-2.301467282458856456e+00 -3.552273519659018830e-01 -2.280321148212930138e-01
-1.751023147441118422e+00 -6.846057171219328830e-02 -1.016956185298794280e+00
-1.906543571105601131e+00 -1.087212594574445829e-01 -6.349451790831935893e-01
-1.560712274387546117e+00 -4.901708911089953102e-01 -7.482008926783032532e-01
-2.701112988713930463e+00 5.461882549864501835e-01 -2.300120613620954546e-01
-1.525289715886710029e+00 5.389856930056856621e-01 -4.145082512831093635e-01
-2.506642726391426823e+00 -4.494424769494357319e-01 -7.604432206863411814e-01
-7.319550233134699546e-01 -7.931507634306295823e-03 -1.036390419958840514e+00
-7.831774460089950818e-01 -9.969529826300780329e-01 -1.161074614506999225e+00
-1.254103668765728985e+00 1.760825182921159637e-01 -6.730633864186416071e-01
-1.416471968355620836e+00 -7.910935031513530169e-02 -8.162774924978513091e-01
-1.573873737346217050e+00 -1.455395618695639881e-01 -8.730665746810153394e-01
-1.103875003825699475e+00 1.158340638607255751e-01 -5.323293215405490164e-01
-1.746462148778522128e+00 -1.649217953132837700e-01 -6.755275897041107536e-01
-9.470359901400803304e-01 -6.651260376525339191e-02 -4.916458292697655219e-01
-2.446633426350407703e+00 9.547741404237961027e-02 -9.450507533283207806e-01
-1.700351614418834645e+00 2.766416089039142046e-01 -6.152558832476926476e-01
-1.690512962710067679e+00 -1.261151225754138239e-01 -9.600636244922358120e-01
-1.678365614120620686e+00 4.054656542464701863e-01 -7.724028542086998073e-01
-1.589063414018647480e+00 -5.732953576475011831e-02 -7.129792851388534469e-01
-9.899439771365439178e-01 3.772764943408618565e-01 -9.333869826145797521e-01
-1.635692750624393454e+00 8.419304572971720857e-01 -1.112323006780466583e+00
-1.627653340462730025e+00 2.699027487753129506e-01 -2.327173213898877380e-01
-1.732358099804014451e+00 2.419783678953220662e-01 -9.394586720579292116e-01
-1.242784108408429899e+00 2.087524246977912890e-01 -7.923127067036878080e-01
-1.378969866819243828e+00 -2.073502043283826507e-02 -8.241400662718135761e-01
-1.389992605434673401e+00 1.579384949195081211e-01 -7.314781693853439348e-01
-1.382435927063744741e+00 7.317104830896958845e-01 -1.035937858397435907e+00
-1.772900093031853475e+00 3.457994579163733290e-02 -6.707076366539477252e-01
-2.077575050035347370e+00 -7.772325604923898679e-01 -9.851947894121876326e-02
-1.645972995199244560e+00 3.012583468422132538e-01 -8.639317578695323574e-01
-1.658166240895874610e+00 7.221933255218813963e-02 -8.599004880505171089e-01
-1.107334506427301690e+00 4.308467475742221164e-02 -6.676395480743939626e-01
-1.919523641091265276e+00 2.165996760090479201e-01 -1.786220162081019747e-01
-1.027771967335363357e+00 2.913812096330543611e-01 -8.992302972371525316e-01
-1.285824896211419599e+00 3.905294123978759191e-01 -7.324583340616700466e-01
-1.045673924246539599e+00 5.969595177777476530e-02 -3.218180664280800296e-01
-1.512239565912109507e+00 3.456095080885067117e-01 -9.480992156417704653e-01
-2.763683151463615761e+00 -5.048063684910382154e-01 -2.965822312694321727e-01
-1.697842329414442686e+00 5.502816960230517696e-01 -7.582443689998775715e-01
-1.096970542767529144e+00 6.606695266747427686e-01 -5.537727606826093885e-01
-9.683249454677911316e-01 -2.155677977889304542e-01 -4.754457397198938451e-01
-1.361068763914986324e+00 -4.497346179494396412e-02 -1.500230654131726737e+00
-1.728522198061531512e+00 1.097727510335460566e-01 -6.912377706958149348e-01
-1.080724948924734807e+00 -1.036703714854269182e-01 -3.709226522678091276e-01
-1.087646428630679507e+00 4.207326308828608918e-01 -7.704615113226447320e-01
-1.751903299128788616e+00 -3.341489297685487636e-01 -7.205921488996155366e-01
-1.927320621806534406e+00 5.607480181087471927e-01 -9.692898608950426542e-01
-1.976218865940793989e+00 7.840151538090358585e-01 -1.382914165069354662e-01
-1.113818152158043029e+00 4.017687236845580157e-01 -7.238709109880016035e-01
-1.500327659947318093e+00 1.979944638997500339e-01 -8.152131422839138386e-01
-1.208217595715880499e+00 4.638063248593078947e-01 -8.175704871962404807e-01
-1.451874520520139766e+00 6.758678463719952623e-01 -7.752991973599557829e-01
-1.031575515189209868e+00 -5.589977157988205991e-02 -9.916595772706952028e-01
-1.677349635668090144e+00 -2.861013988776833772e-01 -7.318324307797835493e-01
-1.875730564755460295e+00 7.555691355618091021e-02 -4.470049921614807631e-01
-1.620720418552124897e+00 5.976943520740330973e-01 -8.532179678059838013e-01
-1.321099203250370779e+00 5.021487923430615341e-01 -7.667606072684965968e-01
-1.050665048635764487e+00 3.562282517735319010e-01 -7.039777110886217271e-01
-2.031748148802933862e+00 -4.120449450249941137e-02 -1.180800354601103219e+00
-1.020526216709451317e+00 -4.404325494366426869e-02 -3.331856749491786673e-01
-9.617710736062629051e-01 2.700709814135791587e-01 -4.985805203945378739e-01
-1.421280710775576273e+00 6.200777081680748370e-01 -7.705686693899563844e-01
-1.173693828628981306e+00 -2.339811048921381920e-01 -7.385438978198620719e-01
-1.049796266492934116e+00 8.441768012726900139e-01 -5.626728558922863277e-01
-1.543929869343127814e+00 -3.879058528076108070e-01 -6.661183177768357222e-01
-1.465462866647856410e+00 -9.310125590060235046e-02 -8.293522023665182985e-01
-1.020429345854915404e+00 -5.341466881444973530e-02 -7.752011386500268220e-01
-1.256552474783880102e+00 7.671548731772143137e-01 -9.042469396052928987e-01
-1.479997228848915380e+00 3.451617671526355791e-01 -6.715771728187281964e-01
-1.022313741161429235e+01 2.571882534919714658e+01 -3.091649241597513864e-01
-1.509446445327177866e+00 5.031318587170883205e-01 -6.717198942090083502e-01
-1.238662877607792812e+00 -1.568870534448186249e-01 -4.126432391930089927e-01
-1.480401665234876374e+00 -6.454618014732088627e-02 -3.950985667018189762e-01
-1.589583390706150512e+00 -4.876050022031060416e-01 -7.303068515086595935e-01
-1.783652322195948381e+00 -2.622580356215504782e-01 -7.729595828130049195e-01
-1.778025743735414776e+00 -2.332371847977198209e-01 -3.128261250358357337e-01
-1.238108665173100364e+00 1.806293685068077184e-03 -5.654090817396268953e-01
-1.989487278620318156e+00 6.114015036321957582e-04 -6.962779279288827672e-01
-1.540703668498863532e+00 2.329843311324859279e-01 -7.267161508082718990e-01
-1.346317078724003746e+00 5.321832107560233727e-01 -6.950849632402834599e-01
-3.824664049932429144e-01 3.858121556622076936e-03 -1.336783141385365359e-01
-1.430824561033935183e+00 -1.435973495300642000e-01 -7.468466478088418015e-01
-1.821615758077027358e+00 -3.194791250479210865e-01 -6.484450519548101699e-01
-5.189812730930410956e-01 6.288406886672482932e-01 -1.025359205313877586e+00
-1.065017353595466787e+00 -4.815376158593814293e-01 -8.738142233029204675e-01
-1.192077129776481614e+00 -1.220710347103636795e-01 -6.697936290204935528e-01
-1.670578964252237508e+00 -2.287069556406082227e-01 -3.898003515532709740e-01
-1.165699259775835550e+00 -1.648755796028017473e-02 -7.990486429521895806e-01
-1.231097712044084469e+00 6.569269590612804022e-01 -8.948130606037978385e-01
-1.270884011576293826e+00 -1.819295890473180133e-01 -9.201418319855418915e-01
-1.431999016295167459e+00 3.942450506658392029e-01 -6.150955090968694972e-01
-1.683848008983812594e+00 -1.399819979365618527e-01 -8.881351388287976878e-01
-1.131776830330835981e+00 -1.227186234765984402e-01 -9.984074841946197765e-01
-1.793301895617947617e+00 4.709761977076972195e-01 -1.334556017749339407e+00
-1.800750260578929618e+00 -2.468640775130719334e-01 -5.065854214497615970e-01
-1.340077962324040195e+00 -2.494157331301689318e-01 -7.947673780384516551e-01
-1.241437936445579426e+00 -1.402395830871123183e-01 -7.629010749047816509e-01
-1.012337592708312251e+00 -2.984001170873441799e-02 -7.226179599528028685e-01
-1.464083157377284117e+00 -2.402520156970338050e-01 -1.187690996417980260e+00
-1.076581576646684191e+00 4.345398655768882845e-01 -7.339617237232208824e-01
-1.089088382897968499e+00 2.332346063996853236e-01 -3.626037372064123132e-01
-1.699517441516779082e+00 3.531462624356493385e-01 -8.464132744862349345e-01
-1.676483331029376966e+00 3.467584356804027657e-01 -6.580165181695498688e-01
-1.057424296997450108e+00 -1.523832136899571643e-01 -4.606701239022711336e-01
-1.782664110367457644e+00 -1.800318002816791163e-01 -7.224351383448909258e-01
-1.575993996344910775e+00 -1.090522488650682714e-01 -4.479290575938963959e-01
-1.579254947339757020e+00 4.254974508408344569e-01 -6.346983533872856409e-01
-3.213914349067119591e-01 6.359650649781873888e-01 -7.965187651592614548e-01
-1.699034019539430229e+00 4.491803598581201734e-02 -7.676150810363607802e-01
-1.380921394376721789e+00 -4.096751005331518147e-01 -7.205856439692386317e-01
-8.906021914615862567e-01 2.594353388426076309e-02 -7.268850644504574188e-01
-1.161833352658903973e+00 5.817627676416592397e-01 -7.895504521621159455e-01
-1.620471503531422997e+00 -3.617468107749918227e-01 -6.459485033786062091e-01
-2.277781669312306523e+00 -3.632513694588948017e-01 -5.506920290450668665e-01
-1.267417253941271360e+00 -4.224144044925355335e-01 -8.199163950965769887e-01
-1.883663488071449787e+00 -2.595675774423146787e-01 -6.133812567589089770e-01
-1.722791512763073518e+00 1.789579596844541598e-01 -8.398210827513896692e-01
-1.616155975345812790e+00 -4.223484631132141953e-02 -7.632192912311104305e-01
-1.087395355886268344e+00 -1.801537545243643290e-01 -1.005955853083455809e+00
-1.329190403151461419e+00 -6.261957027793866315e-01 -9.887141563646760778e-01
-1.281091239908397794e+00 2.673476039592557751e-01 -9.042036727203894841e-01
-1.743185961682945484e+00 -2.919831679208761965e-01 -5.139110361448638864e-01
-1.136793274304142010e+00 1.524513284557567072e-01 -1.103126924393236896e+00
-1.135009863968086119e+00 2.131181594978247551e-01 -9.371810137816148911e-01
-1.280969290845072495e+00 3.854935176150547926e-01 -7.866613586953007387e-01
-1.256712572238505521e+00 -4.121610987484791711e-01 -7.381272843428082764e-01
-1.566817975252653206e+00 3.864872065288365577e-01 -7.494682268337138353e-01
-1.070115274335315503e+00 -2.558339355677844429e-01 -8.800958815218279385e-01
-2.497999134627661988e+00 4.894519382437608201e-01 -6.302438989953137449e-01
-1.099081243625686044e+00 -4.383002211510655249e-02 -7.115255068021759666e-01
-1.292766069318058486e+00 4.000035194095750146e-01 -8.428035099830180066e-01
-1.259384518348072302e+00 4.588901152195387079e-01 -5.811877871021619013e-01
-1.306786019452035541e+00 3.223690868100299589e-01 -8.999417817967224620e-01
-1.470423811355480614e+00 -6.200661959836043513e-01 -7.230860020047508163e-01
-1.145697837233741634e+00 -2.072032232605062474e-01 -1.000872469651437502e+00
-1.862583894965224474e+00 -6.320742473791548521e-01 -3.459214777322709433e-01
-1.067261671305584914e+00 2.503753898529518795e-01 -5.779336972907177516e-01
-2.312023213365062557e-01 -1.195783532654762504e-01 -1.146431401121182470e+00
-1.983690422071015202e+00 -1.693368326340764785e-02 -8.056351270828884248e-01
-1.037943219428739239e+00 2.393125838748828837e-01 -9.598153423745201529e-01
-6.555548711684269225e-01 -7.404059960702424892e-01 -9.174976280022264508e-01
-8.203161184312275775e-04 -6.055608237489719103e-01 -9.221851081604557354e-01
-1.506565916482760059e+00 1.461489780286293894e-01 -1.027054795312260849e+00
-1.284249564210471428e+00 -3.115400566546150385e-01 -7.580040851876612695e-01
-8.193726661236537812e-01 1.126225084567913015e-03 -3.967961651035347703e-01
-1.420978087248436550e+00 2.829126105689522275e-01 -1.120730939366010093e+00
-8.813151959454936790e-01 1.334794550722783746e-01 -1.178304544433725010e+00
-1.754620871672574856e+00 -5.243555299748622889e-02 -7.856644909270076305e-01
-2.009745635675412867e+00 9.805729384334426202e-01 -1.386086209228412303e+00
-1.337226964048731093e+00 -3.992306572654738539e-02 -7.709820186614506632e-01
-1.465937439511078466e+00 6.599006231253641275e-01 -8.574392302791495890e-01
-7.411001186819486941e-01 1.148801694391818756e-01 -7.486622654063543880e-01
-1.314509281480789715e+00 -1.103095124404163130e-02 -7.177317076069855695e-01
-1.305650358721101023e+00 -2.945113032190281865e-01 -8.495959801952754908e-01
-9.595264116493137374e-01 1.522685111661258583e-01 -5.612462134498205080e-01
-5.362204413253657265e-01 2.908350943456439186e-01 4.193727623005341631e-01
-2.264422350815561646e+00 -2.675315277665544014e-02 -4.283856518931065671e-01
-1.850361885799014727e+00 -1.403375121627339350e-01 -5.893947417830771585e-01
-1.446227342325620446e+00 7.529887838509342624e-01 -8.137802301349592593e-01
-1.649817218134867369e+00 -8.398267563785561940e-01 -9.427385919878548126e-01
-1.114549381896055236e+00 -3.725108722907702341e-01 -1.300040725397734853e+00
-8.132213079177470494e-01 2.883646292235345632e-01 -9.576867549697433146e-01
-1.053481001624282154e+00 -2.115433310458449678e-01 -7.769486597720108856e-01
-1.447182580902729443e+00 6.671696798015241958e-01 -9.269264654128844816e-01
-1.091298620058237745e+00 -2.461393904412764455e-01 -5.145421806161801781e-01
-1.099314178774239537e+00 9.167844024004814241e-01 -7.814633312509902119e-01
-1.258804180630844982e+00 2.421330221181454412e-01 -7.721102599901721319e-01
-1.182924269666133732e+00 1.741624235281968580e-01 -9.058850584504871684e-01
-1.696991173525157048e+00 -2.270940104189422271e-01 -8.110357208365492898e-01
-1.001282704552553859e+00 6.835496718034221875e-01 -3.480008445869857692e-01
-6.690301560786406920e-01 -1.021440999353182555e+00 -1.091231885524133638e+00
-1.752726500047127267e+00 4.360018057346159437e-01 -7.671784017468908923e-01
-1.304217381536934228e+00 -3.600098552632099436e-01 -7.328657176121816663e-01
-1.135172479938901580e+00 3.853166664012338538e-01 -8.219260307811678823e-01
-1.109228647282147540e+00 2.363500964712476060e-01 -7.411657814849546000e-01
-1.382527900788635966e+00 -6.850241010729533064e-01 -1.874174811785575823e-01
-1.739542572306457702e+00 6.575421875636817681e-01 -7.336537932078632807e-01
-1.430457083942758612e+00 3.067214129342290055e-02 -7.451682863625322950e-01
-1.022458882981023054e+00 4.019538357632088110e-01 -1.029974620003248020e+00
-9.134581657871085891e-01 1.414236987064857939e-02 -8.174384613310027303e-01
-1.623833638117246458e+00 -2.262466924997182105e-01 -1.224688447832144700e+00
-1.631879379605988722e+00 -4.913568111765878599e-01 -8.249101474378897070e-01
-9.156720322370786036e-01 4.379359659263156596e-02 -5.698547418365162986e-01
-1.332548018038878901e+00 -2.881376192993374552e-01 -7.268134048211857268e-01
-9.943415659266503503e-01 3.681784231190236012e-01 -8.664216195009873944e-01
-9.553178484914310875e-01 4.417585903013005605e-02 -7.602550454105990729e-01
-2.364928691165748109e+00 -4.983992547934657513e-01 -9.997238734738076449e-01
-1.350662643993076450e+00 -3.172821711881377849e-01 -7.768450092177020538e-01
-1.695777151714251474e+00 -8.616237861244070428e-01 -1.184878895936469778e+00
-8.937677824759351353e-01 4.950893306795163262e-01 -5.352941180943165955e-01
-8.631923351377618348e-01 -3.357010604560459188e-01 -6.288759896799183124e-01
-1.338392190139735760e+00 3.803450908786733531e-01 -6.208075817228895232e-01
-1.696266738536321927e+00 6.646856890766233983e-01 -9.439117102991618768e-01
-2.539032874522750838e-01 6.711151909527126591e-01 -1.142512340027564965e+00
-8.866253877513521786e+00 6.123089381852012458e+00 3.986434790073767331e-03
-1.288486422177262281e+00 -1.384644055542253449e-01 -6.450391667076403879e-01
-1.813497726079148498e+00 -1.445185509232342902e-01 -9.506109299853966466e-01
-1.665353767761690973e+00 2.166835155103193911e-01 -1.200043691699152149e+00
-1.260752147596935879e+00 3.672709103239856221e-01 -7.395741071236010544e-01
-1.789668353185560390e+00 8.404087732331912974e-01 -5.387287217126208727e-01
-1.803189944198558381e+00 1.818134714486460135e-01 -6.920331100171499550e-01
-9.806415027862094291e-01 6.415309438096668260e-02 -7.231488937817448504e-01
-1.640708252513297438e+00 -4.865037299167244145e-01 -6.663044683785269706e-01
-1.545889186146998329e+00 -2.879561259354395664e-01 -4.960676826198643918e-01
-2.328119717334798722e+00 1.831566855271513639e-01 -1.358392014219598209e+00
-1.655008284054044765e+00 2.252121015679769134e-01 -8.780438403637341738e-01
-1.989134703997988307e+00 -5.470537936926569283e-02 -9.220670755607397462e-01
-1.443586222963741061e+00 5.721571684871332719e-01 -7.564819097487698318e-01
-2.036770721456885980e+00 -5.472123912673139134e-01 -8.437245505537364076e-01
-1.132514984644117595e+00 3.858060910588818060e-01 -7.925952534592138887e-01
-1.365102689680752768e+00 1.189860066547641537e+00 -1.025116523747283681e+00
-1.389533456894905150e+00 3.809900249893595769e-01 -1.229117753400128077e+00
-1.890831146456015022e+00 7.552164603892909112e-01 -4.983394940163725084e-01
-1.686375157933958757e+00 1.904360881983241105e-01 -9.834821458188691690e-01
-2.529681249756831729e+00 1.094689436678255801e+00 -6.749057852932635049e-01
-1.355460474199293275e+00 6.757850284697184406e-01 -8.078997727814091201e-01
-1.922678760072634718e+00 -1.034232642640122296e-01 -4.910965919090578558e-01
-1.110243371451697492e+00 6.248504294163018113e-02 -7.690536720474604460e-01
-1.076319263122302416e+00 5.731987383223134946e-01 -7.013918382236592475e-01
-1.543744395901927691e+00 -3.522987229178121682e-01 -8.739514641894277069e-01
-1.979718221800159661e+00 1.617199824282370135e-01 -6.516420445379056403e-01
-1.538462518268229662e+00 3.215407303396664029e-01 -1.198336865628114589e+00
-1.787785868251033028e+00 -1.003181185107877155e-01 -9.391390132203870644e-01
-3.785969765574871970e-01 1.069079842268114283e-01 -1.265489414912320143e+00
-1.718363504555078025e+00 2.479445886972422575e-01 -1.001411492663391023e-01
-1.783694511795300919e+00 -2.618751182742497588e-02 -9.559244339775301302e-01
-1.184329979730171623e+00 -2.762398273304043084e-01 -7.800475442361204381e-01
-1.342140578122719141e+00 -1.029062888003769993e-01 -9.660492439033059320e-01
-1.694232328247064379e+00 9.058125541121642491e-03 -9.189686424093744810e-01
-1.269520111275516339e+00 2.559808305209808066e-01 -7.415993764354308349e-01
-8.981720403730075741e-01 -3.599683776343768904e-01 -1.147888763099829568e+00
-1.101776877819780953e+00 1.691680912138842641e-01 -8.412116958095284813e-01
-1.059335655521331576e+00 -3.523291656661344251e-01 -1.039464753999516766e+00
-1.730689167841168441e+00 -2.265094946153051181e-01 -7.894260039447704713e-01
-7.675781871524089972e-01 -1.828205052121689433e-01 -5.722382261536279602e-01
-4.795589389668980518e-01 -1.966721779653015645e-01 -8.070410737868882745e-01
-1.794909549097000179e+00 6.165231804861693865e-01 -1.041533288769518117e+00
-1.176923728522348833e+00 -1.996696408019773272e-01 -7.316268885852688086e-01
-8.423388954248797189e-01 2.527478161507258347e-01 -1.024760119631442423e+00
-6.784276884675918273e-01 7.332048167416813644e-01 -1.390644279959178942e+00
-1.890861872311357050e+00 -7.266229504951865828e-03 -7.842222929793490893e-01
-1.379777421428850959e+00 3.567458120116001608e-01 -4.838691207869978972e-01
-1.012520181957920151e+00 1.707182644682584960e-01 -7.204433512651576832e-01
-7.368802803580249972e-01 6.711568011113372423e-01 -7.951447691976769594e-01
-1.491489806748145241e+00 4.522435715123416800e-01 -9.806040293529184604e-01
-1.446801935185605403e+00 -1.210713319218696508e-02 -7.357236505061548471e-01
-1.549935760748279767e+00 -3.246265231512924232e-01 -7.356166204093558258e-01
-1.555352152088136819e+00 -2.389944442381582712e-01 -3.642167943824815013e-01
-1.657002627200942602e+00 1.634460441763447569e-01 -6.670783058192032433e-01
-1.083470586631795740e+00 4.609545319953565201e-01 -7.930787176220154278e-01
-1.783056923877067934e+00 4.266559436927546134e-01 -6.297341056555824101e-01
-1.567536182020866420e+00 2.025193666633949285e-01 -9.151790554486657348e-01
-1.347517984010822012e+00 -3.919902123595272458e-01 -1.033027806896525513e+00
-1.459604751056777561e+00 1.081994012371361863e-01 -9.241470418798201081e-01
-1.087606522563402844e+00 -2.580536117629182447e-01 -5.673676525783912794e-01
-9.518732899288534499e-01 6.124321555394722505e-02 -5.136987404958567316e-01
-1.171176251552497272e+00 3.344961570134905582e-01 -7.390958794698500034e-01
-1.211721389938852367e+00 7.570867479718293991e-01 -5.097955398392244319e-01
-1.843442269115366905e+00 -5.876806867741282692e-02 -2.394578300811050775e-01
-9.147588391835275168e-01 -2.521482996887224326e-01 -6.854253047799895304e-01
-2.007378326509313471e+00 5.494772367300271992e-02 -7.369655641195191897e-01
-1.658886506092797752e+00 6.885719609667978469e-01 -3.769057258970799351e-01
-1.948039327683840805e+00 -3.188298770277887551e-01 -8.731463086024618958e-01
-9.242941130987600840e-01 2.052676068389488462e-01 -1.395167468721128179e+00
-1.708760142345991051e+00 -1.004476205437025094e+00 -4.979092675471890606e-01
-1.437487666530642416e+00 2.276252844727114921e-01 -7.223664604976705039e-01
-1.241069280874754099e+00 6.662115116449938146e-01 -8.604689466560380140e-01
-1.646186863621891039e+00 -2.333800918941945635e-01 -4.577723599810232247e-01
-1.327606518673880132e+00 -4.562180728160911136e-01 -9.179564708517352623e-01
-1.739341307521357072e+00 2.885911741643565898e-01 -8.293960778949404089e-01
-1.458351121460905953e+00 3.254608021935551099e-01 -5.933835738073880428e-01
-1.357588991342691953e+00 -3.872051909895408150e-01 -6.203727463214069315e-01
-1.378591510660456931e+00 3.811475185398292553e-01 -1.080715215035525478e+00
-1.277801898411664361e+00 -3.083488907587796368e-01 -5.800841294531122738e-01
-1.440818718567246970e+00 1.123175488551271702e-02 -5.461478142433496830e-01
-1.121659152575497975e+00 2.799701512217192545e-01 -6.527565825627364982e-01
-9.062488118985706498e-01 5.936260604480866898e-02 -6.713706819141933568e-01
-1.010132153186501291e+00 3.846647663130205869e-02 -6.960102111933668123e-01
-1.279758338781694427e+00 6.202425141034760836e-01 -6.373982054567713940e-01
-1.017614726541347325e+00 -2.422468011769911625e-02 -8.476163150402017399e-01
-1.959009812843378162e+00 1.208662894461635773e+00 -4.497962311350682252e-01
-1.370961764938289251e+00 2.541344658216946328e-01 -8.381669865583536438e-01
-1.192625956193870351e+00 -3.259083526885931392e-01 -5.234260298253529120e-01
-2.555349020114474179e+00 -4.670395521336290212e-01 -6.213040859308455177e-01
-1.213142441514435399e+00 2.985125931480545614e-01 -5.498401560218473261e-01
-1.529703045671682471e+00 -4.738449395217431137e-01 -6.199147637656369225e-01
-1.272254831482735549e+00 -1.989055450557735416e-01 -7.037809818573197429e-01
-1.468153532303152264e+00 4.088182656050933228e-01 -1.196808472615713992e+00
-1.064985440139982531e+00 -7.696783698654868777e-02 -6.950308212651503670e-01
-9.378718464192400406e-01 -1.001591981402400883e-01 -7.135921488080859687e-01
-1.039667558388601920e+00 -1.565288887416233232e-01 -6.717732454979544743e-01
-1.754113777658793616e+00 2.565177251952661108e-01 -1.132166977416266818e+00
-1.488501278086484580e+00 -4.810377576742460026e-01 -7.493359144431100960e-01
-1.412146373058844828e+00 5.044366389036011311e-01 -8.863207702617318384e-01
-1.446822570970710098e+00 2.994643600961458541e-01 -8.086531310834577102e-01
-1.651228356235008077e+00 2.362151495080838381e-01 -8.393063093454893320e-01
-9.139111873554214283e-01 2.550157337168616478e-01 -6.709638908843482685e-01
-1.793525570776311806e+00 3.898221595754514102e-01 -7.975235875662696206e-01
-1.496212405726324191e+00 -1.760441287837326008e-01 -6.183448319066331411e-01
-1.867124220493421527e+00 -1.937430824656296569e-01 -7.381514247902922765e-01
-1.796742086275329164e+00 -1.464443071478920277e-01 -7.219389596067018466e-01
-1.757207665265132501e+00 4.023937087613228547e-01 -9.351837294795799227e-02
-2.108339942239831899e+00 7.309431163367064999e-01 -7.534664867102104369e-01
-1.833729618630795200e+00 2.115757694055682425e-01 -9.290851725043337561e-01
-6.875727848218340377e-01 5.220269702945289358e-01 -2.364097506714080421e-01
-8.640263703022690311e-01 3.976122213843034658e-01 -8.846472548414517911e-01
-1.570423812360946414e+00 4.780435239141381798e-01 -9.900022453988627236e-01
-1.304231412235089316e+00 7.273617405022427818e-01 -3.245829138752499565e-01
-1.588504371536801241e+00 -1.619775102888928175e-01 -8.358706449352564238e-01
-1.187111612809597982e+00 -3.012488229452451871e-01 -4.391969123249767626e-01
-1.067206117799848863e+00 -2.194424895166618150e-01 -9.232973182755839225e-01
-9.583056297471967411e-02 3.605308617691559414e-01 -1.513320939270355936e+00
-1.704258902717348478e+00 6.704282360120124018e-01 -1.051427962768834767e+00
-9.670813415262913271e-01 2.254716898618555621e-01 -1.011583427832164483e+00
-2.060223086112597191e+00 1.018411349529847326e-01 -7.480903811755603705e-01
-1.503070815397609117e+00 5.076967886751403425e-01 -1.035583731207614822e+00
-1.437439860071104913e+00 -2.296166755769302736e-01 -7.161793057020514608e-01
-1.036544749697632994e+00 3.984213815333166320e-01 -7.785616982677433517e-01
-8.288435447587521043e-01 5.131978137134526330e-01 -6.531292942768397447e-01
-1.911325796918128006e+01 6.544613609342727401e+00 9.802534769534720915e-02
-9.712470249632255692e-01 -4.853707142087068660e-01 -7.543882407158296610e-01
-1.995060003235003432e+00 5.291667561401740966e-03 -8.385339780364625684e-01
-1.092910154839004555e+00 1.626676749415105136e-02 -7.305500226300486455e-01
-1.459139134529635617e+00 1.148119718022960895e-01 -9.291814865168828153e-01
-1.277922872386966002e+00 9.245819069788271394e-01 -6.638633692904505335e-01
-1.048790939411613277e+00 1.157396113268732707e+00 -1.385463480494172117e+00
-1.719889407933370418e+00 -5.984809463367020133e-01 -6.747588010291980520e-01
-1.236954342298932197e+00 -2.490632412954270347e-01 -7.549885228115095215e-01
-1.236441070456234304e+00 4.195563908037445722e-01 -1.039295094748753367e+00
-1.502085390107376961e+00 -5.832800103044815700e-03 -1.016053937415930752e+00
-1.507963777970097397e+00 3.641038125965940786e-01 -7.214896225883281611e-01
-1.895722623194109779e+00 -5.244691309743103325e-02 -9.151275958989618653e-01
-1.270342323999685163e+00 -1.918273274551542812e-02 -7.990723496435698792e-01
-1.279425282067814251e+00 3.712505633217872414e-01 -7.220477347989661121e-01
-9.458064368010579148e-01 -1.822076159153666053e-01 -9.329556090332395968e-01
-8.020024231047125918e-01 2.647937390260294427e-02 -8.357776236966474315e-01
-1.091823794318620866e+00 7.017400778731748556e-02 -3.876598920275641791e-01
-1.274002368713279543e+00 5.693772943142937359e-01 -1.517404495116499108e+00
-1.270681728578787695e+00 2.408573956216334411e-01 -7.319529311759045420e-01
-9.090996727514466524e-01 2.853558081693152726e-01 -6.377209992529179194e-01
-1.236678521929335250e+00 3.283909014683433769e-01 -8.740557515087399310e-01
-1.702603648095775801e+00 1.361159511957145796e+00 -4.110438999180197617e-01
-1.150263071108205581e+00 5.935807434346470624e-01 -1.025370983286191695e+00
-1.954225796453845421e+00 7.282645223688664071e-01 -3.239322262923617357e-01
-4.158558571156357742e-01 5.428559009362071697e-01 -1.284685627677106146e+00
-1.416283862501916069e+00 7.477702327554527351e-01 -8.920981620742525209e-01
-1.218938419336425438e+00 2.142776210358156297e-01 -7.684879762402196945e-01
-1.603744020303776496e+00 -5.274821855461658826e-02 -7.785139485209140453e-01
-1.549869916894685673e+00 -1.924418393390918691e-01 -9.014965276147668405e-01
-1.106575482389877019e+00 -1.474565260604251103e-02 -5.073820952821439523e-01
-1.108534988277406930e+00 2.531909886623779360e-01 -8.525799989324593930e-01
-1.555369393798475386e+00 7.414204350011774913e-01 -1.335781298673312634e+00
-6.576958201939131499e-01 1.170415405364391370e+00 -1.113166713746534198e+00
-7.814132448621136096e-01 -5.667576989213220576e-04 -6.588506114151029269e-01
-1.324924204213385082e+00 2.811673640616775272e-01 -9.390284564237518783e-01
-2.428757698945460675e+00 7.767017186298330600e-01 -6.497735359797044419e-01
-1.300757084448880496e+00 -3.453005196961044798e-01 -7.538079445977089454e-01
-1.204289629922716154e+00 1.198944144651055421e-01 -6.274059299700136816e-02
-1.050214460746585088e+00 -6.454736536696858984e-01 -5.859709945037206991e-01
-1.505324708058666472e+00 2.931642276720865525e-01 -4.395996947525807608e-01
-8.702745283074919680e-01 2.430500034594595959e-01 -9.279414135106415218e-01
-6.554721599681467836e-01 5.698948835212767072e-01 -1.022753231884548919e+00
-1.346971058399955234e+00 -3.621937701091856310e-01 -9.519799775830790622e-01
-1.287983106727988991e+00 -2.336205241346707984e-01 -9.382197018228625174e-01
-2.662130786831647722e+00 6.014322438527673897e-01 -9.082469020961501105e-01
-4.275370467454239765e-01 -3.107361767259599894e-01 -1.276090523706828739e+00
-1.555372849917365130e+00 -7.726269597189024119e-02 -8.497883625807005625e-01
-1.083727533855175063e+00 3.304439514478806073e-03 -7.936121087847367583e-01
-1.284740950792411240e+00 5.744168607117592362e-01 -4.585032350007230417e-01
-1.483800571609427577e+00 5.030605245198476183e-01 -8.591663129265195709e-01
-1.371828015709801951e+00 -3.126615687145745115e-01 -5.907282569622539503e-01
-1.624117511156702109e+00 4.937173972760995344e-01 -9.694714953691779824e-01
-1.007323563014069778e+00 1.310386846011722846e-02 -6.647890587498096471e-01
-1.214961846646523735e+00 4.059702388070162149e-01 -5.575676661557777969e-01
-1.312165169674181175e+00 7.962471275233650170e-01 -9.630163429704075018e-01
-1.176463043108248119e+00 5.468077716127855981e-02 -1.074190741928896964e+00
-1.198608334061183278e+00 7.099268346424425502e-01 -8.835431532680031452e-01
-7.930238422371953533e-01 2.432557627066060102e-01 -4.587827295198519395e-01
-1.042467157252302545e+00 -2.367116533989793714e-01 -9.839676731942148535e-01
-8.866428737022429285e-01 -4.720761025620232587e-01 -9.233952793218070942e-01
-9.292442028879579485e-01 1.299104546226567958e-01 -8.153123051386640396e-01
-2.013949064540398570e+00 1.462356555343189701e-01 -7.514047499641928196e-01
-1.874445945780705225e+00 4.881984399554433751e-01 -7.585717905394836480e-01
-1.744868533387838871e+00 4.465126979676148355e-02 -1.013582120601092429e+00
-1.239095169737049362e+00 1.368137321603889525e-02 -7.965087970796407291e-01
-1.737951143855003711e+00 4.550662443467461959e-01 -1.009144528457612378e+00
-1.120034643479184355e+00 -8.783985290535446522e-01 -1.160439230164125091e+00
-1.345243438165644845e+00 3.928231522619243798e-01 -6.200940051990934121e-01
-1.765336116683848156e+00 4.205695259698286614e-01 -8.558767042467370079e-01
-1.492206664051985543e+00 4.329101329286129118e-01 -1.010129175841896654e+00
-1.713670685227154600e+00 6.753652588943345192e-01 -8.994077149407823102e-01
-1.683676889183995939e+00 -2.359915221757332912e-02 -7.002643918604131157e-01
-1.452945361321066997e+00 5.914618116849980067e-01 -4.714990940251238549e-01
-1.160816090465812911e+00 1.955520346533724529e-01 -6.810469527264159106e-01
-1.739292759110232733e+00 -2.033475399262547056e-01 -6.129739891982962652e-01
-1.638651152927123267e+00 3.802059747426896896e-01 -1.273791769674765817e+00
-1.136015243833266464e+00 3.319090890979439767e-01 -6.710794415869066887e-01
-1.363792352798729901e+00 5.836127151334377094e-01 -4.385098219346663662e-01
-6.321914676283720835e-01 -4.637603236448091526e-02 -1.420203616629314380e+00
-1.047765026701388713e+00 -2.610961886876168037e-01 -2.228229057182574413e-01
-1.163057712492577167e+00 6.317432633810997622e-01 -9.438553957853578202e-01
-1.623102657714309283e+00 4.156868564541486566e-01 -1.671365869018363259e+00
-1.278403289001376342e+00 -1.255290763722788361e-01 -7.606899062475982465e-01
-1.785211290560231978e+00 1.212216070854264666e-01 -6.863407628169794217e-01
-1.766331289618298328e+00 3.436705091268041357e-01 -8.647208277084756922e-01
-1.128875170568119479e+00 1.260295038522233346e-01 -7.871276577760035753e-01
-1.029485807812382525e+00 5.424942470129402033e-02 -6.667122917860710540e-01
-1.542351105898788433e+00 9.552185019496797769e-02 -8.722513237165449018e-01
-1.986918083856605177e+00 2.612802250765195455e-01 -1.140948510611613065e+00
-1.341341869215448401e+00 1.727300888636983667e-01 -1.169425215370449855e+00
-9.419206472647515538e-01 -3.650334120785895808e-01 -8.990908312036824945e-01
-1.207943739646614167e+00 4.531456496235040654e-01 -8.453491601990996696e-01
-1.562662263587051958e+00 3.194444268554115229e-01 -8.940308139299908419e-01
-9.923497470584717872e-01 1.268163280060648490e-01 -7.713948421569490899e-01
-1.182656684538691216e+00 3.319478289907262791e-01 -8.323558086017498470e-01
-1.425600531337520405e+00 -3.522238187905095130e-01 -7.290049047202705745e-01
-1.054655296328657288e+00 7.319779976166235214e-01 -1.069633013723090276e+00
-1.523628615356695137e+00 -9.279197107537265343e-02 -7.554551200764768604e-01
-1.837742229792260762e+00 4.558523441755462091e-01 -1.415423339138412562e+00
-1.862481382965123666e+00 -1.350958535588027698e-01 -7.915045532273776718e-01
-1.072532813045874001e+00 6.686874307006166473e-01 -6.931454166858295185e-01
-1.882559600383449716e+00 -1.543555461423782860e-01 -7.480668049874160674e-01
-1.643694466319518099e+00 -4.178047898419189332e-01 -6.925031517938061709e-01
-1.476070394585641710e+00 5.842618906421588321e-01 -9.934453239295769622e-01
-1.880924629119884450e+00 1.359375900412455318e-01 -7.134604655494010128e-01
-1.714999620664333646e+00 5.163370490803104174e-01 -1.073218033933788451e+00
-1.011037894109914070e+00 8.665689957357569639e-01 -5.721422778432532219e-01
-1.464120847816670290e+00 -1.263729299805412820e-01 -7.666170439285369120e-01
-1.855368595323128922e+00 6.203433411079236626e-01 -8.347136013823854839e-01
-6.820293333738383090e-01 -7.715990674257559023e-01 -3.743853116516466240e-01
-1.155514014440614412e+00 -2.523858287807487777e-01 -1.005280187782003898e+00
-1.777425308724801312e+00 2.426884986235547104e-01 -7.140312777163638769e-01
-7.385507020659176636e-01 -4.950081545416092771e-02 -5.818118949650362692e-01
-1.282299523068416436e+00 -9.215558018048373989e-02 -5.630702579934135921e-01
-1.389328274011860209e+00 1.193834758148015485e-01 -1.016466439195897742e+00
-1.697054731553184759e+00 -3.788997999805785999e-01 -7.728565397196782705e-01
-1.707106218715769952e+00 -4.516792774202421090e-01 -7.342770068749882029e-01
-1.609242528523824323e+00 4.190864367807500268e-01 -6.904940982617769896e-01
-1.989800808469037507e+00 -6.481224206089615247e-01 -5.230941643753227455e-01
-6.317827021097631723e-01 6.970420967784095312e-02 -8.624224465967438302e-01
-1.943093156760656193e+00 -2.300999214058821185e-01 -7.250023246001090493e-01
-1.668441573791590082e+00 4.018595361082271111e-01 -1.044521486332731453e+00
-1.341262749344608984e+00 5.099966814613667854e-01 -7.774247811240826422e-01
-1.049948478726328238e+00 4.386411510543693493e-01 -8.335251966259145107e-01
2.591921344927625626e+01 -1.073965979450204777e+01 8.908644216163974505e-02
-1.765215780214635766e+00 1.592943148485873595e-01 -1.039436295727698356e+00
-1.327390608085686541e+00 -2.673872545316589577e-01 -7.895710342877030330e-01
-1.322950938181773894e+00 4.386798165846256259e-01 -4.344731724103965131e-01
-1.806620328770166539e+00 -4.125102106911440192e-01 -7.443834268184871261e-01
-9.182220318547003046e-01 5.463489790023899895e-01 -7.178781754975821494e-01
-1.658902432538893468e+00 -9.700962259219095274e-02 -5.597721061643532448e-01
-1.354329393177092111e+00 3.486951707919729304e-01 -8.781539828570951167e-01
-1.474169823484006381e+00 2.872438764688489132e-01 -7.208817474813468129e-01
-2.111717710636613621e+00 -2.644960898928368914e-02 -4.420569727629813928e-01
-1.365973044388081759e+00 4.112489664959839697e-01 -1.578403028215398463e+00
-2.485373048856530431e+00 -3.757223680956504053e-01 -3.969319162559548086e-01
-2.327151386392096732e+00 6.042015831458164010e-01 1.510275940366221370e-01
-2.155051185918824164e+00 1.125886046215555936e-02 -9.024050558007681855e-02
-2.019243040824846513e+00 1.094283017213512899e-01 -9.625675979790547787e-01
-9.955840470271695164e-01 -1.363575206140636535e-02 -1.106339398721041700e+00
-9.926828277784141008e-01 3.763203398554893636e-02 -7.143914121564747255e-01
-1.410063317042890008e+00 2.310129585797738860e-01 -6.409663412899260226e-01
-1.035449073720744018e+00 -9.231558210761496575e-02 -8.391930985371658380e-01
-2.321246589060729892e+00 -1.525955163341811416e-01 -1.195567370746660751e+00
-1.042208902849633967e+00 4.044913738384828816e-01 -6.269267608269813996e-01
-1.812923805822165280e+00 2.289754303327764806e-01 -6.108497744194453238e-01
-1.793192663134845155e+00 1.899528861095268195e-01 -1.094091175730887100e+00
-1.471428912487065199e+00 6.545908516638397900e-01 -8.563231820916791248e-01
-3.954042085493325587e-01 9.801466412613916157e-01 -6.745634458373506170e-01
-2.126384672427083622e+00 1.710709196331606230e-01 -7.677892634889244006e-01
-1.131396709309771875e+00 -2.676235795956065089e-01 -8.049754493023374424e-01
-1.736582539756588384e+00 -6.136700503582169786e-01 -1.223958526920617462e+00
-1.586095434543347782e+00 -5.675713440540572537e-03 -6.643008448491783957e-01
-1.924092228590044806e+00 8.080094357396239158e-02 -8.535237664736247121e-01
-1.944185281961682277e+00 6.832336114534441895e-01 -7.966503291548097110e-01
-9.013582031054425681e-01 2.984587192411213841e-01 -9.655234728639424668e-01
-1.571734347930157316e+00 2.948848899018050029e-01 -1.094003822646683721e+00
-1.279187139801772899e+00 2.563064370143904869e-01 -6.277739095882358678e-01
-2.542704989581976882e+00 -6.787093833423935019e-01 -8.792102208455749857e-01
-1.782412146181342916e+00 -7.805982862396676492e-02 -9.500938355357899656e-01
-1.636993399140728833e+00 6.887881451517294806e-01 -7.279498869171453501e-01
-1.248908594811991346e+00 3.733435454715621216e-01 -7.646514147652089255e-01
-1.080185378291546039e+00 -1.043351039722009849e-01 -7.964550964815310108e-01
-1.538019263219936761e+00 5.144852901477530160e-01 -9.250389563192951137e-01
-1.316817256735580921e+00 2.772398761128703759e-01 -6.771754242439449456e-01
-1.656197539352350701e+00 -1.046184072826022105e+00 -9.411180735858785118e-01
-1.103244611670379349e+00 -4.257601757748623039e-01 -3.889738674302727350e-01
-1.188757641297755629e+00 -8.769426210163357160e-02 -8.342561260397574063e-01
-1.354476561142840207e+00 5.065777519111577254e-01 -6.210331438519268721e-01
-1.368157070390251251e+00 5.088343388338789630e-01 -6.139166988885830234e-01
-1.287144385232607879e+00 3.094936904649095988e-01 -1.045615924232893068e+00
-2.391906422151583111e+00 1.562643440675857143e-01 -2.710925652457115143e-01
-1.767029582976076263e+00 1.198590355439619337e-01 -7.432026401051746722e-01
-1.412649961985016578e+00 -3.807316388885700342e-01 -5.782580695180317143e-01
-1.339883496927421147e+00 -2.238738411366192338e-01 -2.776310190444742365e-01
-1.128979307873395843e+00 7.369433704075339930e-02 -6.752813753196718061e-01
-1.790704873514003870e+00 -1.296484256670480395e-01 -8.685367155303506115e-01
-2.311020409332273484e+00 -6.375753186701170749e-01 2.247110772771936382e-01
-1.795639271160869299e+00 -1.215390944076979035e-01 -8.854637672619468658e-01
-1.662495918400505035e+00 -1.013733994050750598e-01 -7.242431538810875091e-01
-1.294301636889888085e+00 4.424812757169332977e-01 -6.742514023812417046e-01
-1.409320506301959819e+00 4.242289842856468429e-02 -6.534152692128893936e-01
-1.936896081946322568e+00 1.314506232579769895e-01 -8.188072192402577887e-01
-1.149556108465009885e+00 1.298739250393492750e-01 -7.833310953835374013e-01
-1.427080389500542390e+00 6.952383412244759198e-01 -7.712725430767279899e-01
-1.302662416542399670e+00 7.210433124856998471e-03 -1.062480450437011781e+00
-1.147939653496645729e+00 -1.242677719078489479e-01 -9.844525508206320996e-01
-2.256203789102105617e+00 -1.581660265415041691e-02 -3.941402827250365948e-01
-2.255907576363782141e+00 -1.529559173397751319e-02 -1.102652207208787871e+00
-9.535190302187412925e-01 -6.660496187210458441e-01 -1.037778545424174359e+00
-1.462386496011991888e+00 8.070800991297857330e-01 -7.400069767890872230e-01
-1.935385761729330412e+00 3.075319525718570035e-01 -1.912964169581025387e-01
-1.427640817533785800e+00 3.117493392544374853e-01 -4.288542546227425145e-01
-1.711607144522164781e+00 5.639606028903696444e-01 -9.167713832038163480e-01
-1.106335003692156871e+00 6.467181574505989627e-02 -6.855960684533247695e-01
-1.125621347496710056e+00 -3.545043174693269794e-01 -9.540138961125859129e-01
-1.577994506681458464e+00 4.718524118813069435e-01 -5.120623056037869603e-01
-9.806084596099332584e-01 -8.091736586854773872e-02 -9.241036874003529800e-01
-1.706104957803297184e+00 5.000855799826741527e-02 -4.867565182041194705e-01
-1.690406129188668727e+00 2.848028554814463487e-01 -1.535086114835611248e-02
-1.418728494154648967e+00 2.372373357203164668e-01 -1.109394574456766813e+00
-9.312517831923620149e-01 1.364853216131285685e-01 -1.181843355579400567e+00
-9.119946398272202881e-01 -9.157142764147132574e-01 1.557664358855457010e-01
-2.182796506785247281e+00 6.407081524144231377e-01 -1.046621663040418371e+00
-1.334289980344869342e+00 1.223058037891730232e-01 -7.340993447726522625e-01
-1.326470699323704761e+00 1.818711307135038591e-01 -9.046200719175605531e-01
-2.031654743434844868e+00 3.448657673898585796e-01 -7.644497941867658408e-01
-1.597179815409346393e+00 7.239423964245887966e-01 -8.804163318664853799e-01
-9.384429077670946029e-01 2.306153016368449049e-01 -8.602363786626744391e-01
-2.309941764400495146e+00 3.542730891611370891e-01 -5.674059925473375898e-01
-1.370673553648519949e+00 -2.400115444007721310e-01 -7.750612405647751002e-01
-1.442456270868108792e+00 -1.440161863101020179e-01 -7.637488501276539221e-01
-1.291657282806428553e+00 -1.630764073323945074e-01 -7.744113675853879775e-01
-9.382113143184541704e-01 1.325359350841139594e-01 -7.964672762681552776e-01
-1.184583786799272564e+00 4.746289745379613789e-01 -7.588655500668897158e-01
-5.984541514505379300e-01 1.315091491487050124e-01 -9.264228409814233567e-01
-1.324665566144133555e+00 -1.849175795922687882e-01 -1.091468939426749607e+00
-1.718615255175183876e+00 -4.666042217888732857e-02 -1.063188264076585510e+00
-1.737465946950566886e+00 -1.082837737980196502e-01 -5.830737364893259222e-01
-1.456170941130817686e+00 5.942737303600296173e-01 -9.052585943516872069e-01
-9.437123757358376608e-01 4.567754041630330275e-01 -6.684208685885097978e-01
-1.475615704461302746e+00 5.832155811698493952e-01 -7.482445141942815070e-01
-1.435243093591902275e+00 2.509992419470237768e-01 -6.087250909786011688e-01
-1.198704811605873832e+00 5.610739246820881654e-01 -6.746666106589548351e-01
-1.553043215229946261e+00 8.557770148476736560e-01 -7.299066749885730898e-01
-1.217415075017069581e+00 -2.408164117239139368e-01 -1.037539505323317846e+00
-1.831557527661499929e+00 8.404484560266738125e-02 -5.895745178584976820e-01
-1.193695230594293610e+00 4.110684897340921018e-01 -6.458386651631939923e-01
-1.780352016019032702e+00 5.940200256283579838e-01 -9.302616681954957167e-01
-7.382077494397903950e-01 3.801825072992840449e-01 2.384276315541931646e-01
-2.000536989568494572e+00 1.680579081807348774e-01 -9.365830476627795553e-01
-1.154634016933944407e+00 5.438852134364154933e-01 -7.153316924058945592e-01
-1.632573306213852105e+00 1.838315816843265060e-01 -8.482194904317262862e-01
-1.232262462955367566e+00 1.948282557213120436e-01 -8.732309535865027117e-01
-1.029554842532950376e+00 -1.806027805979382173e-02 -7.183270946954137814e-01
-2.137276146656859499e+00 5.849621504090043445e-01 -1.554319371205171718e+00
-1.204426778508276952e+00 6.629108675810253815e-02 -9.661483942486904786e-01
-1.620420514624966168e+00 -3.925463497363275711e-01 -4.862591529422000125e-01
-1.165851786257148914e+00 -3.878118826997156710e-01 -5.350329647768580221e-01
-1.881575658126816597e+00 -2.566048430596402641e-01 -4.345075767828616153e-01
-1.476250437012182948e+00 3.228434998474077194e-02 -9.992955176136021356e-01
-1.613875448431138171e+00 2.862180005102941682e-01 1.458754694022641463e-01
-1.016533497208141013e+00 4.853074512780427563e-01 -6.881716359259777427e-01
-1.821593051200296021e+00 3.739376679030920747e-01 -3.480262048590419544e-01
-1.122838958444617230e+00 5.271371076736460770e-01 1.467769919825272218e-01
-1.226106322790901260e+00 -6.248072912664354162e-01 -1.086537108671603136e+00
-8.470059598248386168e-01 -1.463110156237004411e-01 -1.139233460815355592e+00
-1.285850380504277357e+00 8.931062057520447461e-02 -7.265907108819238402e-01
-1.838357835043408217e+00 6.735518687342709199e-02 -7.634765719010750962e-01
2.602669063026140606e+01 -1.403670610738056368e+01 -7.117917041970271974e-01
-1.026640350177852712e+00 -2.107572126361363998e-02 -7.453177466082921976e-01
-2.010534727009790412e+00 -1.932960097920429776e-01 -7.703638679120856647e-01
-1.165228426749434831e+00 6.282313032267304864e-01 -9.492727259748169333e-01
-1.698155079877209817e+00 -2.132822026484743061e-01 -1.087333105205955830e+00
-1.096363622349978417e+00 8.734843994522649702e-01 -8.136397957072627474e-01
-1.083265990426035108e+00 -9.946890266707873740e-02 -7.172469575401757558e-01
-1.560010131357079777e+00 -2.597903450116034185e-01 -4.172649979886953742e-01
-1.687299403606151049e+00 1.098836876148161917e-01 -8.491100451986529629e-01
-9.562903943191557454e-01 -6.886118706926658284e-01 -1.289355572910733772e+00
-1.223156656557544020e+00 2.864020931040036078e-01 -4.195119830481243706e-01
-1.324407280231179485e+00 3.395768775682286855e-02 -5.967713788345268000e-01
-1.665377069323310311e+00 4.899749492201722623e-01 -9.657913886710354223e-01
-1.962242917661191521e+00 -1.365953932973273388e-01 -7.341418931283483218e-01
-1.292510972914689971e+00 8.039394418630368966e-01 -7.829382158941682324e-01
-1.302596008007306905e+00 2.095771839912836942e-01 -8.137020211493675159e-01
-9.485338486591492480e-01 3.321697108784627539e-01 -5.214738142709635094e-01
-1.731067396763640742e+00 6.890120105425523445e-01 -7.491473970143616157e-01
-1.743611927858554456e+00 -1.713001973594142913e-01 -6.440317665352491838e-01
-1.701984825779020660e+00 1.205601953455117947e-01 -9.939935431307006519e-01
-1.319056030517258948e+00 4.879056734421441943e-01 -6.711564374512019038e-01
-1.131376417701213555e+00 4.321279206482656760e-02 -6.035710473144350052e-01
-1.837353295715986601e+00 2.847213857501039724e-01 -7.040199614900675140e-01
-1.359314520527328485e+00 2.816013273312873919e-02 -7.210677814867846314e-01
-1.585047040388096740e+00 1.574910067445148831e-01 -1.289793375332375813e+00
-4.536210930558844945e-01 -3.632452649297865932e-01 -6.993520970919449020e-01
-1.678781410942612240e+00 1.981691738769922051e-01 -8.506122464800756067e-01
-1.973157823334464878e+00 5.610172840050933057e-02 -1.059533315722204883e+00
-7.937358554734479377e-01 -1.787120102003105296e-02 -8.513533240938295776e-01
-1.198203596839175766e+00 3.080604582035503247e-01 -8.504696669203625214e-01
-1.399152169830911729e+00 9.302916068263749061e-01 -1.046902277624978561e+00
-1.468755830218126279e+00 3.819176843723459114e-01 -7.933339495961382326e-01
-1.841728399258011128e+00 -3.318881439434205327e-01 -6.782964658393151325e-01
-1.300063404104871978e+00 -4.227218846680246694e-02 -7.626163426712788684e-01
-1.290935227991572898e+00 -1.195392738063928845e-01 -1.560473790694821616e+00
-3.852670952553584605e-01 -2.479668409234937476e-01 -4.754924577096238947e-01
-1.080063135670300545e+00 1.223166605330387874e-01 -8.172998954570745989e-01
-1.329967044821947830e+00 -2.764373353583163828e-01 -7.623043821144153132e-01
-1.959699747968997263e+00 -2.552163824903559419e-01 -9.759512465519928348e-01
-1.090623390461438857e+00 2.224109017144095257e-01 -5.024766358803679500e-01
-1.369088911735012015e+00 1.265439952030488480e-01 -5.805577167465488797e-01
-8.304835858976995500e-01 4.971933098784473981e-01 -5.698772513467971201e-01
-1.439082816795621111e+00 -2.714024810774853802e-01 -6.892169113203074904e-01
-1.032726616407921405e+00 -2.781349817583412404e-02 -7.747787262652858775e-01
-9.766915833843203831e-01 -7.249184934612977471e-02 -6.555502169731318718e-01
-1.954413441403077822e+00 3.769453067337163454e-01 -6.808369638932402212e-01
-1.191250856526299584e+00 9.633287850670539942e-01 -1.320401306243174977e+00
-1.202828934768163771e+00 -6.484604349539170760e-04 -7.351374519935395258e-01
-1.191315389411367498e+00 -1.190776526614528291e-01 -6.651032321241486800e-01
-1.722793601668948238e+00 -6.944690041524719248e-01 -4.610180105829805308e-01
-1.831751473295748278e+00 -8.293965309980586703e-03 -2.770550129032868791e-01
-1.875152921980238752e+00 5.568045294811599932e-01 -9.191441388077571384e-01
-1.278703791931406375e+00 4.406154372127938923e-01 -6.182080868081439862e-01
-1.505908391816964897e+00 1.998090272731646577e-01 -7.014836514112627874e-01
-1.067927308773197081e+00 -8.453929944975534516e-01 -1.608777322362419104e+00
-1.514138497866175381e+00 8.355185547932926504e-02 -6.356606914669330477e-01
-1.041358593995024284e+00 2.668275033723816470e-01 -8.058301093782377356e-01
-1.864955743754114437e+00 1.551756118165381892e-01 -1.587513191824780012e+00
-1.306648346323762588e+00 -4.020769308011541698e-02 -1.118331571248699641e+00
-1.869674760714114869e+00 -2.926839197682289395e-01 -9.223857426391822711e-01
-9.930014406413908423e-01 -3.936564952009662943e-01 -2.037678495915738186e-01
-1.761053854741265301e+00 -1.117889065529574094e-01 -7.851912132246795517e-01
-2.306803600094669893e+00 -4.702304167935517781e-02 -8.714974932663336338e-01
-1.723803372437372028e+00 6.980957083855943157e-02 -1.216403694787601963e-01
-1.113249857631836814e+00 -2.215338551151342372e-01 -5.320481577681246410e-01
-4.585601351930389535e-01 -4.873455621186281173e-01 -4.562179100838731349e-01
-1.596612251061891197e+00 -4.240905287403641810e-01 -1.164863181610659826e+00
-1.695851718997055668e+00 6.626275129760413884e-01 -8.616372611293693362e-01
-1.293606204410791882e+00 3.273209952996649630e-01 -4.815753457639542212e-01
-8.266548377800400083e-01 -1.296018728036109902e-01 -1.028525778890328812e+00
-4.206062535121559698e-01 1.531257113877620979e-01 -3.886866750824410355e-01
-1.203843660582740949e+00 6.142806519626912154e-01 -9.855564970874673980e-01
-1.628482053493312431e+00 -1.447140104483526368e-01 -8.041139372862452506e-01
-3.280737222271161158e-01 3.133183491530051601e-01 -8.806850251575326638e-01
-1.169283800708240673e+00 6.355519337148525516e-02 -5.264034347623690602e-01
-1.502473853036686346e+00 4.162631376057912003e-01 -1.107621968109293364e+00
-1.131549757777924103e+00 2.479904724279737294e-01 -5.411202502441168072e-01
-1.559752690458490632e+00 3.918099852475942502e-01 -7.702018795852842992e-01
-1.671173733421236207e+00 -3.413942522609462182e-01 -6.458395461614887534e-01
-1.735915193564599335e+00 -2.761119846365179820e-01 -6.837205337908850433e-01
-1.462559649480662083e+00 4.698442346996758445e-01 -7.923333091440324383e-01
-8.136679643986003407e-01 3.607376973748827598e-01 -3.037219320164489256e-01
-1.634467078530021489e+00 -4.110799323038526187e-02 -8.914274031020477107e-01
-1.524475206218507184e+00 5.820340322610713102e-01 -7.010779069715996625e-01
-1.522744434309522887e+00 9.473459903450854869e-01 -7.603349121477462891e-01
-1.029068598787152400e+00 3.524962437085613631e-01 -7.009615054312721139e-01
-1.485260785798506067e+00 8.911577946259646721e-01 -1.109414424072202143e+00
-1.653526244419757374e+00 -5.975163563555695168e-02 -9.203167821266104998e-01
-1.673363026269373055e+00 3.952870109339318705e-01 -8.443725840534060945e-01
-1.915256394013814978e+00 3.538205694073770502e-01 -5.421043748979580412e-01
-1.469046151656205890e+00 1.224439319452982899e-01 -9.521708889726205882e-01
-1.161224738620294072e+00 2.881000161805254839e-02 -1.064822705323062779e+00
-1.106516535757305464e+00 3.310527250754434769e-01 -6.522245409089580948e-01
-1.268261248472284164e+00 1.594190392223590269e+00 -1.515051506805983328e+00
-1.321599049608443766e+00 2.400755631514732424e-01 -7.865874641799349698e-01
-8.422802751179938596e-01 1.156901480987035033e-03 -6.181441824945099750e-01
-1.278690193636426331e+00 -3.723546575163501071e-01 -7.818439077963608153e-01
-1.642864104002732084e+00 1.179199694377554841e-01 -4.949083841840408726e-01
-1.224279556733654184e+00 5.833073391438138300e-01 -6.349239478418456928e-01
-1.227236093846829856e+00 -2.545877358166135918e-01 -8.052768991092241757e-01
-1.549859120696899906e+00 2.445796141036668536e-01 -6.660019046831674450e-01
-1.603732601880376363e+00 -2.457198554021658432e-01 -7.330483957753504143e-01
-1.937488652931290911e+00 2.801632899380210873e-01 -8.568447322134811195e-01
-1.289747282421416452e+00 4.428301326464971766e-01 -8.076962610559567102e-01
-1.366513370386436055e+00 -2.250635820714781410e-01 -3.263656720378718679e-01
-1.479300847058131252e+00 -2.935041875659980537e-01 -7.348984986750459747e-01
-1.392168262609099871e+00 2.502985815951305204e-01 -1.136839559217900364e+00
-1.134852303020704722e+00 2.115675873327009515e-01 -8.373955226926416140e-01
-1.763038249506909905e+00 5.518804298933239908e-04 -1.032702754300348635e+00
-1.389854367272506552e+00 -3.734454079797390191e-01 -7.524748635900936344e-01
-1.805942648507720127e+00 -2.843669786077244188e-01 -7.975612031885012110e-01
-1.373132220178594487e+00 -4.054315812706372757e-01 -7.237216683775763437e-01
-1.331220054693748267e+00 6.951285039940557908e-02 -1.023365856373338184e-01
-1.280386784720145998e+00 2.086082469964416486e-01 -5.571336959653181431e-01
-1.291720670321345521e+00 3.390342839330178215e-01 -8.389387963757852784e-01
-1.605576737085159245e+00 -1.771529209222014456e-01 -8.272537136481799003e-01
-1.175815849754978437e+00 -4.157347066435590488e-01 -6.201474195939788991e-01
-5.728503370397400873e-01 1.186228081091016545e-01 -9.710581785882699268e-01
-7.500240813194900547e-01 6.610531774299628349e-01 -1.151189960238466092e+00
-2.243622877237964275e+00 9.507109898450070151e-01 -2.749922881531005614e-01
-4.635698788861387643e-01 8.305461276777275081e-01 -1.400678937118480682e+00
-1.690833546921553188e+00 2.089050047952599187e-01 -1.156509477785476081e+00
-1.603078391915606415e+00 -2.834729278608758007e-01 -7.332352168380116275e-01
-1.122272616193038752e+00 4.909613389521442217e-01 -7.186445326338303241e-01
-2.725110824757553285e+00 3.081129016526807929e-01 -8.208423840870400223e-01
-1.354580005549063060e+01 -2.930896403133827377e+01 -6.600355811607616641e-01
-1.352797929924514975e+00 -3.997128102650167325e-02 -1.384113068950272529e+00
-1.039528050061847342e+00 4.991527955612070633e-01 -1.084644496737689590e+00
-1.681260016677043723e+00 -3.177234980360766903e-01 -6.123084738852521136e-01
-1.111753552684824564e+00 3.658879111556201380e-01 -5.143459822820158900e-01
-1.899659969348433730e+00 7.095970142286287842e-03 -8.574071516731147646e-01
-1.854134174724132889e+00 4.135528996468091495e-02 -3.945714854288854267e-01
-1.572009674355296260e+00 3.656588625626279732e-01 -7.259497807848317441e-01
-1.469136068164501152e+00 -1.142861528839416579e-01 -5.556948171101124823e-01
-1.451411618431669215e+00 1.479338453183250968e-01 -6.453807255160191048e-01
-1.351491857890214643e+00 3.955660074652816993e-01 -3.895192198898339009e-01
-1.241682123727998688e+00 3.860832204907593268e-01 -8.776059297537995851e-01
-1.505648134480112033e+00 -3.406088690016083609e-01 -8.851431057061132091e-01
-1.706349786547479708e+00 7.140612637063721291e-01 -9.108982362103547059e-01
-1.163753677949437293e+00 5.418954384621474940e-01 -7.297775893946762960e-01
-9.963303488115798912e-01 -2.566874094310370169e-01 -7.855309572045726663e-01
-1.523719424422342872e+00 -2.292410759610939153e-01 -7.846549954154812268e-01
-1.166241704344362917e+00 -2.426677998148192572e-01 -5.696798571731602756e-01
-1.243498151412014918e+00 6.089627854378941441e-02 -5.596911349424668058e-01
-5.882285262471176335e-01 1.165978343707623432e+00 -6.552235580708072327e-01
-1.290794800770239892e+00 -5.398463218942253089e-02 -1.060271473601172243e+00
-1.616595555120930561e+00 4.339223441071454190e-01 -1.121118033003877024e+00
-2.121527179162478127e+00 2.145845820759186007e-01 -8.059131394496924505e-01
-1.914940313259399174e+00 -3.591659136038138356e-01 -5.790947739164710173e-01
-1.079917231224607255e+00 -6.923299183677144621e-03 -8.497395482672331912e-01
-2.064098765465183671e+00 1.821455340100199549e-01 -9.487614098334412605e-01
-1.228219770180639214e+00 2.291997002127948158e-01 -9.759070670499339073e-01
-1.803716624794073242e+00 4.450617945343601223e-01 -6.886592163809118761e-01
-1.609572837203787632e+00 8.484008059481288333e-01 -9.684662489528721441e-01
-1.616799714847403813e+00 7.448414218344715995e-03 -6.251375066034345895e-01
-1.258753394515079949e+00 -4.053318065841891027e-01 -7.273559109660873156e-01
-1.626657577057186721e+00 5.373475304056771762e-01 -9.074175299463013156e-01
-1.699427323509590249e+00 -3.994526134544233997e-01 -1.560437284479824438e+00
-1.702401445979537797e+00 3.757129838849554981e-01 -8.442208726759360404e-01
-1.768244877639357338e+00 -6.686288807240671206e-01 -6.475967047758638406e-01
-1.598412749194392912e+00 3.662053849171441056e-01 -7.552097348929481813e-01
-1.956083783376404206e+00 -1.108277810058841684e-01 -7.462171512444146781e-01
-1.465683425691991060e+00 -7.118857786148996558e-01 -4.769524162276407298e-01
-1.887431102461002208e+00 -3.680510200560944689e-01 -7.489973205120019628e-01
-1.155499207618825741e+00 5.983432151755113670e-01 -9.580471264111691809e-01
-1.179815939648342527e+00 4.798701914143341796e-01 -7.668198815568242344e-01
-2.266254177903546552e+00 5.987855582736613114e-01 -1.534820690749663985e+00
-1.227251778478340327e+00 3.858286589229895647e-01 4.678976604736692635e-02
-1.955645272512424260e+00 -2.559549171736254236e-02 -8.506562477487172869e-01
-1.177657951979144801e+00 5.042276551951172525e-01 -7.466916358816971799e-01
-1.793730759116356044e+00 -3.319399250619414210e-01 -7.276108089942243673e-01
-1.284068541315512624e+00 2.531071228450779698e-01 -7.916909181636087034e-01
-1.969582908672295574e+00 4.085283148451639978e-01 -7.635315665023918452e-01
-1.829545277123410640e+00 4.430761613416377837e-02 -8.364460823376369536e-01
-7.136972564988782741e-01 9.006408485577636902e-02 -7.418008062960320670e-01
-7.535109613788278926e-01 -1.445856969367619871e-01 -5.348533374592273626e-01
-1.815440785326006168e+00 5.508402297703015593e-01 -8.421449766652863156e-01
-1.011515449066381800e+00 6.715622589077681059e-01 -7.726037827624548937e-01
-1.000116938223245322e+00 1.132715506547005008e-01 -1.047423944559677356e+00
-1.790669900733069086e+00 1.054743207423355367e+00 -5.335155133295433894e-01
-1.494294979709106963e+00 7.001410002243313446e-02 -7.607146365742275540e-01
-1.430692903547647887e+00 1.685183750696134632e-03 -6.201416780742308871e-02
-2.040377430738984366e+00 6.303976450982329283e-02 -8.549345840746068736e-01
-2.047135806164239735e+00 -3.360020540642133513e-02 -8.461569770178010153e-01
-1.623495765231416144e+00 3.289919294826684215e-01 -6.571563717693762463e-01
-1.295164360105105272e+00 3.078107130811481573e-01 -8.121864903856306217e-01
-1.632039493248631512e+00 -2.511519484370808297e-01 -5.733284306617202342e-01
-1.259627733647831427e+00 3.444659876490482886e-02 -7.463100739390809979e-01
-1.083026448858472657e+00 1.436286134449309693e-01 -3.584179415997610363e-01
-1.957874097982477579e+00 -1.964608182550400817e-01 -8.270918151217118153e-01
-6.678631694449354006e-01 8.792896490078738747e-01 -5.765293893506169276e-01
-1.497481780108272265e+00 3.756889540153832696e-01 -8.024728540330968718e-01
-1.895785922333498075e+00 4.910742005926486964e-02 -7.429544596937901479e-01
-1.283601961063481012e+00 -3.723878786699285071e-01 -9.745062025345121448e-01
-2.261781877348800762e+00 -1.552098720923576758e-01 -4.156670083742705635e-01
-1.557160496468839694e+00 5.172292293155296150e-01 -7.930923194762343753e-01
-6.406852333902436358e-01 2.391239071755886236e-01 -3.604423475901006313e-01
-8.164536925116561150e-01 -2.178706479865262224e-01 -8.897343545856609692e-01
-7.415870357220301079e-01 1.351074029254610842e-01 -1.230203965795223731e+00
-1.407836265209214455e+00 5.317928648248170242e-01 -8.308522427170063063e-01
-2.253607868238049594e+00 -1.412757702437242024e-01 -3.187297331415334112e-01
-1.210738227071012085e+00 3.125286762544290248e-02 -6.873646346258066586e-01
-1.227652945775720594e+00 -1.505639652474067280e-01 -6.532309708645634982e-01
-1.008994308840771792e+00 -4.057774318146813164e-02 -6.598684834829970924e-01
-1.522175262064107137e+00 5.279773589719551907e-01 -7.374038613444565682e-01
-1.249246984671289695e+00 4.452821079209502431e-01 -1.116652720394820664e+00
-1.186038446674241076e+00 -3.276005390009835150e-01 -8.581935832802749520e-01
-1.714885771342778087e+00 6.128388304146967780e-01 -1.460736871743742338e+00
-9.220860925647008655e-01 1.171289345490198697e+00 -2.296087026736859382e-01
-9.645495895299039946e-01 8.578123083493473244e-02 -7.260328494505414731e-01
-6.210714286881260371e-01 1.126939789280907104e-03 -1.578001530761561799e+00
-1.838951019528278108e+00 2.209667728627186939e-02 -7.607504630291064274e-01
-1.682222433659530170e+00 5.670534454747415687e-01 -7.698961512606847801e-01
-1.923740045126825837e+00 3.814073241404841719e-02 -8.103669756187196205e-01
-1.440181739753159995e+00 4.116480254862754928e-01 -8.261014627359293261e-01
-1.795068799369153201e+00 -1.287218010228716458e-01 -8.655608260672674747e-01
-2.067645716007357137e+00 -9.391139422121369540e-01 -1.451554722869032310e-01
-1.176718904760420292e+00 1.880536942159728997e-01 -7.883378205609665734e-01
-1.171005023270075274e+00 -4.969509529056476832e-02 -7.522696149212549921e-01
-1.984213325619871515e+00 -4.441992564063089455e-02 -9.166577233332170449e-01
-1.413673955520361014e+00 2.251594210307151234e-01 -8.205558659726230886e-01
-1.115031277130401177e+00 -9.929400433458059894e-01 -1.103756876323653158e+00
-1.164496024694052778e+00 2.730118285095302355e-02 -5.721000502537334498e-01
-1.252779632345659699e+00 4.880591140547889673e-01 -1.301029811788769974e+00
-1.891482547262355762e+00 1.258723796543793627e-01 -6.134198811406625929e-01
-1.364646745444485054e+00 2.062402982165125187e-01 -6.952669451824114999e-01
-1.144938054343350720e+00 1.692870462999901404e-01 -6.720951843210996035e-01
-1.002264948918663690e+00 -5.115060267076431133e-01 -1.232148962948914850e+00
-1.335842066539099982e+00 5.541789297837471651e-01 -8.712717694013233372e-01
-9.587101202660657240e-01 1.345119031681008270e-01 -7.869213016510125946e-01
-1.610317856957362626e+00 -3.562719427559554730e-01 -6.056131690167154691e-01
-8.550012350822105978e-01 -8.867973203318400832e-02 -5.507137951380182139e-01
-1.438416006253849577e+00 -2.322013409783463544e-01 -5.834406942889581726e-01
-7.680702115172790556e-01 1.240236666356158840e-01 -3.089815189705192311e-01
-9.931549742314254026e-01 1.496780311206061254e-01 -4.949608477134120887e-01
-1.703413057454130408e+00 -4.746632367281040654e-01 -7.966870004895466595e-01
-1.513540229370978984e+00 2.305834271319761042e-01 -4.572506957185401011e-01
-1.033581704274507684e+00 4.395223986592180498e-01 -4.676555768806736624e-01
-1.678947107113126558e+00 5.198650407023023279e-01 -5.171062913078207091e-01
-1.348918698326276422e+00 3.690646388700480340e-02 -6.752666098825486074e-01
-2.110293598630185841e+00 -2.707714020373456765e-01 -9.410915939548165632e-01
-1.345400930781799786e+00 -4.585666715676282590e-01 -7.560849222095697986e-01
-1.220648390499308622e+00 4.141383305951777394e-01 -7.001119100964948716e-01
-1.696556377190471698e+00 -1.568693764086860620e-01 -7.848384116917676012e-01
-1.637117670280127779e+00 -3.370906873324588382e-01 -6.727922665638553790e-01
-1.718228453912157061e+00 -1.794098129557285537e-01 -8.805082716680803223e-01
-1.726377293266164292e+00 -6.853100283462509879e-02 -7.764609585099890854e-01
-9.184787847153480511e-01 1.204537300500329589e-01 -5.694299038129657653e-01
-1.161808558893293153e+00 3.261410826324379064e-01 -8.404561839087630881e-01
-1.728170327930607320e+00 7.496302356678720136e-01 -8.221228916316261071e-01
-5.313313988598085125e+00 -3.336158712186617237e+01 -7.523885692792182667e-01
-1.059275743009810977e+00 7.380709576980079567e-02 -1.299642166199242332e+00
-1.648649091863075844e+00 -5.411395858589942431e-01 -2.750493577656069610e-01
-1.858134162942820744e+00 2.216411689255969597e-01 -7.083996902434911425e-01
-1.949807796126203252e+00 -1.720585964195974482e-01 -8.934727948965656141e-01
-1.787413979232313377e+00 2.704618254986104059e-02 -7.523088164722779858e-01
-2.296137677072090710e+00 1.092235750075305045e+00 -1.688276122724731376e+00
-1.660109987234721363e+00 1.156754832813872980e-01 -7.060442317723568673e-01
-1.146753414016276507e+00 -3.652935451033948594e-02 -6.922759476355478947e-01
-1.377674189665139881e+00 6.740815120351117962e-02 -7.600875707310743579e-01
-1.683235873385434456e+00 -4.519775963491914905e-01 -9.168967586993594931e-01
-1.811813728378423027e+00 -2.818901235604980848e-01 -6.308770011647197862e-01
-1.730281227627231910e+00 -1.883238694218972442e-01 -9.806301720679377887e-01
-1.704446610867059286e+00 8.129804798335108496e-01 -6.683457061412700906e-01
-1.425319246127499717e+00 3.287632563457872914e-01 -3.213540693551782956e-01
-1.920798232217438839e+00 3.353146251437117420e-01 -8.018556536977002880e-01
-1.014519771509655000e+00 -6.311035885104157028e-01 -8.758958174734368107e-01
-1.621200267976514509e+00 2.306048155179231396e-01 -1.454773238038052252e+00
-1.484789732858219136e+00 -4.384666887706173410e-01 -5.977735787302606019e-01
-1.298293352535048628e+00 3.789810870578135260e-01 -7.462507475213240316e-01
-1.138152934094946112e+00 -2.236342931983758275e-01 -3.006569674730721897e-01
-1.256206408134184160e+00 -1.913357932598537536e-01 -7.562919667327087092e-01
-1.680698765871219580e+00 4.437346012733077716e-01 -7.155209085626234033e-01
-1.687331851076256495e+00 -3.945458143350195068e-01 -7.173902967262740793e-01
-1.627585169664784281e+00 -2.348426961929278023e-01 -8.231870640754149759e-01
-1.430359727607243503e+00 8.761521868737148777e-01 -1.020280222512585100e+00
-1.609178243894068050e+00 -2.702438304332392960e-01 -6.021043772872488598e-01
-1.729051835081771626e+00 2.576309906233594793e-01 -1.105580496042860350e+00
-1.379314655513638632e+00 -4.053872066709586219e-01 -6.098003691289135553e-01
-1.628121152055416188e+00 -4.962143276538616976e-01 -8.267742762583778493e-01
-2.393350855762804930e+00 2.247052250749750346e-01 -2.969492082760703533e-01
-1.735393941495564807e+00 6.441182249734322962e-01 -9.729413547823694275e-01
-2.469492055811338960e-01 -1.206587513137484940e-01 -9.604414713538316217e-01
-1.056984029962315219e+00 -1.236188314639923014e-01 -7.192397207027355632e-01
-6.007611966991179830e-01 9.228459877594068494e-01 -1.369836836240189593e+00
-1.543273320318044872e+00 4.792970881345189893e-01 -8.199597150455045780e-01
-1.981951251482478638e+00 -9.716375377634695054e-02 -8.347393231970702265e-01
-1.536847329746842572e+00 7.838406000858527678e-01 -9.487814191968235722e-01
-1.321052264797313303e+00 -1.975520646848920054e-03 -6.872616408251484010e-01
-2.158470609664522755e+00 -9.874105981760492555e-04 -3.626409651328544870e-01
-1.852549068278021016e+00 1.756627087090526784e-01 -1.251550702301854168e+00
-1.827407055721558260e+00 -1.436413663832708798e-01 -1.093736107171852989e+00
-2.266294670996326310e+00 -5.014011781609296892e-02 -5.444772433547254709e-01
-1.071712137916097207e+00 -8.046380182806796288e-02 -7.125523885008475666e-01
-1.096005506291295228e+00 3.905917315521615918e-01 -1.154987937135522946e+00
-1.142533020607030991e+00 -1.418020624182901313e-01 -7.673226531839778541e-01
-1.569343479285604914e+00 -9.227189085744787189e-02 -8.205248476858555406e-01
-1.243387728790283031e+00 -1.443860553492171128e-01 -7.973813764839164930e-01
-1.752232822508821508e+00 3.086732504033535829e-01 -1.002119288072970349e+00
-1.220832061637814325e+00 2.501242650020952807e-01 -9.230191656959737534e-01
-1.267548219396118281e+00 1.553052312105225874e-01 -4.369892505333803912e-01
-2.059455222682022857e+00 8.029072070014906526e-01 -8.444704913340539409e-01
-1.414723693200839572e+00 2.930485468426475282e-01 -2.251776965118694185e-01
-1.385505236624273051e+00 9.045615340942948501e-01 -1.051632362615301908e+00
2.014797387478277635e-01 -1.403761593535653440e-01 -1.036724958780697037e+00
-8.212392038564961805e-01 1.232275921753853976e-01 -2.818078704024398751e-01
-1.315539738917114621e+00 -8.357619577852301584e-02 -7.154323626942046266e-01
-1.661720381933507573e+00 -6.297880138779161918e-02 -9.841520278368033336e-01
-1.549697974747049622e+00 1.320092092563554809e-01 -1.089241805314997924e+00
-4.865921580625411913e-01 -1.771202984622163024e-01 6.849655438082925818e-02
-1.577174190418114685e+00 1.230905996149119080e-01 -9.014745523004832339e-01
-2.488211826123488457e+00 -4.279710797523988419e-01 -8.113912769279219006e-01
-2.272765434322677969e+00 -1.950891506280240384e-02 -9.404392448635093826e-01
-1.840979767657501709e+00 -1.834730302364246668e-01 -4.839021191597358551e-01
-1.238758862035876485e+00 -2.866785585454838525e-01 -2.462121237695133469e-01
-1.136242944394759258e+00 -1.655566143051869499e-01 -8.650286568605652926e-01
-1.211894841410235957e+00 -2.170189636646640274e-01 -9.696268900610310881e-01
-1.454411333247486615e+00 1.819445188725263840e-01 -9.162389416456472313e-01
-1.414303147363785262e+00 2.088521565465288610e-01 -6.998202394759482914e-01
-1.919540183671932132e+00 5.580581749133310676e-02 -1.192122660296718539e+00
-2.069070512714899834e+00 1.077219714096129960e-01 -7.464374678799470253e-01
-1.710571056110283594e+00 2.028415860767391471e-02 -4.630515228470474254e-01
-1.006815240787833021e+00 5.720606743742588929e-01 -8.896997144851244155e-01
-1.205748055316389955e+00 4.560648089218617973e-01 -8.348192066914968956e-01
-1.403042622268171113e+00 -3.577477135562047161e-01 -6.196448131127152426e-01
-1.279284481780025962e+00 6.463746336778909418e-01 -8.087104209818023470e-01
-1.108772132822488876e+00 -4.375000278641523188e-01 -2.950075396206902067e-01
-1.272617606394232270e+00 2.613433817158918870e-01 -8.226012565127420739e-01
-1.705218172581614233e+00 6.231568701856083914e-01 -8.494800408747841258e-01
-1.451037341562211758e+00 -3.112006987081342158e-01 -1.235067182922511719e+00
-1.808776997777008289e+00 5.648018999037361931e-01 -9.145434769115136087e-01
-1.057320735014597668e+00 2.992842161141716084e-01 -6.856917924994860858e-01
-1.450041303169262275e+00 -2.039467960797577417e-01 -9.843345646260300841e-01
-1.336065533494950719e+00 4.628203492989202417e-01 -1.014218005721725824e+00
-1.194592084411728816e+00 -5.444697608509269093e-01 -1.004898183801249623e+00
-1.671884966770892378e+00 5.038611414915331599e-01 -9.813439472333016500e-01
-1.615651888661145952e+00 -1.264128077091660196e-01 -8.232103258907778054e-01
-1.110103708525816746e+00 2.291869032583080945e-01 -3.754448542448174386e-01
-1.689533030675408831e+00 1.993386220577449131e-01 -1.015651383434141408e+00
-1.234157945535293788e+00 2.290684226382439515e-01 -8.364696263417937816e-01
-1.971473880473981311e+00 2.727269905566549468e-01 -8.259105134243267532e-01
-1.024935649577327856e+00 3.634990470825908426e-01 -1.053290852825183643e+00
-1.028399929541490510e+00 -1.343024995478613592e-01 -8.314930165023544095e-01
-1.457914963723320634e+00 7.283581559519196336e-02 -6.252318505204830235e-01
-1.199124825383645732e+00 -4.340719411236905190e-01 -1.081096010470143920e+00
-1.028454781642901716e+00 -2.737361829378184147e-02 -7.447681314583122214e-01
-1.175960311880072107e+00 -2.366497520571677615e-01 -7.568277690459710438e-01
-1.532468674595766744e+00 -3.024249714206226347e-01 -9.598218744248772083e-01
-1.637499747814818329e+00 -4.767932813508174994e-01 -6.905268416416115995e-01
-1.393909111296977699e+00 4.762894827285794885e-02 -7.256123034336227073e-01
-1.291690714749049951e+00 -1.619492752657951118e-01 -9.002755389936871744e-01
-1.420155648195078779e+00 -4.458662974544992941e-01 -8.448377600415966082e-01
-1.477709168598266842e+00 4.959006957656865722e-01 -7.570587895546488921e-01
-1.197904392366662352e+00 -2.644672407426624239e-01 -7.317754761710864031e-01
-1.768687085482045784e+00 -3.501189109580550296e-01 -1.427308296522658448e+00
-1.026718849933599742e+00 3.515624897747741950e-02 -9.498737963081743674e-01
-1.568475806889352953e+00 2.807429714167195001e-01 -1.017951354611779990e+00
-1.520379931348863956e+00 2.667780386603080256e-01 -4.440794347068342529e-01
-1.080837379014886412e+00 -3.257668329130339324e-01 -5.820624286298594630e-01
-1.037144170835085255e+00 -1.189056501735021552e-02 -1.038945338457520462e+00
-1.238353843492880912e+00 3.760346239388396294e-01 -6.816668360381731295e-01
-1.659224810019484186e+00 -2.391359765316477537e-01 -9.875675002373297540e-01
-1.697941906257911304e+00 -2.086406393064964560e-01 -8.635939950489102124e-01
-1.922371908226977011e+00 1.976690013682046998e-01 -5.166527926908540680e-01
-6.152377882970561096e-01 -1.251593577424078840e-01 -1.152803946581157923e+00
-1.278681505262899920e+00 4.330512751912032193e-02 -9.377754637680152383e-01
-1.517969562541338746e+00 1.322624816377167889e+00 2.404870210474720216e-01
-1.825034823113451443e+00 -2.084785688410603632e-02 -8.284470815276177014e-01
-1.419422690098387063e+00 3.261145921236226486e-01 -7.290063144908924819e-01
-1.453264669083720317e+00 7.020423223921803402e-01 -7.030506884032109438e-01
-1.745438988949923553e+00 -9.460464589743150521e-01 -5.157912002637422555e-01
-1.640318380021244193e+00 -5.576156376229194356e-01 -6.158870892954243503e-01
-2.120202148378057760e+00 -4.445382090721029800e-02 -7.600249547238200343e-01
-1.402850515478043070e+00 3.672163603263590148e-01 -6.671350270050124820e-01
-1.287381913272292566e+00 1.297094701445862808e-01 -3.596823222908704376e-01
-1.238080633116546592e+00 4.016533362160971166e+01 -4.083708600627724561e-01
