-7.603523635382062551e+00 2.054888652286051443e+00 -1.493013727514659772e+00
-7.099344230700146419e+00 2.404081164886651578e+00 -9.361553063250068751e-01
-7.048562095418787088e+00 2.773332768833919992e+00 -2.099045871919226869e+00
-7.966321226791718502e+00 2.130282164447905302e+00 -1.514450556779645352e+00
-8.277038559635034431e+00 2.770358007524864608e+00 -1.463482014046227020e+00
-8.120234951390527200e+00 2.609960206016163298e+00 -1.374833986908279959e+00
-8.374589739503930375e+00 2.301021094166455949e+00 -1.425864545240598025e+00
-8.229015587874830118e+00 2.135432020642147766e+00 -1.498317804926360353e+00
-8.054907316304205978e+00 2.727915311561471601e+00 -1.165483952486829677e+00
-7.636751455827133661e+00 2.550913958399641412e+00 -1.244230094150929222e+00
-8.288610764012441123e+00 2.025755167973816384e+00 -1.322400200437990003e+00
-7.190104324329931629e+00 1.559607614114054908e+00 -9.749406590222512436e-01
-8.073072629466604866e+00 2.231605363818628174e+00 -1.321097619718875071e+00
-7.802133208412551646e+00 2.081736929594080188e+00 -1.292882113122046928e+00
-8.027372223579643418e+00 2.795550583042494708e+00 -1.217767807818379344e+00
-7.491824017174465666e+00 2.723169859821272354e+00 -1.760687683756912758e+00
-8.316452963909243934e+00 1.451356396278948413e+00 -1.964777447409908229e+00
-7.742820152176911996e+00 2.848353545386525187e+00 -1.469682394976734585e+00
-8.030184996381599660e+00 1.983479463162644452e+00 -1.646977257812022089e+00
-7.948910901735779966e+00 2.008854727047376443e+00 -1.258609173897554223e+00
-8.211826601401879699e+00 2.703711394616142183e+00 -1.374977231756163709e+00
-7.517586713733240167e+00 2.729808529245731918e+00 -9.423199327379249146e-01
-8.000561019542704599e+00 2.621898934736854425e+00 -1.764354198598597989e+00
-7.568187391422229737e+00 2.881490169019470304e+00 -1.158964496455404891e+00
-8.352168484852441566e+00 2.286245969926573363e+00 -1.658046511211120455e+00
-7.658067620725404367e+00 2.260033623064741093e+00 -1.459919825752452160e+00
-7.925295296680481272e+00 2.673370097583800842e+00 -1.536017185325207146e+00
-7.771833094263390862e+00 1.660239789606534622e+00 -1.214865360147347140e+00
-8.143792345683690925e+00 2.086740626458309045e+00 -1.448176518347921160e+00
-7.479517198147867418e+00 1.939228759060203311e+00 -1.205429355351395504e+00
-8.108495533244900244e+00 2.713427672992474893e+00 -1.596906633038140066e+00
-8.128290463886926887e+00 2.080493456018677190e+00 -1.826545172508102555e+00
-7.690707473132179395e+00 2.215877850100782975e+00 -1.472074301633179205e+00
-8.150346744790327946e+00 3.160962335723642713e+00 -1.166946392450906034e+00
-7.923015694207028226e+00 2.487915906642435449e+00 -1.079520034425730968e+00
-7.500723897778557969e+00 2.345522232686479303e+00 -1.618994360128790833e+00
-7.688969216147229169e+00 2.251293324999915857e+00 -1.560975043869473167e+00
-7.394937448724416384e+00 2.911176852175562768e+00 -1.376339080336696830e+00
-8.119115204329672153e+00 2.070547742778560352e+00 -1.580073646872029780e+00
-8.241195683527593019e+00 2.179431986740868243e+00 -1.172388328301005922e+00
-7.826213222981290407e+00 1.834761124048208014e+00 -1.380731296303235434e+00
-7.860206951232087569e+00 2.004212253778752117e+00 -1.386211866045254260e+00
-7.595828743817953033e+00 2.221364569721945514e+00 -1.613317843122775486e+00
-8.078876490927752840e+00 2.063388537391690036e+00 -1.648335090825284288e+00
-7.500743794241449436e+00 2.910525317174327498e+00 -1.786646495855741090e+00
-7.344333308490785583e+00 2.543625367869177811e+00 -1.299018616306388596e+00
-7.543717474634150655e+00 2.822365710922096316e+00 -1.192946736776195893e+00
-7.893833632500336428e+00 2.976345655567357973e+00 -1.333176873890236092e+00
-7.966112328190904535e+00 2.478594129599700047e+00 -1.391491703274243319e+00
-7.371408846646111179e+00 1.935382404803571488e+00 -1.928719405552022037e+00
-7.982890062840596990e+00 2.303621934517601222e+00 -1.101388253043291909e+00
-7.646893391831315334e+00 1.698949962447983575e+00 -1.450503269983965948e+00
-7.694636772061263841e+00 2.820035291127827470e+00 -1.929516499585493428e+00
-7.375104901402578683e+00 2.394538389598761530e+00 -1.198760568805145921e+00
-8.089861722785155251e+00 2.879783107337153147e+00 -1.164990391414162829e+00
-8.095564500857626911e+00 2.160547489279463829e+00 -1.779710122454778887e+00
-8.274562310040828095e+00 2.501825836728316155e+00 -1.481869620134110610e+00
-7.947889472269106470e+00 2.380747365763715706e+00 -1.466785586731032653e+00
-7.301143481717620176e+00 3.597812209131411532e+00 -1.579572526557865952e+00
-7.984738577825695849e+00 1.967197370826276881e+00 -1.201657985903336723e+00
-7.526366428057966296e+00 2.580879244731807631e+00 -1.084299083160304544e+00
-7.400010345577354265e+00 2.061517820232376508e+00 -1.667110277955436759e+00
-8.211786632289424404e+00 2.496028259940166194e+00 -1.264667475875218772e+00
-7.757074742625078123e+00 2.517501277852816965e+00 -1.524885619891791055e+00
-7.593087735571921293e+00 2.730633239189634409e+00 -1.515107051150456963e+00
-7.696122605433789232e+00 1.853379423851253316e+00 -1.465400082676452165e+00
-7.676673217855726428e+00 2.661069603364915270e+00 -1.262034390565808240e+00
-7.657174612123269775e+00 2.314679839142237849e+00 -1.400642544492544106e+00
-8.143458597259233045e+00 2.583638429611510468e+00 -1.631114302166349672e+00
-7.326781706290840468e+00 1.703715901939524935e+00 -1.935399361986651856e+00
-7.628275475036237374e+00 2.065056668629564385e+00 -1.617857596195947600e+00
-8.111312766943063579e+00 2.577997834715071157e+00 -1.567712096286718371e+00
-7.699728865322297722e+00 2.332357125213968096e+00 -1.492621326964212791e+00
-7.770830849360102377e+00 2.614613980320725783e+00 -1.428741445099064533e+00
-8.333838453129841284e+00 2.162739583767284923e+00 -1.640600464816440285e+00
-7.913025563930749406e+00 3.068792962269984770e+00 -1.829075169583443072e+00
-8.429350373454930434e+00 2.811209906599197783e+00 -1.954428086999783432e+00
-7.417694156462759203e+00 2.142929840751519599e+00 -1.706488650670384022e+00
-7.789742781035122299e+00 2.379627304140860211e+00 -1.487323887718597026e+00
-8.240963561342322663e+00 2.633597133617044062e+00 -1.706841841779392466e+00
-7.658265760557868340e+00 2.196988773619181323e+00 -1.555751484116998595e+00
-7.595706193899807168e+00 2.794056838366822948e+00 -1.390329864203458055e+00
-7.700903643859150272e+00 2.477368495361353951e+00 -1.220448518512443847e+00
-8.696357022510454726e+00 1.555876566140577566e+00 -1.435693948718080426e+00
-7.959564218992206008e+00 2.381983042629442160e+00 -1.581638022142122013e+00
-8.095982339618542412e+00 2.016681107954438446e+00 -1.348538669584157690e+00
-7.478340138455545016e+00 2.304747054015401808e+00 -1.729225682963778876e+00
-7.909284465682061338e+00 2.209910928524490892e+00 -1.117020664917957262e+00
-7.910348376473110399e+00 1.724425875364762106e+00 -1.543245015569223444e+00
-7.952087902607630099e+00 2.054066052579358814e+00 -1.465039756226277579e+00
-7.669675561402473640e+00 2.622155813123086876e+00 -1.203012671631274788e+00
-8.110332607822519080e+00 2.560679461086995623e+00 -1.613580098106206284e+00
-8.522419992717514603e+00 3.536080035261224719e+00 -1.678433445972655536e+00
-8.091656314866447985e+00 2.233861143539689120e+00 -1.373730417971653850e+00
-7.326188691855041846e+00 1.924579540179544024e+00 -1.661646630878485631e+00
-7.580615783842242550e+00 1.791044812637936134e+00 -1.525010594840872535e+00
-8.037838457434702377e+00 1.174479379959337599e+00 -1.456113399843093292e+00
-7.714517635508392424e+00 2.303652983628305506e+00 -1.346453713074293290e+00
-7.444700824539217443e+00 2.488128114070772501e+00 -1.407187271541504359e+00
-7.354798998480520211e+00 2.516765592910314986e+00 -1.528624486137822647e+00
-7.995414679769481836e+00 2.490563642635461594e+00 -1.421597816726269947e+00
-7.456786682916827225e+00 1.906302381617331232e+00 -1.553136828733294728e+00
-8.433237167782586141e+00 2.070563386872854128e+00 -1.884361504768750750e+00
-7.537893378675434519e+00 2.224176798974955460e+00 -1.475188947095201319e+00
-7.757421510520084773e+00 2.173043283139935777e+00 -1.475841747350662869e+00
-8.019809654125909404e+00 2.027812058641255355e+00 -1.444768485520167012e+00
-7.624014291970456547e+00 1.975831571474639947e+00 -1.339220855022949186e+00
-7.347870931449600462e+00 2.728079447295661097e+00 -1.380718748889149472e+00
-8.254335634665702415e+00 2.219550652444270522e+00 -1.453705849233856817e+00
-7.648644515041551628e+00 2.824872216776868061e+00 -1.657679615087353397e+00
-7.625126108008889680e+00 2.845436060937613920e+00 -1.580086030403887065e+00
-7.643817089254306474e+00 2.286390824979207537e+00 -1.583823044208850783e+00
-7.953759625149062096e+00 3.108766274849664057e+00 -1.434791651740353169e+00
-8.483859341003778809e+00 1.859338768827242250e+00 -1.890387701399972809e+00
-7.484885680880804415e+00 2.090293675327229206e+00 -1.163252863675802828e+00
-7.297989289105649036e+00 2.079352132721046686e+00 -1.529329140630218076e+00
-7.640145683945072541e+00 2.188057133768880558e+00 -1.470507797904047509e+00
-8.075231666524951279e+00 2.577131405319531332e+00 -1.542535355486678750e+00
-8.447788636917298533e+00 1.179862004719633761e+00 -8.346233676531962242e-01
-7.520792034953551308e+00 2.458638700175084235e+00 -1.437532872624984526e+00
-7.920493249144126224e+00 2.513723264331374718e+00 -1.486208279426566969e+00
-8.082652479215809649e+00 2.149561492510708494e+00 -1.797803606148622002e+00
-7.372380937277816848e+00 1.826517569809169572e+00 -1.466613307375001396e+00
-7.816335380468297345e+00 2.261935278907846403e+00 -1.639312985596388161e+00
-2.796041352421230286e+01 6.765418541285528420e+01 -3.091649241597513864e-01
-8.013628541355164003e+00 1.757175418841846026e+00 -1.677547894164084896e+00
-8.064990084672770010e+00 2.435484311521858736e+00 -1.333745757875367310e+00
-7.584588183664031646e+00 2.473428784382512458e+00 -1.926167265847895216e+00
-7.284813213551144528e+00 2.680596589210936020e+00 -1.579282584351731078e+00
-7.466252699858099362e+00 2.573278448084421743e+00 -1.613319816170823540e+00
-7.714745153877176520e+00 2.622779615228017391e+00 -1.553822618772070285e+00
-7.477806776210616846e+00 2.698083126562571099e+00 -1.312752412361411158e+00
-7.642910903366983533e+00 2.796390678647049377e+00 -1.419198573174463185e+00
-7.612905003773947854e+00 2.112966608409489133e+00 -1.577076582477722422e+00
-8.143750137537896450e+00 1.771412554157609343e+00 -1.498035164088850957e+00
-7.518095762340314181e+00 2.681046883391811964e+00 -9.649091004856887865e-01
-8.267889906174071157e+00 2.269472284322134215e+00 -1.477661817319593895e+00
-7.640087032209515350e+00 2.883291833630790890e+00 -1.266576052884364145e+00
-6.886597770559870213e+00 2.590675045468672888e+00 -1.676483017354625682e+00
-7.854924168704359388e+00 2.629765411423535593e+00 -1.355829425115840259e+00
-7.633428738214436571e+00 1.778077126598983870e+00 -1.369983424083110801e+00
-7.616446672046943256e+00 2.790241624792225927e+00 -1.637777968212543289e+00
-8.048260785725190658e+00 2.562115587588702947e+00 -1.458139311563243057e+00
-7.556767508584621318e+00 1.731411954308917034e+00 -1.321232502746412019e+00
-7.603380326938551370e+00 2.728699171698850900e+00 -1.379060783661728795e+00
-7.682906024077126084e+00 2.523847518150609481e+00 -1.475806578235614230e+00
-7.591533173362580378e+00 2.001488432065432477e+00 -1.372623440816410412e+00
-8.007368833635329253e+00 2.000966881680509069e+00 -1.274698933746797991e+00
-7.313985086321084239e+00 2.858791542763186477e+00 -1.494549546243623794e+00
-8.351341708116247986e+00 2.365606895518128638e+00 -1.164085370951096987e+00
-8.289246740272959713e+00 2.652897053089931401e+00 -1.289816491846822677e+00
-7.499486574951155227e+00 2.420092846061862257e+00 -1.454864933481941680e+00
-7.885835635560831669e+00 2.926134654649521938e+00 -1.297014041109906923e+00
-7.841608078891507461e+00 2.387998264956258776e+00 -1.221637678154037454e+00
-8.029907391791205384e+00 1.818211742692742439e+00 -1.523923608533204410e+00
-8.209796853351035040e+00 2.514443975583351421e+00 -1.402280862897696823e+00
-7.871670467383133918e+00 2.364034053424326487e+00 -1.454959190378777523e+00
-7.581071632985708852e+00 2.419079300309054048e+00 -1.203484069108994747e+00
-8.781633805191344067e+00 2.063428702410361915e+00 -1.411710237699035142e+00
-7.520020514363889852e+00 2.368884089184615682e+00 -1.450114703128278393e+00
-7.511496102608859360e+00 2.222249433595755885e+00 -1.140951439279768609e+00
-8.163480640451764359e+00 2.275675760410024839e+00 -1.595669035342843101e+00
-7.300001146840960686e+00 2.296499200114281880e+00 -1.688695380792198497e+00
-7.794766574857712627e+00 2.037584209810344493e+00 -1.486496187835279592e+00
-8.069236005952330260e+00 2.337648313573290615e+00 -1.521629217292270297e+00
-8.260264085142553725e+00 2.568947733296377489e+00 -1.585667941699784755e+00
-7.548260987610943218e+00 2.228308465350638201e+00 -1.492512006212902032e+00
-8.094944736187759560e+00 2.515846083953141132e+00 -1.357905849681886101e+00
-8.012687653351937556e+00 1.449039647154022559e+00 -1.250768220514559825e+00
-7.402003128273745070e+00 1.861968301000860304e+00 -1.393542768351110350e+00
-8.128929622445911107e+00 2.459966014362614306e+00 -1.693638627600464908e+00
-8.036600173682394654e+00 1.955199223957315935e+00 -1.472101852403625344e+00
-7.892304365237479580e+00 2.084803027839956080e+00 -1.521692229501764304e+00
-8.077777974640687475e+00 2.328852544441755601e+00 -1.644636736413540135e+00
-7.412914468191265094e+00 2.738051473908418743e+00 -1.572528058118561223e+00
-7.441619812301948578e+00 2.517925924758748657e+00 -1.203586333564035105e+00
-7.392292302568240991e+00 2.493752627586962145e+00 -1.331695238846882345e+00
-8.109872455781527378e+00 2.391153629426950644e+00 -1.371895848291689202e+00
-7.875960714009409003e+00 2.313231045501667360e+00 -1.669765364016832399e+00
-7.888142730095275112e+00 2.575120678696219301e+00 -1.424599794763180771e+00
-8.093462989052367718e+00 2.310963310885852717e+00 -1.337602792637845095e+00
-8.015426641920759820e+00 1.773073241781548903e+00 -1.591384794794946211e+00
-7.255802447454366089e+00 2.152238045107895736e+00 -1.521930441560487735e+00
-7.206083393766680167e+00 2.966199842596047187e+00 -1.666573658265143809e+00
-7.327449117001345158e+00 2.389409663807105400e+00 -1.307113668942055051e+00
-7.842473387415458852e+00 2.387131531594222533e+00 -1.438895990320465446e+00
-8.371018616801768175e+00 2.130511123364414505e+00 -1.633093371972935248e+00
-7.590810418184264385e+00 2.422784254921710900e+00 -1.550967166145348353e+00
-7.995872048094232909e+00 2.827328794254667432e+00 -1.569259329104797374e+00
-7.433929574863675782e+00 2.455507326143838043e+00 -1.715217775797167166e+00
-8.534988883528942694e+00 1.746831264679794549e+00 -2.021842988345268211e+00
-7.432383050498653887e+00 2.495388134967579941e+00 -1.733189320607075423e+00
-8.498964911127691479e+00 2.475060769299340269e+00 -8.581986290344274515e-01
-7.613966234174450953e+00 1.947938113057445131e+00 -1.348548115740463516e+00
-8.531822774714859392e+00 2.300642016152815827e+00 -1.847254161523020910e+00
-7.335052680838089145e+00 3.594607775398874328e+00 -2.301013457903495762e+00
-7.860285042608994743e+00 2.923445511145752018e+00 -1.511947251431582373e+00
-7.743076830256944376e+00 2.011909278949301161e+00 -1.480949267734652519e+00
-7.394535546356762801e+00 3.010829597831805149e+00 -1.586365028407617395e+00
-8.120608151372612937e+00 2.108173761862083051e+00 -1.581805902665214258e+00
-7.652585402771253875e+00 2.204054126799349422e+00 -1.084524913227942200e+00
-7.287787535726789834e+00 2.392088450408719424e+00 -1.208900404236970205e+00
-8.001709560158335677e+00 2.033491964704498667e+00 -1.400592832459218728e+00
-7.505443823485712151e+00 3.405246560734241701e+00 -1.968208165113366714e+00
-8.401096175769810159e+00 2.366228156369073687e+00 -1.599304989859574366e+00
-7.594037690059555423e+00 2.460580033596014182e+00 -1.484724902398781854e+00
-8.341701030314810694e+00 2.484311132284161339e+00 -1.434397464041667680e+00
-7.845470309944564846e+00 1.844649644857360826e+00 -1.229937635379122485e+00
-7.927273169089215088e+00 1.975010632314800230e+00 -1.329055932734111378e+00
-7.331413506580370054e+00 2.359571659913614727e+00 -1.686810356587022941e+00
-7.296759039033780425e+00 3.078033396264411969e+00 -1.961891667608100243e-01
-6.727588374673493021e+00 2.596432336540465791e+00 -1.361108444397122197e+00
-7.530565734900649844e+00 1.776053294092035939e+00 -1.456456756719298307e+00
-7.580748292118864917e+00 1.804291663906402388e+00 -1.519800933440073498e+00
-7.352065176804292612e+00 2.548264561377841186e+00 -1.645340308442134525e+00
-8.032650312124983927e+00 2.356236605162739028e+00 -1.922167950057576791e+00
-7.354956503544974211e+00 2.419233292281855352e+00 -1.695629709727001444e+00
-8.056883425546413235e+00 3.012653694734624743e+00 -1.559805990973493373e+00
-8.048715734079850748e+00 2.706304146954065626e+00 -1.418895125724272566e+00
-7.361570205978639869e+00 2.060909760516745237e+00 -1.396556422252715590e+00
-8.604587027965870050e+00 1.839369976555039088e+00 -2.128057785308104854e+00
-7.660512351179338708e+00 2.441165354148386424e+00 -1.525196635855666782e+00
-7.600567700894282019e+00 2.161436539896467224e+00 -1.419010050795920241e+00
-7.901783965344098881e+00 2.374938338478741251e+00 -1.431793009026830710e+00
-7.815408516165583741e+00 1.715633975024896340e+00 -1.374128176647034572e+00
-8.038765411009997308e+00 2.332384073129792679e+00 -2.226165373781639811e+00
-8.088810953142120397e+00 2.395686869737373659e+00 -1.869957008540250598e+00
-8.333469576798613332e+00 2.576251834601631874e+00 -1.542229500608596648e+00
-7.608069213591829971e+00 2.290093591204894086e+00 -1.461494882307080356e+00
-7.654118207992967271e+00 2.212511173863078273e+00 -1.304723682275716001e+00
-7.879227332378811788e+00 2.092237706370347894e+00 -6.676631870183585837e-01
-7.887962861429968164e+00 1.693082448119986871e+00 -1.660786695320124240e+00
-8.056360094431921581e+00 2.198381191106003829e+00 -1.454882855784988660e+00
-7.789888735045669144e+00 1.682059953732435886e+00 -1.403996398605062312e+00
-7.541049959047652074e+00 2.795082440135725932e+00 -1.289967507516400103e+00
-7.475021493181068344e+00 2.471686627803633129e+00 -2.199012993923795900e+00
-7.527918018583351412e+00 1.923113926641004667e+00 -1.684667675520745922e+00
-7.814932678249241427e+00 3.192232539347136910e+00 -1.477153634043411934e+00
-7.555602367849914458e+00 2.760519090852545432e+00 -1.222702044499289098e+00
-7.454720562034535369e+00 2.031743300146557907e+00 -1.401943975992357316e+00
-7.929507965185487173e+00 1.898491636351434808e+00 -1.578156340586519102e+00
-8.275998351004764331e+00 1.943161077473811504e+00 -8.351073526323368190e-01
-7.880008378419476323e+00 2.894320272065135313e+00 -1.520149874477493057e+00
-8.739080653015424360e+00 1.986025031770096261e+00 -1.316557362417621668e+00
-8.113127812589995713e+00 3.028500735072064742e+00 -1.696304528674536627e+00
-8.156463291968952589e+00 2.360806120171865086e+00 -1.458611347153076387e+00
-8.104548467313762217e+00 2.301343388550142866e+00 -1.244398169186179182e+00
-7.819083586766810257e+00 2.902105769399419888e+00 -1.599247279283616985e+00
-8.534772427161307462e+00 1.254139722232419762e+00 -1.256178588416149156e+00
-2.369423511661982573e+01 1.583580154940754880e+01 3.986434790073767331e-03
-7.702078929563879406e+00 2.577261479408198941e+00 -1.583203555400185980e+00
-7.484209718875071360e+00 2.886549800783749564e+00 -1.411337775142500028e+00
-7.408416653234688454e+00 2.012809094379008013e+00 -1.825578855422815838e+00
-7.842648541639335669e+00 2.444290797731757614e+00 -1.466159494384496220e+00
-8.037173857245836217e+00 1.908167525002493647e+00 -1.289822433770666521e+00
-7.849724587109119689e+00 2.516124254582165154e+00 -1.564489912843967101e+00
-8.334406593965288934e+00 2.388821744663164992e+00 -1.583835349161204720e+00
-8.059457504781741832e+00 2.505768214580178732e+00 -1.527051020346393173e+00
-7.385280428787805995e+00 2.344036975387611577e+00 -1.627393813199603523e+00
-7.353184116838432871e+00 1.956676047285733633e+00 -9.389445084130410013e-01
-7.948110671655812531e+00 2.679934496927120602e+00 -1.730073020951101714e+00
-7.435532993535093560e+00 2.866332727634483213e+00 -1.462778673773746263e+00
-7.782626838620718246e+00 1.801140240482305144e+00 -1.570344496772573262e+00
-7.992401673162021325e+00 3.000540168408482700e+00 -1.712468105081827341e+00
-7.542625324580641610e+00 2.316526201657898909e+00 -1.453757784053397284e+00
-7.618950657958333927e+00 2.020172409414496162e+00 -1.669806980252051209e+00
-7.685712146564887881e+00 1.883166391662950190e+00 -1.750965715465841788e+00
-7.555578329262418791e+00 1.301325199059499615e+00 -7.197261252727820136e-01
-8.064168670438007780e+00 1.819118901955802059e+00 -1.276572815507848624e+00
-7.181060148145079758e+00 1.825517883160760357e+00 -1.338878264988127897e+00
-7.684997343571121853e+00 2.367885916328928086e+00 -1.441892582140523515e+00
-7.450339060585233320e+00 2.462513721378251752e+00 -1.289671939352020402e+00
-7.489874259627527842e+00 2.087738558619804952e+00 -1.415699898907280430e+00
-7.426684258983823561e+00 2.116522936610062633e+00 -1.417142877760233732e+00
-7.700552952589525546e+00 2.668629751933428551e+00 -1.606039852876701035e+00
-8.277547030199345457e+00 2.553103151291026940e+00 -1.460403632721419376e+00
-7.623414860121353165e+00 2.256161851524753459e+00 -1.561719644275819441e+00
-7.649808002140403573e+00 1.772988561593793477e+00 -1.375974316758169280e+00
-7.743122860281750341e+00 3.138906595256567567e+00 -2.248251761088523537e+00
-8.302831376284077081e+00 3.702447533735377050e+00 -1.350498559023913581e+00
-7.683309573964713479e+00 2.025476311156811260e+00 -1.325255794993625225e+00
-7.981988138854382520e+00 2.995066683907865457e+00 -1.361283440589795113e+00
-8.012210019215570966e+00 1.925335967431834883e+00 -1.573017113723852445e+00
-7.806455453422595170e+00 2.066285779287099000e+00 -1.540356502505400238e+00
-7.798688652371935426e+00 2.545287312028963189e+00 -1.376047502291822600e+00
-8.213818822903222738e+00 1.703321333318869701e+00 -1.015158064473112853e+00
-8.197459297205496043e+00 2.208330548434338958e+00 -1.644368310513300901e+00
-8.370065424724389302e+00 2.247598036384203191e+00 -1.869191280091646812e+00
-7.289124723971087683e+00 2.161036226616823708e+00 -1.470993398727470813e+00
-7.564062229248043501e+00 1.518824711149559636e+00 -1.181536946956885270e+00
-6.689543845153156809e+00 2.736762729967220587e+00 -1.389843749993197930e+00
-8.098439926112385834e+00 2.702491926309289028e+00 -1.569278387938288333e+00
-7.359945378587136489e+00 2.531797786102005343e+00 -1.552441299452683721e+00
-7.652499417812403948e+00 1.885142353290439665e+00 -1.837452324988920749e+00
-8.130958342573547881e+00 2.599958534505304453e+00 -9.165366238142053090e-01
-8.019369038952650186e+00 2.613090235125668404e+00 -1.460605292104810271e+00
-7.234243659762793044e+00 2.026054728476708089e+00 -2.347875211739521628e+00
-7.567197831271852415e+00 2.554940773830023826e+00 -1.577678730509604499e+00
-8.429201901020530130e+00 2.057134320846137676e+00 -1.360389570719543473e+00
-7.922234073359837758e+00 2.253756915476373468e+00 -1.459467680347629859e+00
-7.739527650873852416e+00 2.116502141563486372e+00 -1.500032609332849098e+00
-7.390668436392750174e+00 2.391894461438188735e+00 -1.561186551189972294e+00
-7.767770226594735483e+00 1.743675300620709967e+00 -1.780897025113784782e+00
-7.726767739521895884e+00 1.844792768277466743e+00 -1.648956990495875852e+00
-7.292201716088880126e+00 2.178642412574149034e+00 -1.319676023247401409e+00
-8.131434631019160975e+00 2.694343970118196374e+00 -1.420299511369347956e+00
-7.462709045605953051e+00 2.282154123407340585e+00 -1.305665396531498601e+00
-8.136803731266457618e+00 1.880416533172555305e+00 -1.820524814665867686e+00
-7.394294056103358770e+00 2.729444890552156888e+00 -1.577028684172656403e+00
-8.061713043724576977e+00 2.702127813890510044e+00 -1.287367030788635569e+00
-7.383303086044174179e+00 2.619167724658423957e+00 -1.619369484100856349e+00
-7.547429200028946461e+00 2.448106590046676967e+00 -1.439000862295912508e+00
-7.806967847769404223e+00 2.829487208835444800e+00 -1.478989430706240560e+00
-7.535653039913665197e+00 1.839048314905885606e+00 -1.229840086030972612e+00
-8.531153713707151809e+00 2.965443257671107613e+00 -1.563151885388331053e+00
-8.026400769673607272e+00 2.858369349624215960e+00 -1.718275558682776705e+00
-7.428954333728944093e+00 2.073845858551117693e+00 -1.420792714480906271e+00
-8.186587282880905647e+00 2.503908250409535352e+00 -1.276641292288744234e+00
-8.113938936300321814e+00 2.136658844058640927e+00 -8.878839753469828233e-01
-7.962643105095391860e+00 3.126544090995410752e+00 -1.917060600632788159e+00
-7.952685715323100979e+00 2.443339898260185272e+00 -1.535957226447506763e+00
-7.789859463465964140e+00 3.189366762680813761e+00 -2.086753789390690894e+00
-8.645285181518067574e+00 1.614692954749009868e+00 -6.431641508335846913e-01
-7.167633640590146626e+00 2.204588030242284891e+00 -1.557351768223841360e+00
-7.679739517987465902e+00 1.823405556656358284e+00 -1.457004474489570489e+00
-8.145086880405445484e+00 2.162886425197056983e+00 -1.750052250348995475e+00
-8.433988777736956877e+00 2.472988971580278417e+00 -1.557020743354394554e+00
-7.842588577010308981e+00 2.526269821959014283e+00 -1.778539350855356194e+00
-7.927321442514979388e+00 2.726235623871328784e+00 -1.493107666593403104e+00
-8.281987102973589643e+00 2.157595901831883989e+00 -1.136576686103112577e+00
-7.687660019622086338e+00 1.905492257265721134e+00 -1.423500110817385700e+00
-8.181007547382842304e+00 1.906638966682137060e+00 -1.624923494732492868e+00
-7.658122050983878104e+00 2.054732070040488967e+00 -1.480712469424127375e+00
-7.882505732222654160e+00 2.373116125787707364e+00 -1.308080083501055979e+00
-8.227809015056205766e+00 1.993488634334583898e+00 -1.364163318474378217e+00
-7.106423668176672592e+00 1.465255370956010328e+00 -1.802684626835860948e+00
-7.716686243409090373e+00 2.160968888024261236e+00 -1.658886991380267295e+00
-8.096145158992786861e+00 2.336010732109367272e+00 -1.711554994956105746e+00
-7.407838507597686473e+00 1.793804867504141587e+00 -1.950431047981307620e+00
-7.812799621706889575e+00 2.484632246301416547e+00 -1.410298409716550294e+00
-7.262135407763641304e+00 2.216702678328195564e+00 -1.500296681584853742e+00
-7.810211532839626436e+00 2.720300751743685908e+00 -1.439878617960300700e+00
-7.777683242483218073e+00 2.667777725476990991e+00 -1.199234640440993482e+00
-7.295744111783826646e+00 2.435931974672148392e+00 -1.546783112387337455e+00
-7.951289012683123936e+00 1.788445091030774536e+00 -1.276470559798227988e+00
-7.963814816461910695e+00 2.935933859598174323e+00 -1.340272620693511163e+00
-7.704833965357175352e+00 2.677963549787246933e+00 -1.788438985972969686e+00
-8.283898450288029736e+00 2.434270847385346048e+00 -1.373740748882108065e+00
-7.811093761013347958e+00 2.438068874185994606e+00 -1.653828318791492613e+00
-8.015233143729306065e+00 2.375047822159490174e+00 -1.749958953741588052e+00
-7.928596616829507226e+00 2.022537996110191916e+00 -1.486966470050817390e+00
-6.988470469499823423e+00 1.719783012933890021e+00 -1.433318434125338214e+00
-7.782234509243159515e+00 2.528470565259040459e+00 -1.602956251571672652e+00
-7.904196727902403907e+00 2.064109584909710193e+00 -1.438049782132605925e+00
-7.353723242882770350e+00 3.204257195997887830e+00 -1.231075067766266740e+00
-7.670013480594908728e+00 2.686972196633414800e+00 -1.494976281738715107e+00
-8.515273505611872906e+00 2.243438120539217540e+00 -9.110282923280372813e-01
-8.331535762056685002e+00 2.533215774337508108e+00 -1.353058411876440603e+00
-8.193577892676984220e+00 2.130225956174149005e+00 -1.675646891290667018e+00
-7.919172308199122767e+00 2.580077290365994092e+00 -8.136461828976343513e-01
-7.884506773613148667e+00 1.705337902456373289e+00 -1.340282397525130342e+00
-7.669235694418453875e+00 2.229549623591275065e+00 -1.800100088775971718e+00
-7.737309528980341966e+00 1.090844692177467046e+00 -1.110607591411847839e+00
-8.120079929699407728e+00 2.035041773856251179e+00 -1.337415621228569051e+00
-7.883755636576026404e+00 2.867404623237222783e+00 -1.734087204717638997e+00
-7.595151847582596538e+00 1.848504201754127330e+00 -1.363033817392797165e+00
-7.744615591446262215e+00 2.408529057229038983e+00 -8.455603534083001582e-01
-7.142062454919936521e+00 2.541875700266181592e+00 -1.141702207841225780e+00
-7.835896249798114610e+00 1.712458847679743323e+00 -1.682299454110254500e+00
-8.242774504101522126e+00 2.756224712869882243e+00 -1.540380605029086025e+00
-7.659857675574762048e+00 2.205106993530364434e+00 -1.605525441015873467e+00
-7.408715320767160328e+00 2.418978980492864750e+00 -1.566505586731032906e+00
-7.339452280251226313e+00 1.968942467633867155e+00 -1.493191646671121253e+00
-8.099549159526686637e+00 1.940826759260153134e+00 -1.738884399807641756e+00
-5.080581278182167893e+01 1.655312213378613251e+01 9.802534769534720915e-02
-8.143710198318167670e+00 1.852691956395269957e+00 -1.448196531498760153e+00
-7.652059267567162593e+00 1.599784169893665009e+00 -1.390473152282166946e+00
-7.947455247210028162e+00 2.570225566211220780e+00 -1.489098374542451531e+00
-7.403278717836909273e+00 2.727548299253979902e+00 -1.574157273472704732e+00
-8.314249533274216120e+00 2.965373540724926205e+00 -1.463592188088741475e+00
-8.379364489117174131e+00 2.504729625436588059e+00 -1.786628740884011801e+00
-8.085009486543347279e+00 2.635250048333706907e+00 -1.582944356022308874e+00
-7.544862350588816824e+00 2.406461828815224635e+00 -1.454965951645641020e+00
-8.065178401962523225e+00 2.303038045647267662e+00 -1.638068868928856947e+00
-7.617729518142645873e+00 1.897331642860517364e+00 -1.603389974584278788e+00
-7.533184963376475807e+00 2.030095796350136261e+00 -1.530050286444879948e+00
-7.627491562967550820e+00 2.552928717884481280e+00 -1.697213127345483352e+00
-7.923370787493845491e+00 2.325960454404820688e+00 -1.505213088066998051e+00
-7.601226968557540431e+00 2.301231167475731976e+00 -1.336255654590079889e+00
-7.528307551924759089e+00 1.698540310592600466e+00 -1.214237212670228327e+00
-8.364513371682424037e+00 1.550331532451219907e+00 -1.315706899539644370e+00
-7.362010712242031296e+00 2.097938835824109560e+00 -1.717382786856339827e+00
-6.796493011242638715e+00 2.488360389944807682e+00 -9.356149519595127195e-01
-7.757516681761612354e+00 2.354621188368918094e+00 -1.438908256517793971e+00
-7.399176473454843084e+00 2.069297249927476212e+00 -1.570531532301686850e+00
-7.522297815326787429e+00 2.260793078356604813e+00 -1.584687890056393433e+00
-7.609604363913105018e+00 3.494269602271076636e+00 -1.461225894310452356e+00
-7.311235693435063077e+00 1.971809346765169391e+00 -1.524015274484393334e+00
-7.808637746493143794e+00 1.920749915088741711e+00 -1.170762719557710163e+00
-7.612060852795111465e+00 1.327182598666789781e+00 -1.496432382253944038e+00
-8.159921392278096874e+00 2.104562028472562574e+00 -1.388101591779562050e+00
-7.599461409283964741e+00 1.943884889212213585e+00 -1.473798920928338418e+00
-8.081203114247278663e+00 2.361688848303010957e+00 -1.437922645227439622e+00
-7.700103293587163833e+00 2.170245102693261430e+00 -1.676286668569598293e+00
-7.946707334278600321e+00 2.529277801452287200e+00 -1.438317972158644986e+00
-7.292795334240639527e+00 2.330666448078135389e+00 -1.541376490907450325e+00
-7.300170195091883585e+00 2.352292648657626994e+00 -1.732931297240242419e+00
-9.295676219411713959e+00 2.005379518809344397e+00 -1.252029659815518503e+00
-7.849155367943311035e+00 2.870898801470418427e+00 -1.506927789072917578e+00
-8.273359465901384269e+00 2.346983456300009152e+00 -1.197745311294663884e+00
-7.659315573916469333e+00 3.224600236205950043e+00 -1.467053449282769817e+00
-8.235752961123235849e+00 2.330354396417259721e+00 -1.333247340969210937e+00
-7.627114668350473359e+00 1.791535080592987050e+00 -1.048802518536461337e+00
-8.422170376527995828e+00 3.168332367166781793e+00 -1.439637245810319932e+00
-7.938902987495731089e+00 2.244997883967290608e+00 -1.712214730496844473e+00
-7.820105347610947000e+00 1.457176943706303129e+00 -1.585171373817439333e+00
-8.338884410544896042e+00 2.358849641868033142e+00 -1.315676139706932979e+00
-8.132221898421896356e+00 1.551518018354277828e+00 -1.662053449160489249e+00
-8.113113401706339545e+00 2.537799460629309944e+00 -1.688740163630411795e+00
-8.676411861803261516e+00 1.575540863780232836e+00 -1.273439124462725447e+00
-7.379140282073751500e+00 2.410649781249154966e+00 -1.133440422600593411e+00
-7.993538619737377893e+00 2.165926155411363574e+00 -1.437731511298554032e+00
-8.100440471740615322e+00 2.016024875363227054e+00 -1.826241979730525378e+00
-7.578517301444260390e+00 2.528148470835231976e+00 -1.743923312087878985e+00
-7.437920909170862238e+00 2.276657441332791798e+00 -1.456763303727730108e+00
-7.823933538859678904e+00 2.485812795309366940e+00 -1.542767858776140422e+00
-7.362264205041876508e+00 1.707503226036193533e+00 -1.436654564941809209e+00
-8.375923988650818330e+00 2.676916192006602468e+00 -1.554740035783230612e+00
-7.983171509761868734e+00 2.605910558214601380e+00 -1.514020762711409951e+00
-7.450723350853514226e+00 2.600091442762620719e+00 -1.604295527809580957e+00
-8.043145895691623082e+00 2.383728582338414448e+00 -1.586266092042176723e+00
-7.205664080830868734e+00 1.709776257510734920e+00 -1.498465479138887169e+00
-7.943363662751636411e+00 2.435742606199852833e+00 -1.223932514140456007e+00
-7.579433444447567503e+00 2.557897511398111057e+00 -1.363203506323363845e+00
-7.709979470274562097e+00 1.811610267473929614e+00 -1.754125404137907296e+00
-8.034745100719339561e+00 1.922308423839930613e+00 -1.331898945764116826e+00
-7.715325335334690671e+00 1.688560522696159971e+00 -1.191298022748755514e+00
-7.870593381216791862e+00 2.698731075292083670e+00 -1.819768983331764733e+00
-7.101384281516205377e+00 2.658954271378013878e+00 -1.693647886356999699e+00
-7.416626506384577766e+00 1.973956513929590262e+00 -1.617541063484533304e+00
-7.296229633952771465e+00 2.618834565781972490e+00 -1.497989393126356594e+00
-7.406452761167740206e+00 2.263376822520720921e+00 -1.992771955921467830e+00
-7.766294116677575410e+00 2.367820318322705120e+00 -1.501210038086785437e+00
-7.864942929678948147e+00 2.676060855333482369e+00 -1.333593301752941107e+00
-7.782237078946616649e+00 1.907620874300529623e+00 -1.626219399753248140e+00
-7.874826002095133504e+00 1.763309909895812932e+00 -1.323763494715681333e+00
-7.821021898088782009e+00 2.180669290487825318e+00 -1.268389710353296174e+00
-7.590621594027103569e+00 2.460791874875831731e+00 -1.841430585393508901e+00
-8.152282976033022877e+00 1.873327100200116613e+00 -1.183763764255297612e+00
-7.789920226674969861e+00 1.890920305031334570e+00 -1.334889239462396127e+00
-7.314960727018643638e+00 1.693234547367285625e+00 -7.632750836232682357e-01
-7.772516832571937151e+00 2.398947945580153451e+00 -1.492292170910090254e+00
-7.774544112466537094e+00 2.570225538904049589e+00 -1.827230171408041004e+00
-8.312508385161841318e+00 1.558962138478017234e+00 -1.035367941499421462e+00
-7.960862537155481533e+00 3.505063539591176003e+00 -2.122515012102516252e+00
-8.381437597657306782e+00 2.539133649896017086e+00 -1.748866696346479621e+00
-8.480152925237774753e+00 2.761842461016924766e+00 -1.436545654223652768e+00
-8.321715035988670905e+00 2.145219001953787785e+00 -1.577817143254755639e+00
-7.559027773196704381e+00 2.134692733862608716e+00 -1.398888923570963616e+00
-8.180692168163256284e+00 1.945117037866529897e+00 -1.422280954876784520e+00
-7.864169552721552492e+00 2.544834271764312206e+00 -1.511213563087987710e+00
-7.863920144235597931e+00 2.523336946943582237e+00 -1.402611231208369835e+00
-7.385921261458631371e+00 1.954332054982078182e+00 -1.393816427159446647e+00
-7.481856438443458046e+00 2.910236472734751612e+00 -1.729339435804728264e+00
-7.962651332641783597e+00 2.040473362811695779e+00 -1.174096632220275715e+00
-7.389313565251317328e+00 2.373675235618378121e+00 -1.406418702990960945e+00
-7.548171160241702538e+00 2.057246234473791180e+00 -1.371224154043765742e+00
-7.810035907134723843e+00 2.291555678138176955e+00 -1.667178960096767915e+00
-7.938965382033653206e+00 2.472516188457605235e+00 -1.445180091649533427e+00
-7.748892516582225554e+00 2.394430270586501042e+00 -1.473308157347452241e+00
-7.560214145473423741e+00 2.576346114916155727e+00 -1.517024351754759026e+00
-6.997382144428924811e+00 1.973050596615901098e+00 -1.265606288706412119e+00
-8.141066466838811522e+00 2.013113678003628504e+00 -1.428943591531463664e+00
-8.267739810190381178e+00 2.967251609106951182e+00 -9.389957658395782225e-01
-7.937267690191794678e+00 2.723568095291351465e+00 -1.818181640624688233e+00
-8.212368552466905669e+00 1.719184742229272311e+00 -1.504865608583291214e+00
-7.486002631362671522e+00 2.231036069052968251e+00 -1.564326878417621858e+00
-8.281247578758655692e+00 2.744458147902828937e+00 -2.122261584110583410e+00
-7.294639806483315780e+00 2.316267469124374312e+00 -1.661755299280182285e+00
-7.651834207505572749e+00 2.209589737913714380e+00 -1.643102133793658437e+00
-8.168804985563729915e+00 2.193647806357743146e+00 -1.457911416816137340e+00
-7.271843353157529499e+00 2.338386161230256999e+00 -1.668790994967826791e+00
-8.102489133233021334e+00 1.912250936897914588e+00 -1.379737577536041426e+00
-7.236642995001144385e+00 2.322821376416479122e+00 -1.384461833224978955e+00
-8.739011484419796361e+00 3.392634207965499193e+00 -2.073637333185927023e+00
-8.247914932835787027e+00 2.176378023372752324e+00 -1.671457516024309919e+00
-7.358861975334005656e+00 2.478494904765172979e+00 -1.364618814063541130e+00
-7.536243900382582517e+00 1.939186348791635872e+00 -1.583671862835476229e+00
-8.114151910332092044e+00 2.411611949692244572e+00 -1.386102771897333996e+00
-7.754857561518551989e+00 2.184054702485319410e+00 -1.537202334912878499e+00
-7.596827326415549031e+00 1.529216461992885412e+00 -1.408569290889623238e+00
-7.457291026938865919e+00 2.074838909621099958e+00 -1.382842793886134070e+00
-7.822391600574003512e+00 2.152328812525385882e+00 -1.427511925964013439e+00
-7.876672591391981726e+00 1.473068572220104455e+00 -1.186123650570487520e+00
-7.489453082709724541e+00 2.790715293585696255e+00 -1.386676970372804352e+00
-7.713581735470592449e+00 2.871817203357698745e+00 -1.424428163428781646e+00
-7.251431463355803686e+00 2.735532418564620372e+00 -1.209427050163662143e+00
-7.952232682956726251e+00 2.853688600439447942e+00 -1.492447770007083063e+00
-7.120340526640989154e+00 2.116143234147056962e+00 -1.706149541130739689e+00
6.897501921504881750e+01 -2.736651277471165145e+01 8.908644216163974505e-02
-7.452202361398569508e+00 2.204109007354276173e+00 -1.417857983776546371e+00
-8.151648191119987175e+00 2.211988306721941022e+00 -1.350966448297147515e+00
-7.762789081438693728e+00 2.356678945611776488e+00 -1.293386464713903505e+00
-8.117861415028997385e+00 2.855509772935675983e+00 -1.494015002256026792e+00
-7.232886004802208113e+00 2.286505813023947287e+00 -1.370506122930754245e+00
-7.666168010822408618e+00 2.124132126442422219e+00 -1.638099916366587694e+00
-7.571439966726813076e+00 2.185603311357870560e+00 -1.616296642706028353e+00
-7.873559941998810707e+00 2.332124061936709403e+00 -1.500861232413659208e+00
-8.887433616357974131e+00 2.107258765567139758e+00 -1.645367652395649971e+00
-6.657129618165357421e+00 2.517974020533315649e+00 -1.044123863634376814e+00
-9.130239537191290111e+00 2.045450035835452152e+00 -1.163421368292582025e+00
-6.946767934978555381e+00 8.853091680749316517e-01 -1.271311615517801030e+00
-7.575005036448410500e+00 2.684925859036700668e+00 -1.275612793011884127e+00
-8.128465493959486921e+00 2.544377145942647633e+00 -1.511420535326838177e+00
-8.235216437657193467e+00 2.344749967028029847e+00 -1.610293069687540157e+00
-8.226155188513871508e+00 2.348249278895556458e+00 -1.333997208059921613e+00
-7.625020392330627672e+00 2.466508831391452716e+00 -1.420339952906168213e+00
-7.608821158474438739e+00 1.891939126825422202e+00 -1.463119504125617976e+00
-7.267386856092293179e+00 3.342474895143095370e+00 -1.816706837983255385e+00
-7.630004367478949057e+00 1.672411905885716088e+00 -1.439089845147507152e+00
-7.633420728610891715e+00 2.448853226825423501e+00 -1.291742500988079190e+00
-7.824475884039776119e+00 2.642676038218870538e+00 -1.210101477973251960e+00
-7.735037950062563006e+00 2.179573184723914370e+00 -1.380992194950186214e+00
-9.131454920043664103e+00 2.082593773839948259e+00 -1.156411894961659748e+00
-7.318424831094442418e+00 1.699940705579617406e+00 -1.740419958172779280e+00
-8.307933898573571341e+00 2.724051391859792837e+00 -1.363990445447859967e+00
-8.196883129096910636e+00 2.579243756794347586e+00 -1.446557654018788774e+00
-8.011225639157007805e+00 1.922970384401173405e+00 -1.391012311457471506e+00
-7.396052211796906306e+00 1.953382929611220842e+00 -1.417230704935097174e+00
-7.561996383514046016e+00 1.923351675093390778e+00 -1.370435209017667688e+00
-7.352624517315720531e+00 2.641090529763212569e+00 -1.725417144880944331e+00
-7.749353552125297639e+00 2.450131430797743537e+00 -1.224789332928808649e+00
-7.580317766682024505e+00 2.072276077509354053e+00 -1.468071965428398462e+00
-7.184629797543564678e+00 2.839172640974478856e+00 -2.014875251717666682e+00
-7.856291971262378659e+00 2.811868325077463204e+00 -1.621200138363865006e+00
-8.176788343308425411e+00 2.849452555206662741e+00 -1.312564180434750760e+00
-8.108932560538596235e+00 2.526005353546575183e+00 -1.481926845090568712e+00
-7.771855067769522840e+00 2.679008275623871782e+00 -1.664926335223282372e+00
-7.589852356896537700e+00 2.227331106987323839e+00 -1.268728565541492825e+00
-7.915036876724095727e+00 2.460507015862548830e+00 -1.656172378160655878e+00
-8.559591238919951550e+00 2.268278314451750877e+00 -2.140930814523213765e+00
-8.416785067761326289e+00 1.859753798341359454e+00 -1.112211227805688152e+00
-8.102810840129468062e+00 2.705532322242641285e+00 -1.603206952238730221e+00
-7.765246410070856697e+00 2.431713574196504357e+00 -1.317834149780208630e+00
-7.715623187510591841e+00 2.301970555717102407e+00 -1.243916027821923009e+00
-8.060200276750846271e+00 2.551985179602662246e+00 -1.294509366361388691e+00
-7.002350395512134007e+00 3.241869803321862253e+00 -1.319413790797043129e+00
-7.397024668101566114e+00 2.337906525467241092e+00 -1.250613401457123297e+00
-8.067583622863025994e+00 1.733196786096441455e+00 -1.421360312797122383e+00
-8.238977973104264052e+00 2.430672577098751841e+00 -1.587209205856938921e+00
-7.757370298743087922e+00 2.467002775058651398e+00 -1.476925587048948385e+00
-7.864688099187937098e+00 2.597004683700564254e+00 -1.490298648964833772e+00
-6.588268240808772269e+00 3.113408077039147681e+00 -1.226779847920294486e+00
-7.938970986790746309e+00 2.316344110783964627e+00 -1.410535686595056015e+00
-8.199025383289914259e+00 1.992311306782635238e+00 -1.418201236700882051e+00
-7.640334814863828150e+00 2.446994834881701220e+00 -1.478359491659072322e+00
-8.071287600055660150e+00 2.523893580945061110e+00 -1.626095703367939516e+00
-7.422640584643954931e+00 2.276799842078913727e+00 -1.447177759422768606e+00
-7.532264960356561012e+00 2.266042666808965489e+00 -1.426468812439159572e+00
-7.507587147145302175e+00 2.026253531719283352e+00 -1.710410741662100609e+00
-7.826089756511451334e+00 2.473538556806492483e+00 -1.459109602994391297e+00
-7.402200825558199249e+00 2.959443476654389116e+00 -1.206121318773264450e+00
-8.060813083828927361e+00 1.879760641215379557e+00 -2.452275266202217807e+00
-7.318751508580382925e+00 2.132302199535179632e+00 -1.191181131798918269e+00
-8.703355966204357586e+00 1.553624909864015136e+00 -1.812514158538903519e+00
-7.810418216664383628e+00 1.702154691308087830e+00 -1.317475093959977972e+00
-7.687859037809208651e+00 1.934974592859843412e+00 -1.793032955264235895e+00
-7.939813297432247730e+00 2.585605741286945758e+00 -1.262102772174156895e+00
-7.830235123390861141e+00 2.309361249555897277e+00 -1.626964825023340833e+00
-7.908288944006006460e+00 2.218924837175435538e+00 -1.480339204054325508e+00
-7.482186490904198628e+00 1.893761588985813038e+00 -1.317336962021971702e+00
-7.877634339756755644e+00 2.549648911911922777e+00 -1.714546087215437664e+00
-8.271014608411686453e+00 2.368085939151211683e+00 -1.443502816977608294e+00
-7.824742089449948423e+00 2.359482007853654029e+00 -1.647038437195725846e+00
-7.265186461296505804e+00 1.017556565225819831e+00 -1.627570680071442233e+00
-7.419713165357629592e+00 2.258736385733280283e+00 -1.741103018491524601e+00
-7.393559698252157197e+00 2.044944271470910291e+00 -1.665332793836456160e+00
-7.617286248544770544e+00 2.093625846912303690e+00 -2.008139062396909758e+00
-8.220910075370889913e+00 1.575752087749938912e+00 -1.189115873541765511e+00
-7.757958994680667963e+00 2.144001236594053506e+00 -1.387194170643491153e+00
-7.501396305820444255e+00 2.456553523786602966e+00 -1.449674462144026954e+00
-8.511107791764006336e+00 2.815702179423204221e+00 -1.262722127225658797e+00
-8.355118139696996238e+00 1.976517644049407441e+00 -1.527143464546950602e+00
-7.418466297792951636e+00 1.800340607416314409e+00 -1.447528841088708829e+00
-8.291040872184598953e+00 2.847942194719563780e+00 -1.352479728190605801e+00
-7.474100184430141347e+00 2.579513487311167808e+00 -1.547274893322100109e+00
-7.415249983325372440e+00 2.546122631803787950e+00 -1.523552983797766602e+00
-7.975719728600943803e+00 2.807553823652777503e+00 -1.566723440452548965e+00
-7.447657328923953379e+00 1.989715252457995298e+00 -1.423148674236104805e+00
-7.262472008746581054e+00 2.622287282272896203e+00 -1.526561636592906668e+00
-9.036123766373137300e+00 3.057780177978797198e+00 -2.193352470912610208e+00
-8.458866551119218258e+00 3.437603321366140552e+00 -1.845004759068888500e+00
-7.937749135077750040e+00 2.095031447428846505e+00 -1.567870234604585411e+00
-7.625916116332968286e+00 2.294900994007035511e+00 -1.232028336031941729e+00
-7.584663271207366719e+00 2.287169280561991425e+00 -1.438749722531193154e+00
-8.248492834808301311e+00 3.158564525063172201e+00 -1.499143261388076187e+00
-7.203924220117742472e+00 2.719664755375838183e+00 -1.613492417741390073e+00
-7.952461259924286097e+00 2.656579589248288187e+00 -1.298235879734018328e+00
-7.738087696499149182e+00 2.498801802374633674e+00 -1.497334076992569374e+00
-7.575860431519060079e+00 1.721319308095915712e+00 -1.319487243492871276e+00
-8.196407695720202113e+00 2.380866892675181035e+00 -1.354990650605478963e+00
-7.809408415858366759e+00 2.394451945376419921e+00 -1.678069938411794970e+00
-7.683409124727514694e+00 2.158921190318569217e+00 -1.381777311680420395e+00
-7.465670633568895376e+00 2.008400313271835991e+00 -1.545014235818431114e+00
-7.754847014074346845e+00 3.113527694050512107e+00 -1.342079465791711446e+00
-7.391553892539474369e+00 2.155541502448294899e+00 -1.508996094507624397e+00
-7.664891332255413303e+00 2.167607193571719826e+00 -1.677695690980166354e+00
-8.063700026277338395e+00 2.005479814964349128e+00 -1.498936761986117805e+00
-7.848262080040467659e+00 2.583559176475870078e+00 -1.329261933612731816e+00
-7.565495673471849258e+00 1.955747138325175660e+00 -1.676726096126632148e+00
-7.850643553529473628e+00 1.595375758539426814e+00 -1.677308463694727081e+00
-7.987966765979729544e+00 2.504275853549976283e+00 -1.481388354122592732e+00
-7.896482196877884441e+00 1.786337890191251221e+00 -1.349800469768006383e+00
-7.799181327950781117e+00 2.835670539951097968e+00 -1.261159242476570075e+00
-8.137992852256509480e+00 2.747889473631178525e+00 -1.367487441666368486e+00
-7.892151610890717706e+00 1.948428021702452106e+00 -1.477364440110457755e+00
-7.942820185774280617e+00 2.352530276176264312e+00 -2.253949755085219664e+00
-7.698320296886358882e+00 2.180545322242400719e+00 -1.568867077875430560e+00
-8.353067380488262472e+00 2.247337503168484130e+00 -2.022473163736465906e+00
-8.176081097243617535e+00 2.039284439063002718e+00 -2.648915845056407203e+00
-7.975295183940080079e+00 1.858362073165265027e+00 -1.225878012736833611e+00
-7.361461880765323151e+00 2.729349538955878618e+00 -1.338949041398557416e+00
-7.678798751496096031e+00 2.815550992200169134e+00 -1.552061193056994970e+00
-7.501693945328311131e+00 2.082597089917119337e+00 -1.346950226704807685e+00
6.896005211704996896e+01 -3.693893990677107553e+01 -7.117917041970271974e-01
-7.672805701724477956e+00 1.962073871300377803e+00 -1.454872513921163346e+00
-7.837043525184756554e+00 2.814106911697199731e+00 -1.444830925956448686e+00
-7.417846536123305690e+00 2.383090072619974187e+00 -1.644946353136241157e+00
-7.961675277807119144e+00 2.564086804463439950e+00 -1.317603627123516974e+00
-8.424179028491701970e+00 2.617864147144107534e+00 -1.290218274621462768e+00
-7.388766816699567030e+00 2.035327040978341717e+00 -1.537954015866428215e+00
-7.913996583138217744e+00 2.301121717606535277e+00 -1.722899521134568346e+00
-7.827927372873046963e+00 2.337631442758181244e+00 -1.525268645814200630e+00
-7.572951511848021511e+00 1.470061514283255599e+00 -1.321533932568599301e+00
-7.523445844498378499e+00 2.333239023322394967e+00 -1.769181920397028485e+00
-7.566155814240577371e+00 2.043717592763420576e+00 -1.449811790260570721e+00
-8.297684530168963235e+00 2.636231561269755108e+00 -1.111259559310205258e+00
-7.655842483488431327e+00 2.587291679795379995e+00 -1.559984927542729327e+00
-8.085094405634645653e+00 2.598251028312155597e+00 -1.458605193833840685e+00
-7.715910884527504621e+00 2.378267458893212449e+00 -1.459966786838795549e+00
-7.400877318163282759e+00 3.387462844706345511e+00 -1.366157005295260074e+00
-7.716688990755782740e+00 2.883131825717578423e+00 -1.662034970562606295e+00
-7.517097026886589539e+00 2.415884734222725427e+00 -1.809831161074963335e+00
-7.229608754166546802e+00 2.445783299780780240e+00 -1.608949821222321663e+00
-7.962221035999409224e+00 2.211232848824510544e+00 -1.363569224320593909e+00
-7.805323186640673150e+00 2.068246229015244353e+00 -1.380236857311825327e+00
-8.021443672804046798e+00 2.673342114523038937e+00 -1.249616118023068934e+00
-7.742560395437640963e+00 2.102724974235924194e+00 -1.346988163411680040e+00
-7.458507662696353790e+00 2.148646181741264538e+00 -4.206947565263956523e-01
-8.451467276806340578e+00 2.890705306786141016e+00 -2.875152618214917410e+00
-7.622408654846108078e+00 1.903930074693121144e+00 -1.243723579833305060e+00
-7.542744796537967922e+00 2.008574372970559185e+00 -1.404856655760138739e+00
-7.760727911362048204e+00 2.076644275425113761e+00 -7.372336306012039486e-01
-7.719548393158633282e+00 2.394759195990397327e+00 -1.523968132976997403e+00
-7.244301638394945897e+00 2.266726337606699282e+00 -1.135020339521926491e+00
-8.037325169307356632e+00 2.249420135998047243e+00 -1.390255294293341715e+00
-7.279657337100051251e+00 2.229260561743871438e+00 -1.403667387770120900e+00
-7.545989478465401135e+00 2.435839819934487060e+00 -1.464473278455179717e+00
-7.709260616870193594e+00 3.804146942395729258e+00 -1.051362092442119867e+00
-7.596040576650110232e+00 1.411142739986024131e+00 -1.736882658330372253e+00
-7.810633222358982053e+00 2.278523778966451641e+00 -1.647623040397103944e+00
-8.085359305177673761e+00 2.747545593611827819e+00 -1.448892096440302479e+00
-8.004032572723431826e+00 2.909161752487883668e+00 -1.550290964257724946e+00
-8.205818310706792573e+00 2.654502609986173489e+00 -1.403620838088280864e+00
-7.877768260335233919e+00 2.355072274813776456e+00 -1.296975011705238767e+00
-8.107242823875427717e+00 2.471907341190513474e+00 -1.483779903470060280e+00
-7.549132982345573950e+00 1.968096385449004559e+00 -1.391537556929061781e+00
-8.308138047241696356e+00 2.329642577720417496e+00 -1.401155196912662326e+00
-7.883426967686447462e+00 1.997989776102996551e+00 -1.823514151452738652e+00
-7.948467842824151752e+00 2.240320624540165895e+00 -1.421892496708407005e+00
-7.698125862330449820e+00 2.832258207887554224e+00 -1.409057269353246378e+00
-7.944288055135395155e+00 2.207119854639260748e+00 -1.420783262413748860e+00
-7.627943370566434567e+00 1.784779304463226079e+00 -1.373386815919946713e+00
-8.654883842306649200e+00 2.178369569485455237e+00 -1.213585787826084506e+00
-8.335644494601286425e+00 2.034053816693055516e+00 -9.189648259651141959e-01
-7.673391842617358627e+00 2.876996206025998593e+00 -1.407664369225715140e+00
-7.806307962303458581e+00 2.549301423385816445e+00 -1.567666192719680884e+00
-7.799526340820703396e+00 2.359881323281035836e+00 -1.408669187458196248e+00
-7.598068107306619190e+00 2.717693886689210636e+00 -1.156869662632768136e+00
-7.915673797015201352e+00 2.627596470157636421e+00 -1.841454066923096988e+00
-7.535922930007555642e+00 2.071244516789120915e+00 -1.547381458719834679e+00
-8.328311193961912551e+00 2.562850178864358508e+00 -8.977757750864372166e-02
-7.537895862066111619e+00 2.364102022538860925e+00 -2.062023471327269597e+00
-7.370182260525396600e+00 2.557410309079871436e+00 -1.769539160541591549e+00
-7.409886137641429116e+00 3.467613840852896256e+00 -1.039965041968782256e+00
-7.997144132899486557e+00 2.513953490868488405e+00 -1.422119020442161208e+00
-8.587563516727092505e+00 1.865864774067188314e+00 -1.617534438104484273e+00
-8.828362871164266323e+00 1.711649231963642048e+00 -1.793347405873654044e+00
-7.302496850472881107e+00 1.942601893182327899e+00 -1.196419798289311220e+00
-6.707775135420989798e+00 2.503323708456216323e+00 -1.168754482311334497e+00
-7.359343677584568866e+00 2.088352968867587922e+00 -1.796600610933834830e+00
-7.548758099431910118e+00 2.093569192239450594e+00 -1.484512787920615917e+00
-7.902620022618815909e+00 2.352541429099665571e+00 -1.318853296401212294e+00
-7.547137882063343461e+00 1.963418300109608827e+00 -1.366899961965977406e+00
-7.130097989787539170e+00 2.909395922923090350e+00 -1.811083671665506545e+00
-7.855381403173724131e+00 2.886240990572499499e+00 -1.558224317184665031e+00
-7.942962519629341855e+00 1.922436907913120052e+00 -1.692699720533873631e+00
-8.182835340714047945e+00 2.632009543611685043e+00 -1.664078135337948350e+00
-8.028456134394074795e+00 2.564300147929536866e+00 -1.700561778874768448e+00
-8.125196358477499103e+00 2.740143678779128233e+00 -9.362187885663836306e-01
-7.671072938667330199e+00 1.952822116749242554e+00 -2.093556240352359765e+00
-8.103439648269480600e+00 2.551150901176268970e+00 -1.422594388694418344e+00
-7.879189748413915950e+00 2.622064051463662615e+00 -1.342775762214887481e+00
-8.201037996676015851e+00 2.695392029781764176e+00 -1.554560088950365904e+00
-6.996856047315687555e+00 2.672008656355644440e+00 -1.413203110785155481e+00
-8.008898391909525571e+00 1.934295680521206817e+00 -1.658412651628770718e+00
-7.824677882649771377e+00 2.062338358321263776e+00 -1.398817146316845728e+00
-7.591333591810451864e+00 2.373827546376842346e+00 -1.475033993858390957e+00
-7.324076250017033551e+00 2.944415178658792875e+00 -1.411334495582633686e+00
-8.416614752087825835e+00 2.753953793089838342e+00 -1.288989159547875518e+00
-8.115551886678725069e+00 2.500759400865791182e+00 -1.404930981553058178e+00
-7.466355150208120683e+00 2.221037611585918281e+00 -2.122797082202224406e+00
-7.579579416685276350e+00 2.514666701372541446e+00 -1.538868005433437602e+00
-7.395970305464377503e+00 2.100356631997736034e+00 -1.790067397800610083e+00
-7.653378128724218854e+00 2.371174034073880055e+00 -1.463991228612520956e+00
-7.921777572090543451e+00 2.468945317308201215e+00 -1.234192768272635465e+00
-7.827171126547604274e+00 2.453302920975791057e+00 -1.536705527485264788e+00
-7.454563291538863545e+00 3.117147537348296193e+00 -2.354764217068078924e+00
-7.438331132144552882e+00 2.617952639669314685e+00 -1.541477106178324119e+00
-8.417346070287422322e+00 2.113511255710605052e+00 -1.326076362440820944e+00
-8.193188235573941824e+00 2.345234734863224535e+00 -1.444614383750973285e+00
-7.938628596519493819e+00 1.976999304924242251e+00 -1.521033861661521103e+00
-7.484641490202934122e+00 2.123740435496760615e+00 -1.569982024398739018e+00
-8.536393415369316173e+00 2.402289140094487685e+00 -1.441404680739538202e+00
-7.911768647491554063e+00 2.178674998074553226e+00 -1.761645918176673486e+00
-8.178231219594822576e+00 2.063191307852048517e+00 -1.523404985574243309e+00
-7.815285034562713840e+00 1.632499144079665232e+00 -1.425774152049968491e+00
-7.334226851062125796e+00 1.509698479711088170e+00 -1.472303664930508793e+00
-6.929519239837984124e+00 2.499879632477151059e+00 -1.159994218997523197e+00
-7.434331277929834947e+00 2.534831662143455677e+00 -1.496739156098025214e+00
-8.129929070211820985e+00 2.452428658783730508e+00 -1.964163361479269732e+00
-8.084165950766438513e+00 1.745309765905758370e+00 -1.461185175655899782e+00
-7.510283398098048124e+00 2.414040850232368474e+00 -1.501009871540663898e+00
-8.315063766683676860e+00 2.936074820277991826e+00 -1.402374006991483624e+00
-8.283992745676844294e+00 2.827241966364704151e+00 -2.367118931362277134e+00
-8.074584272795513940e+00 2.345418470937851829e+00 -1.518884985265071652e+00
-7.723903932723473531e+00 2.595994085297039788e+00 -6.077850258633249458e-01
-7.838010295087159740e+00 2.368769629699257084e+00 -1.295839907340992747e+00
-8.236003281316580882e+00 2.791317478774722805e+00 -1.363253666426538668e+00
-7.858749475623060476e+00 1.867337560026488097e+00 -1.255083196336421958e+00
-7.917496157234028331e+00 2.578761696067839004e+00 -1.543022940625661699e+00
-8.746469427874183467e+00 2.795760245146651002e+00 -1.763025445550822079e+00
-7.834366743261050203e+00 1.935907203368245399e+00 -1.569393291561650638e+00
-7.973514911686601536e+00 2.821203080217580261e+00 -2.847338359090322513e+00
-8.015716936423707750e+00 2.921935476721161606e+00 -2.145624315827050488e+00
-7.862479460501489825e+00 2.689968337133998411e+00 -1.546317307864933488e+00
-8.068587487313823914e+00 2.562893350260627479e+00 -1.420074094488040117e+00
-7.662664595288791070e+00 2.412928728212645257e+00 -1.444922614022460916e+00
-7.459287292294453309e+00 8.853069895132048561e-01 -9.158147621844326958e-01
-3.518115869624508463e+01 -7.783104918425920005e+01 -6.600355811607616641e-01
-6.973611088518439693e+00 2.008453591988582421e+00 -9.938431701554593101e-01
-7.210793134152192252e+00 2.258222526228628624e+00 -1.741754414863795786e+00
-8.222714733858838443e+00 1.799940465053108340e+00 -1.430835842926022394e+00
-8.114173917027462934e+00 2.397748122998546005e+00 -1.376525769594567850e+00
-7.390650991362440081e+00 2.198269417482225485e+00 -1.671446447397620716e+00
-8.214228436499471542e+00 2.444850520774271896e+00 -1.805833412887532186e+00
-7.786133362033988980e+00 2.678319500699957167e+00 -1.450780285032940098e+00
-7.841240548421190226e+00 2.386977837347398435e+00 -1.511526932819282854e+00
-7.979562948248281273e+00 2.729244753758822029e+00 -1.637318716694603049e+00
-7.449131641719734631e+00 2.158128087082372470e+00 -1.412629231669474850e+00
-8.058667430032539158e+00 2.550242675729726294e+00 -1.394142507929772012e+00
-8.036154557486964833e+00 2.334879139807222614e+00 -1.368571076621491800e+00
-7.608194399901692329e+00 1.900839925754224558e+00 -1.144696252267466852e+00
-7.730908964461806754e+00 2.185480437953361665e+00 -1.374224051786447021e+00
-7.339717278340503803e+00 2.569044376283486031e+00 -1.562062166837628663e+00
-7.570927231928867407e+00 2.530330710491039525e+00 -1.606038935366220111e+00
-8.204573304903655995e+00 2.116662018367096554e+00 -1.625049420468010375e+00
-7.864417266646236193e+00 2.672093563553310513e+00 -1.122246781581565322e+00
-7.643154542380199423e+00 2.561871500600488183e+00 -1.504994332698902371e+00
-7.636678122078357056e+00 2.347730702580475892e+00 -1.740497350352109285e+00
-8.079468804509685853e+00 2.757165409689795954e+00 -1.657906265971145654e+00
-7.160045156882387296e+00 2.571148676136200351e+00 -1.567740798404249958e+00
-8.181486416953768881e+00 2.411176631646601010e+00 -1.614685895041019892e+00
-7.368772080205896913e+00 1.872453316539036461e+00 -1.580628964095304845e+00
-7.007865113108626254e+00 1.715201219757581663e+00 -1.404862729894741591e+00
-8.236568400608151208e+00 1.914625239631650988e+00 -1.756216007414441060e+00
-8.196311388478704885e+00 1.596076005901754025e+00 -1.942038480823078395e+00
-7.469954895435372499e+00 1.548763702043769230e+00 -1.505347628861882558e+00
-7.828010748736069502e+00 2.724882659012894948e+00 -1.620404568706701021e+00
-8.173181349443680688e+00 2.169576712369254423e+00 -1.635704566515418179e+00
-7.775219236081890806e+00 2.294963769197319259e+00 -1.501705691793976838e+00
-7.831677775655006002e+00 2.325349019735562184e+00 -8.557166203652265546e-01
-7.841145027406414947e+00 2.485399822549685833e+00 -1.356027935838975962e+00
-8.327677645995516187e+00 2.234498840182267188e+00 -1.333313769089218059e+00
-7.260683670511372867e+00 2.288882998484867315e+00 -1.726253488131028968e+00
-8.088990029360907386e+00 2.753163901816177983e+00 -1.557627776117494145e+00
-8.109905377621437594e+00 2.325870150914414847e+00 -1.365022140371166426e+00
-7.664819405138207919e+00 2.933941562044251050e+00 -1.445545161203133588e+00
-7.532605360670350692e+00 1.954779327227883723e+00 -1.600455782057000009e+00
-7.850011097424048678e+00 2.625697616347104191e+00 -1.395257728972175704e+00
-8.482229081954155703e+00 1.776291752695064119e+00 -6.191437398402054315e-01
-8.522713961908612745e+00 2.859842405529393616e+00 -1.264893914284647813e+00
-8.156369477663201195e+00 2.508441377662978145e+00 -1.535162349340236210e+00
-8.236348880032464237e+00 2.426845069698160273e+00 -1.440272865419295334e+00
-7.859806733000333168e+00 2.454452096456808619e+00 -1.575500675273084239e+00
-7.807631782332387971e+00 2.413472315423648595e+00 -1.466083772985149247e+00
-7.999010468895484394e+00 2.960699437249813659e+00 -1.375673727152631587e+00
-6.899661628932396873e+00 2.223970644400694141e+00 -7.767357744123033481e-01
-7.558513106559718864e+00 2.661903038278166100e+00 -1.644304362592967195e+00
-7.408276567776341359e+00 2.472451292763524044e+00 -1.971873671524343452e+00
-7.894439973019771628e+00 2.580129966829878718e+00 -1.398205059334987066e+00
-8.350733522310564538e+00 1.726712535731434794e+00 -1.704815280639539576e+00
-8.005952680105176356e+00 2.477484523116149528e+00 -1.758314149054597042e+00
-8.268117524682470076e+00 2.437738079207155462e+00 -1.483729588720947623e+00
-7.791294639361352914e+00 2.065162936312704201e+00 -1.471572483009323529e+00
-7.836283326852735875e+00 2.137749681452606243e+00 -9.172566166162597900e-01
-8.220140660627210494e+00 2.975619410183890423e+00 -1.594177520442412899e+00
-8.077017608431827256e+00 2.371079547845703850e+00 -1.552532989662117835e+00
-7.874502263214332665e+00 1.830438815742862380e+00 -1.406037268893751468e+00
-7.779559167857000190e+00 2.503868294919287862e+00 -1.417721108772096672e+00
-7.817415231333085579e+00 1.661897770618667280e+00 -1.064429350931087592e+00
-8.028524633150668777e+00 2.774926646367403826e+00 -1.440778952055852047e+00
-7.295834697697974214e+00 2.369009698128638153e+00 -1.522868345379942534e+00
-8.459648781392186123e+00 2.143094437585895129e+00 -1.326111798493314842e+00
-7.413902162156422726e+00 1.592201869720629048e+00 -1.303241552945932469e+00
-7.970251446153026720e+00 2.534490991655692582e+00 -1.538047756649573827e+00
-7.386159131832126690e+00 2.252490115946558014e+00 -1.624308518625730224e+00
-8.035079729723493713e+00 2.692196122037191053e+00 -1.411753511264097316e+00
-6.949316543260169787e+00 2.685284145968573011e+00 -1.317241558165647364e+00
-8.109783897575631784e+00 2.357177219883255681e+00 -1.513365665042991637e+00
-8.051342198749516399e+00 2.430087701071971029e+00 -1.700134589915589967e+00
-8.349812721327220189e+00 1.940188033212827179e+00 -1.084797695119183558e+00
-8.015823894204809008e+00 2.723348178837951217e+00 -2.589044035516194775e+00
-7.295760940453217991e+00 2.657009080902902110e+00 -1.623415555115885978e+00
-8.417208670634444445e+00 1.894760680041866818e+00 -1.218950547950762520e+00
-7.612425688493936526e+00 2.706145349657997023e+00 -1.641455295584178353e+00
-7.606755479010417709e+00 2.608442059854549910e+00 -1.635066787442120528e+00
-7.842116196409850026e+00 2.869768565015850648e+00 -1.584979786181119010e+00
-7.448511145939836098e+00 2.408114838603466090e+00 -1.362416347066460531e+00
-8.229423567419321017e+00 2.128436454514384124e+00 -2.057741857026528454e+00
-7.273133112784066157e+00 1.860209192390985367e+00 -1.846375960879191425e+00
-7.383194628335570719e+00 2.596824044128110742e+00 -1.345325944908555282e+00
-9.067461815633937050e+00 2.087317910454890679e+00 -1.362744747342365059e+00
-7.821984894704540281e+00 2.805029094372777365e+00 -1.564341639323086897e+00
-8.586576778617775574e+00 3.173979343474696346e+00 -1.448253550568106007e+00
-7.359021999097452138e+00 2.403503880548401028e+00 -1.620330279084602143e+00
-7.604654530095533715e+00 2.290523319432254734e+00 -1.466143151721333249e+00
-7.228037984926619863e+00 2.286457387447610401e+00 -1.378671469610775357e+00
-7.989795321781604009e+00 2.533818246898365434e+00 -1.425046599944510106e+00
-7.971921997079498112e+00 2.521710563217232082e+00 -1.401836385673705054e+00
-8.207115037902795507e+00 2.320929887381507850e+00 -7.011897297437518217e-01
-7.799369907511889188e+00 2.376424467118895212e+00 -1.481636118674361180e+00
-7.260866959903718332e+00 2.374444517151185430e+00 -1.628470776878480297e+00
-7.379729254212212375e+00 2.639418304309316454e+00 -1.543932397643845933e+00
-8.117789997262820023e+00 2.423513825256534471e+00 -1.507064216914918209e+00
-8.142311428671499485e+00 2.574914967998422455e+00 -1.053717927797774845e+00
-7.586848973088432757e+00 2.576963789243539082e+00 -1.380668551922409337e+00
-8.181169328657258433e+00 2.041657436458073960e+00 -1.657764242538837252e+00
-8.119333983138494304e+00 2.260913904015494413e+00 -1.237297003230554138e+00
-7.767535482791479318e+00 2.463586597121735444e+00 -1.417478187396414402e+00
-7.702639973276111718e+00 2.445125620437869962e+00 -1.601613318656348373e+00
-7.668544244822532718e+00 1.874063935581748996e+00 -1.249262363497742889e+00
-7.642129092564251103e+00 2.000155282890432762e+00 -1.539826882984564049e+00
-7.666376516752389847e+00 1.850413555832895796e+00 -1.379267927276596417e+00
-7.039251019587258185e+00 3.235043339359970460e+00 -1.434768469736731999e+00
-8.194067473716861727e+00 2.883281847454588931e+00 -1.745359141976635442e+00
-8.593005941251309565e+00 2.868108111902078594e+00 -1.695526423986627673e+00
-8.041728558877656141e+00 1.766256406131431644e+00 -1.864428316586308920e+00
-7.436306738733270194e+00 2.416732461296102308e+00 -1.499131290339094535e+00
-7.335068465559507978e+00 2.789214627758031639e+00 -1.517042467385945947e+00
-7.723079120535730091e+00 2.016317242119218367e+00 -1.435023976970662529e+00
-7.463178801952538244e+00 1.793973116201090123e+00 -1.201398924245375976e+00
-7.139070979990289167e+00 2.188060935054510381e+00 -1.387104425430343513e+00
-7.663553685638956559e+00 2.081335786229995488e+00 -1.490799514611229171e+00
-8.489088227386227814e+00 2.780495901074197640e+00 -1.689939041839676470e+00
-7.442838833822438716e+00 2.651328967468113085e+00 -1.396779079822881187e+00
-7.823081842571367517e+00 1.858733239321754604e+00 -1.257525359226549178e+00
-7.997323812258317233e+00 1.987304114205134864e+00 -1.457658114392002657e+00
-7.453870599772668193e+00 2.356656111940878873e+00 -1.483233394770556490e+00
-7.525678307785057086e+00 2.061537085551377491e+00 -1.376537118994004327e+00
-7.899344320555472088e+00 2.069119153642561937e+00 -1.427355426340135347e+00
-7.495346320745311708e+00 1.964387616312831542e+00 -1.272156281095418118e+00
-7.597978276045293633e+00 2.092629027275357156e+00 -1.534612523112313331e+00
-8.419778336014958953e+00 2.626196749695056010e+00 -1.528245133239098941e+00
-1.349546914372385409e+01 -8.834392677783071690e+01 -7.523885692792182667e-01
-8.824725553866590744e+00 2.780023777122893947e+00 -2.023819139768074038e+00
-8.057346164523245591e+00 2.280989872995900392e+00 -1.807334560521222544e+00
-7.659174942575632805e+00 2.746769052517784360e+00 -1.564483839480061089e+00
-8.265846854623136508e+00 2.261206019235018516e+00 -1.667604833303131917e+00
-7.553136630627059311e+00 2.705295856417089695e+00 -1.545028816474255606e+00
-7.165937488204490613e+00 3.036054790092599820e+00 -2.070971341907900776e+00
-8.038317279693025341e+00 2.054383004335732732e+00 -1.497076690722629388e+00
-7.730834839988641072e+00 2.148220851182120139e+00 -1.547958982231305569e+00
-7.991888302944456512e+00 2.225526882694724318e+00 -1.448641679282791861e+00
-8.240897114200064877e+00 2.549624011993176786e+00 -1.528642834051879618e+00
-8.247186870688173244e+00 2.343172999524319344e+00 -1.434269935443114097e+00
-7.681393917635348956e+00 2.356338358861843840e+00 -1.494754538174074554e+00
-7.292717845518037478e+00 2.196736028869169299e+00 -1.416233081684075579e+00
-7.603881390584504629e+00 2.536694669207347985e+00 -1.333247957004946471e+00
-7.634621062683365267e+00 2.701237235102619483e+00 -1.418412551206026606e+00
-8.180342082958889094e+00 1.705740349823570590e+00 -1.393083795319743023e+00
-8.091001606396424961e+00 2.427606486166069999e+00 -1.848886304446323514e+00
-7.609141593872466913e+00 2.798529217778924938e+00 -1.737610180457452191e+00
-7.866728755395868689e+00 2.458559864173978315e+00 -1.475693116540694350e+00
-7.310909924923665315e+00 2.259627493066239445e+00 -1.399244312040191840e+00
-8.489337355681444208e+00 2.216218488815238530e+00 -1.443915799775232323e+00
-7.540006796639881159e+00 2.211729020436890014e+00 -1.448392636968703684e+00
-7.985221631689873867e+00 2.809901195402602969e+00 -1.257828992355942921e+00
-8.117318707727282145e+00 2.005166842079670886e+00 -1.438104097923735392e+00
-7.622282180929532025e+00 1.745427182710437730e+00 -1.444039136269315016e+00
-7.735071215194112781e+00 2.357157648840554121e+00 -1.542255070656332716e+00
-7.542545453259382526e+00 2.381892677658671520e+00 -1.430113990578572691e+00
-7.769175019022682704e+00 2.145517187929996350e+00 -1.643159755538941225e+00
-8.099193528351005256e+00 3.219586806315623662e+00 -1.469373521328694032e+00
-7.280677964259416157e+00 2.763323425545006540e+00 -1.909711470134338285e+00
-8.760379491187615386e+00 2.336897239449813313e+00 -2.023871237640996412e+00
-7.233286459077480579e+00 2.083316445254297378e+00 -1.615854909138604745e+00
-8.221033208185730246e+00 2.092323720841369195e+00 -1.400045375993188568e+00
-7.160576467655580757e+00 1.899887675878693560e+00 -8.516556725638879666e-01
-7.574003133087908957e+00 1.999705053309972280e+00 -1.429119221190703337e+00
-8.155693091834512742e+00 2.734794560156904364e+00 -1.506403844349054388e+00
-7.493851616932447612e+00 1.852735973888614218e+00 -1.640051706177142465e+00
-7.814422195539614258e+00 1.893582090377920579e+00 -1.504635397123575524e+00
-7.334334917310779467e+00 1.799237022002994291e+00 -1.422942889407345257e+00
-7.288227246203335952e+00 2.426072509988999037e+00 -1.559156604533396218e+00
-7.639767911049137439e+00 2.482490494285530591e+00 -1.882478937413277986e+00
-7.949420936422849415e+00 2.564913866927503339e+00 -9.911578288942520798e-01
-7.524735517206670998e+00 2.570780192851776391e+00 -1.538133781693528546e+00
-8.131221070310022725e+00 2.542904339992857032e+00 -1.170988372394419663e+00
-8.032290971910239108e+00 2.574608837758666890e+00 -1.326372427678777832e+00
-7.976163218121723908e+00 2.185315327370617844e+00 -1.458227762070644751e+00
-7.792198202431375620e+00 1.998605704924979909e+00 -1.147743323031869433e+00
-7.572970193322445809e+00 2.503917995343207803e+00 -1.491283500157011943e+00
-7.825873866948796831e+00 2.560366473719789315e+00 -1.369666119545843941e+00
-7.573859551989418293e+00 2.330911366618764191e+00 -1.319630694666665160e+00
-7.794671459277846104e+00 1.880759452072983784e+00 -1.391163120445549906e+00
-7.809625252886143620e+00 3.297695361963330907e+00 -1.207866543720776509e+00
-8.007246226561264280e+00 2.953951772748853788e+00 -1.608949695581786354e+00
-8.269366343900623306e+00 2.027702842836629937e+00 -1.109137536670034896e+00
-7.589236077725805885e+00 1.974536236303480408e+00 -1.097946368478043722e+00
-7.741626960719591999e+00 1.863436234136410352e+00 -1.413681867461720421e+00
-7.982013386388080889e+00 2.144842958972367875e+00 -1.334473912941858575e+00
-7.792591829372769396e+00 1.981362220095908677e+00 -1.473249043685414428e+00
-6.816466937053477615e+00 1.675728565018061555e+00 -1.170193036727435354e+00
-7.443869342874042339e+00 2.089788336137553326e+00 -1.459480698123710729e+00
-7.076491378729977910e+00 1.649936753565846459e+00 -2.126960440075464476e+00
-7.632141240721214359e+00 1.906811816205336241e+00 -1.388636412540578791e+00
-7.851895649396277932e+00 2.735540743471329694e+00 -1.406185905432374872e+00
-7.530873609418147652e+00 1.733592645214098615e+00 -1.718208262125054064e+00
-8.342499384129999029e+00 2.388630370336902953e+00 -1.491245597143724178e+00
-7.633404234416774514e+00 2.808408506453397901e+00 -1.303942500199263055e+00
-8.036262912206153075e+00 2.039356304558480826e+00 -1.237354241106144670e+00
-7.294924341352682085e+00 2.487704165840117554e+00 -1.303504216532207494e+00
-7.988500408753377080e+00 2.088699131186631419e+00 -1.233742731240070611e+00
-6.943973546597156599e+00 2.688539989267240138e+00 -1.117750009734985284e+00
-7.466228604789493239e+00 2.018588663745630729e+00 -1.726996061081045530e+00
-7.638131314098910885e+00 2.839929636987146289e+00 -1.366797449442475720e+00
-7.953375126474043100e+00 2.112888561164880219e+00 -1.423905797926124928e+00
-7.538023127614126295e+00 2.697349814288933167e+00 -1.458994908330813578e+00
-7.787268402710433080e+00 2.148196375963191240e+00 -1.368778648500569739e+00
-7.437072719837414247e+00 1.994549045106925211e+00 -1.540662479057048451e+00
-7.712661751433840251e+00 2.414453919911831559e+00 -1.577233402405253448e+00
-7.690132365201828080e+00 2.287178108182634784e+00 -1.517856208340723212e+00
-7.796755914921874364e+00 2.622633612901572597e+00 -1.041065217853571312e+00
-7.208758687063315129e+00 2.347825755957807292e+00 -8.952195022592890350e-01
-7.826266160497391766e+00 2.198373411504396024e+00 -1.670301950744838893e+00
-7.824480839470911775e+00 2.146262811664424675e+00 -1.261821002120458779e+00
-7.791141400205701117e+00 2.295606483127724307e+00 -1.585290454319875808e+00
-8.164004266030959300e+00 3.288884708697571657e+00 -1.473100595278701519e+00
-7.312836463599647452e+00 2.197724246110154489e+00 -1.712306890871822862e+00
-7.826201460722098879e+00 2.115563176296018977e+00 -1.480257676721385307e+00
-7.489547641156476310e+00 2.303135291249619243e+00 -1.757704980138342643e+00
-7.947531677977862863e+00 2.066449182629672698e+00 -1.379161164776999682e+00
-7.747671469369993069e+00 2.425881382664425434e+00 -1.501948803438115876e+00
-8.377474883001941208e+00 2.513132581455737924e+00 -1.528979889847625007e+00
-7.910767703473049473e+00 2.924610312693949332e+00 -1.359719929830240259e+00
-7.675061977413952796e+00 2.836237655894833676e+00 -1.512214373454696448e+00
-7.884626115733232687e+00 2.067329966642857730e+00 -1.522921763755496594e+00
-7.558976757856791018e+00 2.506037147429617029e+00 -1.872113609407140444e+00
-8.119078146506572224e+00 2.569971402618935308e+00 -1.449716358598433397e+00
-7.219287568982800884e+00 2.291652581430189795e+00 -1.482377516462917377e+00
-7.632562551912209337e+00 2.420777544673277770e+00 -1.395012978555562055e+00
-7.424407440223064647e+00 2.104313890697441458e+00 -1.607927598441145634e+00
-8.051554080521800216e+00 1.986991427477856842e+00 -1.262889686333606543e+00
-7.434756080699800762e+00 2.500545549398386136e+00 -1.601471912195208347e+00
-7.605288470107095300e+00 1.767344894001796174e+00 -1.586869069572298452e+00
-7.832840301487357770e+00 2.621321073440190830e+00 -1.753828628072032991e+00
-8.511189942155880317e+00 2.488707751450757844e+00 -1.455333716866422877e+00
-7.133476883036564686e+00 2.394117280893830468e+00 -8.471049245669789451e-01
-7.535067323437337983e+00 2.738045478139863764e+00 -1.572911977138540918e+00
-8.144567436011019623e+00 2.592728730653710567e+00 -1.610549458324714411e+00
-8.003411403101180710e+00 2.442620923063588911e+00 -1.387569103199580045e+00
-8.278858484157936459e+00 2.032710437094019440e+00 -1.317654992879050857e+00
-7.998952755472583220e+00 2.302910717980537036e+00 -1.746597885095480196e+00
-8.142277357410504735e+00 2.179099548015878796e+00 -1.465012805601160872e+00
-7.603341849563321375e+00 1.918925463189624203e+00 -1.544792897093195450e+00
-7.339683850931014497e+00 2.191204314541296050e+00 -1.326197534111817955e+00
-8.092628244307196184e+00 2.130822940205321370e+00 -1.759231576899879634e+00
-6.647525435436133279e+00 1.950079774397590615e+00 -1.807217983463262900e+00
-7.939413338613561244e+00 1.986725810300332462e+00 -1.386996721617630879e+00
-7.429256488469594188e+00 3.285613116229628261e+00 -2.086193939767282846e+00
-8.182056252200489155e+00 2.494788608157031184e+00 -1.513312842399642033e+00
-7.382388985078708110e+00 2.546015540512085007e+00 -1.305724852876659625e+00
-7.539884030516648572e+00 1.854971742316802841e+00 -1.806014198340683885e+00
-7.762977151925241515e+00 2.212590323312212170e+00 -2.143809853081317662e+00
-8.247500000786278207e+00 2.944239851721113688e+00 -1.461716725710193510e+00
-8.090970667597401800e+00 2.743200658202308073e+00 -1.757633507950911333e+00
-7.206081085098983152e+00 2.437943493691847596e+00 -1.420724323462658756e+00
-7.956249631239690423e+00 1.976816692777204176e+00 -1.426429013927244194e+00
-4.747123854445015390e+00 1.061819600235136960e+02 -4.083708600627724561e-01
