-4.711102421127159268e+00 1.397964704061723129e+00 -1.451466748698181597e+00
-4.440973229498347941e+00 7.305592936899875101e-01 -1.098496667646173819e+00
-4.361470163199475891e+00 2.027146597678026296e+00 -7.648219608053913321e-01
-4.991973040555778063e+00 1.375053590772766787e+00 -1.412362653789687617e+00
-5.245214021606925847e+00 1.197828237748907121e+00 -1.537231830541980537e+00
-5.100729709636996567e+00 8.732672929329273748e-01 -1.246627421800036162e+00
-4.374026389837141870e+00 1.321377989979623635e+00 -1.258492817998350555e+00
-4.727870550593892496e+00 9.350771819860583811e-01 -1.041259092390248497e+00
-4.796673749946943843e+00 1.609453982419793761e+00 -1.261217035132041975e+00
-4.671315653973707072e+00 1.093921742775313399e+00 -1.362552995228897057e+00
-4.316742352811302474e+00 1.497871991466926067e+00 -1.249734308120046711e+00
-5.553428820620716522e+00 7.179033482147471057e-01 -9.406058630504301465e-01
-5.011143066142195401e+00 8.475817912239653751e-01 -1.207424675989446472e+00
-5.068639834546790901e+00 1.227498738522651012e+00 -1.213019940030912069e+00
-4.345523365334375221e+00 1.171333783243414750e+00 -1.409735415905212230e+00
-4.719532088606663400e+00 6.567708077657792298e-01 -1.344895045517169319e+00
-5.175185466238841236e+00 7.639662147962384964e-01 -6.059474472507250242e-01
-4.392923949916092141e+00 1.807388612615256296e+00 -1.361894231693695945e+00
-4.856979504138404735e+00 1.230790271239406763e+00 -1.476155443473342599e+00
-4.874442787296237256e+00 1.611987483627736806e+00 -1.286677077450060436e+00
-4.243474315706288635e+00 1.314496621117777986e+00 -1.401145269826907791e+00
-4.423747641764175675e+00 1.473784227879123776e+00 -6.457618301168955854e-01
-4.685516814962082499e+00 9.350361743289339334e-01 -1.366014383477026639e+00
-5.134330824730086285e+00 9.662303971988316365e-01 -1.221996699954918997e+00
-5.256477757837432208e+00 1.246779707786345837e+00 -1.413150307249741111e+00
-4.570897850410656105e+00 1.102616186512966001e+00 -1.259457209872271166e+00
-4.467790067923997910e+00 1.297781719269143430e+00 -1.344623271001474496e+00
-5.178638105334753661e+00 2.031839437700926343e+00 -1.069407870943529959e+00
-4.875703529202678688e+00 7.751343260004349700e-01 -1.264208488615500059e+00
-4.982156722898531953e+00 1.039647343476493901e+00 -1.502430509581641260e+00
-4.480814922873419093e+00 6.743066986641246263e-01 -1.230056476612610306e+00
-5.068325986932883609e+00 1.439725327341897065e+00 -2.028303162150280503e+00
-4.774958578974686674e+00 1.572101854305958391e+00 -1.219291571490788373e+00
-5.065802887903858576e+00 1.551251412170060906e+00 -1.243491821068620551e+00
-5.528948912699949148e+00 1.589210759128917072e+00 -1.208915934884795318e+00
-4.509896758063182354e+00 1.606566812691481383e+00 -1.271424137764097351e+00
-4.663080544309869069e+00 1.151245118790484190e+00 -1.251583273283763065e+00
-5.132196839437291658e+00 1.128641095745183121e+00 -1.144120953751607717e+00
-5.189343208582337219e+00 8.570228051849420048e-01 -1.138594061137602420e+00
-4.761506598399171786e+00 1.583482022681909518e+00 -1.574836237593473021e+00
-5.072210232604932756e+00 1.231972057664555420e+00 -1.042483401283371025e+00
-4.962633987192504037e+00 8.808314908848319247e-01 -1.329145216756524972e+00
-4.790985353049236117e+00 1.656328989292229492e+00 -9.960328973579534173e-01
-4.340827900705986231e+00 9.915184564580543647e-01 -1.280336894111958168e+00
-4.411648975765578129e+00 1.667821889479090380e+00 -1.489213113975189406e+00
-5.058482628903542277e+00 1.601123850074026356e+00 -1.589885172038396632e+00
-5.061908715089981747e+00 5.852310905798397966e-01 -8.048612604759053379e-01
-4.539818751682231479e+00 1.746793655868012385e+00 -1.260133420617091327e+00
-4.531322786447580242e+00 1.252517654398215052e+00 -1.232965953140991111e+00
-4.348103541001185235e+00 1.562361126169313774e+00 -9.759126199432057724e-01
-4.679433544859364247e+00 1.253315301769848178e+00 -8.042392206387919407e-01
-4.975610616571118250e+00 1.240423947216219958e+00 -1.328254249735373538e+00
-4.137623245569265862e+00 6.262970184672488339e-01 -1.521169873889328228e+00
-4.471557826911225497e+00 1.730946299608566941e+00 -1.344719151466271967e+00
-4.847034834129621217e+00 1.002420510099892192e+00 -1.914062266846361826e+00
-4.619023369591482187e+00 1.127272844643129490e+00 -1.331402021816594949e+00
-4.691193598756141725e+00 7.882466413659342530e-01 -1.140384272424432854e+00
-4.556067021035687503e+00 9.886962001840531311e-01 -1.291682850584339404e+00
-4.187302258746916195e+00 3.720216459961093181e-01 -7.113881817032815524e-01
-4.791176435575963843e+00 9.849856054720022014e-01 -1.568469215799484617e+00
-5.024724329535712464e+00 7.978315024795823440e-01 -9.694675472167910701e-01
-4.747748310719456910e+00 7.470067915799091240e-01 -1.055304057128791717e+00
-5.460733829399210926e+00 8.130038632580313118e-01 -1.002425039736682733e+00
-4.732865841648803418e+00 1.254009168491843740e+00 -1.213538312122458773e+00
-4.652966526314199491e+00 1.584276370858484606e+00 -1.213722629094828864e+00
-4.924239980389991445e+00 1.250692874730173099e+00 -1.184788458131471822e+00
-4.691880290430662015e+00 1.427926080208736348e+00 -1.380444454508762187e+00
-4.746524131801964863e+00 1.168007192790116333e+00 -1.194010477635630618e+00
-4.531061156345424834e+00 1.525469274411761722e+00 -1.105808866766956777e+00
-5.921219387451555960e+00 1.748347242785270650e+00 -1.662684977704199429e+00
-4.832030602957897436e+00 1.211212433723381166e+00 -1.479936021410167335e+00
-4.484816060423063355e+00 1.203253548065774448e+00 -1.302187607356033894e+00
-4.914258461625926167e+00 1.139811499213923662e+00 -1.264691323490611641e+00
-4.880183599309169118e+00 1.112198599913587715e+00 -1.140103764186936264e+00
-5.182603326717990733e+00 7.396364272691605679e-01 -1.376732012450445630e+00
-4.461636994680709734e+00 8.572531812784850436e-01 -1.390689766329835431e+00
-4.027128739636423482e+00 1.704054021662253282e+00 -1.246763108726546276e+00
-4.805413522616094113e+00 8.584989799275745126e-01 -1.580775174715831177e+00
-4.734150179993876328e+00 1.246171940473158379e+00 -1.322884302783781774e+00
-4.387258744584471515e+00 1.456945913337079235e+00 -1.229774542997416731e+00
-4.666061362099058307e+00 1.162297353192276228e+00 -1.385421492409570021e+00
-4.937120702103545256e+00 6.256617717689471059e-01 -1.546482281238996226e+00
-4.550442490380494753e+00 1.273991967226241195e+00 -1.005794473507442222e+00
-4.205851135322127732e+00 1.877471281809990566e+00 -1.349581572240142302e+00
-5.163745843394280222e+00 1.111846584566420493e+00 -1.353188113130789016e+00
-4.878458726868704964e+00 8.038565222303570845e-01 -1.184234426233396142e+00
-4.598077084179704066e+00 1.621787975034185481e+00 -1.435420593065240613e+00
-4.963032317888514733e+00 1.181654933876576941e+00 -9.616373906437021279e-01
-4.322429404321713520e+00 1.012307355860147418e+00 -1.159204156916833206e+00
-4.950669546730521731e+00 9.412258520687930563e-01 -1.371613745919777250e+00
-4.722078009405632493e+00 1.472551563699595389e+00 -9.909719649699717525e-01
-5.067916914755846491e+00 9.487644793440932478e-01 -1.086217261456382310e+00
-5.044367186800571723e+00 1.619375493342659622e+00 -5.963714162314002198e-01
-4.957941764842758836e+00 8.534121787382831226e-01 -1.052474340685693122e+00
-5.166862252578634518e+00 1.157785576689425833e+00 -1.090731513164896693e+00
-4.915304224942723899e+00 1.688045042684843011e+00 -1.314786130637508377e+00
-4.080842533633195934e+00 6.439887867853478776e-01 -3.510656965246374828e-01
-4.767305495077070354e+00 1.212486025014688273e+00 -1.031095959478758761e+00
-4.771608517558989959e+00 1.630680110314165043e+00 -1.093204661949752188e+00
-4.326184108921078852e+00 1.637413606972425217e+00 -1.292179013459665349e+00
-4.419478157319239209e+00 1.250773552446842629e+00 -1.402344049919363789e+00
-5.346118496831787859e+00 1.444319961986421763e+00 -1.399512573296925799e+00
-5.481971888057480591e+00 1.791067831554722156e+00 -1.243951658202894217e+00
-4.593027840126842065e+00 1.255476279186927169e+00 -1.363261994073117434e+00
-4.574704736278987660e+00 1.082581459596107187e+00 -1.338216273267793133e+00
-5.027733202271551960e+00 8.876195568864342356e-01 -1.234777433389055989e+00
-4.788178917659132061e+00 1.049251640139718944e+00 -1.438957718213655035e+00
-4.427127526962524762e+00 1.233084735830205059e+00 -1.126326971661570919e+00
-4.281605820464021050e+00 1.542357860193874108e+00 -1.385594004093247067e+00
-4.526318791309111411e+00 9.532836336190201321e-01 -1.174627327961886181e+00
-5.014968489288295750e+00 1.270359442672057693e+00 -1.167386235475449174e+00
-4.539725477285895039e+00 1.036152672924580020e+00 -1.341740055741186710e+00
-5.367644583544632475e+00 9.930828054101452640e-01 -1.156286937179002550e+00
-5.104277150372688254e+00 2.294993331446164575e+00 -1.594328622441063104e+00
-4.446635534244083310e+00 8.959819403254265513e-01 -7.375508702723149179e-01
-5.178753074859356431e+00 1.108536381446702856e+00 -1.330216870705880350e+00
-4.681330099952992541e+00 1.062670455734229469e+00 -1.263963764205122908e+00
-4.558176692374107830e+00 5.929178561801610181e-01 -1.214534284873803438e+00
-5.780365574712626575e+00 1.816173793722528629e+00 -1.007117309126154936e+00
-4.685538648375570325e+00 8.247556122076373786e-01 -1.183236964331779939e+00
-4.922048543491359673e+00 1.047912259145284075e+00 -1.237289721645646878e+00
-4.511215239063385063e+00 1.101308130160707721e+00 -1.492454658293131731e+00
-3.997780925070091307e+00 1.436489280011977954e+00 -1.305463401252654920e+00
-5.103173772468521108e+00 1.163368576721041991e+00 -1.421720418435504119e+00
-2.086550307917309866e+01 5.088004138740028282e+01 -3.091649241597513864e-01
-4.199378273536712669e+00 1.732639895450700518e+00 -1.034880905410808793e+00
-4.706519530005008889e+00 1.029216890030006937e+00 -1.149194842140472739e+00
-4.465499279204149907e+00 1.146092527008192974e+00 -8.937243680023982950e-01
-5.276531351516053903e+00 1.401861396060702036e+00 -1.241570359314212446e+00
-4.371544861817311833e+00 1.473098658864862687e+00 -1.383519146452997672e+00
-4.753814598536410863e+00 1.565334727820722582e+00 -1.528806231081353273e+00
-4.774075421012650366e+00 1.518401277017798590e+00 -1.338270469438167742e+00
-4.361861433248707343e+00 1.072119692412504710e+00 -1.597990412842526409e+00
-4.515052683010755352e+00 1.245847294010215656e+00 -1.272055322574422886e+00
-4.707099396641481803e+00 8.175959511605821461e-01 -1.320036114496630608e+00
-5.249436948412671278e+00 2.457041623633645089e-01 -7.285500145900729585e-01
-4.528192488178480524e+00 1.116698341181390219e+00 -1.580737011742081144e+00
-4.179446404567635831e+00 1.276820253183424736e+00 -1.464426279589966073e+00
-5.313779082030971601e+00 2.749523457726021358e-01 -1.213363207421253920e+00
-5.075720479416508724e+00 8.602420033636567487e-01 -1.429642155601723585e+00
-4.928724761879164085e+00 1.389172699071606898e+00 -1.176629258025983171e+00
-4.303051973272013164e+00 1.055750935904737231e+00 -9.582592290023889126e-01
-5.199555503657570910e+00 1.445031589685908502e+00 -1.333849869203326932e+00
-5.274675087326945899e+00 1.006680993227655696e+00 -1.206348438782420152e+00
-4.733092378695118896e+00 6.041757425924193514e-01 -1.169314516437827134e+00
-4.682040293025262478e+00 1.063469784240596239e+00 -1.473125312451160962e+00
-4.862658105940643516e+00 1.125383652105584442e+00 -1.222140309150754778e+00
-4.927514366165945070e+00 1.619341647479534130e+00 -1.511849372344487241e+00
-4.491554090537281496e+00 8.770273437307561926e-01 -1.014885503222715091e+00
-4.600969541580975708e+00 1.561246396646920775e+00 -1.580414709213989299e+00
-4.519443321215639742e+00 7.298153263856939077e-01 -1.196669473291038344e+00
-4.971981900409033983e+00 1.309225365294329757e+00 -1.252972715773395418e+00
-4.188994982076887474e+00 1.301948235274041465e+00 -1.358219278544445130e+00
-4.659060978953717402e+00 1.065523241502407847e+00 -1.639474701975464743e+00
-4.524769406738022859e+00 1.583087582603575072e+00 -1.373361517915836938e+00
-5.132290446161632325e+00 1.598614841910302786e+00 -1.142056201763651302e+00
-4.773944621817494571e+00 9.706383088781989077e-01 -1.350732573014534088e+00
-4.818874746235814577e+00 9.819205880718945290e-01 -1.661940297550820844e+00
-5.841228343656727162e+00 8.295357662448442637e-01 -1.708663422442973534e+00
-4.889831051024149389e+00 1.434114737389154293e+00 -1.288017438800407310e+00
-4.565904125641872646e+00 1.432696417702333802e+00 -1.249573928510988141e+00
-4.911513334290558142e+00 1.011400760037094670e+00 -1.024823603302019936e+00
-5.116093274655239220e+00 8.710052327963045959e-01 -1.520136139724846291e+00
-5.121688046314909037e+00 1.069365108578633095e+00 -1.262258262566359868e+00
-4.669635937084334998e+00 6.498090544259660373e-01 -1.204556783671682618e+00
-4.239055212662458771e+00 9.617826746509895441e-01 -1.296531776851118867e+00
-4.598897400321273032e+00 1.119224048902909274e+00 -1.208329091009729517e+00
-4.596548303418905412e+00 6.861784434605034955e-01 -1.358076119712317453e+00
-5.117184192824566935e+00 7.533118596905931386e-02 -9.827947543466574176e-01
-4.873951491659456181e+00 6.689615486634425956e-01 -1.249962133765774475e+00
-4.374659782377203321e+00 7.130887365087140717e-01 -1.221855280599181137e+00
-4.904277999937496801e+00 1.040421205405719141e+00 -1.379173246360170690e+00
-5.093831989267878946e+00 1.367316048560645703e+00 -1.318319276422844633e+00
-4.509028962547716013e+00 8.562232545898847969e-01 -1.498225767988914825e+00
-5.334571678939697748e+00 1.435146574711459788e+00 -8.339845840369108920e-01
-4.599664693721691400e+00 1.451316427538791531e+00 -1.430594335481180535e+00
-5.135367165773117470e+00 1.141668566595153811e+00 -1.226648748882497530e+00
-4.619073895262689078e+00 9.317324921533125526e-01 -9.133897220991082921e-01
-5.051232660594322965e+00 1.427562689313137678e+00 -1.567345758642684661e+00
-4.768458173932530464e+00 1.301700973657358373e+00 -1.168685637375398878e+00
-4.566434060678487228e+00 7.653124509914545071e-01 -1.405730305415249015e+00
-4.921683828881081801e+00 9.893633953311674611e-01 -1.386995780203956530e+00
-4.939141829850718146e+00 6.779901934724995582e-01 -1.331083100934708163e+00
-4.437086300229170277e+00 8.576196551550633318e-01 -1.337779980516579315e+00
-4.512998575404415291e+00 1.426565126574436571e+00 -1.399903703562109580e+00
-4.882011526201600837e+00 1.218916815727141501e+00 -1.286763240951448672e+00
-4.425335086319193145e+00 1.538885008114091901e+00 -9.744516630278896585e-01
-4.683539420298624911e+00 1.210517286152880789e+00 -1.416890776725529211e+00
-4.431619799746090216e+00 6.437505843765396474e-01 -1.288687186179776178e+00
-5.172229067743822739e+00 1.267708004204373795e+00 -1.380369415982943826e+00
-4.557992206911161581e+00 2.113457171636605736e+00 -1.798260074865019043e+00
-4.844724852877200227e+00 1.560267644305752155e+00 -1.094598067127766861e+00
-4.915176579033659898e+00 1.428288762079197305e+00 -1.859587053737741247e+00
-4.528853429943124453e+00 1.630170444535637531e+00 -1.479885966667674913e+00
-5.152097178965377999e+00 2.434519953322603625e-01 -1.402745986307930348e+00
-4.910541585096796169e+00 1.981607434563511072e+00 -1.359295629140669481e+00
-5.722482168748551423e+00 2.450846021358664473e+00 -1.611992673326730463e+00
-5.065230353969708332e+00 1.371324215261916502e+00 -1.185928059820739788e+00
-4.828035479231847837e+00 5.449096283402328211e-01 -1.166557568160659697e+00
-5.305954691058016870e+00 1.001259489401726155e+00 -1.206498314947885175e+00
-4.628986566646519307e+00 1.338374927461683184e+00 -1.602640527036867546e+00
-4.262222417623465986e+00 1.084115748926239853e+00 -1.033004138524630244e+00
-5.046174041308255198e+00 1.069645811668568758e+00 -1.324970766063882754e+00
-4.900793677596259279e+00 -1.176831709112989566e-01 -1.733902708490799638e+00
-4.202474372755115262e+00 1.171957289560868309e+00 -1.422110461971128892e+00
-4.668233450384717820e+00 1.238021156775961584e+00 -1.402452332981320104e+00
-4.460533912671786005e+00 6.289987276142654515e-01 -1.250896065261847490e+00
-4.844633205318922720e+00 1.572598775688570205e+00 -1.316008288244824964e+00
-4.910630120789453379e+00 1.566527009259786940e+00 -1.042628819010700036e+00
-5.235383610854512426e+00 1.361838596523618383e+00 -1.335960817142959778e+00
-4.574908702725646314e+00 1.323403362732554323e+00 -4.808332010544301149e-01
-3.904898722320660820e+00 6.192469123084926030e-01 -1.107978375431687423e+00
-4.776853029556019870e+00 7.924098950967130017e-01 -9.139155282269724179e-01
-4.298264442307285549e+00 1.073379851057139955e+00 -1.364027108786804998e+00
-4.356562626456717879e+00 4.021908708378835184e-01 -1.586720698955708553e+00
-4.981066634079200917e+00 1.348456608214920749e+00 -8.930465975945370838e-01
-3.966811848760807724e+00 1.185763962648733294e+00 -1.218615919024941263e+00
-4.943132367910685332e+00 5.561081391621195413e-01 -1.193288323048147026e+00
-5.024292842127165315e+00 8.212407793715080784e-01 -1.163190029003654757e+00
-4.538812935370841295e+00 1.489542342102761818e+00 -1.222476899479385759e+00
-5.615071919083635343e+00 3.727078092439329304e-01 -8.149038352364311733e-01
-4.678656100756082736e+00 1.261570047324561239e+00 -1.369342149104004536e+00
-4.371424078712756511e+00 1.339426676698896701e+00 -1.235908371095251868e+00
-4.752150755821162420e+00 1.571709948865136930e+00 -1.229003786959117495e+00
-5.583740547339975713e+00 1.596116422448550898e+00 -1.568438210139223798e+00
-4.404237162221807722e+00 6.662663821974732503e-01 -1.733563254208702331e-01
-4.650804273383135623e+00 1.030711124213031127e+00 -1.613300819777000017e+00
-4.370223137751392706e+00 8.442281932944483147e-01 -1.320833888249548949e+00
-4.613914243199990217e+00 1.069294412783912129e+00 -1.340076755937575026e+00
-4.572752166310785071e+00 1.260580011744546480e+00 -1.278428788362423907e+00
-4.466699707115298068e+00 1.292204725194669557e+00 -8.260637324355146749e-01
-5.147334639148299473e+00 9.189866038911567170e-01 -1.304700029262224392e+00
-5.065437935283378934e+00 1.408425837929110136e+00 -1.317413388779909100e+00
-5.073715410262453318e+00 8.807799881796628538e-01 -1.151602423480576176e+00
-4.354694398371191433e+00 8.415407162128002438e-01 -1.323874945378215040e+00
-4.816957655585543563e+00 1.395480724732572675e+00 -8.652275783642715545e-01
-4.819018611453572021e+00 1.632705707602087219e+00 -1.523548893458546605e+00
-5.140872324838998253e+00 5.266700930467549391e-01 -9.726518841123920067e-01
-4.371876425143943479e+00 7.241529238156892978e-01 -1.633088165536485725e+00
-5.356213495201274100e+00 1.537136419312956415e+00 -1.309242763089561556e+00
-5.083546688287341020e+00 1.650795230414572101e+00 -1.320486722095502108e+00
-5.134547756150112718e+00 1.165510788303564249e+00 -1.337025083397546776e+00
-5.065617539108114187e+00 7.345168734893221529e-01 -1.231767969871946811e+00
-3.729680449410501808e+00 1.103457579156052804e+00 -8.660926566863600407e-01
-4.039185119375942712e+00 6.668506080484387644e-01 -1.458230651157539137e+00
-4.799585442308996974e+00 6.006343071509747666e-01 -1.373861011397339071e+00
-4.936773708825776374e+00 9.211714338899886778e-01 -1.515371637385328984e+00
-4.723817923358627269e+00 1.771733140950899621e+00 -1.363728384078465528e+00
-5.065391762898200589e+00 2.290834597375890347e+00 -8.990358567610629015e-01
-1.776304262095952780e+01 1.195071668238533391e+01 3.986434790073767331e-03
-4.470772800867796271e+00 1.273066414674400182e+00 -1.169470087162418848e+00
-4.657063237476925188e+00 7.769686806147703129e-01 -1.270603498703032574e+00
-4.853669674370831189e+00 1.460763353701966638e+00 -1.511245856706532109e+00
-4.635203180380993437e+00 1.270039984885072970e+00 -1.333624754710651228e+00
-5.189091356422071755e+00 1.689562331440601861e+00 -6.581735359971176980e-01
-4.608866438823984168e+00 1.011974370433120995e+00 -1.082447981332466780e+00
-4.335472120372577010e+00 9.803507888826987760e-01 -1.491836724399177028e+00
-5.041491121359877425e+00 8.907852929218016413e-01 -1.335647881972853224e+00
-4.515124274154190154e+00 1.554015628056396148e+00 -1.432174093973704210e+00
-4.077391194645716865e+00 8.320152764822938973e-01 -6.612670044009177905e-01
-5.105567982807901473e+00 1.148947268067217031e+00 -1.175422063971982123e+00
-4.306253613921537493e+00 7.781906001960304797e-01 -1.439760385734347725e+00
-4.877062620840981744e+00 9.257342956473254558e-01 -1.467217108370102663e+00
-5.621746877588043034e+00 1.524875744773895203e+00 -9.940596915251442844e-01
-4.661845891466582792e+00 1.325733859531776027e+00 -1.387749916999108546e+00
-5.156726212252738861e+00 1.117963654709622556e+00 -1.499186099447812559e+00
-4.452990594650396261e+00 1.506621592388623032e+00 -1.447192597884153109e+00
-4.291307997282014952e+00 2.112017692771363531e-01 -1.188980439693563707e+00
-4.920705082005114583e+00 9.702203525155382868e-01 -1.147089995828746378e+00
-3.902022006684844779e+00 8.772712319904421019e-01 -1.876279182715484550e-01
-4.857349250411054697e+00 1.189546246873528057e+00 -1.364559861458939372e+00
-4.430744654561314277e+00 1.544178063475333484e+00 -1.480082499191336831e+00
-4.464089654926186590e+00 9.337944674185952865e-01 -1.237035130507786462e+00
-4.694366219040499111e+00 1.655669656553544478e+00 -1.306395885498109033e+00
-4.380747584640162451e+00 1.481757675434809185e+00 -1.297670276095943098e+00
-4.368012492354742982e+00 1.564659369961418189e+00 -1.510019529282362383e+00
-4.655798893145697726e+00 1.133519562223838539e+00 -1.301782046993607667e+00
-5.153473333455939276e+00 9.616523973269187620e-01 -1.269753919280469656e+00
-4.252279966509321163e+00 2.431908159880543860e-02 -1.280640457853005731e+00
-4.243039281566668208e+00 3.780754659381378446e-01 -1.909423240578212111e+00
-4.771920953358007367e+00 1.411525894136110848e+00 -1.201042146114421838e+00
-4.309866571306263161e+00 1.679636525404226921e+00 -1.374835952294710451e+00
-4.446155734979074126e+00 1.226675097014159110e+00 -1.238278505358776815e+00
-5.053326263852869538e+00 1.314455242974207128e+00 -1.159822500154752634e+00
-4.752050893398231501e+00 1.231073268290432621e+00 -1.300984650986501512e+00
-5.212558317229801119e+00 1.686468464346335683e+00 -9.069424779037529305e-01
-4.914174574217269331e+00 9.153503514004402986e-01 -1.151464710258595314e+00
-5.295620126444694264e+00 1.349604677243879891e+00 -7.650566889512054880e-01
-4.660439941927526419e+00 1.583471954370075707e+00 -1.258729115619447336e+00
-5.519388948639533332e+00 1.161355002915656742e+00 -1.212199082087815905e+00
-4.631230057009139145e+00 1.875668594431858960e+00 -1.534448445911969383e+00
-4.454549396280841123e+00 7.504233435483553816e-01 -1.094435720352014751e+00
-4.671784640735431537e+00 1.539371110373286999e+00 -1.393638414224015465e+00
-4.921248912983792856e+00 4.080853822684895604e-01 -1.722216012003404462e+00
-5.674811639714813616e+00 1.234007701846649097e+00 -1.438574281906551899e+00
-4.424473806167592116e+00 1.029791482992978624e+00 -1.355632527258119335e+00
-5.443850944781195800e+00 7.319568924292092493e-01 -9.081970698268864162e-01
-4.377596775816523511e+00 1.097624809620491471e+00 -1.348854158229221278e+00
-5.649171213780193490e+00 1.749730890065998246e+00 -1.230713318531715839e+00
-5.043171566022728314e+00 1.006402937525392005e+00 -1.229660821749503086e+00
-5.142818333161876865e+00 1.476313924866059724e+00 -1.362811468335730192e+00
-4.595698334933408624e+00 1.524454558723403963e+00 -1.324010991697178952e+00
-4.583932994515641290e+00 1.451314095846096164e+00 -2.174765237835701193e+00
-4.875252132576670228e+00 1.057404918467389709e+00 -1.462757776811693056e+00
-4.643705388631422792e+00 1.491602178784577681e+00 -1.404783589425755652e+00
-4.481286624374973826e+00 1.490311135875345139e+00 -8.509088467968783931e-01
-4.996287971582166421e+00 1.151827841556589682e+00 -1.138256752591326526e+00
-4.858819462912002507e+00 1.613699740078937017e+00 -1.087171408467882738e+00
-5.156852694157653794e+00 1.018290608379678108e+00 -1.443984718598344985e+00
-4.412602664287703647e+00 1.586334424436834256e+00 -1.408860410238239158e+00
-4.834057541882340381e+00 1.748367090206052410e+00 -1.003096774004651470e+00
-4.780161460101999715e+00 9.020832155317408674e-01 -1.173923250114153882e+00
-4.174410049405474332e+00 1.188647254511107976e+00 -1.228205030675838749e+00
-4.512388389289425206e+00 1.362183207272895880e+00 -1.797546199289521418e+00
-5.306064215367312542e+00 6.775803940853427632e-01 -1.279917788891948405e+00
-4.521894953497235470e+00 1.782889029637951595e+00 -1.542889035693711275e+00
-4.640322408393615206e+00 1.735932199113848551e+00 -1.667105457121076828e+00
-4.280415198690004530e+00 1.093327657752297233e+00 -1.089519972690773386e+00
-5.027553462382878813e+00 1.382532757543237123e+00 -1.869859601020091411e+00
-5.580577219644048625e+00 6.179428685948531452e-01 -1.005542064861558726e+00
-4.509022910731270706e+00 1.396208222938167820e+00 -1.340095893005300631e+00
-4.485689376653546390e+00 5.979295950568827012e-01 -1.489500425257757499e+00
-4.466205347120219216e+00 1.281680988720317993e+00 -2.162240007668079667e+00
-5.238784355762256872e+00 1.175664948869886928e+00 -1.366442751066038852e+00
-4.761988836111472168e+00 1.549172012695071654e+00 -1.365189624348238651e+00
-4.830113626596376442e+00 9.888386392667136704e-01 -1.033279254840648198e+00
-5.459013372657537388e+00 1.356916798439275595e+00 -1.016932951457324652e+00
-4.889002449103838188e+00 1.009539754656258337e+00 -1.666760449957515267e+00
-4.436361823003147187e+00 1.337179078881721939e+00 -1.106802629634482615e+00
-4.386647557698711175e+00 1.498196521424802530e+00 -1.205796359237240267e+00
-4.559510867167173132e+00 1.251792324109876731e+00 -1.306768131350045214e+00
-4.655982042537546661e+00 6.001587751425661033e-01 -1.398041586723442142e+00
-4.379287897469964719e+00 1.740153498275181621e+00 -1.653342182169912356e+00
-4.498681776736874305e+00 1.082753081248576388e+00 -1.141479790997599775e+00
-5.026501221695079735e+00 1.674330906086390014e+00 -1.187244938399288685e+00
-5.576169360189351387e+00 2.682093812707806446e-01 -8.375660962018718347e-01
-4.940705765189348675e+00 1.342335040665839863e+00 -1.546774488133296543e+00
-4.718155065091446332e+00 8.495647232683645189e-01 -1.096213052129568988e+00
-3.850414395390374001e+00 1.731541954684095330e+00 -1.778513823367780411e+00
-4.695068539586581657e+00 1.271351519105698991e+00 -1.187204469139063079e+00
-5.156141794462619110e+00 8.549673392066926558e-01 -1.344760483195707623e+00
-4.318271640613608575e+00 1.049224544178025464e+00 -1.361289373621051180e+00
-5.016009103447227169e+00 1.007279073916343082e+00 -9.766380954253648383e-01
-5.087306874724451866e+00 9.296625894046335326e-01 -1.597176977279848087e+00
-5.013991874829507367e+00 8.201156867518539784e-01 -1.421034371755263592e+00
-4.467107551116850317e+00 1.717403962876216772e+00 -9.083161450856820363e-01
-4.483501259833064800e+00 1.571708656975402629e+00 -1.806116815256528563e+00
-4.458610153430387690e+00 8.475314930486639309e-01 -1.276048606866299506e+00
-4.653054124341660547e+00 1.003192530505964797e+00 -1.417727501295611203e+00
-5.003419586307225941e+00 9.100483130014369593e-01 -1.102488837677578548e+00
-5.056968041126670421e+00 1.064668396739282041e+00 -1.238725532191497836e+00
-4.140558672794384165e+00 1.173712280309946898e+00 -1.229687370965898863e+00
-4.725280038190655674e+00 1.005819026301260077e+00 -1.446964009214868341e+00
-4.976784432326668117e+00 1.050484672661098573e+00 -1.437109852340684002e+00
-4.588208206033136172e+00 3.978138916551304249e-01 -1.181499438823052195e+00
-4.402505205041393310e+00 1.420276236980126061e+00 -1.356130184783746806e+00
-4.611809316733610054e+00 1.485478100926681810e-01 -8.594966887760523422e-01
-5.038319810503667284e+00 1.629395343008269048e+00 -1.234101556663183219e+00
-4.695235897680309911e+00 9.184179738980378094e-01 -1.369766078940835463e+00
-4.595549351810540806e+00 1.249929442906464239e+00 -2.246158980689863860e+00
-5.172127106021898513e+00 1.449357618389329305e+00 -1.257062389763559995e+00
-4.629609026959241369e+00 1.112586992209240844e+00 -1.397412334779068788e+00
-4.815880165187867767e+00 3.731566851152838260e-01 -4.102730395581646317e-01
-4.917122482639655345e+00 1.255546866087093871e+00 -1.185599515833588802e+00
-4.604945344380513284e+00 1.668713633061009949e+00 -1.270646430159361850e+00
-4.980213674384452283e+00 1.598784502233717486e+00 -1.155527257351786963e+00
-5.816640219653315569e+00 1.097276444102934123e+00 -8.629234174196462881e-01
-4.761709857792490119e+00 5.762803242972349693e-01 -9.374338567288280633e-01
-4.987055769390872584e+00 8.746776437791168313e-01 -1.074618022976540299e+00
-4.223665434402430918e+00 1.063359390728320086e+00 -1.377329664071905935e+00
-4.627421540465515903e+00 1.123737891302037051e+00 -1.300599046608021503e+00
-4.321332862374943851e+00 1.392486259205657495e+00 -1.455406175164564830e+00
-5.113023835578791143e+00 1.594754082988696142e+00 -1.452730344656011141e+00
-4.943541148929652351e+00 1.405816817762875814e+00 -1.126969151168195626e+00
-3.812879085679556823e+01 1.254971872400608390e+01 9.802534769534720915e-02
-4.746049330272385625e+00 7.631696225369944964e-01 -1.112980895893060929e+00
-4.295726596923205243e+00 1.554224212199733834e+00 -1.456281608007164774e+00
-4.653511263366421069e+00 9.374816425188842173e-01 -1.204694354870204709e+00
-5.158976262129218782e+00 1.023474657415027300e+00 -1.449284140011128486e+00
-5.475241237835569486e+00 1.937367920300038904e+00 -1.560924186070260067e+00
-4.500981269105284177e+00 5.473075565700538658e-02 -1.781801983328838324e+00
-4.516191717504893788e+00 6.204118573921011404e-01 -1.385919953853203657e+00
-4.342190670517102724e+00 1.024745349473771938e+00 -1.392952454877077306e+00
-4.981004977240823806e+00 8.056157425061539756e-01 -1.410622198957724338e+00
-4.857953132610973057e+00 1.263972297324247540e+00 -1.042101922362584920e+00
-4.738564734566473646e+00 1.522522048920007531e+00 -1.295506000849744987e+00
-4.274449877078883908e+00 1.021670065761938417e+00 -1.011496805149155742e+00
-4.773985674929897449e+00 1.511721208203441025e+00 -1.358764741670045018e+00
-4.624705258108609662e+00 1.213420057845167044e+00 -1.429087044691669472e+00
-5.012027301777417065e+00 2.587728566671928521e-01 -1.316981231620876436e+00
-4.473552017918315471e+00 1.562965875596489917e+00 -1.521800313307849040e+00
-5.055363172558565488e+00 1.093568243536920059e+00 -8.554774006236808281e-01
-4.507083236520831093e+00 1.578180215658462560e+00 -8.574630384135314420e-01
-4.681130718468493157e+00 1.238999032605843986e+00 -1.224587173251359351e+00
-5.308269838528087980e+00 1.045268017016085293e+00 -1.446508757654303867e+00
-4.726605319876822975e+00 1.340494979177484058e+00 -1.437151342704837687e+00
-5.751895453508021561e+00 1.295150749612716590e+00 -1.496471678572922626e+00
-4.903469940261286020e+00 6.551309762400600034e-01 -1.251108572709027866e+00
-4.819987356079360907e+00 1.668857846993734517e+00 -1.136356965399539343e+00
-4.622812736717548887e+00 1.354822524955868746e+00 -7.009815955716095504e-01
-4.942917996029271066e+00 7.884781911535346799e-01 -1.184799797114673980e+00
-4.640410789341397724e+00 1.409703531840188706e+00 -1.358748898675623984e+00
-5.153870387973527478e+00 1.126322694152470438e+00 -1.195347927123605825e+00
-4.769772808463017100e+00 1.221018340750203102e+00 -1.237557689254292992e+00
-4.559534227255329419e+00 1.329803680646651998e+00 -1.021907833460298454e+00
-4.580858570214152437e+00 1.492203729903133880e+00 -1.188198240165001751e+00
-5.334341840462974993e+00 8.802796881552463759e-01 -1.505546969510585198e+00
-5.043335889444338527e+00 9.483206847614354951e-01 -1.825166998456760892e+00
-5.388939906369238031e+00 1.063213833294343269e+00 -1.230648897625368443e+00
-4.658710098459504678e+00 9.228938627987102183e-01 -1.109664011704880826e+00
-4.503408281921578826e+00 2.295593814501926955e-01 -1.395933991685828879e+00
-4.603268410485156004e+00 7.047721141787262056e-01 -1.271198164764389960e+00
-5.131999642694347052e+00 1.276279197699351942e+00 -1.648616992981370322e+00
-5.430235318088660890e+00 1.536230130160687102e+00 -1.160512107030286399e+00
-4.885256239879177897e+00 1.222790750092829892e+00 -1.030584245921325692e+00
-5.155708902713573849e+00 6.519235143585226933e-01 -1.285613189039532145e+00
-5.483512443719950724e+00 1.139224357340455684e+00 -1.320593810144367719e+00
-5.103000123764590334e+00 1.624439948277338175e+00 -1.376417423662698036e+00
-4.472367655380862672e+00 7.410269373198602461e-01 -1.448105200151896366e+00
-5.037059424613302028e+00 1.964003318843482226e+00 -1.055830273054907620e+00
-3.749713984175740755e+00 1.053176071987500739e+00 -1.874292085184422918e+00
-5.111822214372895523e+00 1.062775744956468316e+00 -1.286308783079209483e+00
-5.163856612938436896e+00 1.101841520068847391e+00 -1.542690257632505224e+00
-4.745063807463683503e+00 1.050144667075791016e+00 -9.553209352471181415e-01
-4.939846406277332846e+00 1.382803116110048469e+00 -1.641523997057632300e+00
-5.053481335540030095e+00 1.040128059467686494e+00 -1.330312914422427051e+00
-4.388417430139428532e+00 2.015231481354800014e+00 -1.219307159689632547e+00
-4.325388246843587581e+00 9.000134679947194849e-01 -1.319295213163134139e+00
-4.390299539141194529e+00 9.427316872915423307e-01 -1.234546060734571959e+00
-4.194956987816357952e+00 1.093567744310792511e+00 -1.223743489132297801e+00
-4.376945422779153105e+00 9.521722952475090151e-01 -1.467488628744072487e+00
-4.984676542929337373e+00 1.951766406011620214e+00 -1.343156467640284513e+00
-5.120136658000537189e+00 5.621201501165884462e-01 -1.389411020520827877e+00
-4.834806003627173610e+00 7.649076987179284082e-01 -1.654339273915688135e+00
-5.190827842341926512e+00 1.563327027474784359e+00 -1.058215065621308737e+00
-5.376520789072912088e+00 1.098529392183013487e+00 -1.353102377898818931e+00
-4.083006157103176825e+00 1.203349186787153080e+00 -1.191058065767742091e+00
-4.458730735036930959e+00 1.542699294925394371e+00 -1.618844979220849689e+00
-4.734688485544194414e+00 5.294928716223209486e-01 -8.495661341532162458e-01
-4.758600656264612816e+00 1.614468029447325481e+00 -1.442912950610838685e+00
-5.241425590894116304e+00 1.245911435008409285e+00 -1.134459139977723297e+00
-4.143559346473956850e+00 1.447744779331136433e+00 -1.194962043807622498e+00
-4.672134042822669642e+00 1.228936797152108129e+00 -1.330626220928354586e+00
-4.498708902183587988e+00 1.100125667250040129e+00 -1.238857493830723300e+00
-4.803150511980786241e+00 8.856941693172837304e-01 -1.512874277334111284e+00
-5.146996866783121405e+00 1.651113808621252010e+00 -1.259799056493082992e+00
-5.051180572471056784e+00 1.206294487776235158e+00 -1.411096597647699680e+00
-4.959172873341524124e+00 1.337868313529829045e+00 -1.648824989820026676e+00
-4.334591023869226234e+00 1.154990566233170757e+00 -1.220767314240655654e+00
-4.771189978367266882e+00 1.407152039638890129e+00 -1.119220493562320895e+00
-4.531463461332779552e+00 2.185134644334164378e+00 -2.974044166909647902e-01
-4.785311853309331731e+00 1.286098889650820087e+00 -1.287255774850351031e+00
-4.673769546898951965e+00 1.456894464958020441e+00 -1.012186984047543481e+00
-5.375522204820530447e+00 1.600059472677171524e+00 -2.167644804828928073e+00
-5.292991488426142865e+00 4.556798915442421549e-01 -1.816654167860654256e+00
-5.109282699070723410e+00 8.022811123629390861e-01 -1.475265940819473265e+00
-4.445160758575307902e+00 2.030933187538901397e+00 -1.000348748057087622e+00
-4.281318131167465069e+00 1.398514694683293147e+00 -1.432152060993739040e+00
-4.634142421581416649e+00 1.495873187342000588e+00 -1.249510180238599055e+00
-4.577065496245998233e+00 1.689269092063013566e+00 -1.262899863542360501e+00
-4.717933949386018178e+00 1.341033103134328108e+00 -1.240006922343322104e+00
-4.410769985001159910e+00 9.963610093668557877e-01 -1.443697781283300730e+00
-5.130242764870543759e+00 8.760158233839193676e-01 -1.264228549140147706e+00
-4.236523570576090414e+00 6.865977406724178556e-01 -1.054727642661474452e+00
-4.476258632536573856e+00 1.229003706960425157e+00 -9.569703572845740247e-01
-5.037098311495372016e+00 1.344631973541253744e+00 -1.411168410133634810e+00
-4.626662538551600257e+00 1.231147327448550488e+00 -1.259766622292668670e+00
-5.022200446823563702e+00 1.206972615134247251e+00 -9.401324801239785423e-01
-4.650485095263190871e+00 9.569066144232734050e-01 -1.276041178881381466e+00
-4.761724876048840649e+00 1.303339387343258826e+00 -1.231560170493841921e+00
-4.361243941246923939e+00 9.853995199804597149e-01 -1.261013787449074330e+00
-5.601795561637920251e+00 1.191748915797192776e+00 -1.032161936561109883e+00
-4.997494661991183307e+00 1.007895792526881884e+00 -1.317790464723572974e+00
-5.304209034374836484e+00 7.616384013327144320e-01 -1.754875612915838046e+00
-4.392985822194303225e+00 1.515421178669005942e+00 -1.141940053172089131e+00
-4.326443710577424717e+00 1.540390584041363864e+00 -1.197785126208937401e+00
-4.683713087235196859e+00 8.401972817446732300e-01 -1.184087108663692600e+00
-5.603615472032116962e+00 9.642275677483393981e-01 -1.513555382070994382e+00
-5.227605355481558469e+00 1.248646232619027518e+00 -1.426912408157214651e+00
-4.794432297922222475e+00 1.387162051590582701e+00 -1.323034774171801153e+00
-4.641120078775224478e+00 8.525312517060060769e-01 -1.198842999366708906e+00
-5.490316447116631693e+00 1.321334404080367175e+00 -1.333758474822590134e+00
-4.908186228376274940e+00 1.178377778408216559e+00 -1.370125684493040508e+00
-5.158487911057211051e+00 1.470982606997672137e+00 -1.165884572123575325e+00
-3.629439403459930880e+00 1.842489335026212371e+00 -7.666617942659219587e-01
-4.588338108236184709e+00 8.653927215820576002e-01 -1.521009032496733360e+00
-4.446108238070929808e+00 1.396581739881613604e+00 -1.498877166151203921e+00
-5.226869905515018289e+00 1.532692065508794110e+00 -1.426803195019870518e+00
-4.828437708663899208e+00 6.410984402739194898e-01 -1.362600710943806526e+00
-5.007861271392197722e+00 1.405294011977767044e+00 -1.264082389559835873e+00
-4.279340346378085691e+00 1.398749567959485463e+00 -1.582172150714933556e+00
-4.852601463130774562e+00 1.666774658125432129e+00 -1.347620511417048528e+00
-4.657614001071298304e+00 1.387030897300488563e+00 -1.334349315928868851e+00
-5.531493095276488248e+00 1.376555745135763731e+00 -1.445613476363964534e+00
-4.222844482822183387e+00 1.161741784102274133e+00 -1.344264188223190271e+00
-4.437668252154128190e+00 6.841321106175674016e-01 -1.165018877059846636e+00
-4.539695605351642627e+00 4.997118264042313407e-01 -6.870246037587630639e-01
-4.677798511659285730e+00 8.556606424179894477e-01 -1.189485364731362793e+00
-4.643979596734794768e+00 1.949290966664374569e-01 -1.348212100722655515e+00
5.175269690872461581e+01 -2.071577158262780927e+01 8.908644216163974505e-02
-4.471362905840265967e+00 9.821450764382532173e-01 -1.352508866369408258e+00
-4.733747844514226699e+00 8.115437153547884197e-01 -1.277737075727452210e+00
-4.531992052815853711e+00 1.220312205721237664e+00 -1.110477525560511269e+00
-4.405094898456566099e+00 1.798175671149309540e+00 -1.301997493583443299e+00
-4.398495364903627802e+00 7.239460828615859045e-01 -1.458231941366363360e+00
-4.725887148317316822e+00 1.249463059240290219e+00 -1.584908627292407335e+00
-4.635539531811333269e+00 1.205164232091603616e+00 -1.297570061248178641e+00
-4.784116237716545150e+00 1.194126159245416208e+00 -1.198628477724707819e+00
-5.316880643138632401e+00 1.838509875907016422e+00 -1.799526310647832528e+00
-4.912043365488979241e+00 4.435878422943461546e-02 -1.790035289711383371e+00
-3.544501916355879079e+00 1.702087620309522986e+00 -1.732849716641622573e+00
-4.836874597857849345e+00 1.408059187347266095e+00 -6.631183687394271997e-01
-4.029590372884450211e+00 7.255965953358570752e-01 -9.172107926913465326e-01
-4.690716268951256929e+00 6.782159900865614155e-01 -1.156029681770664563e+00
-4.716940457473601356e+00 1.665980756450204492e+00 -1.614989597006514011e+00
-4.754186605468945004e+00 8.165470803584771176e-01 -1.305597192124316352e+00
-4.662068888168650282e+00 1.445328030631618521e+00 -1.321948609016027953e+00
-4.934416819109875618e+00 1.381080416499816499e+00 -1.262935858848140080e+00
-5.627456559845334105e+00 5.091397832268281798e-01 -4.112437572738549818e-01
-4.713104199941119177e+00 1.644282221651244491e+00 -1.260808928670761331e+00
-4.673428538466592563e+00 1.172598355633072575e+00 -1.171349056012392476e+00
-5.035262365825898812e+00 1.565973456562713917e+00 -1.601997745995177302e+00
-4.647415434003334234e+00 1.241627500505559700e+00 -1.415442701248591728e+00
-6.157659584788299334e+00 6.159482551241100001e-01 -7.623764558659613666e-01
-4.426789727033420441e+00 1.092415773526445255e+00 -1.455768174485154498e+00
-5.146295240680641925e+00 6.354017057294593096e-01 -1.175847479453160149e+00
-5.546780631476042167e+00 1.376616170777775983e+00 -1.073650973234002270e+00
-4.926780471326058120e+00 1.326071538048680498e+00 -1.123760518831458111e+00
-4.513278436790070458e+00 1.466821461976651975e+00 -1.399525190211374781e+00
-5.300431959609975152e+00 1.604987584328893213e+00 -1.239012506872324559e+00
-4.683962892269848410e+00 1.618785128237540283e+00 -1.459424258284595988e+00
-4.660966488706509203e+00 5.878201728027167006e-01 -1.448628992787523773e+00
-4.575923723535606058e+00 1.468866033518511527e+00 -1.351003738611384675e+00
-4.764341899327229513e+00 -6.871488461603915410e-02 -1.779380638801193015e+00
-5.493720939711296936e+00 1.035485804500092089e+00 -1.043803536505346186e+00
-4.224113808755877386e+00 1.084049001483289087e+00 -1.213710367745473695e+00
-4.545535830959111401e+00 1.310408917113450755e+00 -1.278234010523717989e+00
-4.701902789915916259e+00 1.576500021701853438e+00 -1.333041464778497609e+00
-4.588521346510090027e+00 1.410274044231444091e+00 -1.071784542626728731e+00
-5.150653764734904883e+00 1.377068081348585382e+00 -1.366138898172327254e+00
-5.400998928421071099e+00 1.086376951717584083e+00 -1.569789842427812554e-01
-5.530100045814824838e+00 1.511598358386204710e+00 -1.292743461367384938e+00
-4.777196424825916665e+00 1.647580457313354119e+00 -1.357944940951780533e+00
-4.689553645757328582e+00 1.128854510510468145e+00 -1.191506261013610013e+00
-4.599572817505037214e+00 1.161956573348770894e+00 -1.225376612653413133e+00
-4.331929819474584775e+00 1.156635430110103169e+00 -1.364523113185412972e+00
-5.176533371975074793e+00 2.061116394601263835e+00 -2.192648264513849199e+00
-4.489238199261236240e+00 1.543870409986352943e+00 -1.464033160730958905e+00
-4.408164787308749943e+00 7.265193059465545611e-01 -9.246750991352410409e-01
-4.196589572792737144e+00 1.406950542363550216e+00 -9.849034399630532954e-01
-4.839052295580206220e+00 1.204774793181100812e+00 -1.250015850500711956e+00
-4.414918067439330684e+00 1.305438723640136578e+00 -1.280444291799297751e+00
-5.668359146737047993e+00 5.512709316124394521e-01 -6.946845590308071694e-01
-5.173000829645551413e+00 1.407600167501991573e+00 -1.509253543101834794e+00
-4.863407377536129950e+00 1.155683850137578350e+00 -1.292075047973119117e+00
-4.727023743852147852e+00 1.499803779400894044e+00 -1.340306478497577558e+00
-5.112165963812028480e+00 1.542963575935063059e+00 -1.393227452761596208e+00
-4.988085189597640579e+00 1.592788723043432775e+00 -1.288986505707200969e+00
-4.579457513392393153e+00 1.128211732503732412e+00 -1.407879994759359876e+00
-5.213947832687150452e+00 8.955061081860224981e-01 -1.116919301192239145e+00
-5.671085019747263978e+00 5.375836947511092312e-01 -7.506578462135992114e-01
-3.988437524574030668e+00 1.883913225796216562e+00 -8.357602769342097337e-01
-5.616659796058276477e+00 1.121496682651134780e+00 -6.834109472462610579e-01
-5.098556512554019982e+00 1.700833785498171657e+00 -1.053602022964759799e+00
-4.580309681555862156e+00 4.284411190266587122e-01 -8.479902863185531103e-01
-5.241791474780975513e+00 1.010870928094447008e+00 -1.429302817609140241e+00
-4.710340114532430178e+00 1.725968257446645282e+00 -1.959279091364697356e+00
-4.678975583617897449e+00 7.469173415786163339e-01 -9.647480728951640661e-01
-4.518136160626501585e+00 1.076918683035038571e+00 -1.204456922078997794e+00
-4.421323985249250299e+00 1.122974472966373538e+00 -1.347161414847028560e+00
-5.171999042650353928e+00 1.156547191085029569e+00 -1.099914693239143260e+00
-5.061939384370376160e+00 1.352269953098677480e+00 -1.576733276610100987e+00
-4.498723417421148341e+00 8.465343517978688448e-01 -1.150333517273032014e+00
-4.602006283466601566e+00 1.403126722376671465e+00 -1.005733175491449138e+00
-5.955585898039709392e+00 1.920078067742537309e+00 -1.364175053397516768e+00
-4.702028412396321855e+00 1.522492797526887154e+00 -1.151932338417986479e+00
-5.247659891742068261e+00 1.302676131109985480e+00 -1.585200343137236567e+00
-5.345456181581821120e+00 -1.452540884936328047e-01 -1.168501608615385878e+00
-3.819427349417977346e+00 1.688687426576668926e+00 -1.019853617806542490e+00
-5.012401445748669637e+00 1.443038753762136750e+00 -1.508332450109921785e+00
-4.862354353890822267e+00 1.267896410206292623e+00 -1.295925661816206942e+00
-5.382399186213049802e+00 7.533063122630472286e-01 -1.501834882633685364e+00
-4.967015088658291333e+00 6.276559954848915934e-01 -1.263998185946161756e+00
-5.316667537213677797e+00 1.051790047631276925e+00 -1.230237142067561518e+00
-4.318602992937409901e+00 1.533856474049888119e+00 -1.034383595765607344e+00
-4.334728768919758224e+00 1.321417173375275977e+00 -1.396259661609564606e+00
-4.266942958898993332e+00 1.184355627691232371e+00 -1.306032714307895803e+00
-4.340460613624348873e+00 8.539339735735183012e-01 -1.257360716542022638e+00
-4.238017713650136464e+00 1.216879317617064471e+00 -1.403171209269544306e+00
-5.231572018598684259e+00 1.008120474942938216e+00 -1.250474151846147741e+00
-6.307131388494006785e+00 7.598511048379741339e-01 -1.174409468822044111e+00
-4.049323907346352946e+00 5.835866242253067160e-01 -1.937810197977248183e+00
-4.933235023106920636e+00 1.213399191218361484e+00 -1.468227777134738066e+00
-4.773798273224500122e+00 1.131510431797705385e+00 -1.031816075057812254e+00
-4.595449055411393147e+00 1.134849387514343055e+00 -1.276252922035166604e+00
-5.096886866979432718e+00 6.331347187048482761e-01 -8.534798193399965038e-01
-4.391091999589865402e+00 1.901296184732564898e+00 -1.307035458570524833e+00
-5.207616165824074272e+00 1.444981421313915826e+00 -1.153320521666244547e+00
-4.715764528663898503e+00 8.844262621421153936e-01 -1.334377961080951636e+00
-5.160134114815631001e+00 8.034399275616469493e-01 -1.376294056757981110e+00
-4.570707698460263479e+00 8.721234114870770604e-01 -1.477941624922988639e+00
-4.512113836902052810e+00 1.226581296619212003e+00 -1.310825198962521254e+00
-4.613849395452993996e+00 1.439366145487073645e+00 -1.389142310109809042e+00
-5.384109448282750954e+00 1.226763690076037250e+00 -1.365556848558131087e+00
-4.764507978501039354e+00 8.552147888284659105e-01 -3.201938211199178985e-01
-4.883808711893872889e+00 1.660840818116159134e+00 -1.299949194646692563e+00
-4.705692050038233099e+00 1.200702850467932015e+00 -1.307826358024594127e+00
-4.944319973066582996e+00 8.338131239534012362e-01 -1.316169824688518286e+00
-4.420933850432374079e+00 1.086329075630490193e+00 -1.186184762629559852e+00
-4.650877730664039866e+00 1.716137844352135122e+00 -1.193268682192802688e+00
-3.994771656205895027e+00 9.602595682319569059e-01 -1.941914201617040758e+00
-4.942396210040262083e+00 1.588669433559758426e+00 -1.325154435842821332e+00
-4.653361919915156797e+00 1.693174673360156701e+00 -1.404000687754687338e+00
-4.674591832959970716e+00 1.757010067413660837e+00 -9.736543171693774479e-01
-4.442868901780623325e+00 7.682109750569554585e-01 -1.058776030000146751e+00
-4.912970682832468405e+00 1.314943032003518031e+00 -1.127536996188864382e+00
-4.528715655105251869e+00 1.213278627420206979e+00 -4.185108589732473017e-01
-4.557416164861424868e+00 1.110495234726704750e+00 -1.242836253641695032e+00
-4.612691715914394308e+00 1.712549243826955614e+00 -1.682990828363200242e+00
-5.176520909488303346e+00 5.034023488264116608e-01 -6.873277684016637634e-01
-5.455396717367540838e+00 1.255994495377165343e+00 -1.572415359407842272e+00
-4.237522123940285823e+00 1.157017707723902555e+00 -8.735430622229281017e-01
-5.111292056838271591e+00 1.553596000660757870e+00 -1.434827442635747463e+00
-4.742212599589386457e+00 1.259228423598383495e+00 -1.166254814610941493e+00
5.178670752236015318e+01 -2.777804638699413431e+01 -7.117917041970271974e-01
-4.899275171096403092e+00 1.566742320621349549e+00 -1.301860643542496421e+00
-4.880031757762251843e+00 1.567641594210558598e+00 -1.228624519701005724e+00
-4.452951076282904097e+00 1.535980439687706811e+00 -1.170243274644081399e+00
-4.915593142295699103e+00 1.564584974241743032e+00 -1.088745192931373840e+00
-4.700097549768810445e+00 1.853147894742833923e+00 -1.431364365413754225e+00
-5.112785944594543608e+00 1.593322161328876829e+00 -1.350705073748418306e+00
-4.796685296431349776e+00 1.224317764648385154e+00 -1.330025449516502478e+00
-4.877703387320678097e+00 1.036553258653498899e+00 -1.402745068983927812e+00
-4.324352162634308883e+00 1.713769371290843280e+00 -2.031338518350739530e+00
-4.413204641983394794e+00 1.169383421394075029e+00 -1.151008198904814206e+00
-4.390674762165801326e+00 1.479214170146344154e+00 -1.403748018732546843e+00
-4.518719255313009775e+00 4.619155985057383784e-01 -8.064722111075180999e-01
-4.483420583379146507e+00 1.372393769821380172e+00 -1.399676298299140198e+00
-4.359306755796460209e+00 1.694153866862259106e+00 -1.294496606848999809e+00
-4.827087779398179457e+00 1.158623022442658801e+00 -1.286135928304036335e+00
-5.042019428176970131e+00 5.483693347272763363e-01 -5.781601109763840896e-01
-4.774781685496606087e+00 1.866620484605601815e+00 -1.484124739521950342e+00
-4.538854616115164831e+00 1.248010094425529903e+00 -1.259234056014640668e+00
-4.407481600419067114e+00 1.368873486088412195e+00 -1.281438415090387251e+00
-5.056998526333715382e+00 8.932745885668856856e-01 -1.114126374426447352e+00
-4.865707135938867722e+00 1.512647796773179509e+00 -1.471128439616036676e+00
-4.282205195214306315e+00 7.968747388179822089e-01 -1.182462614490312980e+00
-5.099212282385634509e+00 1.529941617444375401e+00 -1.291977871006796841e+00
-5.164425586905286636e+00 7.971854973538826661e-01 -1.447967470556068337e+00
-5.527184068366230107e+00 1.643181888608836738e+00 -2.450726375887226638e+00
-4.871767987519747045e+00 1.303220778749131892e+00 -1.332375018920183285e+00
-4.612542837761242076e+00 1.019147606132595252e+00 -1.373839554776554728e+00
-4.947014318624982643e+00 1.796196357933591115e+00 -1.710757170387507742e+00
-4.812311658835004557e+00 1.226235837037575216e+00 -1.298829853706790605e+00
-4.672116799335623405e+00 1.596775396931905844e+00 -1.504794572176693546e+00
-4.982413049753568579e+00 8.568037651789838227e-01 -1.135720988457360470e+00
-4.449536816994938526e+00 7.636408156503751155e-01 -1.379430254267199674e+00
-4.312658221668245417e+00 1.080478188357402836e+00 -1.336104080875907929e+00
-5.160516861386419407e+00 1.688771470442664624e+00 -9.519827740443959074e-01
-4.872517670795178724e+00 1.441985601516999338e-01 -1.239751013802539381e+00
-4.471616642937974895e+00 1.093166985229096611e+00 -1.229620110923367537e+00
-4.878045093757688910e+00 7.509797888093453500e-01 -1.295415752430389755e+00
-4.275263605917665188e+00 1.555930500433015506e+00 -1.165481132917663309e+00
-4.304625810450523282e+00 1.280043923193932009e+00 -1.198369762387553550e+00
-4.693604745124265065e+00 1.481145364586406998e+00 -1.527640782206277636e+00
-4.909597204121253000e+00 1.661527653993855269e+00 -1.188366603057540605e+00
-4.908264151225368188e+00 1.158145903513034813e+00 -1.323595017856387557e+00
-4.147345342131197654e+00 1.272119124133654022e+00 -1.335361972290944665e+00
-4.792297516512808109e+00 1.434065192461447591e+00 -1.657987981704419411e+00
-5.151291043746149434e+00 1.375199900902211114e+00 -1.390021299218455297e+00
-4.712003047703586134e+00 1.706171575721815881e+00 -1.206302709168945109e+00
-5.079155028237510194e+00 1.555469360470832507e+00 -1.336604888561730986e+00
-4.927875094906415399e+00 1.384335408485542818e+00 -1.176826922570423539e+00
-5.008468291528812344e+00 1.293966034219539374e+00 -1.140306448517272919e+00
-4.355060529844254624e+00 1.828290881133354251e+00 -1.373122803342490705e+00
-4.129873492514185784e+00 1.029673643028778063e+00 -1.334046290205920471e+00
-4.718293376671654826e+00 9.433122338057781109e-01 -1.405752433094205500e+00
-4.552017742281276647e+00 1.138069551325463724e+00 -1.398300452278945505e+00
-4.639093280503788108e+00 3.125118789530322294e-01 -8.561027738910361728e-01
-4.303697048760512622e+00 1.467898988920288028e+00 -1.235635896181687121e+00
-4.333162844171016381e+00 1.162003032625377408e+00 -1.221724844922113418e+00
-5.408932662135438996e+00 1.221262983138348579e+00 -2.534639802699998334e+00
-5.082080579841369961e+00 1.689930440468317752e+00 -1.001973992253805124e+00
-4.889791304786977655e+00 1.623265327020908311e+00 -1.046205733187404618e+00
-5.271193235528232712e+00 1.124231798782082903e+00 -9.296203901085351440e-01
-4.458642564200062886e+00 1.208441621938846300e+00 -1.419434604009745859e+00
-4.708999831431967209e+00 1.881176504286704576e+00 -1.507599002467236105e+00
-5.549588144927040112e+00 8.938085983102720400e-01 -1.773523429741395319e+00
-4.517470954521612292e+00 1.840220463540228613e+00 -1.673841495851520200e+00
-4.326501780560201738e+00 1.918749055292090278e+00 -1.272911966423656338e+00
-5.292973657900205353e+00 1.027666236482643880e+00 -1.126424713966678093e+00
-4.576622165960857913e+00 1.155440311907299344e+00 -1.318668262097835830e+00
-4.784914981244396515e+00 1.390998385607258303e+00 -1.557755996764356832e+00
-4.179599842316699565e+00 1.992246817991397023e+00 -1.091671582006141339e+00
-4.262689913816791965e+00 2.115488830370270357e+00 -1.167845380600656791e+00
-5.031709759680054184e+00 7.153394974373907811e-01 -1.324384935568168498e+00
-4.951172641260495055e+00 1.185335750875889493e+00 -1.003714183189346354e+00
-4.200171980147785256e+00 2.263791195586716931e+00 -1.318967460725645635e+00
-4.793893930747757715e+00 1.543598062284720962e+00 -1.259750303634027846e+00
-5.510758314015339998e+00 9.263783193454955267e-01 -1.376655048613770527e+00
-5.030643762342915437e+00 9.209467832108380048e-01 -1.735646067271443549e+00
-5.188442775154658904e+00 9.343385447612294614e-01 -1.264418870495247038e+00
-4.383187906130773470e+00 1.122734811672022381e+00 -1.387858210300997985e+00
-4.851037070238284343e+00 9.399832655902014000e-01 -1.366219566742441938e+00
-4.547313285640431246e+00 5.318733916395764760e-01 -1.354250048385562621e+00
-5.168252672368110368e+00 1.740966409343132515e+00 -1.094556273019873682e+00
-5.111160895853297248e+00 1.204718876036434239e+00 -1.266655560810427072e+00
-4.725660464369712876e+00 1.190491255640779622e+00 -1.230150844614580796e+00
-5.524727330034405526e+00 1.070208301081999380e+00 -1.041622692601500866e+00
-5.071823888884316567e+00 8.440056858026158126e-01 -1.151068229820090716e+00
-4.848587210380196133e+00 9.117560613180293316e-01 -1.140463639777957949e+00
-4.953131685478722623e+00 8.206397108618260772e-01 -1.441317506368423373e+00
-4.781095305241453985e+00 1.266371839315836301e+00 -1.096831802322481675e+00
-4.620004650297404147e+00 7.246769167787601162e-01 -1.135095324910262882e+00
-4.704967647076114368e+00 1.308156147158363591e+00 -1.312748026096737020e+00
-4.810346405435598882e+00 7.504775060385746599e-01 -1.394304621111602138e+00
-4.618705937360355840e+00 1.083506198372412133e+00 -1.039272975867933768e+00
-4.423961141281866460e+00 2.728635904803363932e+00 -1.708730412858798786e+00
-4.563289796739656623e+00 1.453889686516626867e+00 -1.471001090104614217e+00
-4.793289729086997575e+00 1.602625724182573874e+00 -1.439328631409603876e+00
-4.893221357139203143e+00 7.907392117582027202e-01 -1.253170646719851344e+00
-4.979369830199476432e+00 1.205968988256204133e+00 -1.372374692874611890e+00
-4.584170823820158169e+00 1.153573344230173436e+00 -1.299429007276668990e+00
-4.955411222620164757e+00 6.354326027321337556e-01 -1.196465629460954805e+00
-4.952621532091172618e+00 1.315590986516596672e+00 -1.219991497396374580e+00
-4.981168413260897765e+00 1.020621177641566346e+00 -1.396551459992517286e+00
-4.958053097785078300e+00 1.644913737537647691e+00 -1.319018887609245683e+00
-4.283246371155374987e+00 9.031277319036074003e-01 -1.231033330622480326e+00
-4.014331441590812233e+00 1.345759899042358709e+00 -7.072970113587699892e-01
-4.327220038013652292e+00 1.580417869713276247e+00 -1.389402755711101500e+00
-4.512019289153842649e+00 1.159490572247879658e+00 -8.381672915070275121e-01
-4.954760615175779925e+00 8.624162230524220485e-01 -1.169230949008502218e+00
-4.875654394763756727e+00 9.784135434954734922e-01 -1.199186052276489001e+00
-5.088561081515106110e+00 1.527818832848905961e+00 -1.285415434880669672e+00
-4.872075787254842361e+00 1.398350897026151562e+00 -7.150715376328453665e-01
-4.671830710998683855e+00 6.487706447656775843e-01 -1.207417542550271561e+00
-5.216637445510404980e+00 1.332340576677862209e+00 -2.075073547421480757e+00
-4.519494153031406114e+00 1.127155857291852969e+00 -1.058969509698705957e+00
-4.548232530331442369e+00 1.038982617301698941e+00 -1.438621483785273103e+00
-4.946921893286335248e+00 1.095259123454496164e+00 -1.151624247989212035e+00
-4.425080563859324911e+00 1.048107560345092226e+00 -1.184180543196577728e+00
-4.552679995094840670e+00 9.533587425908125468e-01 -1.463753375916071242e+00
-5.498476026280206597e+00 1.837730266575072324e+00 -1.090545667668273211e+00
-4.505203815595617556e+00 5.085878156749285006e-01 -1.289460598166543570e-01
-4.536396713877062226e+00 1.621004878978231645e+00 -7.715227723381165026e-01
-4.876505600776833482e+00 1.385139387953104206e+00 -1.513694119971616292e+00
-4.661467537889484092e+00 1.580207808977144524e+00 -1.287310991822747663e+00
-4.661116303558112683e+00 1.319692749207899363e+00 -1.272386207817870707e+00
-3.798674649505138223e+00 3.115675427074378612e-01 -9.053389208140744104e-01
-2.652701523993911437e+01 -5.842221512309492226e+01 -6.600355811607616641e-01
-5.745273121309237396e+00 1.175339952187983261e+00 -1.328039406053188820e+00
-4.808473861967050844e+00 7.127175140725771074e-01 -1.073622816841847127e+00
-4.779330180289125707e+00 6.182559071262325734e-01 -1.129258899319830922e+00
-4.755190624394740162e+00 9.551170329848082119e-01 -9.225818791243756145e-01
-5.286110856037018912e+00 1.229339213917933771e+00 -1.555452196351750249e+00
-4.508106329339486074e+00 1.598203315221309539e+00 -1.124879748602227503e+00
-4.862440840933414776e+00 1.048468652202441342e+00 -1.234776585307334695e+00
-4.985262609495650032e+00 1.222890346483274326e+00 -1.558742142554022880e+00
-5.137807974537734523e+00 1.241468045895816497e+00 -1.341432046320918170e+00
-4.852295540613948965e+00 1.489847775038289690e+00 -1.728126134077550002e+00
-4.540695765717949861e+00 1.413349626245163471e+00 -1.238761605017368872e+00
-5.150341664253150320e+00 1.492458400866742085e+00 -1.448331759948633168e+00
-5.191711137314406699e+00 1.300416447394167285e+00 -1.565126287409560613e+00
-4.672518523854802375e+00 1.141720971590378220e+00 -1.392213071273804337e+00
-5.044682120535492587e+00 7.682988193276401034e-01 -1.249620648223461306e+00
-4.901467483015001569e+00 1.058088793759944357e+00 -1.311968502253539226e+00
-4.897277912670389810e+00 1.808198074668820654e+00 -1.205860031336183136e+00
-4.449884478012815059e+00 8.425455062094923120e-01 -1.647921452229172745e+00
-5.854673628081710213e+00 1.476281145469616307e+00 -6.061527428582196286e-01
-4.699401656714603526e+00 1.161867931173868440e+00 -1.619456871683198518e+00
-4.288184654715633037e+00 1.270898131540311393e+00 -1.260640792781050790e+00
-5.535211004615097963e+00 6.477267309570822196e-01 -1.300676141333710012e+00
-4.264986203020100675e+00 8.774186982868369400e-01 -1.360025690888846395e+00
-4.783448201847447123e+00 1.630024916875203234e+00 -1.242428316198279648e+00
-5.537072755484500064e+00 6.975311260624484921e-01 -1.021204075888821894e+00
-5.182326464724638093e+00 1.040110257369204261e+00 -1.174987939836774853e+00
-4.930506104338542528e+00 2.591226959542015096e-01 -1.076042742742158387e+00
-4.903997927347093722e+00 2.129107478522602293e+00 -1.347946208811775737e+00
-5.212528021357437424e+00 1.131199139239779994e+00 -1.273820376184896741e+00
-4.857970528597314264e+00 7.500075530543124369e-01 -1.218632106330016507e+00
-4.710603802823868591e+00 1.023606119764032707e+00 -1.361970732387475236e+00
-4.027078625318531557e+00 1.569885391172943345e+00 -9.168787475952299149e-01
-4.848650973983310131e+00 1.097986455319494459e+00 -1.417059531277948814e+00
-4.266485035542782356e+00 1.379311569735088172e+00 -1.296545661649807224e+00
-4.236750116316672532e+00 7.792939418855607814e-01 -1.219545386681868404e+00
-4.092436913863823023e+00 1.136664782685556707e+00 -1.321581591876488382e+00
-5.281963097864379009e+00 1.410527624670840918e+00 -1.093224779719521367e+00
-4.065450375349734635e+00 1.037322752280823934e+00 -1.358383759653897904e+00
-4.976618914885018619e+00 9.809771796230710716e-01 -1.062459440774507158e+00
-4.751705033780264209e+00 9.956038742119902585e-01 -1.322748243362478426e+00
-5.495749155204037173e+00 1.153139510672835488e+00 -1.642417702250868361e+00
-5.357368869991598892e+00 8.870358691784915317e-01 -1.038699701980658974e+00
-4.150607471621255762e+00 9.448557730462359139e-01 -1.276604965441116679e+00
-4.890893376228140355e+00 9.686411596552698677e-01 -1.410347629831617322e+00
-4.575519559201337572e+00 1.028842046965587231e+00 -1.172216021474714820e+00
-4.754933123953024143e+00 1.259194916982056434e+00 -1.293732650315520871e+00
-4.128024787042005705e+00 1.221707220577205932e+00 -1.247845789499851143e+00
-4.141699990062456038e+00 1.709186253987003967e+00 -8.936745545279056735e-01
-4.747500379083805733e+00 1.633526043341984924e+00 -1.328380003159251643e+00
-5.080936193590004812e+00 1.514679734017831070e+00 -6.927426768037581173e-01
-4.569173178119690704e+00 9.870384474837393673e-01 -1.198295779883789214e+00
-4.770328197657741853e+00 4.994755905508687643e-01 -1.008202338894049310e+00
-4.956913754721763432e+00 8.667363448183452723e-01 -1.024417654043805026e+00
-4.172477196755567164e+00 1.075990484707598505e+00 -1.055090942150752387e+00
-5.209263864316956649e+00 1.475853825993334034e+00 -1.386523313138193991e+00
-4.841519419568466098e+00 1.070946463195284082e+00 -5.884635536014581891e-01
-5.468971947146338053e+00 1.260992660382306507e+00 -1.202135228403490519e+00
-4.916266840978455122e+00 1.588662712033959812e+00 -1.290996085460510034e+00
-4.829083158031375334e+00 1.344466713765639199e+00 -1.327312556639536512e+00
-4.684345595888288472e+00 1.228975333710046858e+00 -1.280576503069332572e+00
-5.305176017850203429e+00 1.514314711753245835e+00 -1.640034375021840463e+00
-4.337768246184337428e+00 1.413506247552962058e+00 -1.206067105009649643e+00
-4.420269979931865656e+00 1.364310712339732445e+00 -1.572777101526381172e+00
-4.442508100543112626e+00 7.009497229466490342e-01 -1.129808053018799940e+00
-3.813617681188841146e+00 1.298927542049398642e+00 -1.586738805787486717e+00
-4.534723271899880004e+00 1.381315754443274368e+00 -1.382363674959332656e+00
-4.869088698590862130e+00 1.577928935785885445e+00 -1.237436396711632414e+00
-5.192912164773290762e+00 1.486713942450379911e+00 -1.429667997614189723e+00
-5.181676803147592381e+00 2.051421312455919743e+00 -1.829887648454606719e+00
-5.094005376255361206e+00 8.654036198943265701e-01 -1.313616536437155480e+00
-4.602994602399617996e+00 1.475581286648981916e+00 -1.069638383911833968e+00
-5.098111266257583374e+00 8.801261468410997990e-02 -6.290253506223916213e-01
-5.074747395486109980e+00 2.175626196640783494e+00 -1.856380100662478938e+00
-4.204361045089182625e+00 1.686448549267338670e+00 -1.374953626284914243e+00
-5.224742526948936927e+00 2.170206486245561006e+00 -1.137580051023751260e+00
-4.472679119882558396e+00 1.384946489449549123e+00 -1.373761915574360115e+00
-4.380083702414728108e+00 1.321891380709220742e+00 -1.351380607250945776e+00
-4.402524100536655105e+00 7.200313313646429236e-01 -1.394234252372752669e+00
-4.677501516016556948e+00 1.055375945261348258e+00 -1.194371299134788122e+00
-4.244151934851594810e+00 9.332241592880788916e-01 -9.966383574509390941e-01
-4.391967217223622377e+00 1.247869504164784260e+00 -1.532919796130818746e+00
-4.093463204951456547e+00 1.168915780072453003e+00 -9.137398334896895680e-01
-3.772507100816940628e+00 1.159503011085017077e+00 -1.082089272241898215e+00
-5.231959617088067560e+00 1.161231611845430667e+00 -1.301470414775667050e+00
-5.964484428894924584e+00 1.835719725059723917e+00 -9.201990450723170900e-01
-4.875978828279560418e+00 9.402446669236212973e-01 -8.416614216434540330e-01
-4.741369457016899602e+00 1.154178119156947568e+00 -1.274597666891902570e+00
-5.248321898837522426e+00 1.067763981043420740e+00 -1.170741975493189146e+00
-4.652623387828055179e+00 9.518300260892083031e-01 -1.344890082727398406e+00
-4.417789977750254060e+00 1.282629605932940509e+00 -1.331904618676766461e+00
-4.184415191934956368e+00 1.433158297989964858e+00 -2.414183532917172137e+00
-4.787710437360996885e+00 1.233010241174270050e+00 -1.237785212370928756e+00
-5.168225514754404060e+00 1.595284588610636156e+00 -1.298227939970044043e+00
-5.156892314855926251e+00 1.864094584007108590e+00 -1.196004524100222177e+00
-4.579996044348876083e+00 1.386558661211193533e+00 -1.316200718617449583e+00
-5.208661981670910990e+00 1.849481729290877841e+00 -1.663062187777248457e+00
-4.358703312712156830e+00 1.154140170985173075e+00 -1.116156265571974782e+00
-4.468299903158101216e+00 1.082050517882987339e+00 -1.006070822481285321e+00
-4.683759064418191898e+00 8.645550874491548798e-01 -1.230918676768114395e+00
-4.703665126031382648e+00 1.180509524528881693e+00 -1.224242545420491490e+00
-4.790578313502799723e+00 1.182727832384814048e+00 -1.298680808137722797e+00
-5.096472972653268485e+00 1.002914311708805961e+00 -1.133273751005694274e+00
-4.501066889553088757e+00 9.893515974586221118e-01 -1.402086720066357595e+00
-4.607552202104534977e+00 1.665689906500077866e+00 -1.325404772457534408e+00
-4.411963117989266436e+00 1.632987519727486569e+00 -1.582614027663974410e+00
-4.713818731146912633e+00 1.838397318907507572e+00 -1.161709471037544406e+00
-5.273707925025553855e+00 1.022320866720489052e+00 -1.009605948878702364e+00
-3.992579631140876995e+00 1.595369150490947963e+00 -1.883457879773196675e+00
-4.587249239993529848e+00 1.542901676658816612e+00 -1.207411774552133332e+00
-4.044945913942306071e+00 1.092345502275966274e+00 -1.240687210314537881e+00
-4.965419238023014437e+00 1.384795584555736037e+00 -1.298342351757836077e+00
-4.111538182887342074e+00 1.411436739747638835e+00 -1.195670033490835893e+00
-4.700097454171433320e+00 9.308482281359969912e-01 -1.161554447645522847e+00
-5.111379583151697048e+00 1.476580047663089479e+00 -1.266672709418169784e+00
-4.772397719235938141e+00 2.300423230676456487e+00 -1.304557297524231663e+00
-4.821971181735199785e+00 1.595113499228755671e+00 -1.379509113888504501e+00
-4.669745448087687656e+00 1.450947102335074845e+00 -1.264075660591823747e+00
-5.070780984832947702e+00 1.040558041948963730e+00 -1.361726496863381319e+00
-4.317702655911017651e+00 1.519328218330698421e+00 -1.313019934425000645e+00
-4.774489393894531197e+00 1.339964513999893025e+00 -1.184694417995817206e+00
-5.099203471975047641e+00 1.087083725999024919e+00 -1.361539832050056242e+00
-5.143894576559014276e+00 7.156884632585266415e-01 -1.121754828298077156e+00
-4.592761760397197968e+00 1.429002540856659786e+00 -1.326732247621525751e+00
-5.083224219314447012e+00 1.331887773457125723e+00 -9.251155725803683616e-01
-1.022260708167354615e+01 -6.635099091544489625e+01 -7.523885692792182667e-01
-5.851309278557934590e+00 1.731294267537841769e+00 -3.957100202423831092e-01
-4.571696773211971987e+00 1.848682068018413949e+00 -1.956596518593164413e+00
-4.891724925430697368e+00 1.647376383484984386e+00 -1.179630360420535373e+00
-4.324052069096323336e+00 1.363897575340552004e+00 -1.272832225444100906e+00
-4.699717531673089255e+00 1.572141725568971138e+00 -1.390564071344838171e+00
-4.865037682116366113e+00 -2.052341390737008886e-01 -1.057451438023590207e+00
-5.053619724057351270e+00 9.826860030725940165e-01 -1.247894801780239815e+00
-4.935305867128946034e+00 1.635229470897626491e+00 -1.374482297140955600e+00
-4.395621132662809849e+00 1.111270353795972943e+00 -1.326477350294390067e+00
-4.220256460372818985e+00 1.126908150759152960e+00 -1.313161191710536579e+00
-4.682350873103641398e+00 7.698693603044975964e-01 -1.198094270617990453e+00
-4.850257891137150779e+00 1.123254187454634012e+00 -1.254775176219694366e+00
-5.324646747754196774e+00 1.354185050819354030e+00 -1.272241775252460405e+00
-4.708867922014716711e+00 8.559256769181636804e-01 -1.003706387411402723e+00
-4.373493571943492420e+00 1.032087938666099491e+00 -1.254080328796986166e+00
-5.388417871913370405e+00 1.621829304518003889e+00 -1.481518720555631718e+00
-4.806428002428258850e+00 1.714976480542186765e+00 -9.624038011623301525e-01
-4.178997981963973984e+00 1.014242939751190509e+00 -1.053435272178949278e+00
-4.648764267838881636e+00 1.260327569622640809e+00 -1.358826418554536453e+00
-4.787817418910730538e+00 1.532711702209156979e+00 -1.024654384357860826e+00
-4.881101345089880361e+00 6.625713742806568218e-01 -1.280765439423257268e+00
-4.607575447464879126e+00 1.113327971280382966e+00 -1.456799029414561630e+00
-5.176931668535106112e+00 1.255049982911302431e+00 -1.514810059696429345e+00
-4.874555483512549969e+00 1.042041311498692391e+00 -1.544032656503015799e+00
-5.018838097487694050e+00 1.688409218301161641e+00 -1.302207445901216287e+00
-4.840282351434940011e+00 1.021711210111495349e+00 -1.316778893518362858e+00
-4.540017959596375441e+00 9.368045621678409152e-01 -1.447918043773296359e+00
-4.630198139301639593e+00 1.574077072011282219e+00 -1.349164729285483588e+00
-5.274499727016968009e+00 8.180859732849996568e-01 -1.668405659148865849e+00
-4.654573588497946446e+00 1.392277428687999641e-01 -1.437919801099664330e+00
-4.441206358645006347e+00 2.333039308726434502e+00 -1.135886193561701729e+00
-4.422385987368806504e+00 1.402705911797554883e+00 -1.329090501837805416e+00
-4.254482504423654277e+00 1.025212530748279116e+00 -1.377161875025895599e+00
-4.079842635497326064e+00 8.313931077451069962e-01 -2.132622375766453526e+00
-4.665253890461055875e+00 1.212080768456375024e+00 -1.479913890859455128e+00
-4.234592380915755072e+00 8.413154307286211386e-01 -1.135380224707297270e+00
-4.888161223683650469e+00 7.938835174768040792e-01 -1.094552462147701855e+00
-4.438372298686373618e+00 1.666180673167267479e+00 -1.393370090123420280e+00
-4.194642283950797079e+00 1.314360409203984892e+00 -9.977959951814636685e-01
-4.850347657072067165e+00 1.560426252129462288e+00 -1.655787973537787394e+00
-4.616867170356303340e+00 1.888362309035596098e+00 -1.092095781566797097e+00
-5.151073661200796572e+00 1.436980136954425946e+00 -1.773866652518716336e+00
-4.370964547099473130e+00 1.589926791029890429e+00 -1.352670766831326921e+00
-4.341338044982004263e+00 1.130649839622567931e+00 -1.250394419171076743e+00
-4.741077820642917828e+00 1.653169185770908545e+00 -1.339711134992148223e+00
-5.060658039274437137e+00 1.294511243119843558e+00 -1.297486237838239909e+00
-4.884519864314132320e+00 1.425894535186951861e+00 -1.417370308135045054e+00
-4.916818624194613463e+00 1.259535826331374953e+00 -1.239448951600780502e+00
-4.578903902113067304e+00 1.384054359751730079e+00 -1.066325054378435278e+00
-4.515284863773826984e+00 1.130873454893147168e+00 -1.121456203195273726e+00
-5.637627656208931803e+00 1.310533939714324303e+00 -1.140850111204420703e+00
-4.299207079515139363e+00 1.001093030707991050e+00 -7.525068362900477759e-01
-4.082255488788456788e+00 1.283859320704649365e+00 -1.210627590267991049e+00
-5.552772955154561707e+00 1.700363036937368122e+00 -1.661728159073508237e+00
-4.497918659923998419e+00 1.351700107649544291e+00 -1.590283874427669719e+00
-4.564925271484005620e+00 1.553215697616570301e+00 -1.276276528952259071e+00
-5.012540842873711711e+00 9.850615155642389320e-01 -1.351753541727492625e+00
-4.947350338646408829e+00 1.215234046563346659e+00 -1.620224957598554116e+00
-4.492237757750570104e+00 2.359662188789218629e+00 -1.632960326329127909e+00
-4.459279260758964192e+00 1.507103538629393835e+00 -9.342903133872506594e-01
-5.311325857966197717e+00 1.522920535958191657e+00 -7.824002261626671340e-01
-5.196030960238990914e+00 2.065017069934493410e+00 -1.581838870854259671e+00
-4.385899409014068162e+00 7.502526656512563674e-01 -9.726811510157291618e-01
-5.162316505177716230e+00 1.833428514936365383e+00 -1.234726906829462179e+00
-4.343874721490176505e+00 1.561823895907307636e+00 -1.392991986108726321e+00
-5.187024428891234606e+00 8.576318193964246328e-01 -1.047810312317911885e+00
-4.801319107679974607e+00 1.039944946296436079e+00 -1.290055640622436162e+00
-5.233636879597380442e+00 1.119504264907710711e+00 -1.170491989107792508e+00
-4.721815148711965726e+00 5.412853394904164617e-01 -1.328194691079073619e+00
-5.698906620985722427e+00 5.766822246694479626e-01 -8.261157504807938867e-01
-4.781304491102266851e+00 1.403153342364313216e+00 -1.521950299920499905e+00
-5.047149606535609401e+00 6.021774258493275411e-01 -1.152811192831258991e+00
-5.060857865047311499e+00 9.350496679883006923e-01 -1.378667983264383112e+00
-4.513472080093293926e+00 1.515092303963857079e+00 -1.123745782266160509e+00
-4.986805879411756237e+00 1.592964583300608084e+00 -1.159810225789065230e+00
-4.056657994893281050e+00 8.477785845948527799e-01 -6.471490302794773442e-01
-4.717216786634145009e+00 1.282128825113430404e+00 -1.370667143755682549e+00
-4.690141058499917470e+00 9.968452202878543833e-01 -1.351018009703796485e+00
-5.172913037652702606e+00 1.472038755033379998e+00 -1.741342546703615657e+00
-5.282811414268772765e+00 1.100019933398905803e+00 -2.172190282644246739e+00
-4.929566063441360946e+00 1.556383121517318058e+00 -1.150414619168604879e+00
-4.745537276651153213e+00 1.333489880935617045e+00 -1.248840441721870143e+00
-4.532823764997540472e+00 1.083073407290519707e+00 -1.438739511188086517e+00
-5.361465527191001890e+00 9.630605073781655090e-01 -1.450296336210225023e+00
-5.097563447868897590e+00 1.027192411902766001e+00 -1.381382003563208283e+00
-5.122522934036823905e+00 1.174584949569996928e+00 -1.285829037503666727e+00
-5.109736550219931672e+00 1.338060429478697744e+00 -9.598008453401061235e-01
-5.004487165353109113e+00 9.417529304655126721e-01 -1.361820353418744745e+00
-4.791755096851212592e+00 1.250273783084627999e+00 -1.222879967980800453e+00
-4.841949974981341498e+00 5.301133355716027840e-01 -1.352621282522582735e+00
-4.893483764197156027e+00 1.756819473521597175e+00 -1.073453509538400352e+00
-4.563549141192614123e+00 7.710391428781042666e-01 -1.271046128526987617e+00
-4.937364249706651442e+00 1.345057217222330070e+00 -1.201848655460908022e+00
-5.109498252007538710e+00 1.104287732855592230e+00 -1.643841259659337917e+00
-4.467772315394423543e+00 1.217905693214813567e+00 -1.346456336684988875e+00
-4.232072150989862003e+00 1.700861200276893026e+00 -1.363713174674042516e+00
-4.891200439079595341e+00 1.190473404393942003e+00 -1.307708137783755609e+00
-5.213478700444827751e+00 1.563385225030890835e+00 -1.268766963389652114e+00
-4.930573686234729358e+00 1.476917858599449573e+00 -1.378017195275551110e+00
-4.420061511152839628e+00 1.424293943009327768e+00 -1.512703458469933704e+00
-5.221437258682250615e+00 1.485481163977735886e+00 -1.200125821469737009e+00
-5.277678412557361476e+00 1.229281897438000426e+00 -1.158166143795436254e+00
-5.175685420533289616e+00 6.719401059635782270e-01 -1.283449071036171008e+00
-4.745777330287590523e+00 1.777999542549129508e+00 -1.048238010087536587e+00
-4.844751218065473708e+00 8.548006737922269060e-01 -1.553593906453815787e+00
-5.095999342774958585e+00 9.786697675623455828e-01 -1.408334498762781939e+00
-5.122767135912393854e+00 1.256375749764520933e+00 -1.422281135225636595e+00
-4.380138696144388888e+00 9.585265678619270258e-01 -1.432807055777098215e+00
-4.889541866173925833e+00 8.848584668094922057e-01 -1.211734168182994731e+00
-4.773348109767199254e+00 9.090055586062579795e-01 -1.352901853575041669e+00
-4.656749414327665981e+00 1.369847875258229708e+00 -1.113031502848334853e+00
-5.409495709985048251e+00 1.474253169058091117e+00 -1.263501230979466650e+00
-4.677333801792395995e+00 8.635119273424227693e-01 -1.569532459517392953e+00
-4.870554439442034145e+00 1.719501375377022523e+00 -1.259790579741592698e+00
-5.001612089295227825e+00 1.385519406134801734e+00 -1.225414630040840169e+00
-5.055204149909696909e+00 1.244152650458828502e+00 -2.129235675104412362e+00
-4.582728486261061995e+00 7.174011618329068085e-01 -1.233915025974335000e+00
-4.507726754555434034e+00 1.352161845549630481e+00 -1.387522407190642237e+00
-5.297819985052042213e+00 1.338081364934559092e+00 -1.289209620050707716e+00
-5.705920369975173045e+00 1.560036374747775512e-01 -8.905316942448978645e-01
-5.227745176103325342e+00 8.758132642547008517e-01 -1.314888192339345618e+00
-4.538071074831377061e+00 1.833265674047402261e+00 -1.672668593713147134e+00
-5.095228538854817302e+00 9.440950346842283958e-01 -1.173764520845358650e+00
-5.031556621200588886e+00 1.132811341379073244e+00 -1.696421134428932387e+00
-3.343506565916577689e+00 7.977530946275210511e+01 -4.083708600627724561e-01
