-4.516338540750943764e+00 1.113654271634946236e+00 -1.297540468403550529e+00
-4.800423847512861997e+00 5.973149333121339222e-01 -5.275329427783082004e-01
-4.367757474223036063e+00 7.692203324531547981e-01 -1.401222636839425384e+00
-3.937516524486547986e+00 9.774764017249887305e-01 -1.101220071640302445e+00
-4.623126873611992593e+00 1.868842943523000510e+00 -8.151274911375866461e-01
-5.111700942139461468e+00 1.466219445966295165e+00 -1.181608222401747454e+00
-4.380236603088044411e+00 6.431993321411634268e-01 -1.283269536114437059e+00
-4.998777995652949002e+00 9.888414313930791177e-01 -1.441586649205520931e+00
-4.196226995240263768e+00 9.576980488170923067e-01 -1.607915665709051423e+00
-5.021434105128892433e+00 1.131503096799709063e+00 -1.122144425823441871e+00
-4.400522013033898006e+00 7.775846274652968848e-01 -1.393775959649208085e+00
-4.645522845005738866e+00 1.622607353279966080e+00 -1.197215523538996740e+00
-5.063078458504615575e+00 1.437589414055632009e+00 -1.200931366793246413e+00
-4.695724645836031108e+00 1.526775001455884739e+00 -1.444006046151350642e+00
-4.969461690362925843e+00 8.658929128225169025e-01 -9.664345163764811453e-01
-5.279989968261777911e+00 1.159356411987199076e+00 -1.364459459955377207e+00
-4.975919930101873057e+00 1.618886142653501947e+00 -1.734395561852471124e+00
-4.193683218638915911e+00 8.343497524048640868e-01 -1.265994637949104051e+00
-4.647083074344907416e+00 1.358822753944423090e+00 -1.216551715324969862e+00
-4.404295986610149427e+00 1.215095547427774481e+00 -1.282397924092404384e+00
-4.564383172383797316e+00 7.159941245103920160e-01 -1.203505484652190205e+00
-5.331533565313526069e+00 6.926689560972681958e-01 -1.168788632791033510e+00
-5.180499868711215150e+00 1.298047882907809480e+00 -1.056050178122051042e+00
-5.445166519961371243e+00 1.217559252940455528e+00 -4.913259122688700131e-01
-4.743094801857318465e+00 1.760528059704728365e+00 -9.718973784193567500e-01
-4.885470138340743063e+00 9.194036911611377372e-01 -1.300227294549127999e+00
-4.720114482523220190e+00 8.938704214676543858e-01 -1.276122129363265856e+00
-4.228223898835686612e+00 2.092011174076108926e+00 -1.141831852508525813e+00
-5.144678588559911780e+00 1.405447730600069667e+00 -1.353577230895299355e+00
-4.931787530075391501e+00 1.677828686944802250e+00 -1.029290718410031058e+00
-5.206182968841865488e+00 9.998626555853683540e-01 -1.246129351140048636e+00
-5.008484581728041007e+00 1.681989944637818590e+00 -1.299630119775296189e+00
-4.340877624265796264e+00 1.090499607964839246e+00 -1.281701681532892767e+00
-4.091724071795740159e+00 1.957729012021674153e+00 -9.207935480011615326e-01
-5.186421394250062100e+00 1.571571067304024627e+00 -1.763510244656403492e+00
-4.315970212052544497e+00 9.271743934169686119e-01 -1.414088185821764210e+00
-4.778050918086802490e+00 8.711281139139361862e-01 -1.388913408094567536e+00
-4.340407309803419267e+00 1.677969935189276507e+00 -1.036013691332612341e+00
-5.174165616634085474e+00 1.492710367478017552e+00 -1.263063490599806826e+00
-4.458073175263804977e+00 1.399071216931377037e+00 -8.402052686891053890e-01
-4.392772931155237259e+00 2.191564203136200373e+00 -5.331838936759047964e-01
-5.111429811940999102e+00 1.366160918394001111e+00 -1.338371175035629523e+00
-4.446020068429067607e+00 9.969082373874380565e-01 -1.434710992276524655e+00
-4.916645979874969541e+00 8.696499241471107311e-01 -1.091765667550034680e+00
-4.603417362180766581e+00 2.889209612939468430e-01 -1.383768334715416159e+00
-4.272757213371876972e+00 1.581040261231404731e+00 -1.338681711639195582e+00
-5.338742419282496598e+00 9.941395433390055603e-01 -1.321933870278082068e+00
-4.149446497421672042e+00 1.204634680716568651e+00 -1.503059391718604587e+00
-4.759822201612167625e+00 9.970673859441558928e-01 -1.172830154645885026e+00
-4.604058837394588544e+00 6.884725338161608033e-01 -6.645534686133784952e-01
-4.589762659487208296e+00 8.741728036595567408e-01 -1.176138081315790673e+00
-4.207928107777211046e+00 1.452730139351700034e+00 -1.018874654236266108e+00
-4.571001077674977431e+00 8.731724336478708937e-01 -1.031844443887006024e+00
-4.294034107172997494e+00 9.675255061628759146e-01 -8.746082869192229881e-01
-5.706783826661889769e+00 1.723825455724405264e+00 -1.223445196029911086e+00
-4.924448342176022564e+00 1.079303241274513381e+00 -1.706424652423967681e+00
-5.077078544088209355e+00 1.157283480466128500e+00 -1.463432312160597437e+00
-5.016366235704836640e+00 1.006910899689607897e+00 -1.290010319292360208e+00
-5.108034981820323672e+00 9.633628965380994780e-01 -1.410784242274406131e+00
-4.897351235036669692e+00 1.136869527074318320e+00 -1.067363293344466557e+00
-5.829387465188657025e+00 1.314138051559224474e+00 -4.815823597176647763e-01
-5.319891853577098928e+00 8.875669330799720314e-01 -1.373707480860361985e+00
-4.879654500817353302e+00 1.864353008077192397e+00 -1.763157527996121354e+00
-4.714944037963204160e+00 1.066100724608055605e+00 -1.366513065943561811e+00
-4.307058809464579419e+00 1.074321682566637515e+00 -1.418706328646980985e+00
-4.590848132801043313e+00 1.479450506661137199e+00 -1.393480021368410871e+00
-4.384457073224133694e+00 1.391700009800785454e+00 -1.009349263989610446e+00
-4.840518869148187520e+00 1.271746429855912464e+00 -1.378381662914197836e+00
-4.144141159909412231e+00 7.962132166938231670e-01 -1.444685910505246529e+00
-5.846429398400085908e+00 1.854289983468414560e+00 -9.943492390281843951e-01
-4.695339837743330413e+00 1.165557023747219256e+00 -1.062700929030950592e+00
-4.887226000679068427e+00 8.293037533217670898e-01 -1.427632259946763238e+00
-4.680124884441631217e+00 1.279830509348140577e+00 -1.342859419138297872e+00
-4.731627268092490013e+00 1.296276734425907406e+00 -1.444562610940525405e+00
-5.215039533721342657e+00 1.528569739346425260e+00 -1.090471864123034429e+00
-5.571413017732949058e+00 9.355043126848059387e-01 -8.624609927605956239e-01
-4.781935637196244926e+00 8.945351570199771007e-01 -1.788291116042843409e+00
-4.768052506043053640e+00 1.405710627584152661e+00 -1.690128919068781377e+00
-4.645031081022747088e+00 1.182166928100909953e+00 -1.305374844035815052e+00
-4.583714369812076583e+00 7.750001311672491955e-01 -1.018768984410475920e+00
-4.766252152424894639e+00 1.182465744821329379e+00 -1.133939043809220948e+00
-5.542838756119560450e+00 1.161980878059581501e+00 -1.323520825721768546e+00
-4.805892471303301328e+00 9.856912568084319481e-01 -1.551298614134678733e+00
-3.983836117470476612e+00 1.944842925760422725e+00 -2.304124196558788196e+00
-4.834211895766535427e+00 1.482099636231198003e+00 -1.133199160369922298e+00
-5.038654311006022901e+00 1.342974824883594431e+00 -1.410993221642296236e+00
-4.419520396172446297e+00 9.350538842974116527e-01 -1.020902384601650725e+00
-4.670873003952801028e+00 1.645864809836756315e+00 -9.492199617315358884e-01
-4.939028844957619846e+00 7.983635129660662244e-01 -1.301305085774999259e+00
-5.095093893526308371e+00 1.418086724718839786e+00 -1.163451541719402016e+00
-4.238496150878134472e+00 1.185672846517846768e+00 -8.573807075426480573e-01
-4.776655237003105015e+00 1.553488202044583044e+00 -1.325306769342658786e+00
-3.919762112121691899e+00 6.754795744995589768e-01 -1.333626975922552083e+00
-4.998407474840695919e+00 1.373694627481757191e+00 -1.399943845762009254e+00
-4.668212551587243908e+00 1.727101478967544734e+00 -1.379777917542108767e+00
-4.318061859859736451e+00 1.081745275048203947e+00 -1.107878847853695614e+00
-3.941175468286404637e+00 2.914550929724974426e-01 -8.889428798104691554e-01
-4.807806123643072915e+00 1.164244196494335748e+00 -1.521973874160668316e+00
-4.376595094039592126e+00 1.244252519017092551e+00 -1.578508015138671228e+00
-4.336349480833229464e+00 8.928960251942564819e-01 -1.285752666681729828e+00
-4.827147899831890854e+00 8.188768286239083150e-01 -1.143825930924752710e+00
-4.726591145484608347e+00 1.743888807559107690e+00 -1.410793913774772035e+00
-4.737283858105513445e+00 1.575439020453201833e+00 -1.672286407880643200e+00
-4.716680077699136220e+00 1.097446129577505980e+00 -1.234305314878531012e+00
-5.011771393663789098e+00 1.056328600648822391e+00 -1.256577048750306513e+00
-5.010138726842143342e+00 1.426149265949010037e+00 -1.359734413457197810e+00
-4.892304339204362584e+00 1.161776404345795211e+00 -1.006232507306435764e+00
-5.151148031669554150e+00 5.287630784976177223e-01 -1.581544933583923340e+00
-4.472329554598425183e+00 8.345672791791963752e-01 -1.310905333248454596e+00
-5.052384771672705277e+00 6.954396231351860358e-01 -1.528981254892611386e+00
-4.642849113106889192e+00 1.833680073309816416e+00 -9.735916773448826111e-01
-4.916071029851038610e+00 1.118210695139434385e+00 -1.318906978573510136e+00
-5.236528406524183943e+00 1.598988657540076463e+00 -1.323695617192429674e+00
-4.766631039083468302e+00 1.982490693300463347e+00 -1.216444504049426945e+00
-5.075517796347875255e+00 8.616592287456973365e-01 -1.265280094491448404e+00
-4.901533686502435039e+00 1.552802193926693830e+00 -9.713131992736634412e-01
-4.811248173431154740e+00 1.107931669170215017e+00 -1.268220522644830428e+00
-5.169177999517104993e+00 1.101165930635631840e+00 -1.197240400223977597e+00
-5.537662787999166447e+00 2.240146943199063490e+00 -7.898916301965291931e-01
-5.010330426877457555e+00 1.111231034054200206e+00 -1.312625618048554488e+00
-4.682426406735142876e+00 1.318450747213779417e+00 -1.363933806525852388e+00
-5.052747891690287929e+00 9.928660732317039495e-01 -9.959384502986233789e-01
-4.674613093479746517e+00 7.160652941759997336e-01 -1.124436468554433688e+00
-4.515965040401908048e+00 1.471680427359057797e+00 -1.511087483146357213e+00
-2.069495234732119471e+01 5.047681677140299428e+01 -3.091649241597513864e-01
-4.024805874838956576e+00 1.229410709290720494e+00 -1.362148670544130580e+00
-5.148083170356810179e+00 1.081191144295843731e+00 -1.628454549831935827e+00
-5.163473639107816204e+00 1.191207304249996435e+00 -1.449691591904766375e+00
-4.445852311145601199e+00 1.603829636488127708e+00 -1.365918940203004084e+00
-4.499404670362376457e+00 8.184640936832323632e-01 -1.240727720177086546e+00
-4.289329411038924178e+00 1.130854971593276748e+00 -1.202166103111345752e+00
-4.327909428653323509e+00 1.088677578501057841e+00 -1.112873418576664220e+00
-4.937911797635859301e+00 7.573409798432277906e-01 -1.144500099577979713e+00
-4.676399859233624667e+00 1.066217875706993778e+00 -1.306069466157742331e+00
-5.029878372904556194e+00 1.269941248953607715e+00 -1.285123619251070881e+00
-4.846845368563957202e+00 1.386851902471745390e+00 -8.308575689559615229e-01
-4.848282759820526699e+00 7.630636893747194671e-01 -1.080936995213164664e+00
-4.376267571317104199e+00 6.606134062549468000e-01 -1.295674863088466910e+00
-5.333649944921647013e+00 8.618598801081265304e-01 -1.081843306473460276e+00
-5.100170445025171695e+00 1.288353671400258360e+00 -1.454279644716625075e+00
-4.492351530682721084e+00 1.300888714518261491e+00 -1.342992691156043028e+00
-4.746154218270024039e+00 5.975229400993908868e-01 -1.272966840815102918e+00
-4.397811303880507339e+00 1.572715396074803706e+00 -1.350759602498147416e+00
-5.101493725909348242e+00 1.671472010700209676e+00 -1.281227800647908310e+00
-5.224323029774324390e+00 1.153041261299869280e+00 -1.084484272674083094e+00
-4.872414991836057752e+00 1.066367977532337585e+00 -1.339093244597836740e+00
-4.686811790608779837e+00 1.293556672191833457e+00 -1.163714445777431772e+00
-4.279378158420205303e+00 1.010602041129095241e+00 -1.479077016079352713e+00
-5.530738064825281519e+00 1.303965553446280623e+00 -1.211487804142850511e+00
-4.187733797625645238e+00 1.044710362339811072e+00 -1.077269343613816766e+00
-5.107668213402003055e+00 8.985083038065447836e-01 -1.363523119211317525e+00
-4.546104805667949833e+00 1.324771577191342420e+00 -1.364186617218174247e+00
-4.465325348360396518e+00 7.117986892326727544e-01 -1.143548671990276544e+00
-5.038932292254183487e+00 1.315849371435387605e+00 -1.112239945717237832e+00
-4.146207618716679200e+00 8.792526663934193687e-01 -1.261634353990496615e+00
-4.678888346864433778e+00 1.749736538311994938e+00 -1.913186938080392308e+00
-4.933423926234117296e+00 1.264980824525061776e+00 -1.294540666750489954e+00
-5.085392726913612549e+00 1.231510616549920556e+00 -1.544572335986357681e+00
-4.761884937516349225e+00 1.468760456081841692e+00 -1.285140949378401176e+00
-4.491886225846630332e+00 1.242786143978622082e+00 -1.282729128915926609e+00
-4.665589692248765630e+00 9.631067860032747063e-01 -1.624240218620033094e+00
-4.837797908225875965e+00 1.149579062377099170e+00 -1.519318824918060695e+00
-5.241765393738575085e+00 2.252185959943971305e+00 -1.483605388461977537e+00
-4.848055076935715135e+00 1.436347635965613767e+00 -1.253618166838296188e+00
-5.276437952956441357e+00 1.152791839823091857e+00 -1.335699773103182997e+00
-4.941773478915772344e+00 8.516572089259321077e-01 -1.188035691153339402e+00
-4.841948540668147949e+00 1.217409916042543117e+00 -1.313731383198491587e+00
-5.157879148274720826e+00 1.081170778099896701e+00 -1.463900923968899370e+00
-5.286311678678865533e+00 7.189540850400691907e-01 -1.449049706967133755e+00
-5.357256754288973966e+00 1.149374529161892422e+00 -1.340204953447182046e+00
-5.192841098262423571e+00 9.022474746275116475e-01 -1.074700800270466994e+00
-4.826232969706820697e+00 1.456925673758065365e+00 -1.240481659652516999e+00
-4.493634405638931462e+00 1.507371151129617726e+00 -1.382929877424832865e+00
-5.106365458657116996e+00 1.083156723144239164e+00 -1.121104757287005649e+00
-4.203731334636120920e+00 1.139925081608191171e+00 -1.356255964690732618e+00
-4.547899988366491897e+00 1.018204391773849693e+00 -1.072958576310456769e+00
-4.870441293137143468e+00 1.603296936407631046e+00 -1.045453519376609464e+00
-5.071441210347543915e+00 1.109427513284948708e+00 -1.348205909112619727e+00
-4.426049618812979425e+00 1.506628876425569752e+00 -1.204601747516484078e+00
-4.571908255549232081e+00 1.202462293702926788e+00 -1.413275810288226131e+00
-5.113617775988496206e+00 1.031713930163597581e+00 -1.466183238732858163e+00
-4.931416427909372402e+00 1.276644668294168117e+00 -1.192560829408025658e+00
-5.171453406449996848e+00 1.322928547910938946e+00 -1.412659842822245881e+00
-5.140274765593876971e+00 1.027576796603127118e-01 -1.335550046161845694e+00
-4.479526795198460754e+00 9.605756511711688317e-01 -1.199662929913487330e+00
-4.552920619738231700e+00 1.244669639058607613e+00 -1.340900727035015283e+00
-4.435813420011840869e+00 8.666405422031008277e-01 -1.276844769342408092e+00
-4.741938035398675311e+00 1.230355858416565251e+00 -1.224834261248234579e+00
-5.031129468275637784e+00 7.292395542924333673e-01 -1.075999868750698862e+00
-4.854219202858456761e+00 1.656165760582521962e+00 -1.118335308892052016e+00
-4.119054362224374266e+00 1.608509508603145122e+00 -1.966945261117982513e+00
-4.303956754645292371e+00 1.051693173149899962e+00 -1.513643269721693496e+00
-4.320767177381273250e+00 2.198155553834558962e+00 -1.821563872463245026e+00
-4.207599823492734537e+00 8.983700925187168007e-01 -1.346753611134498430e+00
-5.431514267402102192e+00 3.265915385009406369e-01 -7.725002060363089784e-01
-3.872261844214671900e+00 7.221879884322860432e-01 -8.855008880741274124e-01
-4.704969859004784816e+00 1.923191383752447026e+00 -1.358905216724302090e+00
-4.528933764473199730e+00 1.390321911202662797e+00 -1.204620092169615519e+00
-5.358598455324343313e+00 8.578938136915197354e-01 -1.068592614549337849e+00
-4.740063727087044931e+00 1.681379436704298458e+00 -1.030219346922323087e+00
-4.541632864906501865e+00 1.072802378050465855e+00 -8.192369934947223431e-01
-4.593419909359501396e+00 5.728208860827611604e-01 -1.481946172221628721e+00
-4.846854536972435845e+00 1.484645218159375224e+00 -1.252378990520095714e+00
-5.269197436269104529e+00 4.873104269225890239e-01 -1.406575846581362033e+00
-4.735057545692281877e+00 7.942888277996729141e-01 -1.128531956194937402e+00
-4.675909307383915525e+00 1.190985189664676591e+00 -1.298086143255902769e+00
-5.364217591234996974e+00 1.203078050283256761e+00 -1.164092468971797745e+00
-4.431416335229736880e+00 1.162541505119741192e+00 -1.263119933764573766e+00
-4.377720803435535935e+00 1.529334081879050622e+00 -9.938358047205337886e-01
-4.457475959814512834e+00 1.634914435896642759e+00 -1.134719475263265220e+00
-5.616384032361247058e+00 9.216218114432661590e-01 -1.582086752960409903e+00
-5.011471290802887779e+00 1.047644946504999064e+00 -1.093565230898882801e+00
-5.264145529448692074e+00 9.600264366341413336e-01 -1.178720912087172668e+00
-4.877076877674002553e+00 6.983804620834680454e-01 -1.353609786751806654e+00
-5.033074664119261854e+00 3.562454734579518362e-02 -1.449947041988021157e+00
-4.756390753232933477e+00 1.676350268817181410e+00 -1.711097029356002830e+00
-4.644659415542333747e+00 7.714904287715234066e-01 -1.071065048102890271e+00
-5.315104105883664332e+00 1.345025642554475098e+00 -1.273011189908173080e+00
-5.033877730058127220e+00 1.366635008129270634e+00 -1.495472360413891533e+00
-4.381162493990482965e+00 1.047209962898518754e+00 -1.484557275811899002e+00
-4.755590499416874728e+00 1.297536453068630413e+00 -6.735873990216233453e-01
-4.631402045162421821e+00 1.230092948489218463e+00 -1.264055324750759990e+00
-4.528870965510693125e+00 7.706889731931282350e-01 -1.586361293630376146e+00
-4.324556676037067504e+00 1.083529730065695418e+00 -1.284688544363257190e+00
-4.555136925506674039e+00 1.289795125784481522e+00 -1.345863230364447549e+00
-4.446401299475422064e+00 1.691972828629649817e-01 -7.293421435830366173e-01
-4.878825262755547953e+00 9.774891357156594296e-01 -1.499128745619066727e+00
-4.966045772129796809e+00 8.498362599780044935e-01 -1.178338589515839807e+00
-4.718197974127041228e+00 1.041118068566494914e+00 -1.417348543431826480e+00
-4.711387545211718653e+00 1.157762471489858003e+00 -1.225029894501239003e+00
-4.846900225780650828e+00 6.122597024837926893e-01 -1.790478113100567814e+00
-5.031724960046193296e+00 1.589607219006404559e+00 -1.102275778002165918e+00
-4.469374879336245776e+00 1.566731140192201721e+00 -1.351499031681143048e+00
-5.086166401585978214e+00 1.516782250725857262e+00 -1.524792469082846935e+00
-5.150058355764986828e+00 9.459947478428538670e-01 -1.128482018558749411e+00
-4.356542158163161815e+00 1.678188149194205225e+00 -1.074132391267740072e+00
-4.225212873961150528e+00 1.114137841588164868e+00 -1.099492450082197204e+00
-5.354817579950149842e+00 1.285703344733465814e+00 -1.036724705869420227e+00
-4.860907194624087602e+00 8.067139000301043472e-01 -1.333930046571938810e+00
-4.580522004271703196e+00 1.628469247839453127e+00 -1.441051724381921861e+00
-4.426934303967334117e+00 1.702210433329048422e+00 -1.492056825354178606e+00
-4.254113048688363818e+00 1.911121473228753143e+00 -6.388185631958565036e-01
-5.362377681881303815e+00 1.381659825723275059e+00 -1.238718834886285647e+00
-4.166904854257795776e+00 8.201224213842012167e-01 -1.180421330750703435e+00
-4.937003027720073156e+00 1.220172915903084743e+00 -1.797298080248660002e+00
-5.145047065688032717e+00 1.045886290979183508e+00 -1.346262952018786763e+00
-4.996642202544182787e+00 1.317384892062581692e+00 -1.186258343033578466e+00
-4.033168229919911418e+00 9.579036983411415296e-01 -1.108072784243681275e+00
-4.431173156364073940e+00 1.044220571546761178e+00 -8.797587855403072865e-01
-1.762046587827538602e+01 1.185732521923576144e+01 3.986434790073767331e-03
-4.669780205795948547e+00 7.265287792518094756e-01 -1.194846983992653655e+00
-5.222473016820604386e+00 1.025042032037878803e+00 -1.094636747100230956e+00
-4.326205198957199016e+00 1.456649446457236374e+00 -1.022992159797700085e+00
-4.693730097381370037e+00 1.165482966370738893e+00 -1.330300490248542022e+00
-4.487925078786921596e+00 1.188054827238433919e+00 -1.226705291925551000e+00
-4.979379619067445084e+00 8.941662258667747443e-01 -1.371224114789691528e+00
-4.992233661577071935e+00 9.121916454597801538e-01 -1.320084618628067030e+00
-5.127252891219773900e+00 1.473782808429707991e+00 -1.275137497928913843e+00
-4.496875489750135735e+00 1.025551505866955315e+00 -1.050653906020355022e+00
-5.028187611940920121e+00 1.364845435907860782e+00 -9.627096561891187454e-01
-4.700310368080644174e+00 1.541574796225239741e+00 -1.491964966419862204e+00
-5.127536372404879472e+00 8.577031398063695855e-01 -1.296238092874872239e+00
-4.925930838845512305e+00 1.261881723394432830e+00 -1.243390500397534737e+00
-5.170222202862927219e+00 1.838741254942138914e+00 -1.197427254547912989e+00
-4.558376180920679310e+00 1.102516209910447076e+00 -1.284718509814782639e+00
-5.483368488625605330e+00 1.895997538529269333e+00 -1.776764899371761963e+00
-4.393827763662289776e+00 9.130106849429883153e-01 -9.655411016980444128e-01
-4.103340134426260555e+00 -6.648776381926674306e-02 -3.371962103657534793e-01
-4.862595168681908220e+00 1.253245957777596065e+00 -1.248315016775725317e+00
-4.318649939013700312e+00 3.748185887225717883e-01 -7.811457454056042193e-02
-4.622187272775791556e+00 1.208269405940659791e+00 -1.269473454579740590e+00
-4.290790377512848863e+00 9.049160247580324556e-01 -1.095644122955783173e+00
-5.122334000060989823e+00 9.103610841155874711e-01 -1.253770791557688558e+00
-4.165599743369061692e+00 9.160022313392149895e-01 -1.303256741770568938e+00
-4.541837276142036472e+00 8.024451923949336152e-01 -1.277365943935016679e+00
-4.347613617430090116e+00 8.005359356609972332e-01 -1.345693755722504825e+00
-4.850265302473248497e+00 9.816814507463796913e-01 -1.440195862007463967e+00
-5.034135627362752885e+00 1.466567232296883683e+00 -1.584263912363372828e+00
-5.146113796049925249e+00 9.812754848522895479e-01 -1.617767630297009429e+00
-5.254194947008550720e+00 1.548705731091098103e+00 -1.551647044882097370e+00
-4.456933313359471960e+00 1.117572820898838248e+00 -1.317690393623288436e+00
-4.056112158633538911e+00 9.851530399070764776e-01 -1.336979161177767272e+00
-4.798335864493938452e+00 8.309172150532015966e-01 -9.372984239622028646e-01
-4.608079214797029088e+00 1.498364626395099375e+00 -1.334500243622478211e+00
-4.731594299311660201e+00 1.159212067467859653e+00 -1.391110933844347031e+00
-4.187959649040651655e+00 1.236450556233253950e+00 -1.484659469228812423e+00
-5.024297790058090740e+00 1.177194457773137248e+00 -1.174859225218949810e+00
-4.419444653760921327e+00 1.720429204915603583e+00 -1.302976456426174767e+00
-4.274991350558335235e+00 1.044410742719793284e+00 -1.339068476109948280e+00
-4.577087755760237187e+00 1.496784704487909679e+00 -1.494501788949547771e+00
-4.250112667409275069e+00 4.347735980883378759e-01 -1.116886258517163943e+00
-5.235175827148513150e+00 1.016733927373625335e+00 -1.197258114892318481e+00
-4.280256917539580819e+00 1.098268480796482205e+00 -1.412971418073377228e+00
-5.093097996187652576e+00 9.157334101342605726e-01 -1.268455984280814297e+00
-5.701461151076490097e+00 1.463600038770306089e+00 -5.323596840964079924e-01
-4.857670617170599670e+00 8.344107881974534013e-01 -1.231443097293319688e+00
-5.616553355847691442e+00 8.810539841916549264e-01 -1.563498312075493279e+00
-4.920686964386090878e+00 8.813435264211589848e-01 -1.150048193599896740e+00
-4.789884961206673175e+00 2.106740789624580668e+00 -1.289870662792523159e+00
-4.752470146084222691e+00 1.485594693862961169e+00 -1.504494647386897643e+00
-4.385668907810027051e+00 1.445126546809745616e+00 -1.267279711219973182e+00
-4.223664438162590962e+00 1.023093443984405937e+00 -1.348365222863734614e+00
-4.498699946282544104e+00 5.871114218737872870e-01 -6.750795309384025611e-01
-4.710293622454694962e+00 1.219333058040699580e+00 -1.034115920370501707e+00
-4.338613444807775110e+00 1.037432706007494154e+00 -1.320321616108730778e+00
-4.552598779709448706e+00 1.128364452131626505e+00 -1.002920962609467725e+00
-4.676467323425567812e+00 1.131370348943184334e+00 -1.262748976230082976e+00
-4.188794000009490759e+00 1.303313041376235715e+00 -1.592998100878742829e+00
-4.903233697515538836e+00 1.482889362085413776e+00 -1.276582787165309485e+00
-4.518212935245347062e+00 9.292787304796488179e-01 -1.668567597110958145e+00
-4.138646971149625209e+00 1.275581415522172968e+00 -1.356909151831668270e+00
-5.081066664173140346e+00 1.136366533491792064e+00 -1.304395878551753984e+00
-4.380462720725225800e+00 9.058436725834422276e-01 -9.092854255584916778e-01
-4.551559598026782893e+00 7.245662699852671862e-01 -9.779591925213121373e-01
-5.246079483132733756e+00 1.540955528312616618e+00 -1.175460535620629132e+00
-4.112747942755465402e+00 1.032152028686284861e+00 -1.168080347182354206e+00
-4.243963391803371898e+00 1.577214744587064121e+00 -1.112834898258360239e+00
-5.080424034882894624e+00 8.715087715632212628e-01 -1.343932150668924796e+00
-4.562974225181513965e+00 1.753851833251502068e+00 -1.832849055851303310e+00
-5.815628916312641117e+00 8.299898793836504307e-01 -8.379192155038297507e-01
-4.678713241868517336e+00 1.007689623939057588e+00 -1.259029775198786671e+00
-5.264411461462577435e+00 1.366049634416741210e+00 -8.952891798167166293e-01
-4.523552485134020529e+00 1.358944360911594540e+00 -5.994170621683514444e-01
-4.747482901971953773e+00 1.703384591067258702e+00 -1.324627033579572455e+00
-4.379259445057614997e+00 1.082809735377841864e+00 -1.327046338987653451e+00
-4.953973553376550321e+00 1.132313737581105650e+00 -1.323281727685948317e+00
-4.591493781980287459e+00 2.044078670077968951e+00 -1.268993634294352191e+00
-4.841606491930357414e+00 1.330726346057998999e+00 -1.413429904388747937e+00
-4.477810247887940243e+00 8.672400983611840974e-01 -1.346918469551262598e+00
-4.514272563198694854e+00 8.039275431520085391e-01 -1.074901587892718835e+00
-4.743551764702950813e+00 1.080342762313907912e+00 -1.336404845867564362e+00
-5.252798265249574605e+00 1.181796835818890612e+00 -1.156151095719862187e+00
-4.614556045716896371e+00 8.656238381571382812e-01 -1.391949388205734328e+00
-4.903596558404148098e+00 8.946684053245603785e-01 -1.428700863264499299e+00
-4.265318326243138891e+00 1.288949989442084609e+00 -1.631570585292096087e+00
-5.355239128022564188e+00 1.384768774779186584e+00 -1.481077963874309233e+00
-4.511798341830528969e+00 1.482734001737895824e+00 -1.045006781929153306e+00
-5.139604922523462349e+00 1.214799491881421556e+00 -1.327086855445849478e+00
-4.242632191526002572e+00 9.948598544152029710e-01 -9.054798020528895819e-01
-4.688106592427669916e+00 1.139581056763480094e+00 -1.435916013032742633e+00
-5.012588120323703933e+00 1.526048237886839631e+00 -1.233327454762657371e+00
-4.808769009466493216e+00 8.180594591416359140e-01 -1.275462367895373372e+00
-4.840454161128521449e+00 1.399047591186761696e+00 -1.549112124302731264e+00
-4.712065378344371780e+00 1.555914662266007387e+00 -1.073430636789286297e+00
-5.021665332601942033e+00 1.631084223638566089e+00 -1.433144088848310016e+00
-4.206121064197636095e+00 1.024600547487590552e+00 -1.295044819660877700e+00
-4.447709474513710681e+00 9.101219649990135441e-01 -1.349230499523812465e+00
-5.099131765540059646e+00 8.813133883869085361e-01 -1.310885805337929533e+00
-4.916862120900242772e+00 1.112028125692348324e+00 -1.164008201016258681e+00
-4.979355892545577866e+00 1.190348301468666437e+00 -1.516568180825899725e+00
-4.907985856974881322e+00 1.549741895628494737e+00 -1.312168888728690419e+00
-4.645496120395593564e+00 3.473366937943889732e-01 -1.034234779825651485e+00
-4.789829328996031421e+00 1.346099464427653825e+00 -1.262560512762348708e+00
-4.795286011526887826e+00 1.434379259737200263e+00 -1.139239820474475140e+00
-5.144132060134230855e+00 2.760626913348774858e-01 -6.770207934516137005e-01
-4.583977774737325817e+00 7.898712892304751154e-01 -1.372011369451470841e+00
-4.930707909388252652e+00 1.128607658357652754e+00 -1.680903200755545335e+00
-3.838996417055349664e+00 1.563091246810772716e+00 -1.413202421816250887e+00
-5.046018428613109563e+00 1.117708673177347123e+00 -1.055361339541809551e+00
-4.570692519291720934e+00 7.785081212946829421e-01 -9.749956466248171916e-01
-4.263974064299596911e+00 1.624938349544591487e+00 -1.387391043534427437e+00
-4.856356778174106381e+00 1.134997971356516810e+00 -1.564102000720275720e+00
-5.442251905830628012e+00 1.222677549833299571e+00 -1.439346800238239688e+00
-4.591499114472304299e+00 1.454003245747090167e+00 -1.447431621543623814e+00
-4.192182636607869384e+00 8.487768338867233142e-01 -1.112075945075408301e+00
-4.304110939622027843e+00 1.607144048937731773e+00 -1.121626924735213970e+00
-4.127185521505343679e+00 1.255780018202571346e+00 -7.581992505808057281e-01
-5.478619148972562414e+00 1.391930747779754229e+00 -1.222197734569316685e+00
-5.211905226049275086e+00 1.516325947230603655e+00 -1.188722145872145752e+00
-4.915510394411071182e+00 7.536993474100780466e-01 -1.349006120905165362e+00
-4.775255714348854319e+00 1.193275878899884734e+00 -1.004777430455664256e+00
-4.452767174567351383e+00 8.365898857331852678e-01 -1.151412119445105464e+00
-4.375636916489925810e+00 1.528253698920465364e+00 -1.325287806360973653e+00
-3.939298492283616060e+00 1.472283309734642165e+00 -1.096159813303827280e+00
-3.782405475282859442e+01 1.245348306511714043e+01 9.802534769534720915e-02
-5.375445996323334974e+00 1.405937816219198444e+00 -1.233907351725430201e+00
-4.295561291189557984e+00 5.919151564962644718e-01 -1.155089736986380400e+00
-5.035695013611137583e+00 1.105005576948041357e+00 -1.268831887262408697e+00
-4.906138674900634378e+00 1.486251036583364993e+00 -1.275875044974278172e+00
-4.661294254950488103e+00 2.153506716060872517e+00 -1.377328460417037714e+00
-4.982469976018029989e+00 6.807323403022464969e-01 -1.770754081499465338e+00
-5.097212800530903642e+00 8.857956343380186670e-01 -1.266319388645372523e+00
-4.884609881305136625e+00 8.062121841985313564e-01 -1.275500304519720185e+00
-4.907228386650142049e+00 1.427096305314827340e+00 -1.316890459186418560e+00
-4.560962731294745609e+00 1.301489543982308872e+00 -1.397307847677024650e+00
-4.463528956080224930e+00 1.067462658150883481e+00 -1.347565154712909274e+00
-4.907057589038444689e+00 9.749627544505324872e-01 -9.372008599446417509e-01
-4.332424299972873705e+00 1.245230164565876096e+00 -1.074546612739367468e+00
-4.728802397408704117e+00 1.209163708952774474e+00 -1.168932488906088141e+00
-5.468065903781763382e+00 4.990768023619103766e-01 -9.207712167157214855e-01
-4.091708299332917242e+00 2.106764277924597084e-01 -1.400934412300131493e+00
-4.651456834357849957e+00 1.393406423948228889e+00 -1.253324891254576245e+00
-3.788925694007236000e+00 1.710107230670214751e+00 -1.880950435200404725e+00
-4.679628769148838963e+00 1.163329522211452138e+00 -1.376723957628933848e+00
-4.879293327523692270e+00 1.658870274212178364e+00 -1.320085070443679287e+00
-4.473804076633127735e+00 1.145136222792872749e+00 -1.212333923589790752e+00
-5.496981460035121003e+00 1.744414538921681634e+00 -2.208528995089493296e+00
-5.089184950533904406e+00 1.286375136031936206e+00 -1.509617117017289845e+00
-4.140284561228127380e+00 1.540826048579254870e+00 -1.724472024842595097e+00
-3.895910194677373539e+00 4.513557723754954010e-01 -1.576624513079160073e+00
-5.055169725676370795e+00 1.361796122255844343e+00 -1.268778501783104362e+00
-4.502854029989052265e+00 1.047937193978946580e+00 -1.280679567943732167e+00
-4.646820031594181444e+00 1.550666165972164112e+00 -1.353842716050202899e+00
-4.693588846925964120e+00 1.052003314576146042e+00 -1.563960913319582424e+00
-4.599943993323842406e+00 9.810831410348456183e-01 -1.299540438141087328e+00
-4.477030227237044357e+00 1.004879115046982241e+00 -1.258363143011928420e+00
-5.013150112483444332e+00 1.968243291399917272e+00 -1.617097139052287025e+00
-5.713634900227823721e+00 8.016380753554003258e-01 -5.092346725548971831e-01
-5.025275061352528994e+00 1.745416817834961831e+00 -1.213212969943419983e+00
-4.876681423283584671e+00 9.597054174070835941e-01 -1.628439827117214245e+00
-4.965078328273086150e+00 2.756826181736182768e-01 -1.377404947364567311e+00
-5.130238348964144990e+00 1.136245947748597329e+00 -1.303404951154123692e+00
-4.796396183073492026e+00 1.160977003561076693e+00 -2.094903278439377736e+00
-4.972632941451124111e+00 1.869028086996238125e+00 -1.174252509568343816e+00
-4.627812396257771077e+00 1.482096944265237637e+00 -1.287263942200939981e+00
-5.498672420665190685e+00 1.561656939561507196e+00 -1.504848372266580858e+00
-4.526949165090669247e+00 1.460698490065074573e+00 -1.409085519522566665e+00
-4.340431822175607302e+00 2.103530095930728816e+00 -1.126173422598979901e+00
-5.107188605573254492e+00 9.375047415029637010e-01 -1.201015369567999702e+00
-4.388766119288682432e+00 2.322186257371873452e+00 -1.406213012135851370e+00
-4.531670334315190729e+00 7.402196512089705971e-01 -1.127041819371157549e+00
-4.572355790103268092e+00 1.562496659822502076e+00 -1.325694723260840258e+00
-5.333501269505117826e+00 1.388636143064878592e+00 -1.768993585757146159e+00
-5.139997731326308994e+00 1.422574161039603879e+00 -1.434072365630931101e+00
-4.541879503572583410e+00 1.389159609662104167e+00 -8.919103240825712042e-01
-4.691498212667283951e+00 1.459612414982530915e+00 -9.216543807090986640e-01
-4.312925272983086700e+00 1.121846324924587357e+00 -1.347659824339706880e+00
-4.901546033118930445e+00 8.181507519175792442e-01 -1.152013779446625419e+00
-4.861886456832459125e+00 9.731362831470040664e-01 -8.291340166821185020e-01
-5.078943081965540784e+00 6.780005347741629995e-01 -1.331225786798705846e+00
-4.840830090285476395e+00 7.980023350565597084e-01 -1.488266920103683111e+00
-4.211556230863697792e+00 1.323856768137748219e+00 -1.316874248767965661e+00
-5.133019915030010871e+00 9.400422794016086714e-01 -9.701686092188431809e-01
-5.032549122383348283e+00 1.209488589419091875e+00 -1.273401660409632985e+00
-4.421201293059819903e+00 1.480454893604350453e+00 -1.096191882397777206e+00
-4.998039918129131287e+00 1.685757264049070114e+00 -1.256161560875087568e+00
-4.622556014678054659e+00 5.516262344301875453e-01 -1.047345675735436688e+00
-4.347614726745465674e+00 8.751305639042191720e-01 -9.918936804234281812e-01
-5.169671987763025278e+00 1.382734652173910783e+00 -1.218905534371273136e+00
-4.282992790743731071e+00 1.103987251260806213e+00 -1.100031158055361891e+00
-4.553646740468715315e+00 1.630145064142838329e+00 -1.290541706736495042e+00
-4.609014651448980260e+00 4.982494317188045363e-01 -5.643807904714381873e-01
-4.665530057784488704e+00 1.196093830477091169e+00 -1.324373900704943097e+00
-5.021077861756779726e+00 8.210882007022342055e-01 -1.199044328686000194e+00
-4.899361456058707098e+00 1.155286647807807210e+00 -1.220926105917991000e+00
-4.239562380717599055e+00 1.387629750654020944e+00 -1.242093931941779861e+00
-4.583331141695748734e+00 1.501368667114815647e+00 -1.357418569659632590e+00
-4.309054733950321570e+00 1.168683676832311669e+00 -1.377208941558414557e+00
-4.788178556403849484e+00 7.673866002493046068e-01 -1.576250594613123113e+00
-4.507931274301910207e+00 1.217574703799254809e+00 -1.331623701375841407e+00
-4.275540234728172351e+00 1.630267879276866116e+00 -1.093421117105429996e+00
-4.600180469155126239e+00 1.208438570082784880e+00 -1.332418039841527291e+00
-4.362595237422316252e+00 1.284033103765361838e+00 -1.510616146683757099e+00
-4.491524712212746628e+00 1.580266515240295044e+00 -1.378593350681957652e+00
-5.879655778027136570e+00 4.663558752612254055e-01 -1.799782140218485038e+00
-5.210101293049151039e+00 1.594271081270327572e+00 -1.408836362947526899e+00
-4.067922288549707943e+00 2.066273770317299086e+00 -1.621914316549604385e+00
-4.435030807416737275e+00 7.622768813204510163e-01 -1.196051399260718462e+00
-4.439885052618379291e+00 1.081096911897291513e+00 -1.487322660649504469e+00
-4.162983142269211179e+00 9.369485111847059011e-01 -1.358610724637583145e+00
-4.519687667268418529e+00 1.142269266814482265e+00 -1.401084110591833909e+00
-4.868776078540380858e+00 1.012319611407959785e+00 -1.225351882720328689e+00
-4.960599128098386323e+00 1.597125621570436582e+00 -1.262570051911515057e+00
-5.096318657029716981e+00 9.831119091222644268e-01 -1.013524433052065854e+00
-4.925733047689168309e+00 8.321976828734116705e-01 -1.233235719572477684e+00
-4.246903805052791192e+00 1.676722017643241358e+00 -1.283346339381198797e+00
-4.742743361201363861e+00 1.051301993336152485e+00 -1.453554804672961609e+00
-4.589918230713171177e+00 1.382475963987815692e+00 -1.276887937023128972e+00
-4.990320871005165415e+00 1.024272052523494070e+00 -1.257931733557990484e+00
-4.578612852152962098e+00 1.116486364995226133e+00 -1.354211765494242270e+00
-4.926877134149395765e+00 7.966825833796943312e-01 -1.192565951820251824e+00
-5.391347482067598840e+00 2.029643984331199746e+00 -1.236019566236071121e+00
-4.629112696535468530e+00 1.367674556505934724e+00 -1.232239896771698984e+00
-5.172170202804299066e+00 1.294250762704251434e+00 -1.657322444092135472e+00
-4.565034483657823827e+00 6.119605886169749986e-01 -1.064348763322896074e+00
-3.914504132141777504e+00 1.044664318272969572e+00 -1.367311556814590601e+00
-5.120666540110272891e+00 1.098095988590930050e+00 -1.278403485926251415e+00
-4.964178976597015236e+00 1.240363744379814559e+00 -7.960494450784040277e-01
-4.622149564925214449e+00 1.760931297641167959e+00 -1.514798264426952645e+00
-4.675737988102961928e+00 1.184346210098115026e+00 -1.467956414348129401e+00
-4.990634084206392984e+00 1.221348991047608523e+00 -1.492386691429364198e+00
-4.491825564491230161e+00 1.341573734644434301e+00 -1.465409786953892457e+00
-4.604191392815029538e+00 1.385489939911727086e+00 -1.272648849488873024e+00
-4.410712544196208285e+00 1.596967830263854582e+00 -1.404750494833552299e+00
-4.126666635917410453e+00 1.068007404304026853e+00 -1.380940574396532616e+00
-4.926686999792064370e+00 1.031965223538418908e+00 -1.074287774445501054e+00
-4.564736987748985619e+00 9.635917019465402023e-01 -1.327011856648147026e+00
-4.345349687425138718e+00 1.519291845877230429e+00 -1.256693100786605788e+00
-5.136443174036665837e+00 1.208276832046103921e+00 -1.127167675140786640e+00
-4.419494784494102824e+00 1.348207954349411875e+00 -1.539756607761809004e+00
-4.600469974783515603e+00 6.175382765355673653e-01 -8.395495540261604939e-01
-4.187218553550843936e+00 9.437185894540467412e-01 -1.387464743123547617e+00
-4.364024086160721794e+00 1.195975581598689441e+00 -1.169273886067413448e+00
-4.383920802988034104e+00 1.196637900546862365e+00 -1.202276676384960163e+00
-4.400233876704706226e+00 5.777757409795893917e-01 -1.151412032134251806e+00
-5.234054779507419042e+00 8.977530244217005739e-01 -1.144004511677495284e+00
-5.077273286640840766e+00 8.866972804882280457e-01 -1.182659928488325018e+00
-5.440417434572733413e+00 6.579204969881696785e-01 -1.126488718158665359e+00
-5.043786206798173133e+00 6.308785170618189664e-01 -1.182109707503245177e+00
5.133869877636207946e+01 -2.055589799627963998e+01 8.908644216163974505e-02
-5.045670827482536147e+00 8.786703911153965763e-01 -1.402320113939169000e+00
-5.236450455058926146e+00 1.272744751301014610e+00 -1.217235154217899629e+00
-4.908843979416994685e+00 1.149555822324356713e+00 -1.290238393747529022e+00
-4.149518253330088946e+00 8.731779154968477563e-01 -1.228400998862143378e+00
-4.917585907759247199e+00 5.754033898699379979e-01 -1.203384195219434849e+00
-4.692434367153032859e+00 1.096549810098190303e+00 -1.039708655774164603e+00
-4.823037499614756918e+00 1.106502135335421189e+00 -1.365878761586961199e+00
-4.574124101790279617e+00 1.267814113329805759e+00 -1.399430948232643690e+00
-4.913799325869212531e+00 2.151598046925041086e+00 -2.023686781298670745e+00
-5.244071129951208832e+00 -1.479197187798869662e-01 -1.197781458435247748e+00
-4.259732332513254782e+00 1.331834967789558233e+00 -2.032811780135174828e+00
-3.623008491298693290e+00 5.059101662674265754e-01 -6.054872994226879745e-01
-4.790577619209301474e+00 1.023277154301848180e+00 -1.821457089273235130e+00
-5.286010321852796956e+00 1.053497124420917253e+00 -1.422818203328492181e+00
-4.296000149703933069e+00 1.295641702440298193e+00 -1.121806550957306747e+00
-5.151685067039181831e+00 1.256565256762422367e+00 -1.261192707894631004e+00
-4.480368911965797452e+00 1.177974338763732476e+00 -1.288122456181269415e+00
-4.452333704163986106e+00 1.336906882923670770e+00 -1.289376742282882571e+00
-5.802299227112990287e+00 8.893929178859681928e-01 -9.276483129793191562e-01
-4.196438222203929591e+00 1.000137686335863307e+00 -1.306358187358571010e+00
-4.836471463184818909e+00 1.260563069198054720e+00 -1.237473942538109384e+00
-3.925734500084720580e+00 9.836689358465474653e-01 -7.424081259258074050e-01
-4.729079601762609109e+00 1.213284612811047491e+00 -1.100716559910470904e+00
-5.474761303449592553e+00 9.453224218276622404e-01 -3.441954762235122645e-01
-4.599539770510462589e+00 1.613027532965402855e-01 -1.292380981170761833e+00
-5.373219070819048149e+00 1.344591213196614898e+00 -1.177668462303633756e+00
-4.402784364529776617e+00 1.502646032338353033e+00 -9.672456114418331863e-01
-4.526072804580620002e+00 1.388331131818153708e+00 -1.377461966123448400e+00
-4.478652087803834725e+00 8.885257078877141224e-01 -1.193080351740195333e+00
-4.491774557794826706e+00 1.444821150663438969e+00 -1.368417300553168126e+00
-4.211994001513407859e+00 9.875466385523221646e-01 -1.761021109904230775e+00
-4.715149929819115293e+00 1.152232585795119002e+00 -8.296624033295164624e-01
-4.613755877293541197e+00 1.103500645671854574e+00 -1.401960009747808655e+00
-5.095493036232914719e+00 9.876416258789290081e-01 -1.499119226346517841e+00
-5.528932549105847194e+00 1.591001587065796752e+00 -1.211742297185837813e+00
-4.938129235226003111e+00 7.634443018313604723e-01 -1.260653759341868740e+00
-4.529356995942813491e+00 1.034702115063104610e+00 -1.449907319959797602e+00
-4.298919451745812914e+00 1.066306017309803789e+00 -1.442706487125940518e+00
-4.453786495630212450e+00 1.138499621920185723e+00 -9.290162722876674772e-01
-4.365709516651536504e+00 1.405566480923011285e+00 -1.520326158907680192e+00
-4.952472949367549226e+00 1.380566225801775238e+00 -6.586356312580602390e-01
-4.692904367807134491e+00 1.383848772243374992e+00 -1.531497030847169150e+00
-4.254631577817809429e+00 1.102385731393124457e+00 -1.194470466437907108e+00
-5.011584828930566005e+00 1.132104741786275959e+00 -1.238719012290711463e+00
-4.634558439844428612e+00 1.047300039422709217e+00 -1.213463181423627857e+00
-4.787396253043384675e+00 1.059696190635152968e+00 -8.752426507302074610e-01
-4.507296578448657165e+00 1.720494327774590104e+00 -1.764914466423261441e+00
-4.471146895649836139e+00 1.026791174929525763e+00 -1.358097636886874016e+00
-5.145605750158910752e+00 8.421251063096957257e-01 -1.390470481729646046e+00
-4.552246390180125779e+00 8.672070312036023187e-01 -1.397263260734997736e+00
-4.687570135995149379e+00 1.190708679676863557e+00 -1.343077151918341761e+00
-4.670866904116072860e+00 7.828198585036736379e-01 -1.204293132461312643e+00
-4.372358023535307225e+00 1.519504809121217548e+00 -6.862923288145608147e-01
-4.483958865059112675e+00 1.589388510618223505e+00 -1.349131954945038681e+00
-4.658698982032128733e+00 1.309667908590613328e+00 -1.097801016573526134e+00
-4.526033775271893767e+00 1.096178516000543723e+00 -1.298293593688928604e+00
-4.423531846913545174e+00 1.436530333693089911e+00 -1.185538597792816118e+00
-4.096643602824964425e+00 1.295114342504259053e+00 -1.390502556064614259e+00
-4.851258323833185671e+00 1.208841095742920313e+00 -1.189395246537269912e+00
-4.811969508717566235e+00 1.448094208092554291e+00 -1.607519239452748216e+00
-5.472989300504149668e+00 7.702367461300939633e-01 -5.915965723977144597e-01
-4.236546975210628396e+00 1.156102390107212941e+00 -1.637696764825091966e+00
-4.403515505408322817e+00 1.385144233640531741e+00 -1.129238916072573096e+00
-4.472414899631283802e+00 2.259440877291819305e+00 -1.595688321258857734e+00
-5.210989656818764360e+00 1.511387862072114840e+00 -1.386290030130006512e+00
-5.213589643604437107e+00 1.573326713070583915e+00 -1.397014181553409173e+00
-4.324166883304259024e+00 8.909201743493457837e-01 -1.275052437560393548e+00
-4.777726106061199296e+00 1.269226389969394519e+00 -1.079713080141258885e+00
-4.925590426461049276e+00 9.554656979337295963e-01 -1.251976444855931847e+00
-4.875953645237368406e+00 8.543568216910980562e-01 -1.256806192429607449e+00
-4.403665929937227830e+00 2.094646131782702536e+00 -1.702640061376521796e+00
-4.312785944090637535e+00 1.318011701803154745e+00 -1.273148768467655234e+00
-5.144057818840823693e+00 8.813898826966448663e-01 -1.361479515926303119e+00
-4.634068281521789068e+00 1.080121735145239903e+00 -1.437042428164242436e+00
-5.202980993560169409e+00 1.618448654820102028e+00 -8.200614403807447994e-01
-4.476001429990263070e+00 1.134091251063042094e+00 -1.654342119306096315e+00
-4.627796511825796877e+00 1.607967216501212659e+00 -1.538413107521760415e+00
-5.147592403891982471e+00 6.860240877779058000e-01 -6.985812848722796620e-01
-3.966441958576339299e+00 8.732391629319541382e-01 -1.154515988494371426e+00
-4.340400672269943527e+00 1.321978783332091956e+00 -1.117631478923525323e+00
-4.536597274053861817e+00 1.239881165415608777e+00 -1.275806331001677840e+00
-5.032195557376630823e+00 1.744789711033480240e+00 -1.289713817444447574e+00
-5.405622912495910981e+00 1.213051238180148594e+00 -1.212890875833925186e+00
-4.836438858226592252e+00 1.625988945238587835e+00 -1.338464672920454790e+00
-4.324710259920115263e+00 1.551529055958456305e-01 -9.117706813545847222e-01
-4.632900252461340962e+00 7.312508870878166034e-01 -1.174816943779368739e+00
-4.702443164594563463e+00 7.034967421836768597e-01 -1.283379163527937905e+00
-5.129530253918392901e+00 9.119369355111524023e-01 -1.210979294832351005e+00
-4.719176897065853638e+00 7.133317749956297193e-01 -1.212447105043479523e+00
-4.769104015045475542e+00 1.502252070247277915e+00 -1.302319060159061292e+00
-6.027559366234959803e+00 1.231098891516007265e+00 -8.903589602915310541e-01
-4.448245618633572818e+00 5.431656034778636899e-01 -2.426327480934137082e+00
-4.759038548332202190e+00 1.181431205139913843e+00 -1.483668493351928186e+00
-4.801548030685718338e+00 1.173036954132101073e+00 -1.430710799469461669e+00
-4.965273022352606702e+00 1.138388966646929790e+00 -1.305716169133126936e+00
-5.097351869743200758e+00 1.599887673266260579e+00 -1.397355771949092329e+00
-4.417371085289547139e+00 6.930656394750392968e-01 -1.353060484613379577e+00
-4.483236665167965818e+00 1.495310693094412668e+00 -1.258467793664122425e+00
-5.021019995584525830e+00 1.137293037939286044e+00 -1.213349567150058483e+00
-5.201510572951308475e+00 1.401615279867746366e+00 -1.280921176183277055e+00
-5.103866499636156462e+00 1.219247294111632351e+00 -1.272803407295096889e+00
-4.574780442524810198e+00 8.649025317478415964e-01 -1.029425541269321620e+00
-4.525708269617991775e+00 1.058632877516149762e+00 -1.218063467137474376e+00
-4.884861166238085417e+00 1.696701316975673945e+00 -1.517497153579791869e+00
-5.112400843139836226e+00 1.622867606842224975e+00 -1.416672166656548493e+00
-4.205513648865245813e+00 8.960488295978472628e-01 -1.339098921795229602e+00
-4.706681555342395740e+00 1.087584542417075806e+00 -1.184237387048336254e+00
-5.096547001751542183e+00 1.333039507244062616e+00 -1.261362239130623175e+00
-4.950622447026367112e+00 9.554690342686720239e-01 -1.262045811749155311e+00
-4.297566186279394351e+00 8.414813560663417791e-01 -1.217372546263397748e+00
-4.726416842424356446e+00 8.481686284465235204e-01 -1.827683757000317266e+00
-4.417030862762256760e+00 1.424766781938601845e+00 -1.526872547297529970e+00
-4.242510798005420192e+00 9.975784421831815907e-01 -1.106407083029922855e+00
-4.113561784073834104e+00 1.167650386230209669e+00 -1.261940939877817414e+00
-5.098745770351492901e+00 7.976050920345492123e-01 -1.312816850534870516e+00
-4.495238847285283335e+00 1.393413283174542938e+00 -1.279504954769193237e+00
-4.056533302476813319e+00 7.490434254604354525e-01 -7.346185951872479247e-01
-4.989179980270217030e+00 1.013420439404295381e+00 -1.326940531142588586e+00
-4.365156507587475865e+00 7.063728708590838457e-01 -1.571514202804985993e+00
-4.660929273892054248e+00 1.268121723465768458e+00 -1.835003999628425086e+00
-4.543368324478425535e+00 1.175492161389549484e+00 -1.679943502617759821e+00
-4.665661399695602007e+00 6.563983574260342513e-01 -1.234544082519372088e+00
-4.419017812498410969e+00 1.486302644886583701e+00 -1.308548240728641288e+00
-4.547123930928794522e+00 1.124576302686009166e+00 -1.516136422073534717e+00
5.137388673883292967e+01 -2.755783260046199246e+01 -7.117917041970271974e-01
-4.289008494287151585e+00 1.116059716281725844e+00 -1.367322928744691968e+00
-4.216258251029090687e+00 1.100313012350752517e+00 -1.448242790732150009e+00
-4.398746554236957707e+00 7.661922629567746723e-01 -1.398328971226214579e+00
-4.418160459634955295e+00 1.280392506590420476e+00 -1.154193201596066309e+00
-4.314245924062600324e+00 1.167384250888517716e+00 -1.207210367750076285e+00
-4.320629920256112477e+00 1.477762713279423101e+00 -1.247441002677742494e+00
-4.476758898269396880e+00 1.127103945316077604e+00 -1.017710834908135187e+00
-4.759603257179606750e+00 1.286994456559986677e+00 -1.251662041823489613e+00
-4.036120411703223887e+00 1.429419285672234086e+00 -1.163630376430460300e+00
-4.834579108454979846e+00 7.853610693179621238e-01 -1.552181024779204721e+00
-4.354195427076323455e+00 9.091162661752454355e-01 -1.016816124995695070e+00
-4.887608425468273232e+00 -1.041671203821773611e-01 -8.998705377651161630e-01
-4.777681090961148236e+00 8.211014854413080100e-01 -1.179291882887156806e+00
-4.199152947227141830e+00 7.751928363294527946e-01 -1.264203656375766816e+00
-4.585426101852656977e+00 1.282116990321103156e+00 -1.318310373750670950e+00
-5.239856949868309854e+00 1.484556371497532945e+00 -1.663660921752378563e+00
-4.102308971996687426e+00 1.024141818827971617e+00 -1.447493353296591678e+00
-4.548290603347332706e+00 9.395118244671669672e-01 -1.609542282980814809e+00
-4.581119133267071319e+00 1.072327245170151100e+00 -1.433580781740753540e+00
-4.975063578380771290e+00 1.363895603314875915e+00 -1.442726222375034117e+00
-4.370566467984992265e+00 1.260021733505584551e+00 -1.238074985900204705e+00
-5.075453251636824703e+00 9.260022122691367041e-01 -9.772584696198641785e-01
-4.409496711005731484e+00 1.422259750977103776e+00 -1.279217987071992857e+00
-4.914759387266141921e+00 1.445145191658763650e+00 -2.287041450547595556e+00
-5.645097540227413724e+00 1.989890332187788768e+00 -1.804799073114707442e+00
-4.451390645255187906e+00 1.275100975673632453e+00 -1.204634041151441792e+00
-5.175549008211273616e+00 9.916980692565381394e-01 -1.208124381992984997e+00
-4.699573955365965894e+00 1.561927070036711607e+00 -7.926455392000553157e-01
-4.609396836629349181e+00 1.206342599100085344e+00 -1.283997778261903644e+00
-4.090296423850952046e+00 1.100758623922053037e+00 -8.472028248553242769e-01
-5.019841989359571599e+00 1.418003140676898699e+00 -1.436242244973356508e+00
-5.304430957746533615e+00 9.511911690920193951e-01 -1.133005640791053148e+00
-4.740915528486360664e+00 7.510362884724547383e-01 -1.423373556522233851e+00
-3.873180346679554464e+00 6.574045901864024044e-01 -7.810000444428157884e-01
-5.034596718690311334e+00 2.198734907869923094e-01 -1.621604770160482101e+00
-4.771892809210962483e+00 9.621845174204669560e-01 -1.283753304524493544e+00
-5.297177034260261763e+00 1.266272457676451912e+00 -1.277896784063215385e+00
-4.348530847118118103e+00 7.222012707752025751e-01 -1.243072483616791013e+00
-4.783569842602097388e+00 6.561648375524091747e-01 -1.038315109690364446e+00
-4.347021146492851429e+00 1.261762601575899811e+00 -1.262012178993009881e+00
-4.213383876168973252e+00 1.141589829145678525e+00 -1.403271676071660368e+00
-4.602894657568086245e+00 1.367732156367324814e+00 -1.275882987352131570e+00
-4.565591470362576842e+00 7.084071316551776576e-01 -1.261530692996220893e+00
-4.318629631546224701e+00 1.319356252685253361e+00 -9.316137361389773552e-01
-4.464256147277137821e+00 1.646913396030767363e+00 -1.321064302587541262e+00
-4.019645290259863835e+00 1.121335020305391561e+00 -1.587915465619534228e+00
-4.337493681914596166e+00 1.290173128143387915e+00 -1.264755717691374848e+00
-4.494346187374100410e+00 1.302569110290656029e+00 -1.343437440552737172e+00
-4.805811387062505879e+00 2.020745213835443810e+00 -1.248390392877680055e+00
-4.634515462046067569e+00 8.859896538884449724e-01 -1.577470542546378640e+00
-4.567287006810091476e+00 6.529353645160097530e-01 -1.234056544165404778e+00
-5.055060531008741975e+00 1.131398122719664556e+00 -1.272358307096930652e+00
-4.650625024546784836e+00 9.424374377696890237e-01 -1.285205232286962485e+00
-4.882959125687456492e+00 1.029912327114188342e+00 -2.109786197584090583e+00
-4.489562913003195099e+00 9.020615727811420737e-01 -9.796104947066416324e-01
-4.806556319031368041e+00 6.340596807793102974e-01 -1.449466437483552195e+00
-4.582308344617771034e+00 1.093405980788443532e+00 -1.755789305291157287e+00
-4.462817346853190870e+00 1.310862101246017986e+00 -9.038245859549421946e-01
-4.360211592997053742e+00 1.091597723623306315e+00 -1.500539612401474265e+00
-5.091254435917647925e+00 2.272547820931251739e+00 -7.965531654936435224e-01
-4.726307952382066802e+00 7.640680253940053124e-01 -1.339395998209789163e+00
-4.236192440461040043e+00 5.772601689861882601e-01 -1.024776713299080155e+00
-3.992321649784139836e+00 1.370052549352497318e+00 -1.771734854085122102e+00
-3.955230546389722157e+00 1.411513126570379306e+00 -1.377377437976782248e+00
-3.917177867938653968e+00 1.947020103286311032e+00 -2.026797054608266091e+00
-4.945457463068187565e+00 1.336117724778517868e+00 -1.605352441449451106e+00
-4.939428114039794870e+00 1.013541645708731398e+00 -1.250730863696144501e+00
-4.316147983598640714e+00 1.250756589776556460e+00 -1.103746826287529403e+00
-4.522536364183302737e+00 9.922032388176453832e-01 -1.246581850674970848e+00
-4.338056354423572181e+00 7.544639800818037090e-01 -1.528228673922831238e+00
-5.020649575457788671e+00 1.448470478938794770e+00 -1.234288075204954538e+00
-4.726786565858659195e+00 1.174845503591620544e+00 -1.495554509471724858e+00
-4.181697483137775784e+00 1.260842856036592741e+00 -1.531899342127585273e+00
-4.345701077293270487e+00 1.151444623110295273e+00 -1.148428707971141938e+00
-4.474668960673017892e+00 1.555179208384318335e+00 -1.631053057983216537e+00
-4.960140117850689201e+00 1.143315469562289133e+00 -1.111264150516078963e+00
-4.928655796529434419e+00 1.463538276601858312e+00 -1.267867675336297850e+00
-4.891857523513546191e+00 8.418565403541742320e-01 -1.131620292173796560e+00
-5.249762977422895105e+00 1.100122549619216406e+00 -1.120675185683720265e+00
-5.047166773380550531e+00 3.514347066619548654e-01 -1.444059749355222078e+00
-4.536683214524745544e+00 1.337914979942253391e+00 -1.495583731009864081e+00
-4.571359424116737458e+00 1.518973682942140746e+00 -1.225504809456843702e+00
-4.849252166872318526e+00 1.205131999842516510e+00 -1.364382142083402583e+00
-4.957638764364286743e+00 1.443589368462997014e+00 -1.233983667767610592e+00
-5.330285954331794862e+00 1.510493303665829679e+00 -1.394698453368347524e+00
-5.512144792277373639e+00 7.703963806490420341e-01 -1.238545917081126158e+00
-4.652767861751327949e+00 1.559468459824072895e+00 -7.391844980177815216e-01
-4.601341977098692304e+00 1.135318460073073688e+00 -1.473189998646060150e+00
-5.254221795454085076e+00 1.164171262735414603e+00 -9.903061443033926992e-01
-4.483758606603283958e+00 1.338652915108535568e+00 -9.559063606067951246e-01
-5.049527180014652394e+00 1.174978135196859119e+00 -8.883508752017155174e-01
-4.892942869971724562e+00 9.319946689263108874e-01 -1.431181243007276338e+00
-4.439237004699244871e+00 2.238428169470383367e+00 -2.214773046426241621e+00
-4.460418110960899796e+00 1.035806888191088015e+00 -1.152897401656117538e+00
-3.797265526769590060e+00 1.384897450585810263e+00 -1.025556442253926503e+00
-5.258388333159667916e+00 1.221558301600938368e+00 -1.261402567234510608e+00
-4.690565932024222562e+00 1.452655754721872139e+00 -1.029918947333625878e+00
-4.671970278567912693e+00 1.114764783509959445e+00 -1.342475042853691569e+00
-5.369378953628678453e+00 1.298143093865226527e+00 -1.192164251280704690e+00
-4.637839357607723478e+00 1.389969414973434292e+00 -1.657638729628574170e+00
-4.741242842319583595e+00 1.290209420930867878e+00 -1.151661685769543420e+00
-4.117666275866844749e+00 1.319416344875255387e+00 -1.243406805480540500e+00
-4.750350873090773973e+00 2.221059535968301635e-01 -1.161980765629338830e+00
-4.231990468842131925e+00 9.606522162021039479e-01 -9.965735083723052945e-01
-4.378837864648200018e+00 8.290836325256848438e-01 -1.331811357159319975e+00
-4.936178086852556213e+00 1.000777299064080417e+00 -1.348233432089025685e+00
-5.267278199975107711e+00 1.402744622514418005e+00 -8.971586365720152223e-01
-4.998391092806214075e+00 1.192453564411253497e+00 -1.357527794137665555e+00
-4.477681455479662453e+00 1.919573857690443530e+00 -1.123564422601271318e+00
-3.825707006008694844e+00 8.599915962310499262e-01 -9.704629044259223125e-01
-5.288747582749988574e+00 1.149185883218124760e+00 -1.337216487474526705e+00
-4.520417325893877347e+00 1.012659725328391325e+00 -1.577403703909054489e+00
-4.951547655767718048e+00 1.066699818336957595e+00 -1.403648165107164392e+00
-5.457570125350613921e+00 1.162085797874235160e+00 -1.368066228439218435e+00
-4.680004002151186171e+00 1.288889511882232330e+00 -1.436044591300140727e+00
-4.971729485023566930e+00 8.360926406724323856e-01 -1.413217625142816125e+00
-5.407949039613662023e+00 2.407630000925915781e-01 -1.010324380715148740e+00
-4.681607179361713555e+00 1.499812653481564784e+00 -9.519034236028554030e-01
-4.817879859159240219e+00 3.033311048932167409e-01 -8.536599195705082410e-01
-4.176737005079750986e+00 3.934174176849080107e-01 -1.704985228451696866e+00
-4.273905986583944383e+00 1.374089278743879428e+00 -1.044500857140518546e+00
-4.265681143563038624e+00 1.093104063292963390e+00 -1.359562809009944084e+00
-4.743909167813394667e+00 1.029478779612545747e+00 -1.341558894817725278e+00
-4.661355826196101226e+00 8.497502629626902948e-01 -1.783327324121931623e+00
-2.631898294531637461e+01 -5.795565661200924268e+01 -6.600355811607616641e-01
-4.781446903049161534e+00 1.302219155148042429e+00 -6.742841827216490280e-01
-5.241587981160384047e+00 1.170008420654437664e+00 -1.451505752283561268e+00
-5.362081516751866062e+00 1.005407295173914362e+00 -1.055443936844553621e+00
-5.088667344939577397e+00 1.173377304884442474e+00 -1.454064500355427558e+00
-4.477985511138280472e+00 1.386803213873559093e+00 -1.436339482862377448e+00
-4.414077092645982248e+00 1.066624644854074155e+00 -8.986957023710500092e-01
-5.010378409507874053e+00 1.142862718804431577e+00 -1.309917153092351683e+00
-4.594186791218984212e+00 1.086737931520456835e+00 -1.036569324985029406e+00
-4.687118833683657115e+00 1.656187790148311301e+00 -1.388129693623270322e+00
-4.430773204364160556e+00 1.318572749815449141e+00 -1.220832631752935660e+00
-4.547220937720773293e+00 1.059102181615692695e+00 -1.266955506271964405e+00
-4.546781675639528508e+00 1.583730275148332201e+00 -1.419932257519614494e+00
-4.697340778902335146e+00 1.696320713005548875e+00 -1.552015860523934476e+00
-4.927537961773055919e+00 1.038221845262414789e+00 -1.176381748833867702e+00
-5.036958687499238252e+00 1.492194608169648218e+00 -1.192636325228675798e+00
-4.720806620168953138e+00 1.324480302899806228e+00 -1.225946622364794791e+00
-4.362020201029437771e+00 1.311229917211211182e+00 -1.041318593562253536e+00
-4.968552206876863941e+00 9.443603366058340720e-01 -1.140302606005962449e+00
-4.999916661438406074e+00 1.538164425761323173e+00 -1.266366679671327766e+00
-4.791360299969841030e+00 9.443136330831664038e-01 -1.096555178730405977e+00
-4.712328996555460670e+00 6.907458003616017139e-01 -8.843757823875404434e-01
-5.337173289779272523e+00 1.499750255628434115e+00 -1.266806025291452142e+00
-5.067980952495497959e+00 8.890932923981635927e-01 -1.176287977523147621e+00
-4.261499879609712771e+00 1.029630157776093125e+00 -1.261753471530607795e+00
-5.203505110452254279e+00 1.701601756269045529e+00 -1.272119993227257773e+00
-5.251043465818505673e+00 1.465152918272443205e+00 -9.890088953841746910e-01
-5.377810523059539882e+00 6.779925616713703418e-01 -6.804799693687194617e-01
-4.188998183930422670e+00 1.816001025092340848e+00 -1.200850684888126185e+00
-4.693876545191750793e+00 1.535995802661839438e+00 -1.165636310453562530e+00
-5.107449141248080693e+00 1.168587586407138668e+00 -1.423319730458097343e+00
-4.967560231491405354e+00 1.153746009092481151e+00 -1.294554265980386143e+00
-4.229767625127893282e+00 1.336040590148810381e+00 -4.000869698993704815e-01
-4.758959732687382704e+00 1.269261413926952908e+00 -1.224892632538137516e+00
-4.893534251577541738e+00 5.880488571801656406e-01 -9.706390226824527234e-01
-4.495840919018879056e+00 5.470775011267285937e-01 -1.783059623315760067e+00
-4.595997676211925231e+00 6.404435409137153590e-01 -1.277893932908650720e+00
-4.071583420693141164e+00 1.778043413685485241e+00 -1.370887250722589101e+00
-4.769968595872018824e+00 6.609553550431189750e-01 -1.163807632215825061e+00
-5.170540496954338927e+00 1.366413313435143939e+00 -1.578897560169614689e+00
-5.059552258796621516e+00 1.188151731788203769e+00 -1.360050522073159573e+00
-5.795085605237987103e+00 1.580389366805752704e+00 -1.330155438534982970e+00
-4.560278144487483587e+00 1.318816938875573497e+00 -1.863029137591258877e+00
-4.851120187015385277e+00 7.615846919532036630e-01 -1.316016702630992352e+00
-5.056671877134927939e+00 1.338368381903605187e+00 -1.265492114271844049e+00
-4.920868109431268067e+00 9.973272570297363471e-01 -1.310219270357712684e+00
-4.645718192009994141e+00 1.180094344653219274e+00 -1.342668749572408560e+00
-4.697762197424700581e+00 7.365447091050663087e-01 -1.295212938410208015e+00
-3.448737928753536242e+00 1.386446625212546246e+00 -1.383265520003138960e+00
-4.045961324459735664e+00 1.158868506155251277e+00 -1.302208916260823024e+00
-4.450189594762999690e+00 1.471065090346204141e+00 -1.181025016774009506e+00
-5.016278034308963463e+00 1.064153017520330202e+00 -1.402598753943512300e+00
-5.426239963908765063e+00 1.430363246517787346e+00 -1.332154447051751234e+00
-5.116915612174520511e+00 1.374763614170440018e+00 -1.236039877478939619e+00
-4.024012898529110593e+00 3.964153020525879034e-01 -1.555689379089531199e+00
-4.468723038445747697e+00 1.561943246740827407e+00 -1.273385008835067556e+00
-4.705277265594287606e+00 2.046371894560560012e+00 -1.477940146411106825e+00
-4.874870867145036257e+00 1.673819187811321552e+00 -1.203909659093046258e+00
-4.226304089714894907e+00 1.077789734469524863e+00 -1.381083453620745027e+00
-4.510390692292190806e+00 1.145758292974304426e+00 -1.119549329099815083e+00
-4.726426785560208010e+00 1.071801257952788244e+00 -1.343082603887623128e+00
-4.293777694676727208e+00 1.085361500774134846e+00 -1.112272978842765658e+00
-4.428838251327521292e+00 5.928257758488277851e-01 -1.218053030380535029e+00
-4.340302361458024727e+00 8.020858157165675628e-01 -8.699858946390344183e-01
-5.340052830846099496e+00 9.564210796175064422e-01 -1.147008399345439855e+00
-3.996407352165562532e+00 8.734337844985218258e-01 -1.475952535020196965e+00
-4.812433183379909885e+00 9.881476423449053748e-01 -1.274700214277254995e+00
-4.121763538994033027e+00 1.133439294374796624e+00 -1.220494515602455587e+00
-4.558624360490997063e+00 1.582927238757054988e+00 -1.182145462640833644e+00
-4.424027015215270531e+00 1.531415394337524827e+00 -1.617176593445010191e+00
-4.806133632515328991e+00 1.542490080030545219e+00 -1.235030678869757370e+00
-3.872295482032161562e+00 1.302559249900745897e+00 -9.075302308902218895e-01
-4.915768018932034522e+00 9.809560237669934235e-01 -5.651300106178972493e-01
-4.689670161222485589e+00 2.172616166865370957e+00 -1.119630276846341310e+00
-4.381298878968906685e+00 8.214927374611831201e-01 -1.197025571559163115e+00
-4.713638483255058631e+00 2.021170030110079896e+00 -6.701387805092561267e-01
-4.611289083384366272e+00 9.336321024180738171e-01 -1.239046866310302475e+00
-4.707149568172818377e+00 7.670177022149609058e-01 -1.139793783574932551e+00
-5.155004574732638289e+00 1.018919740619626424e+00 -1.203343627416097350e+00
-5.092730978604484982e+00 1.257279376991526698e+00 -1.255370966284685696e+00
-5.031084841877345504e+00 1.067487694432584844e+00 -8.335097243379584464e-01
-4.398858821928418372e+00 5.091364598920757878e-01 -1.215805877617980979e+00
-5.162942947612436662e+00 8.139119065871298631e-01 -1.234137942292785395e+00
-5.128360459711192476e+00 9.507671880295109901e-01 -1.411124157324602058e+00
-4.680143866966324673e+00 1.651326582867294945e+00 -1.352633632776111705e+00
-4.621642089571531997e+00 1.305340429189569385e+00 -6.916957754009236403e-01
-4.965421586207441784e+00 9.996053733880390091e-01 -1.688687689117257085e+00
-4.833417616012637197e+00 1.276260405125224873e+00 -1.382800197756876903e+00
-4.745840827890058122e+00 1.606108877176394278e+00 -1.298733504649242310e+00
-5.090956361549197950e+00 1.109232690808243049e+00 -1.243420154413580336e+00
-4.603632352005787354e+00 7.579540283442134374e-01 -1.265452036750583931e+00
-4.957426312035419613e+00 9.542845402939491573e-01 -1.842558781651859823e+00
-4.646798963676743277e+00 1.182235449616507728e+00 -1.372371124601147629e+00
-4.307579646974772025e+00 1.401127189949193497e+00 -1.264137218366361948e+00
-4.313451224563261910e+00 1.275761147145002994e+00 -1.328531372640020303e+00
-4.364929586642954717e+00 1.113714003030272792e+00 -1.403953608258035279e+00
-4.434835315272494860e+00 1.839188279102208723e+00 -2.208223372670410800e+00
-4.520509409439597448e+00 8.081707662296513384e-01 -1.360403937026745114e+00
-5.012637611514596081e+00 1.201378309242973064e+00 -1.511131071504812740e+00
-5.071670353582701019e+00 1.221230901904538202e+00 -1.574075495899660559e+00
-4.653804243511272531e+00 1.192342642328453106e+00 -1.286874221838571586e+00
-4.770274109475847624e+00 1.137194557477664292e+00 -1.388405656966923640e+00
-4.780670304833916084e+00 1.796958713307685418e+00 -8.435472505984601410e-01
-4.956011983445736568e+00 1.055677370783525193e+00 -1.545842472796635558e+00
-4.189060861891588772e+00 9.517501490777532380e-01 -1.337383743684164239e+00
-4.556113448835453106e+00 3.124803768463713660e-01 -1.023010186987411085e+00
-4.387798522469821272e+00 1.078117715729496551e+00 -1.091204990609158765e+00
-4.459428635342392866e+00 1.354923122551333625e+00 -2.197497736383447364e+00
-4.462934413057363159e+00 8.334959350067623340e-01 -1.759370978150166742e+00
-4.228061846450530403e+00 9.764751358144498905e-01 -1.320731652844529869e+00
-4.584026131419440375e+00 6.915482048964738393e-01 -1.088263116832454580e+00
-4.485068917636350072e+00 1.292747571432668829e+00 -1.076993320030746437e+00
-4.623636104002497582e+00 7.387452435654194849e-01 -9.273568397753173542e-01
-5.167907550607845124e+00 1.020480823145400340e+00 -1.695950681050044206e+00
-4.442851009147053887e+00 1.486406359967276991e+00 -1.421112400418672594e+00
-4.286959540622512499e+00 1.802981214903751406e+00 -1.145013874271314513e+00
-4.201779172229673343e+00 1.251307983324840167e+00 -1.143505748568823588e+00
-4.421409945773274508e+00 1.082768439606896616e+00 -1.396225352175587409e+00
-4.787060551806443520e+00 1.295960723056270414e+00 -1.196747252175398568e+00
-4.389446997294485620e+00 7.908366041636161192e-01 -1.331132731835272809e+00
-4.545094244960282026e+00 1.098768799016257125e+00 -1.515325137499959229e+00
-4.798644460471662931e+00 1.440807557048556342e+00 -1.181410096333071591e+00
-5.375424371033188820e+00 1.047035382014526617e+00 -7.652281627695539656e-01
-4.675171630276938828e+00 1.012281536962836404e+00 -1.337822020926840327e+00
-4.853121624227171083e+00 2.052158288971188238e+00 -9.387794653879772966e-01
-1.014393251287425990e+01 -6.582231457259908325e+01 -7.523885692792182667e-01
-5.104198073065005836e+00 1.721198178236289733e+00 -1.035537463170916606e-01
-4.429568698196978183e+00 1.120675743356025489e+00 -1.351926934686705994e+00
-4.063133868402920790e+00 1.253139530595119178e+00 -1.272420232165451415e+00
-4.929735060801943902e+00 7.547208423457394399e-01 -1.569913126104463208e+00
-4.286767432490409924e+00 1.027102908736824416e+00 -1.242050850777270066e+00
-4.957859556889743224e+00 9.677393206431866846e-02 -4.538276471310948579e-01
-4.759542263612025259e+00 1.391765432504725952e+00 -1.212005968323381033e+00
-4.333390743475577622e+00 1.169616020037596016e+00 -1.237940800615909387e+00
-4.734552391535644666e+00 1.096331521517081020e+00 -1.258490259474348560e+00
-4.589893995588076869e+00 5.720020707852172537e-01 -1.411316469751699110e+00
-5.100759666797832992e+00 1.181112452550467262e+00 -1.331981792823096589e+00
-4.775668037298589574e+00 1.213873141827677138e+00 -1.323350246598091751e+00
-4.770975877767098083e+00 1.645132325624228509e+00 -1.158938401884130664e+00
-4.674138386587539884e+00 1.412368977981247165e+00 -1.028642635643639780e+00
-5.022531969609730140e+00 6.624563449410156846e-01 -1.140376361172130704e+00
-4.203953540002175693e+00 1.405135904777023104e+00 -1.120459767543490859e+00
-4.717519135454344870e+00 1.560493671721490783e+00 -3.103993575118735859e-01
-4.957789305354576292e+00 6.744735375636204955e-01 -1.259196301773903848e+00
-4.676794159497195125e+00 1.169434284664924828e+00 -1.298561108239594697e+00
-4.263623010092694621e+00 1.331564646593114798e+00 -1.201679397911713076e+00
-5.422344964639236764e+00 1.300946762722695382e+00 -1.332516972613035700e+00
-4.744590829865013681e+00 1.175016425893946836e+00 -1.214811968192990310e+00
-4.811071856047830941e+00 1.804651910892459021e+00 -9.537324952394655719e-01
-4.801906043465563378e+00 1.196184566385406045e+00 -1.250598702974805798e+00
-3.840775012542258615e+00 1.069129851942247855e+00 -1.382795306152949433e+00
-4.832907170506442363e+00 1.278596534747436397e+00 -1.256450785317168251e+00
-5.088528245794918803e+00 9.698058672130391855e-01 -1.107171299647722540e+00
-4.431485801132066804e+00 1.118198749580916473e+00 -1.432793157608199364e+00
-4.835219083463189627e+00 1.823112319889921951e+00 -1.138049676826360601e+00
-4.851882504058566248e+00 9.336718057646645752e-01 -1.816541862022878151e+00
-4.222979121554205406e+00 1.572999607694900659e+00 -1.617875515578469647e+00
-4.544051979418239462e+00 6.479973809536844487e-02 -1.339805344314358493e+00
-4.763591745696910351e+00 8.059538074147748477e-01 -1.217916715829946872e+00
-4.917410671456629245e+00 1.058420040446243604e+00 -1.929104236693765850e+00
-4.869339274329044009e+00 1.275738850568708171e+00 -1.166908417609002324e+00
-4.880884211080753765e+00 8.416010032221382664e-01 -1.072466814479683839e+00
-5.319298170968356665e+00 1.354550602796790626e+00 -1.241946467500129048e+00
-4.400898697387551906e+00 9.205521246215194742e-01 -1.041631813955037789e+00
-4.740742721447145591e+00 7.049495227795363750e-01 -1.512994665101432989e+00
-4.471021707014614321e+00 1.132629620265557246e+00 -1.112297840428350559e+00
-4.460611926169592678e+00 1.163574788673126692e+00 -1.664846999206257561e+00
-4.421013188922566783e+00 1.745940192364676236e+00 -2.066000980513666541e+00
-4.288032539629330842e+00 8.468825100525529948e-01 -1.241440530684841281e+00
-5.004628844878719285e+00 9.380413295959728615e-01 -9.327517573560679676e-01
-4.280732022164596806e+00 1.057865182268755477e+00 -1.371401744407113821e+00
-4.451645061178010288e+00 1.540285537522833481e+00 -1.344696443208891479e+00
-4.314402290786576444e+00 1.211498993006564051e+00 -1.294103709641921895e+00
-4.550552477382532324e+00 1.274792867850815359e+00 -1.334480875467558780e+00
-4.609661991271090109e+00 9.249974951823912717e-01 -1.414295453405455483e+00
-4.840213330644399292e+00 7.329545579392436894e-01 -1.517084389848526893e+00
-4.388718710085844243e+00 1.641448238465982534e+00 -1.329620596194208471e+00
-3.646223193217919878e+00 2.042241030034271654e-01 -1.297897662668879848e+00
-4.678367090684587559e+00 6.446615680155377559e-01 -1.368294723993948692e+00
-5.378024509378606766e+00 2.553944041979320012e+00 -1.693470730062690777e+00
-4.803207452787887632e+00 5.910295994316764334e-01 -6.670321945550208298e-01
-4.375536240636093588e+00 1.037230155522488095e+00 -1.537597795530361910e+00
-4.691138144990815384e+00 1.394624218600664323e+00 -1.367560504005439048e+00
-4.490332706274616115e+00 1.265498346294591236e+00 -1.039277124225164162e+00
-4.231632932289070226e+00 2.047178756205702665e+00 -1.945568449760823215e+00
-4.468316426874472391e+00 1.022169511854979618e+00 -1.363682602951135525e+00
-3.817086000646107369e+00 8.895753595822358806e-01 -1.067388462381231751e+00
-4.286871241474772276e+00 1.326970812956776991e+00 -1.369325058286999575e+00
-5.115416017378999314e+00 8.194718482736407239e-01 -1.137855340097292611e+00
-4.226655164355742400e+00 1.627762202307750483e+00 -7.835206187323114913e-01
-4.418777314989225324e+00 7.723899432115676200e-01 -1.422649735257937476e+00
-5.415079659814324486e+00 1.237030323594091819e+00 -1.025287444944622095e+00
-4.971174740044058460e+00 1.440547376909489419e+00 -1.107142303130351557e+00
-4.611109982453967859e+00 1.555338762243458905e+00 -1.464891886713319602e+00
-5.026449684569194609e+00 1.115395323790292270e+00 -9.184711875464306452e-01
-4.912391092623264122e+00 1.690530828653191708e+00 -1.170946618701273811e+00
-3.925672313037942729e+00 1.112773467309005060e+00 -1.223091838604811521e+00
-5.320520000451860021e+00 1.652775280695972793e+00 -1.399139411504558783e+00
-4.944756296411867424e+00 1.434882127430545440e+00 -1.249608414641050658e+00
-4.492979334379507250e+00 8.321478569919666946e-01 -1.436057974190500408e+00
-4.371333073872150088e+00 1.192967712012933390e+00 -1.388313443438870198e+00
-4.810616139275586178e+00 8.837235246778708531e-01 -1.157712681834603297e+00
-4.641340417017189246e+00 1.194018256800324362e+00 -1.266144732257580063e+00
-4.913158690219829872e+00 1.157741416184941530e+00 -1.246666161142837792e+00
-4.865570484296516618e+00 1.506363769606095637e+00 -1.052822176671788013e+00
-4.659558848617975535e+00 1.523630607890950062e+00 -2.119685818055057513e+00
-4.355251232285444196e+00 1.274374089933125287e+00 -1.193788623249883996e+00
-4.426876988933457824e+00 1.112607607447597236e+00 -1.556813168230507083e+00
-4.844721392043401131e+00 1.055283643082975287e+00 -1.359321042649055178e+00
-4.616448643860469936e+00 1.714081751496306927e+00 -1.049560005161450649e+00
-4.951332653523135896e+00 1.537823558094730148e+00 -1.507476545598610995e+00
-4.634493471794595365e+00 1.564127610655453138e+00 -1.298742506573725475e+00
-4.720669272667214145e+00 1.594797520499174226e+00 -1.416823043488001366e+00
-4.902917050977086078e+00 1.457131141680027220e+00 -1.307277228093621568e+00
-4.603996428049780931e+00 1.172203586193407254e+00 -1.392773346221642727e+00
-5.311820593715379957e+00 1.187028375768837574e+00 -1.224742184963376612e+00
-4.254953434295688730e+00 1.457751003494623498e+00 -1.094510942194651060e+00
-5.289831183922092173e+00 9.913609438174623145e-01 -1.077710012137906403e+00
-4.462593431022866319e+00 1.429445137470533478e+00 -1.325026286306374201e+00
-4.546418260300022496e+00 1.309647268185037738e+00 -1.002140559852090718e+00
-4.739197296128882186e+00 9.612711663910836757e-01 -1.251805850272251996e+00
-4.330421930897029092e+00 7.674706882107582562e-01 -1.092594549026007389e+00
-4.753209324263623081e+00 1.325071267798343388e+00 -1.391640974671033648e+00
-4.282703908557290440e+00 1.394631839066970524e+00 -1.242625736146767412e+00
-4.492934123185782447e+00 1.341604104118771401e+00 -1.321437914558157622e+00
-4.446513676729169973e+00 8.222582826644460052e-01 -1.338272288874019722e+00
-4.763174363868754035e+00 1.760471976384986537e+00 -1.536008888316525933e+00
-4.645857662332665505e+00 1.517992021710213413e+00 -1.161230632745483771e+00
-5.333914581636974184e+00 1.411863509102685432e+00 -1.192676548800722269e+00
-4.222292791654186139e+00 1.888940087521358668e+00 -1.899649244717160013e+00
-5.096510928545338714e+00 1.450896128219339554e+00 -1.105839391861576315e+00
-4.638996906517634855e+00 1.539729209582078706e+00 -1.360409969331826119e+00
-4.619941628143762635e+00 1.576761137098285692e+00 -1.060406896456479009e+00
-5.052795047047345278e+00 9.471249964449210967e-01 -1.270415032588221749e+00
-5.015700829599894384e+00 1.464044430261617791e+00 -1.024854336540480526e+00
-5.133832207784871038e+00 1.295695616799339867e+00 -1.267826865532999836e+00
-4.644909901192547430e+00 1.149045993669416399e+00 -1.544410753825625982e+00
-4.543940504915489953e+00 1.471833093284242944e+00 -1.503756310536508822e+00
-4.961902540386598837e+00 1.553016926907878625e+00 -1.781559289840056959e+00
-3.983493909412173739e+00 2.020738303382490830e+00 -6.073912056222269262e-01
-4.439240395911776993e+00 1.345971411829715692e+00 -1.254788276839363892e+00
-4.631258503286886707e+00 2.492422797234199017e+00 -1.703333319308123484e+00
-5.163007231182860757e+00 1.182286372597949775e+00 -1.327089414677508294e+00
-4.627264955478966435e+00 9.964013311502785131e-01 -1.121634760936667030e+00
-4.430741324136572068e+00 1.335342922763068207e+00 -1.635499275466953062e+00
-5.268674173850151021e+00 6.954430166173515282e-01 -3.911868738272746837e-01
-5.120992684452063237e+00 1.901189897184242250e+00 -1.049119551376782589e+00
-4.286735515562498655e+00 1.082569544193143773e+00 -1.186477972217360843e+00
-5.006571346972735981e+00 1.520304400039712567e+00 -1.399550429224733827e+00
-4.736485894480107817e+00 1.288824563155842373e+00 -8.514092772091254036e-01
-3.309765765711448982e+00 7.914053420888764379e+01 -4.083708600627724561e-01
