-4.230131354157428802e+00 1.196841523691624554e+00 -1.108764658683785820e+00
-4.366186885521484484e+00 1.306206467206109112e+00 -1.647113573191571589e+00
-4.982628796116715719e+00 4.240412490088558140e-01 -1.539006821467239883e+00
-4.729365469266728184e+00 1.155706568223496600e+00 -1.292067006530448703e+00
-3.671373611774705115e+00 8.036327626704141691e-01 -1.407855427295695794e+00
-4.413213703899903528e+00 6.003521804940264994e-01 -1.083991585471431929e+00
-4.230684324714734323e+00 1.654595460356387493e+00 -1.287806361978324876e+00
-4.230200282990816518e+00 7.790506217972363867e-01 -1.366677553941724854e+00
-4.703903712715844954e+00 1.439480314812835449e+00 -1.383017244602734452e+00
-4.291548314007993525e+00 8.976618123945399041e-01 -1.193456510755593669e+00
-4.178301988521046617e+00 1.454516803877082598e+00 -1.365466408842561208e+00
-3.355604857478163616e+00 9.542226568885574522e-01 -1.811144107993925223e+00
-4.441680823794783350e+00 6.319002194622240776e-01 -1.118017711204031484e+00
-4.636325964840214198e+00 9.598097424681371059e-01 -1.339588586659201219e+00
-3.797520214119475934e+00 1.244071756676681906e+00 -1.081952392500560300e+00
-3.942984716329643646e+00 7.138132934522150030e-01 -1.355922006061865970e+00
-3.422815596812621930e+00 1.487098000657141927e+00 -1.714615203308039071e+00
-4.844520434424412159e+00 1.360761555574436121e+00 -1.240122942950879326e+00
-4.424764935745167271e+00 1.213583856381499793e+00 -1.067041695004110613e+00
-4.419370596537089746e+00 1.474298349533534003e+00 -1.266111420126132758e+00
-3.998029426051369573e+00 1.453815589895143923e+00 -1.287886492076098621e+00
-4.528977418810394617e+00 8.885078501834564602e-01 -2.328368259027509435e+00
-4.069101369452573280e+00 6.945010185629705290e-01 -9.954313900764452105e-01
-4.327195674031687034e+00 1.316228584627282094e+00 -1.239495628916553516e+00
-4.558655784110270837e+00 4.575170284209094107e-01 -1.389377634273704976e+00
-4.172589477848137385e+00 8.134160501459622994e-01 -1.265568339363083217e+00
-3.988037635080607046e+00 1.048190987408926800e+00 -1.230179470822951426e+00
-3.460105113171218161e+00 6.660919411599122153e-01 -1.487890848756576734e+00
-4.346172063242168093e+00 5.143700298572426721e-01 -1.261682806403883195e+00
-4.393748564430819847e+00 4.577719130632679767e-01 -1.317976129699981680e+00
-3.848235480275896236e+00 9.158229340914215699e-01 -1.237685574061068161e+00
-3.953688710846383625e+00 3.906590529421940516e-01 -1.455936611798731350e+00
-4.390747234330967252e+00 1.426479119744456181e+00 -1.324782304178899084e+00
-3.500458427863257782e+00 6.859688861538569826e-01 -1.439986097654815334e+00
-3.942326254719985101e+00 7.443155356528288191e-01 -6.751910317374524295e-01
-4.256743513487957209e+00 1.410678960159689854e+00 -1.408517568999781977e+00
-4.260843625078318375e+00 8.834551968653795440e-01 -1.283391736703515917e+00
-4.584702757503539949e+00 6.776273647536803502e-01 -1.065742062161325832e+00
-4.260535254072262745e+00 4.826966591607018686e-01 -1.069660854832505947e+00
-4.630567834233378477e+00 1.068490200550448632e+00 -1.638930014444816896e+00
-3.308071886680197693e+00 1.925479087668434008e+00 -1.499622419277682583e+00
-4.423750235329706015e+00 6.827965733173010365e-01 -1.211884717970855840e+00
-4.475611303699730037e+00 1.491707554136347147e+00 -1.135799491259305460e+00
-3.887048018161321394e+00 1.070643744166149602e+00 -1.125848591748842109e+00
-5.073194088183984540e+00 5.119785355356198941e-01 -5.518199180697060946e-01
-4.854147940803807515e+00 7.594507452798631153e-01 -1.469581722581963179e+00
-3.621733973231886505e+00 1.281389627004347886e+00 -8.654021989786854219e-01
-4.895481550007978022e+00 1.244518454022870646e+00 -1.060405895089802097e+00
-4.102137259366031685e+00 9.435005380168052236e-01 -1.274530449160141021e+00
-4.609011143554653245e+00 1.179225678976286495e+00 -1.816913446776028618e+00
-4.362237793005443898e+00 1.214231376350167313e+00 -7.263702709914159339e-01
-4.892136538180400507e+00 9.469345391631366349e-01 -9.456867829474515652e-01
-4.562939637359217038e+00 1.619943775177699496e+00 -1.861411142466328439e+00
-4.714846663919391112e+00 1.348179589967914094e+00 -1.427427757580688850e+00
-4.561859041300239781e+00 1.519995799264943548e+00 -2.245539612038613408e-01
-4.106241958085743882e+00 9.805543877485488613e-01 -1.548958372407403639e+00
-4.216345303775842268e+00 6.053857578991456156e-01 -1.388339803420336027e+00
-4.176441656142202419e+00 7.154325486907654463e-01 -1.211573354023175675e+00
-4.583461514015651161e+00 1.651389346975681516e+00 -1.441432582295768983e+00
-4.334972293095854745e+00 8.522135819701377457e-01 -9.807559202067656079e-01
-5.225721118238553231e+00 2.079212079089995058e+00 -1.271705802345574510e+00
-3.663083771537977817e+00 1.049315550911018358e+00 -9.872881123931239733e-01
-3.349534215831298845e+00 1.453712121934253032e+00 -1.276910947705295785e+00
-4.338046236241622111e+00 9.741210200795790142e-01 -1.277506628660402654e+00
-4.322944658894770420e+00 1.399059589994859687e+00 -1.414767279126650790e+00
-4.562967343597502889e+00 1.104996924754478416e+00 -1.345609473266537792e+00
-4.442413612064716411e+00 1.142841707887128466e+00 -1.012858918774192318e+00
-4.414658091027443554e+00 1.164512686119823837e+00 -1.337546409345229392e+00
-4.561461438043990846e+00 1.594681463785762698e+00 -1.017124364787299173e+00
-4.669424803577546967e+00 1.494172175261600399e+00 5.805822794859143848e-02
-4.412799460722376388e+00 1.054765521396823225e+00 -1.043715445965766042e+00
-3.977965759330218454e+00 1.078928300154014197e+00 -1.422605274091738092e+00
-4.489804905232637644e+00 1.170715864625395009e+00 -1.237260497946356175e+00
-4.518076241789236391e+00 1.107356470122859315e+00 -1.380181854092823235e+00
-4.046838240114769114e+00 5.252638314191481195e-01 -1.313647391727245761e+00
-4.984676723168607992e+00 1.829531022631089465e+00 -1.343462861055633395e+00
-4.962785321182322740e+00 7.870744586980261692e-01 -4.868972072103701088e-01
-4.307158033637295880e+00 6.833794394123912097e-01 -1.475003804136939989e+00
-4.267435511910265156e+00 1.098769125565951521e+00 -1.243689071129104207e+00
-4.106378098524333886e+00 1.447376088001897321e+00 -9.870288854995755701e-01
-4.288130936283795158e+00 1.014596797657183913e+00 -1.272847016021360300e+00
-3.740281906189022454e+00 1.235031911462209031e+00 -1.341994647078463609e+00
-4.042183861237057307e+00 1.065491083743270950e+00 -1.378441545081519504e+00
-4.221042643797866312e+00 9.610622151320463713e-01 -2.682420386375981458e+00
-4.602787829068537562e+00 9.159302765041066330e-01 -1.049195915542457946e+00
-4.397815930022147768e+00 6.140711900122857170e-01 -1.314587012817922229e+00
-4.281541395987194853e+00 1.487524413077816687e+00 -1.042569767403846770e+00
-4.445234080102646423e+00 5.985867846303207784e-01 -8.553646118873864390e-01
-3.842624655987210147e+00 1.119535642802504505e+00 -1.275502879765702646e+00
-4.393881176285674428e+00 7.349511351341275756e-01 -1.090985021392461896e+00
-4.844263660230422097e+00 1.151117762431953739e+00 -1.044672719131221061e+00
-4.642167970944509392e+00 7.016305812823614430e-01 -1.111518335157934523e+00
-3.931936046947224206e+00 6.610759522003281097e-01 -1.730800646225655326e+00
-4.433770256244240038e+00 6.303559104537894697e-01 -1.252659162104263535e+00
-4.685251303718510840e+00 6.066121110924442839e-01 -9.813933261763058136e-01
-4.572104794687771978e+00 1.437710110812452369e+00 -1.012108362226608493e+00
-3.917837510409995616e+00 2.605055092676914485e-01 -2.086380819966029421e+00
-4.364491629155158314e+00 1.030216305261309806e+00 -1.507647510086195020e+00
-4.605958639481895212e+00 1.264131050146888757e+00 -1.180842961455875972e+00
-4.247503502466567937e+00 1.452046282642718289e+00 -1.272000614370848659e+00
-3.891001673369505642e+00 1.169335055312486160e+00 -1.169363009182630142e+00
-4.563125919049428880e+00 3.332160172228924577e-01 -1.210081441134936320e+00
-4.105325382186405747e+00 4.094145417060132131e-01 -5.970495335240812995e-01
-4.211073148983370373e+00 9.207180507896106647e-01 -1.258209004323809221e+00
-4.211933949314649261e+00 8.212068066249536002e-01 -1.190124314239637160e+00
-4.516048769498912208e+00 7.284771951846029658e-01 -1.255655369249853104e+00
-4.358513722360811471e+00 9.118732420180999387e-01 -9.740779504758038110e-01
-4.315724158581981662e+00 1.278709237280186262e+00 -1.036005443857069386e+00
-4.061066301581203852e+00 1.371252620981258774e+00 -1.333635345973346098e+00
-3.715701047562749881e+00 1.308509062651057153e+00 -1.188713541352548697e+00
-4.599500621178451709e+00 4.254928210311863523e-01 -9.819595965488622236e-01
-4.162222539297801838e+00 8.031732933348725290e-01 -1.151615530644744867e+00
-4.106585999303560719e+00 3.497026199753169307e-01 -1.043507260402958936e+00
-4.225367164937179787e+00 4.991716489541839219e-01 -1.361798997860221405e+00
-4.035315969360302901e+00 1.521086291578274574e+00 -9.784773176738854605e-01
-4.419919189253916691e+00 6.108635105071579252e-01 -1.075121402546015181e+00
-4.314004903019559301e+00 8.761522869275488734e-01 -1.291486738249092214e+00
-3.951592972995666031e+00 8.661186973826709989e-01 -1.167682218914128045e+00
-4.144735223283872116e+00 2.322369904343421165e+00 -8.947080296306549885e-01
-4.257781747223948976e+00 6.192273949539508493e-01 -1.291282352236257980e+00
-4.535804218152915901e+00 1.074202095565930160e+00 -1.236826549721287805e+00
-3.896905567873512055e+00 1.034016235108240256e+00 -1.055634653175615556e+00
-4.612919886980114903e+00 1.588327897947718004e+00 -1.346708932948337045e+00
-4.713830156255405690e+00 9.034129528190790737e-01 -1.516995865001708133e+00
-1.960342766346900945e+01 4.789617922902034763e+01 -3.091649241597513864e-01
-5.056589484311955651e+00 1.052434709346419694e+00 -8.038143025778718975e-01
-3.993757481900515049e+00 8.661668729905296349e-01 -1.377959390889810898e+00
-3.915461565697314850e+00 9.687879940169541459e-01 -7.375899156755651997e-01
-4.786756614116439046e+00 7.538868207222667595e-01 -1.161390215145425175e+00
-4.009981827828381640e+00 1.355435619490668042e+00 -1.261664176343426202e+00
-4.446921840570816187e+00 1.424980589034172018e+00 -1.236733840854039368e+00
-4.397191070313273720e+00 1.371526021602415435e+00 -1.089627402503905440e+00
-3.873011219017401086e+00 1.270890498492289078e+00 -1.557179159595349915e+00
-4.102849862923406477e+00 8.827748061640184885e-01 -1.265066574603681993e+00
-4.289008377487036228e+00 6.477044741578570353e-01 -1.162250290044527734e+00
-4.132635263231495770e+00 1.454468295949503442e+00 -1.651969647087732751e+00
-3.951908300832415399e+00 1.262983081074578351e+00 -1.406904065633558742e+00
-4.295052767265528537e+00 1.669195100030743451e+00 -1.456637545165252234e+00
-3.578264029181887906e+00 1.402026649162201322e+00 -1.555030428112676777e+00
-4.378489636708547295e+00 7.102864371969467294e-01 -1.388513084397133612e+00
-4.482218611197327007e+00 1.287476723555483593e+00 -1.363761884733456053e+00
-4.051961359234416804e+00 1.563090129021127428e+00 -9.198721313400367583e-01
-4.845108779238281649e+00 8.873379912428261962e-01 -1.270458302076503454e+00
-4.341248101910090362e+00 3.739096280760315638e-01 -1.108400543330429588e+00
-3.923233675396895048e+00 8.420492895567613933e-01 -1.071926515573910610e+00
-4.279048776551073630e+00 8.581018368752462155e-01 -1.108647648847329359e+00
-4.479811634788248398e+00 1.063767717929847922e+00 -1.268415694908736846e+00
-4.637020316010931786e+00 1.268373755546799320e+00 -1.526113049035117353e+00
-4.258378359135087443e+00 1.489179709647796779e+00 -1.509099022672180768e+00
-4.556990774831616520e+00 1.448131605913590914e+00 -1.423103734232049611e+00
-3.898174237369871342e+00 9.369026867684060456e-01 -1.316534250220332991e+00
-4.524493259610599338e+00 1.285937129050244154e+00 -1.270501810855848346e+00
-4.144941861009292516e+00 1.593444640826072733e+00 -1.268282585670378992e+00
-4.077073528962388949e+00 8.466450607136817297e-01 -1.363782568688318042e+00
-4.445091369479564847e+00 1.566893132980400560e+00 -1.257519425136967683e+00
-3.986785543235762397e+00 6.783799546195402597e-01 -9.454669571755022206e-01
-4.396124484646279029e+00 9.131669506285639004e-01 -1.141664412395472672e+00
-4.189447244424104433e+00 8.429926268881958729e-01 -1.620694638661736908e+00
-3.441417564135284213e+00 9.824287118041511446e-01 -9.968118602864866062e-01
-4.414716439093234968e+00 1.338667275097846332e+00 -1.291437623570504067e+00
-4.204365547535534375e+00 1.202543037319065533e+00 -1.594909573516209100e+00
-4.463759534920074934e+00 8.527124452701334567e-01 -1.459551370195947051e+00
-3.908470417255942131e+00 2.122921902863854182e+00 -7.769557671995876991e-01
-4.639104533977695510e+00 9.573513065651717557e-01 -1.206861531478781169e+00
-3.904356338045591457e+00 7.311539685833701174e-01 -1.253701538542826954e+00
-3.833464999301316567e+00 1.144065772322282903e+00 -1.236883653416442685e+00
-4.249796655793309341e+00 9.994772917734677797e-01 -1.342669287966081537e+00
-3.975138316860939547e+00 8.147874064549407436e-01 -1.444473494075972031e+00
-4.225147341643594956e+00 1.520068495087426808e+00 -1.218112783448277003e+00
-3.843682074239836322e+00 7.276523171678458413e-01 -1.272086840274220254e+00
-3.759825555183632595e+00 1.335573967353794522e+00 -1.250487187117965471e+00
-4.483612778753204076e+00 1.002405465529782269e+00 -1.122156586825540980e+00
-4.726168930564289106e+00 1.057440042401624369e+00 -1.284065461961705346e+00
-3.961944996564336741e+00 7.506896430990807056e-01 -1.147339655463573527e+00
-3.914493436595735787e+00 5.525365456146391629e-01 -1.736426682107823805e+00
-4.167516262603168542e+00 1.217714451073294457e+00 -1.107661334752765736e+00
-4.472394302512360476e+00 6.866412567114820176e-01 -9.697652754574641598e-01
-4.074220534896881851e+00 7.818509614109033778e-01 -8.933952655574791679e-01
-4.754539243496736844e+00 1.011780324949261178e+00 -1.331684295248911187e+00
-4.287117852573463672e+00 1.154324281559561127e+00 -1.373098142660829302e+00
-3.999846284900366200e+00 8.297973762693965361e-01 -1.481830267021817971e+00
-4.515108255584058483e+00 9.289997812415428102e-01 -1.134630847564241707e+00
-4.241966997739634593e+00 5.646517677645042088e-01 -1.343314237356586727e+00
-5.297259545466893371e+00 9.675933958713280880e-01 -1.018735949119459638e+00
-4.079770202574793281e+00 1.162217102690971560e+00 -1.190200878269025875e+00
-4.369723631325128643e+00 1.177921752118832766e+00 -1.226459739767025381e+00
-4.233287810237088777e+00 1.402072486413838970e+00 -9.433778302506355962e-01
-4.305843207321299992e+00 1.130906077642566343e+00 -1.214069466023841581e+00
-3.755994937979754589e+00 1.513989470371805313e+00 -1.387515817979000365e+00
-4.490967040175595670e+00 6.448019300789820107e-01 -1.133580684318462817e+00
-3.874069140702195213e+00 5.960540709104917845e-01 -1.163892243118217706e+00
-4.577957940404476567e+00 1.419193910947448289e+00 -1.363996631929345726e+00
-3.592949421223573747e+00 1.664781463094495706e+00 -4.794322791173797338e-01
-4.408328830720749103e+00 1.518363442309484723e+00 -1.419078558140789870e+00
-4.830405131751100534e+00 1.318480448877447753e+00 -2.743671523631637799e-01
-3.866790282653531197e+00 5.611529188120458755e-01 -1.130255023086331523e+00
-3.735265410012550635e+00 2.260173039678252227e+00 -1.203073786792066446e+00
-4.653629425641378603e+00 1.201298079369867544e+00 -1.117855499628335636e+00
-3.540281173152176386e+00 1.251859473354048902e+00 -1.323760679373573890e+00
-4.332344147421017588e+00 4.984232740647716042e-01 -1.197251113878366358e+00
-4.337970068691313408e+00 1.319879266047047750e+00 -1.368300312392398688e+00
-4.167110513640245983e+00 1.622940355647851662e+00 -8.600006128289459095e-01
-4.567324416018037958e+00 9.780024562068762028e-01 -1.155247109276214434e+00
-4.997296964850412415e+00 1.060008300520445923e+00 -9.219342684949682898e-01
-3.924817569995379340e+00 1.325938058530919728e+00 -1.221362007519256832e+00
-4.231508177610141530e+00 1.087094186693539521e+00 -1.141633264496127786e+00
-3.881557440119955960e+00 1.343709717977084495e+00 -1.322356649170680187e+00
-4.399976761566801287e+00 1.439304385882997694e+00 -1.264575628473961766e+00
-4.762071384930576912e+00 7.805931918572887040e-01 -9.497351772116920943e-01
-4.794664918646923013e+00 7.387206927795758604e-01 -1.111768402138360035e+00
-4.750689596439897855e+00 8.837005659388186274e-01 -1.726899162804601096e+00
-4.710510137449015922e+00 1.894571811850461751e+00 -1.792397876293293502e+00
-3.797043017223386663e+00 1.076754009928017508e+00 -8.778245751184681200e-01
-3.848271421111257862e+00 1.320078023212063467e+00 -1.440843357750644760e+00
-5.311749187031798769e+00 9.840279219212966222e-01 -8.134482827287248252e-01
-4.301032682710153487e+00 7.427775531724580826e-01 -6.933817834329519814e-01
-4.409897191265258698e+00 1.704327221747466758e+00 -1.346286860679312358e+00
-3.908006254863973350e+00 7.249710726217922785e-01 -1.186247000377001148e+00
-4.440641657221525485e+00 6.100700558313834065e-01 -1.364803977043132610e+00
-4.216719500617320371e+00 1.222624426588916124e+00 -1.461718835888524248e+00
-4.062976707176551905e+00 1.428149276428978043e+00 -9.646585679253761869e-01
-4.227395286743950820e+00 1.128441010967493829e+00 -1.262620498432860394e+00
-4.166389597508456610e+00 1.437940604495083985e+00 -1.388041787294236773e+00
-4.365207937866831145e+00 1.394303614061733310e+00 -1.324567848031770856e+00
-3.760946551968785911e+00 2.377866865600518909e-01 -9.670854972099485192e-01
-4.333791355101531906e+00 9.707558053358006367e-02 -1.961040647756520539e+00
-4.211005287262183927e+00 9.313278831043996231e-01 -1.595203456918675711e+00
-3.933611483300341050e+00 9.964093610979632976e-01 -1.204281510679173550e+00
-4.189542285328585969e+00 8.234419927652014692e-01 -1.169810382022614448e+00
-4.186562620840176940e+00 1.000793164197516294e+00 -1.352820665115471721e+00
-4.803753040926127760e+00 1.142228950748765959e+00 -1.386466903408356766e+00
-4.416783595731462952e+00 5.243317676484254841e-01 -1.041491356477010743e+00
-4.708929845161217820e+00 1.019334587838972794e+00 -1.264690120950904495e+00
-4.353226200791225686e+00 4.746575551396864379e-01 -1.234422445385207290e+00
-3.804079889320051588e+00 1.000007241260064683e+00 -1.162448960416602395e+00
-4.695745471760667478e+00 6.141246283802765937e-01 -7.987421596014573355e-01
-4.616482521474144285e+00 1.448588301442373272e+00 -1.268562853014691960e+00
-3.554160388935533099e+00 9.709814533217149268e-01 -1.290165359912124110e+00
-4.078192095825387220e+00 1.438344697156392904e+00 -1.556075872795306791e+00
-4.591835327100022290e+00 3.997494586806972783e-01 -1.081669602677022057e+00
-4.873323784671248049e+00 5.501661132944746235e-01 -1.112565128955054883e+00
-3.178171401728412615e+00 1.371600181869257584e+00 -1.404695648538603292e+00
-4.012883834007310746e+00 4.973504072218449812e-01 -1.158656446570698773e+00
-4.995901174934716416e+00 1.472909872906785322e+00 -1.101560067727538783e+00
-4.658641062780673359e+00 1.430168620232293852e+00 -3.942700738636229496e-01
-4.071467537983325613e+00 8.180791613072317947e-01 -1.336348084233660582e+00
-4.442729758852522082e+00 7.704971556232890206e-01 -1.077505417645496122e+00
-4.847532206554411971e+00 9.928715489095439883e-01 -1.299274286569880754e+00
-4.085127065973093607e+00 5.913915584143515369e-01 -1.387525369293443056e+00
-1.670797472509687864e+01 1.125961985507849761e+01 3.986434790073767331e-03
-4.024936964629930891e+00 1.311151062991380289e+00 -1.196074643700748563e+00
-3.915653397567108840e+00 8.251825042959364254e-01 -1.103976040403520154e+00
-4.750377932946653559e+00 1.081554493158445096e+00 -1.253091271638423265e+00
-4.267821752577570571e+00 1.049918216550721040e+00 -1.172797288660870851e+00
-4.119504565177696698e+00 3.096192713924214579e-01 -1.709274097914831980e+00
-4.106190314059489310e+00 8.616372571623019949e-01 -1.323252134494820709e+00
-3.868654963862580676e+00 1.008059689552595062e+00 -1.464319660725510674e+00
-4.404073218346540308e+00 6.196189569702935662e-01 -1.181763595407440581e+00
-4.154768354838400235e+00 1.352960014427621926e+00 -1.037876842537356570e+00
-4.589296804865230506e+00 1.177218876065570186e+00 -2.256906212437648662e+00
-4.664969403548792748e+00 8.394736979163204271e-01 -1.358462018427518903e+00
-3.847247822137447315e+00 1.342350564335701213e+00 -1.450272109978279822e+00
-4.449076286089107768e+00 8.271549001831474124e-01 -1.069708183910926147e+00
-3.966345148749284011e+00 4.115711757802603121e-01 -1.075950391024409258e+00
-4.173877002806729131e+00 1.004366389108716451e+00 -1.183397818986675620e+00
-4.206156907952601998e+00 1.756070344482389523e+00 -9.791850097331582514e-01
-4.310953704269288700e+00 1.481281565759434704e+00 -1.108312250050262682e+00
-4.112316164618587955e+00 6.783687119114264474e-01 1.801204763127176589e-01
-4.520497130435143340e+00 8.745169989045898928e-01 -1.296319712282832493e+00
-4.843648511717347560e+00 -2.739259011166119140e-01 -6.692406249197664359e-01
-4.391121247037610864e+00 1.121820883409043512e+00 -1.227359521918557350e+00
-4.341577151145592062e+00 1.511297560300983944e+00 -1.242020712762126111e+00
-3.905845632883515162e+00 8.586823262978978688e-01 -1.247420041496969834e+00
-4.482333026577509649e+00 1.584237415906028401e+00 -1.265086212954023459e+00
-3.983677273884289161e+00 1.333749493010454090e+00 -1.327099970129005602e+00
-4.276128906609951486e+00 1.480612220924956812e+00 -1.452555217770902685e+00
-4.281563033663395856e+00 8.667518311962155719e-01 -1.234396988858238231e+00
-4.350518863970432193e+00 5.948881505134209213e-01 -1.355087182868043305e+00
-4.912594692724535861e+00 9.119814059401625261e-01 -1.590674449168215876e+00
-4.671907557863655747e+00 1.028800396174877951e+00 -1.901526876591910442e+00
-4.298000896512617075e+00 1.187482433925142411e+00 -1.399699996626497578e+00
-4.873172002740945530e+00 1.487028672319530953e+00 -1.253620486191902472e+00
-4.003574909432701112e+00 1.320531360014203903e+00 -9.570581636686139593e-01
-4.655638399387442838e+00 1.064800055566610171e+00 -1.270961575575643376e+00
-4.347064543823827343e+00 1.089457884770806517e+00 -1.137758930392817280e+00
-4.277569590162366708e+00 1.502785812082416961e-01 -1.113458012653160134e+00
-4.438134754873338750e+00 7.767385652800111728e-01 -1.172482531160826680e+00
-3.977521287262071326e+00 2.617459004290699220e-01 -1.494987848693638544e+00
-4.312764551462591633e+00 1.383858266894775424e+00 -1.349229479767626305e+00
-4.053249258424028056e+00 4.734269510388770530e-01 -9.163804639888309955e-01
-4.883574046506836908e+00 1.005163255702357789e-02 -8.366119931998855508e-01
-3.841101022852754898e+00 9.742733354303114712e-01 -1.082162136884071035e+00
-4.326452009984608438e+00 1.399042511200907279e+00 -1.337242136079257238e+00
-3.729724175871362402e+00 1.552581952441566271e+00 -1.622653377273913788e+00
-4.049968853060010865e+00 1.353546797837791527e+00 -1.134060652278602067e-02
-3.960754333354667978e+00 9.821410954083072964e-01 -1.219442828934671486e+00
-4.088369671349590284e+00 1.369762808702186474e+00 -1.439523881235480252e+00
-3.901234575478879751e+00 1.003691873498019582e+00 -1.188641850904854191e+00
-3.500582547451264848e+00 9.771868866899845463e-01 -1.308802230135892808e+00
-4.622891509733012327e+00 8.052783921524052646e-01 -1.395153699399200198e+00
-4.758852509296843891e+00 1.136518896341263352e+00 -1.187498955708803372e+00
-4.311076116521996404e+00 1.371771231993939022e+00 -1.304236810773569122e+00
-4.117941314787262996e+00 7.540758527038018411e-01 -9.008714868017572153e-01
-4.456577199357876218e+00 9.627538946008791232e-01 -9.748606408031161852e-01
-4.236316972956303495e+00 1.277403642134566031e+00 -1.213278733867238834e+00
-4.443518179119506861e+00 1.144970586821578928e+00 -9.457237733116132805e-01
-4.593079513966168648e+00 9.540826696081828873e-01 -1.344304374617204978e+00
-4.824434242605451395e+00 1.125727471942487679e+00 -9.172835222967377078e-01
-4.581404177190788296e+00 8.154559514469329473e-01 -1.182939218549981630e+00
-4.423714654304022886e+00 1.382461596226763678e+00 -1.285671321635253994e+00
-4.839385517540979897e+00 9.513086927152277772e-01 -9.034005275063016205e-01
-4.367583603753702803e+00 7.303494983542845320e-01 -1.301175089521462880e+00
-4.555512851164330357e+00 1.533056601478335779e+00 -1.371796701107335537e+00
-4.379550690635408472e+00 1.261210422927133479e+00 -1.660316008132817878e+00
-3.840324419450407145e+00 5.759737756620627591e-01 -1.289199691604642872e+00
-4.941385948017121166e+00 1.190134390542960885e+00 -1.444298611810127531e+00
-4.847955644615588255e+00 7.159618372045636336e-01 -1.722099986877619449e+00
-3.769364555480865242e+00 1.113613608971906199e+00 -1.146547917108076575e+00
-4.472927360536350427e+00 4.405242204009422458e-01 -1.000779833227196880e+00
-4.872792138437484155e+00 1.339905939981597571e+00 -1.116210656549307734e+00
-4.053131077355613066e+00 1.036399800810095417e+00 -1.263413060554013034e+00
-4.270014947340806444e+00 1.763101299219558271e+00 -1.662052309276365047e+00
-4.804368729052466591e+00 8.052862892340558743e-01 -4.058942944527536012e-01
-4.680479970991046734e+00 5.917376493770073465e-01 -1.235419312308098982e+00
-4.324916430727212990e+00 1.388417273486267867e+00 -1.236491924510505491e+00
-4.369225365811059802e+00 8.071322851843982793e-01 -1.314086965317471600e+00
-3.469200543819691784e+00 6.699239798285124836e-01 -1.540895320538824498e+00
-4.422999531928707206e+00 8.959671856186525174e-01 -1.616954973060260148e+00
-4.132702464790670938e+00 1.229497783152766921e+00 -1.302796588858423643e+00
-4.116219422229997704e+00 1.432763033441914580e+00 -1.036287202890812775e+00
-4.203508869984937668e+00 9.165692600378154697e-01 -1.189544189884222503e+00
-3.902926840666566477e+00 8.053238708561556436e-01 -1.274567363939524967e+00
-4.577933877672310636e+00 1.147612103928237870e+00 -1.253526135980536749e+00
-4.024090920415602568e+00 8.975640278690855123e-01 -1.405069203292586888e+00
-4.799323590895443026e+00 9.676862533317140969e-01 -1.016584715762667068e+00
-4.698613125693275272e+00 1.564603415334045566e+00 -1.588194918007247436e+00
-4.657244924228693961e+00 1.032606167188215407e+00 -1.154187755038713403e+00
-4.220215108809517446e+00 6.286595720837283574e-01 -1.239670766274863389e+00
-4.793999505232727110e+00 6.583706726255288411e-01 -1.082089040104271982e+00
-4.303219609989106686e+00 1.053948914090636402e+00 -1.238339037973962942e+00
-4.522715698909197890e+00 5.940869088206600646e-01 -1.142887884591595293e+00
-3.883101383605664036e+00 1.120295608077289673e+00 -1.310186269423702088e+00
-4.534026087660576465e+00 7.476940001830695293e-01 -1.195144060418398713e+00
-4.659922193638316834e+00 6.364382711681957350e-01 -1.341281813554362934e+00
-4.373648434702363197e+00 4.645622240166849548e-01 -1.445093591967868907e+00
-4.799701217246407303e+00 1.204427399375388452e+00 -8.802420606864197472e-01
-4.528245107463746422e+00 1.223484619811615159e+00 -1.515505901034508218e+00
-3.891859668426112417e+00 9.007261430997355323e-01 -1.310849547012929772e+00
-4.262588941118459651e+00 8.025507218220455652e-01 -1.134429663673344857e+00
-4.444206862085161802e+00 7.689858636977955353e-01 -1.423220622736598884e+00
-4.523397390486904257e+00 8.333176817986482909e-01 -1.230406352883622212e+00
-4.734352549541517519e+00 1.445910610091501569e+00 -1.366864341773389446e+00
-4.309575026591208058e+00 9.713692015910969646e-01 -1.073808251028774752e+00
-4.536419434681461915e+00 9.776968244552397547e-01 -1.043177086054839720e+00
-5.167696644376011506e+00 1.295929012384894108e+00 -9.373253705807900182e-01
-3.990696458055930318e+00 1.300755246569397894e+00 -1.387996291327184384e+00
-4.380913090477597471e+00 1.771645853083336331e+00 -1.152690690061571877e+00
-3.875739362732928406e+00 1.660697177604297803e-01 -1.210920805320961913e+00
-4.244231933099405829e+00 7.553618756696560688e-01 -1.028860708838048588e+00
-4.725700263808888302e+00 1.353500336317388530e+00 -2.745213307175616291e-01
-4.891521599089253769e+00 7.944437067219624060e-01 -1.167128576438002829e+00
-4.246083070356058364e+00 9.279696824876860761e-01 -1.536035324666819690e+00
-5.149706438729755753e+00 9.393829083011100423e-01 -1.462994143922440982e+00
-4.538137844978625601e+00 1.121074162740435254e+00 -1.350595491911545043e+00
-4.482826734831732551e+00 1.574100346589470512e+00 -1.066659921005722822e+00
-4.901098506130201926e+00 7.944368311397879134e-01 -9.857510098157586942e-01
-4.182873956838315088e+00 1.064180694437957708e+00 -3.267332526001046067e-01
-3.778169466239718943e+00 1.660597154875507409e+00 -1.515726186276190157e+00
-4.188136443325658043e+00 5.149564610738197601e-01 -8.987855673111210253e-01
-3.861985113443163975e+00 1.309181517191468691e+00 -1.436843528138036952e+00
-4.231630030761095007e+00 9.679990686911655873e-01 -9.974990301911453860e-01
-4.097831065706869502e+00 1.369911743597944431e+00 -1.190509937895954717e+00
-4.773226484604991882e+00 9.786781256435380660e-01 -1.305482079250985583e+00
-4.632622103664711943e+00 8.108953880090434829e-01 -1.165053737226663833e+00
-3.587374368743996200e+01 1.183757484822790218e+01 9.802534769534720915e-02
-3.922128307307731543e+00 6.898123859356335430e-01 -1.013965814334461868e+00
-4.615948379010761826e+00 1.484709340267303501e+00 -1.379885975464667514e+00
-4.254032257794280625e+00 7.183407228657647803e-01 -1.298370363031325025e+00
-4.576366992800998901e+00 8.157216861217534420e-01 -1.181221257451851470e+00
-3.520177842186705597e+00 9.734342406716748330e-01 -1.049017649165063570e+00
-4.633681627498777544e+00 1.264458808122889133e+00 -1.118973258138404869e+00
-3.877436942547379140e+00 1.099865209962384238e+00 -1.373471357394949965e+00
-3.875478827573595186e+00 1.100015006197450518e+00 -1.310581538852260364e+00
-4.529933712459901507e+00 6.282705258672997006e-01 -1.230543013186610413e+00
-4.499956323981340489e+00 1.136164191827684578e+00 -1.382164785713292599e+00
-4.255107991565250991e+00 1.282843619549531189e+00 -1.289224180426395527e+00
-4.066470307776512527e+00 1.339452016685404701e+00 -1.128140985711849398e+00
-4.431745334239593603e+00 1.321541448511481143e+00 -1.044057901064668448e+00
-4.246350832603139835e+00 1.061557236013995542e+00 -1.236362603544552519e+00
-4.756265820894172158e+00 1.551500323483858468e+00 -9.813456985104401786e-01
-4.688518778099298956e+00 -1.021708115487711573e-02 -5.960406710068646419e-01
-4.522256815683898701e+00 9.262273804602394467e-01 -7.775142164528778821e-01
-4.052607997486794567e+00 7.505653559584457568e-01 -2.475404562083601157e+00
-4.282875724672144280e+00 1.089403777354836844e+00 -1.238258546173153229e+00
-4.490222309687581514e+00 5.046295060460346260e-01 -1.343517822203797119e+00
-4.207245876329501755e+00 1.133895405655163113e+00 -1.165017625302469551e+00
-3.801304192265374304e+00 1.846233012661324668e+00 -2.125424029658384395e+00
-4.227521998805221060e+00 6.252545009387997510e-01 -1.387158421904457928e+00
-4.593415690965282572e+00 7.504535463190591393e-01 -8.296885514541518791e-01
-4.262646501223842144e+00 5.174888963071951897e-01 -2.324578843221952518e+00
-4.441130271055068413e+00 5.910919673488530535e-01 -1.190027437997379867e+00
-4.152342654112376685e+00 1.069321385858521545e+00 -1.218713753617860940e+00
-4.747376603292447150e+00 8.970184578737652181e-01 -1.256295040366264715e+00
-4.368049489997832602e+00 9.642444072687117451e-01 -1.432177232901010511e+00
-4.138190678196099093e+00 1.096740229278408973e+00 -1.206925348291560951e+00
-4.149978587595962942e+00 1.223119721919437630e+00 -1.330644224685504362e+00
-3.475182070474503337e+00 1.302301057089813696e+00 -7.703913587175147404e-01
-4.690060777281869875e+00 9.453489511181261129e-01 -5.430898945581540405e-01
-4.248086842730216972e+00 3.291302545476611496e-01 -1.153634144078562906e+00
-4.144897224744910957e+00 8.936046552106673424e-01 -1.379704920520415046e+00
-4.373433521082570330e+00 1.487077511083610748e+00 -1.164653179286847307e+00
-4.133406678265549417e+00 6.298024691579514611e-01 -1.232871728967934066e+00
-4.364273442523768587e+00 1.053694762957006592e+00 -4.316506499478931502e-01
-4.269226691324547573e+00 1.973872223597580577e-01 -1.114439983481698038e+00
-4.546746011487853956e+00 9.971876613193509931e-01 -1.057974132428726621e+00
-3.677844987651631481e+00 1.335784335853046345e+00 -1.088583989064336732e+00
-4.298287823956362885e+00 6.283384118498629434e-01 -1.187603350193982665e+00
-3.810175942694118412e+00 6.855290275028678160e-01 -1.257574070856809501e+00
-3.906956703318865465e+00 9.349711109634148976e-01 -1.298476258754257318e+00
-3.421837941609147116e+00 1.051491530543010366e+00 -1.781269053477416930e+00
-4.980826133104243603e+00 1.338912075822607628e+00 -1.174026912812618173e+00
-4.783699840055033903e+00 8.698306130094500821e-01 -1.206514703137449240e+00
-3.696790707665502218e+00 5.670175240264342387e-01 -1.084092418931908774e+00
-4.060894364364578735e+00 7.373681229095756517e-01 -7.985329485171842601e-01
-4.664766816638931779e+00 1.057397077908368344e+00 -1.469151335391689850e+00
-4.545555149522130023e+00 7.867482571834922833e-01 -9.032690228120678899e-01
-5.107310069350152304e+00 8.187507558965521071e-01 -9.589353732206065128e-01
-3.898432500821689572e+00 1.140559354440404016e+00 -1.206821390728021193e+00
-4.003851934700784376e+00 1.262072781125248344e+00 -1.242242803580058563e+00
-4.026327272590308759e+00 1.485761484960169465e+00 -1.216305481069608119e+00
-4.016034087693677535e+00 1.245318685157597027e+00 -1.520668208082823769e+00
-4.955718484516217437e+00 5.706754204830972732e-01 -1.145956447477735507e+00
-3.807022888546945261e+00 1.192728938055513943e+00 -1.718869600756911753e+00
-4.284009903844092193e+00 6.991921716150722999e-01 -1.472972413363678790e+00
-4.658600574072893963e+00 7.125910311454758395e-01 -1.021523610085747436e+00
-4.361008114159970361e+00 3.585682774949379148e-01 -1.244792535856195315e+00
-4.331718067600100142e+00 1.712739745131404590e+00 -1.301963890330775309e+00
-4.333335724703077041e+00 1.481172369728594562e+00 -1.449371893017613822e+00
-3.802706606992512395e+00 1.405000685562785678e+00 -1.345168966315126724e+00
-4.453810742911691989e+00 1.449882030835363489e+00 -1.091037030597364454e+00
-4.747821990408666259e+00 7.682830627753269859e-01 -1.025491589133852965e+00
-5.192103634853019400e+00 5.651845304456919461e-01 -1.611380502800166425e+00
-4.240472133397251930e+00 1.084279991981239144e+00 -1.190291730423975292e+00
-3.927533545207299692e+00 1.032329947247651258e+00 -1.233930740006116800e+00
-4.379991302994289626e+00 7.319087962255312885e-01 -1.052725741471776111e+00
-4.802198090755679161e+00 1.036757526525179829e+00 -1.117241892494381883e+00
-4.681779841052605029e+00 1.019739063164395221e+00 -1.230649657370781913e+00
-4.621888297958409275e+00 1.171086393045181584e+00 -1.688341933442126797e+00
-3.927957928072465688e+00 1.340102116202141369e+00 -1.364701397453247367e+00
-4.347075139085817774e+00 1.248439082187816185e+00 -1.419147811542811333e+00
-3.811816406142708669e+00 1.221873806064941226e+00 -1.646391439899284492e+00
-4.279584625262036646e+00 1.128867650679515222e+00 -1.256799075569559054e+00
-4.493350087398344073e+00 1.210607298176456625e+00 -1.094581888517244028e+00
-4.024871254815712618e+00 5.101435218963361606e-01 -7.086706045809474386e-01
-5.698676828033407027e+00 1.141077082907886231e+00 -8.613159568475486916e-01
-4.124934897636541642e+00 4.781878720085920853e-01 -1.410779097688632078e+00
-3.960886875543744079e+00 8.297179325257443283e-01 -2.082403366353003271e+00
-4.117201531061276398e+00 1.496565642970775212e+00 -1.284501008883670137e+00
-4.228816325092776829e+00 1.256620941243144607e+00 -1.420472306548003605e+00
-4.470312918026895233e+00 1.558087517678104383e+00 -1.295277682103784578e+00
-4.201053133427874897e+00 1.084648365316485785e+00 -1.251273831404768222e+00
-4.001780703054080846e+00 8.116436542492847517e-01 -1.118493936377331188e+00
-4.563882812073493334e+00 5.759921956250282360e-01 -1.150531515107406033e+00
-4.008271751841083308e+00 1.668626887711011975e+00 -1.511702420225506494e+00
-3.979883563670340685e+00 1.187985267049287419e+00 -8.461675380424288351e-01
-4.961755245671290560e+00 7.828082099653052017e-01 -1.311973376804305591e+00
-4.243073359620127327e+00 9.242542918535905372e-01 -1.217136616553727846e+00
-4.619365473912690589e+00 1.052723921615517977e+00 -9.016231913098766704e-01
-4.261699545539985756e+00 7.045027174867832809e-01 -1.236335548351839231e+00
-4.267363929673809508e+00 1.031941061479235699e+00 -1.299484055565050422e+00
-3.897258280912691220e+00 1.075708267159729559e+00 -1.248721541060851647e+00
-3.619823066588091720e+00 1.422366319116360911e+00 -1.504246481250517187e+00
-4.618858404203462165e+00 9.998415343663984434e-01 -1.207251660006135152e+00
-3.615468111414510410e+00 7.261525005895604901e-01 -9.948535642423812497e-01
-4.232982820791318268e+00 1.550877254254234172e+00 -1.000249499429771705e+00
-4.957950308617443014e+00 1.390645021503790879e+00 -9.840198176527321650e-01
-4.246569842257408745e+00 6.418409922238795806e-01 -1.257303971807294474e+00
-3.767464922297657282e+00 9.977379632023855027e-01 -1.945266990535845730e+00
-4.666426053906819860e+00 4.898612154674903407e-01 -1.335063651321505507e+00
-4.382383384844462881e+00 1.262549280579585265e+00 -1.258686221391736471e+00
-4.193127978272290335e+00 6.599353288070459733e-01 -1.404662672291017378e+00
-4.303087915277870934e+00 6.712723152193670328e-01 -1.130105297800494846e+00
-4.478135294058710691e+00 1.194817711721760878e+00 -1.161597452165589850e+00
-4.844528601784456434e+00 8.275734959724352358e-01 -1.114160257828864520e+00
-3.996407421436426244e+00 6.258324922937327228e-01 -1.685438026036059744e+00
-4.128513133556842796e+00 8.012700322141550480e-01 -1.041559294722726348e+00
-4.030619790899662824e+00 1.152597475185206388e+00 -1.220190576132160754e+00
-4.831634585869120535e+00 9.030495364455212171e-01 -1.240858847800027975e+00
-4.199168011830662017e+00 6.615528723389102472e-01 -1.092522808133023160e+00
-4.640009467771007756e+00 1.185988646784879474e+00 -1.466234844363172529e+00
-4.627066182811529593e+00 1.264250178584324091e+00 -1.541510972966826820e+00
-4.587904911652111117e+00 1.536894640752018315e+00 -1.389496520333792784e+00
-4.215780848032166794e+00 1.207481825641925077e+00 -1.227769971407479899e+00
-4.024984075253174254e+00 7.266674250310549699e-01 -1.303481633194830236e+00
-4.252157287801415997e+00 1.785396308314483038e+00 -1.342514188577053291e+00
-3.739844497175194071e+00 1.222170927706982990e+00 -1.198338155545326744e+00
-3.892908000355431053e+00 1.885886938493847920e+00 -1.247701513727144995e+00
-3.863893848432550460e+00 1.328588273608557468e+00 -1.232374351802857593e+00
-3.844140556207864101e+00 1.783324852055298448e+00 -1.509751132872857671e+00
4.868911072924184680e+01 -1.953270704365135657e+01 8.908644216163974505e-02
-3.941283838476995705e+00 9.290907770325874671e-01 -1.412915899612588122e+00
-4.141966033382804113e+00 5.548712949556214857e-01 -1.139590468339155782e+00
-4.095843857118297571e+00 9.983200396192274395e-01 -1.328106690358994646e+00
-4.878876256103443332e+00 1.372172829718518727e+00 -1.184408789397329187e+00
-3.831962129184977250e+00 1.600122844260711608e+00 -1.556981768354971374e+00
-4.303817079859345363e+00 1.066978350174676571e+00 -9.660065985570637226e-01
-4.322748766142271215e+00 9.786764487042997063e-01 -1.154898899470664597e+00
-4.292279134013274877e+00 1.180101239595544582e+00 -1.294707330435576731e+00
-3.659464737772813336e+00 1.626058271701815050e+00 -1.304200396047284549e+00
-5.053351466891220056e+00 4.973612984249498048e-01 -7.978648430218977794e-02
-4.484298379603940177e+00 9.295944328395111533e-01 -2.177670099862033748e+00
-3.742725823554542863e+00 6.892383950938478776e-01 -9.403405296456326390e-01
-4.947558224305442565e+00 1.628363351493941513e+00 -8.518820126495492140e-01
-3.796826053572075477e+00 8.418159993595196733e-01 -1.228724364132285585e+00
-4.670716818422195438e+00 1.179836188844014977e+00 -1.455853186119078879e+00
-4.307727432646706767e+00 6.160358871562308103e-01 -1.175436418332692190e+00
-4.158038816291579565e+00 1.236582630038594033e+00 -1.298915098221410602e+00
-4.453851359924962061e+00 1.309355081478197125e+00 -1.282555449908448386e+00
-5.360484341854673929e+00 1.308973116079822141e+00 -1.849443478903385341e+00
-4.430149012828793254e+00 1.535400433450074598e+00 -1.276091715853158393e+00
-4.307127992727370902e+00 1.069574519045524585e+00 -1.384810068235209801e+00
-3.688402195667694006e+00 -3.542343491216204399e-02 -1.011163556639155470e+00
-4.252495310662824934e+00 1.069654129830687639e+00 -1.231541688903903031e+00
-4.396874492941792667e+00 1.174178411906160235e+00 3.159630865301635838e-01
-4.645732551037091262e+00 1.110843596536761790e+00 -1.116950902388980316e+00
-3.817490406410084525e+00 6.400967378116838580e-01 -1.147620272178230705e+00
-3.989451702129955812e+00 3.446584964454957878e-01 -1.868600705237577708e+00
-4.552921135394787377e+00 1.190958657732752224e+00 -1.361968928121781719e+00
-4.087487395625731601e+00 1.281891485732116864e+00 -1.194425356163285379e+00
-4.631841272849473334e+00 7.763222121523941643e-01 -1.156664522714690335e+00
-4.823048540530348482e+00 1.325770990917325198e+00 -1.129772095074975891e+00
-4.347604272840007944e+00 9.698801838977935130e-01 -1.619405763660002995e+00
-4.116784142131642454e+00 1.226538279572373824e+00 -1.221459153406607268e+00
-4.485652413388097060e+00 1.341984395136682551e+00 -1.047928317861254621e+00
-3.779975898952683266e+00 6.668589952872743254e-01 -1.072330378912393023e+00
-3.812785339822009956e+00 1.268756194320772579e+00 -1.247291133306058564e+00
-4.113470206432205067e+00 9.792483606377030414e-01 -1.278570923949926330e+00
-4.366054550049835115e+00 1.414909972844397013e+00 -1.393467068734690617e+00
-4.403986672241047451e+00 1.191196699099595691e+00 -8.741971051823955730e-01
-4.786633092966559033e+00 1.024275337072902747e+00 -1.478073201012038096e+00
-4.155657112073519066e+00 1.087080089753243772e+00 -1.670235083583925917e+00
-4.040016493591376268e+00 4.142366686172860857e-01 -7.340335806400769547e-01
-4.418404653236354562e+00 1.495309609914273308e+00 -1.169312310579217362e+00
-4.296810769307080058e+00 9.212047895987228729e-01 -1.338967852756541399e+00
-4.153226492883915100e+00 8.582346466752602820e-01 -1.352195227984625436e+00
-4.029692834215923725e+00 1.166284777104761750e+00 -1.058253595701767136e+00
-3.846729819004673701e+00 1.076546380835321282e+00 -1.002262854319034613e+00
-4.090124991689862100e+00 1.292396043732561894e+00 -1.267651129289856238e+00
-3.879465588241073348e+00 1.478209410082416797e+00 -9.651564293838893471e-01
-4.184478480252225019e+00 1.347852129698009049e+00 -1.047451532772322391e+00
-4.417771361375426586e+00 1.134225328546754286e+00 -1.255275145150703375e+00
-3.935575993302541153e+00 1.237444251489527858e+00 -1.276244062179924699e+00
-4.269631150323937696e+00 1.195199246016725114e+00 -4.990322756688973793e-02
-4.774762520383889708e+00 7.884290839424948905e-01 -1.384717887904539424e+00
-4.455998937870150556e+00 1.103430153881561404e+00 -1.163805348607202639e+00
-4.244001821202271429e+00 1.263555148105746762e+00 -1.264223700717385546e+00
-4.713892459553726155e+00 1.129028849941416723e+00 -1.113239318575079517e+00
-4.862870682561455382e+00 1.192703887154038522e+00 -1.253841529020446988e+00
-4.232127994007942817e+00 9.803139955738942035e-01 -1.209005712723065562e+00
-4.467029996478347975e+00 6.322855920756405013e-01 -1.193947705949068627e+00
-4.475454067514148981e+00 1.083229843628201516e+00 -1.085911161646099909e+00
-4.772419104698778725e+00 5.877488829949178983e-01 -1.322363236298137457e+00
-3.740497530049909258e+00 7.919984178681176434e-01 -2.149106439253507084e+00
-3.385483403176231754e+00 1.023972485694169210e+00 -1.843284463607492096e+00
-4.039008610743885619e+00 2.067268890185076646e+00 -1.727353751177559626e+00
-4.169100084451628163e+00 4.000035069259530451e-01 -1.369907975890322316e+00
-4.957069165621129869e+00 7.724013561179862153e-01 -7.516705582875987668e-01
-4.285241196926071972e+00 8.405799470131813944e-01 -8.379161710096639792e-01
-4.091787491662054244e+00 8.227176488319299930e-01 -1.302749148300231807e+00
-3.948078968370655861e+00 1.009359093362301785e+00 -1.234624266571437756e+00
-3.150586962759281295e+00 1.330618220627893145e+00 -1.546084303433408191e+00
-4.755433906660624821e+00 1.178170250697987864e+00 -1.508088298073816169e+00
-3.837455563418794124e+00 9.274204164586555832e-01 -1.279326411372062822e+00
-4.173245340882227872e+00 1.184675077320739511e+00 -1.391318208262318334e+00
-4.177998175761251431e+00 1.176942782171220170e+00 -5.541542945066817438e-01
-4.469661930060467192e+00 1.267218807648533563e+00 -1.433083265597857370e+00
-4.548955125678559419e+00 5.508726750144252726e-01 -1.410132628700424773e+00
-4.685834425561426819e+00 1.179707327389328819e+00 -2.744283665087609014e-01
-4.895338080333966779e+00 8.574111399875871120e-01 -1.308273542191385364e+00
-4.706626830479293311e+00 1.282972158268392615e+00 -1.147245608929525318e+00
-4.363536891639690829e+00 1.185539167096222757e+00 -1.322884193853739898e+00
-3.567882437536053164e+00 7.262993111009533598e-01 -1.242278974675221637e+00
-3.755160049068374750e+00 7.229521217162727664e-01 -1.232472374266384785e+00
-4.568697383422930969e+00 5.750027011548525246e-01 -1.172537081017397620e+00
-4.924330673515048495e+00 1.025526741337943748e-01 -1.683368424300203614e+00
-3.922095271506109704e+00 1.375006759931569178e+00 -1.229489419744278278e+00
-3.901925035092569161e+00 1.348109833171420080e+00 -1.339605164261676196e+00
-3.815660364714809738e+00 9.782692025443628925e-01 -1.232137218628118314e+00
-3.887356882702797556e+00 1.382042307914254309e+00 -1.310238669114096144e+00
-4.720692785413334036e+00 8.283275276116469632e-01 -1.198316924441545250e+00
-5.237739673128772644e+00 1.937454624331338637e+00 -3.372617071956181545e-01
-5.080441135463729552e+00 7.911322951657751013e-01 -2.327922096596571677e+00
-4.531689651795274720e+00 1.104800959533748017e+00 -1.397725191230405173e+00
-4.369134957384287254e+00 9.610576533403871746e-01 -1.451863382484821052e+00
-4.265729756364825320e+00 9.247626481177019242e-01 -1.236059565265472893e+00
-3.617924311573613494e+00 1.132841049046707349e+00 -1.178705860366430214e+00
-5.017734435229262324e+00 9.648909876936315744e-01 -1.030673515087701109e+00
-4.736737851356475737e+00 9.736904656766340871e-01 -1.063526396645013694e+00
-4.325270053563261996e+00 7.202108743331467888e-01 -1.183184900549113294e+00
-4.235848396306767683e+00 5.163501672552496258e-01 -1.253384875401397869e+00
-4.070424704734463717e+00 6.426672549598354545e-01 -1.246296826121953583e+00
-4.159686158723300053e+00 1.147098606249908226e+00 -1.080906842881804497e+00
-4.141119514402366697e+00 1.128027865120705631e+00 -1.242061612365157552e+00
-4.372809722951894962e+00 3.114327716703233495e-01 -1.145219868009150099e+00
-4.170657748620074656e+00 1.192571185107011766e+00 -2.148477431084481193e+00
-4.629914580845789551e+00 1.577393730654421899e+00 -1.308804883056781554e+00
-4.273892021267025498e+00 9.214413551014221104e-01 -1.333497926196870020e+00
-4.441682634867633261e+00 6.489964723145342784e-01 -1.167177984752447273e+00
-3.950024888800372391e+00 8.609333388496756001e-01 -1.281463496127659196e+00
-4.391793206425292695e+00 1.568831696627152716e+00 -1.074013783094306618e+00
-4.498502466742532846e+00 1.393783976090235077e+00 -5.436568508433208269e-01
-4.644668494654041524e+00 1.093121824887794524e+00 -1.397234555602724582e+00
-4.417157260905069549e+00 1.514339304966946465e+00 -1.122534465158145256e+00
-4.871429166527726728e+00 1.058821635662444693e+00 -9.234906072239923436e-01
-3.793598334461840249e+00 1.262059762148706188e+00 -1.102429913017282770e+00
-4.554692466428693187e+00 1.169966210496196757e+00 -1.234050199619858290e+00
-4.407730910349819453e+00 9.616217925904041453e-01 -1.860899283154301420e+00
-4.180858453528703222e+00 8.189478363130846539e-01 -1.259508356865905787e+00
-4.772471950413904374e+00 1.191968343425730659e+00 -8.736295955430644078e-01
-3.813207477196162820e+00 1.911807060034480310e+00 -1.239214351676294346e+00
-4.229833539207346504e+00 9.098688307729987379e-01 -4.888318681849638248e-01
-4.234909464537396140e+00 1.589436291739642515e+00 -9.021965176335026149e-01
-4.718927944957993503e+00 1.084637796308126179e+00 -1.251353132165834214e+00
-4.248439099073634040e+00 1.069763658864085532e+00 -1.372553503504974293e+00
4.873183372425869919e+01 -2.614846436665628460e+01 -7.117917041970271974e-01
-4.499696813965204711e+00 1.482509504043904247e+00 -1.307968493169508362e+00
-4.577854617881788712e+00 1.455438766666163453e+00 -1.375885694057269237e+00
-4.201979499017445718e+00 1.512190509452035148e+00 -1.319725919805097236e+00
-4.544786056500735860e+00 1.283248881936975616e+00 -9.652091807535608803e-01
-4.689833827725164106e+00 1.155424376825040067e+00 -1.253776909953956409e+00
-4.761526551640984373e+00 1.084346296235724427e+00 -1.178340483549209727e+00
-4.374735504977615541e+00 1.054422571627107175e+00 -1.019070680462540013e+00
-4.494168418045625835e+00 1.028255835847392552e+00 -1.091469438187135266e+00
-4.740712876541533838e+00 5.876183273813327945e-01 -9.913196658222763746e-01
-3.894928613024500219e+00 1.241866269338055995e+00 -1.384335691835312909e+00
-4.291571874145602372e+00 1.451745134638515955e+00 -1.127607802185940145e+00
-5.147858210079915509e+00 3.045348083572835263e-01 -1.706995409430905664e+00
-3.950755194546435867e+00 1.242137559193413399e+00 -1.203382161823740804e+00
-4.547882994621358144e+00 1.561789090347428743e+00 -1.214099654465846445e+00
-4.350559747988559600e+00 1.173161881218419689e+00 -1.272070733627061800e+00
-3.965115917291607062e+00 1.659171380365999982e+00 -1.729009142289335887e+00
-4.958468437280850516e+00 8.273771104197026327e-01 -1.075945666694983593e+00
-4.238714618358213393e+00 1.082073983903333980e+00 -1.531787122403910573e+00
-3.990960360720468891e+00 1.041283901126108580e+00 -1.347194202974617561e+00
-4.520860672467480690e+00 7.199278619827238490e-01 -1.349117259055657936e+00
-4.472356022693757538e+00 1.381170875397038866e+00 -1.174819127619831649e+00
-3.872119350603177246e+00 1.441197465231985442e+00 -1.310367768520346532e+00
-4.675701195741055471e+00 1.207720554137942548e+00 -1.208183753044418829e+00
-3.764922778763012623e+00 1.925027471256233413e+00 -1.168107677815808154e+00
-5.090553363203315307e+00 2.048658407903313883e+00 -5.088403555032665615e-01
-4.391580743491490857e+00 1.229596564272818382e+00 -1.258336356792422173e+00
-4.040031918820224277e+00 8.503341509031909773e-01 -1.165650599831734135e+00
-4.264049357666669593e+00 4.994678517050825661e-01 -1.791092715765990384e+00
-4.326569253086426592e+00 1.124189675466954919e+00 -1.318523441158159670e+00
-4.750572553274216681e+00 1.187371772561559125e+00 -1.546452387785626215e+00
-4.437270123527079946e+00 6.533943795878329741e-01 -1.327091925241287829e+00
-3.745898160366539109e+00 1.099853560502655814e+00 -1.363359966583546301e+00
-3.964268358423134853e+00 1.282040758284317850e+00 -1.455138151376490940e+00
-3.784332106293703646e+00 6.115120460915735023e-01 -1.234344320624786606e+00
-4.558105254347616153e+00 1.073509727151322979e+00 -1.445895082544031762e+00
-4.073923965000011194e+00 8.021313364500817222e-01 -1.303817821704002622e+00
-4.114438196015290927e+00 5.383548643298996517e-01 -1.201439645546788837e+00
-4.321718705873808020e+00 1.591078481943166034e+00 -1.112808585774647696e+00
-3.943162876236835590e+00 1.494023013069145200e+00 -1.054155234254283924e+00
-4.361745578072173224e+00 1.315504649574886553e+00 -1.221323178287839095e+00
-4.650521272466177969e+00 1.419400976888689492e+00 -1.231217623385316706e+00
-4.480453898502187116e+00 1.176333920777570485e+00 -1.231519585501424707e+00
-4.064439250261162151e+00 1.518592151544202906e+00 -1.327877087663732913e+00
-4.699765227357881159e+00 1.172124516180612863e+00 -1.605100327178886843e+00
-4.836799512404328816e+00 7.853148461606666020e-01 -1.258059143106338595e+00
-4.820535812871836967e+00 1.100806934645879309e+00 -9.782371219234426984e-01
-4.648500469999059526e+00 1.358301430186061864e+00 -1.198063292343421571e+00
-4.481981520170918110e+00 1.294240813964079972e+00 -1.358675608139512159e+00
-4.402724696926253678e+00 4.292098365498363544e-01 -9.679053810675616321e-01
-4.623793957148317979e+00 1.096426302894940141e+00 -8.073978755696895604e-01
-4.137433449170767830e+00 1.647490642683944628e+00 -1.342548521221979207e+00
-4.327462885874076903e+00 7.715201956301969144e-01 -1.099842825786058853e+00
-4.146559224701950264e+00 8.751333978909244804e-01 -1.140553394203305482e+00
-4.479409086825342889e+00 1.220426496275753836e+00 -1.959057137569670815e+00
-4.223612742573377155e+00 1.379870563072305822e+00 -1.008546487841473605e+00
-3.858894684765401539e+00 1.457883601254917227e+00 -1.333841139605089099e+00
-3.935167767547889106e+00 9.336571156494881674e-01 -1.481188297262103770e+00
-4.632593591584356574e+00 6.813215440969632164e-01 -1.505667563786712515e+00
-4.609416359406319330e+00 1.425425166990958337e+00 -1.267884923153966836e+00
-3.735720757772214462e+00 2.033518996037654514e+00 -1.779010202033505017e+00
-3.968633005237095723e+00 1.209727611405456482e+00 -1.352894281574746005e+00
-4.845070568154133284e+00 3.534294336750937182e-02 -1.218400284064023564e+00
-3.798909047709601250e+00 1.141346468239361034e+00 -1.626026147068695638e+00
-4.948882685093207279e+00 7.642490238384366252e-01 -1.322878368236960256e+00
-3.830972441354460578e+00 8.219594088619851524e-01 -2.473092616395386578e+00
-4.290967169667549541e+00 6.982990990882693705e-01 -1.030038583620479953e+00
-4.187099925469586204e+00 8.444195090347687005e-01 -1.238299447654926055e+00
-4.520880541573660594e+00 1.250125210666668041e+00 -1.160763221361622133e+00
-5.229127080963606566e+00 6.347806534109099452e-01 -1.196240527436370771e+00
-4.829721604659130918e+00 3.936360773872403795e-01 -1.047423669366483567e+00
-4.474809359329171343e+00 5.347067700869034823e-01 -1.128162701491173925e+00
-4.559780255191029141e+00 1.023322487625309973e+00 -1.460081583250710136e+00
-4.569692675291152639e+00 5.288724777310065406e-01 -1.051206820612537784e+00
-4.410217120114565681e+00 1.396697320082443960e+00 -1.125440306663302747e+00
-3.610825784476682010e+00 8.478075459826979188e-01 -4.775703742295419607e-01
-4.398263546936466817e+00 8.358876246114849140e-01 -1.490809153061483316e+00
-4.619966925924079426e+00 7.622811713408916834e-01 -1.178008803620386846e+00
-3.886140248989702783e+00 1.095463626725118989e+00 -1.157779253312466450e+00
-4.107866806381750280e+00 8.191845692842055771e-01 -1.107938590966313530e+00
-4.042388328348023308e+00 1.573834744466554580e+00 -1.170099277149879047e+00
-4.516240197856459915e+00 7.825709769419265660e-01 -9.799780120562823216e-01
-4.720824610303234081e+00 1.030110960690564070e+00 -1.152853907516322662e+00
-4.422506430662837218e+00 1.120689914681832100e+00 -1.256844867411742950e+00
-3.916121172133511852e+00 5.443964841356520035e-01 -1.035549615691540248e+00
-4.085079258796423751e+00 4.340778664483327942e-01 -1.089789787210980965e+00
-3.646557224807176478e+00 1.229334946716385657e+00 -1.076028909983482107e+00
-4.418837683148900020e+00 7.247239565285346075e-01 -1.460819752195432697e+00
-4.346405871691976230e+00 1.068950068193298186e+00 -1.481277587401946594e+00
-3.832249858837801781e+00 9.248037296806199681e-01 -1.024034631334282075e+00
-4.374573199763240439e+00 1.114658873170962350e+00 -9.258127643224893788e-01
-4.076234370514571381e+00 7.842453327195941792e-01 -1.141885271671800650e+00
-4.131474822892831078e+00 8.976023223881625102e-01 -1.355168772122229637e+00
-4.120610032958442304e+00 1.290065103452489259e+00 -2.904756820585826294e+00
-4.133007347600000436e+00 1.225657537763236160e+00 -1.100778850825911981e+00
-4.310073141915136574e+00 4.583485106446197888e-01 -1.277806017184235587e+00
-4.208183041338139141e+00 5.980896933347310540e-01 -1.194420409037822761e+00
-4.523688179460168435e+00 1.043871333031230142e+00 -9.698601779306174064e-01
-4.140113630124405475e+00 9.286790220901797177e-01 -1.182089391249903532e+00
-3.866239468949220104e+00 6.673711479512315359e-01 -1.141327174128675237e+00
-4.553018617163717252e+00 9.744125894979788205e-01 -1.462296308520839361e+00
-4.591891236064236104e+00 9.858915639363832195e-01 -1.132485575022640578e+00
-4.833840059530411182e+00 1.202279879605968382e+00 -1.174038534726086436e+00
-4.518791044846769189e+00 1.430914664563888827e+00 -1.243855212330837734e+00
-5.129420038053594588e+00 1.424983463670187245e+00 -1.270525370392184605e+00
-4.174946552953535672e+00 1.442533254633625139e+00 -1.356430784077812479e+00
-4.047859026762136381e+00 1.015201325664693677e+00 -7.656954291930422318e-01
-3.900956545246319518e+00 6.030502241005329944e-01 -1.053675612573081510e+00
-4.463106854452013827e+00 8.895617328931725298e-01 -1.281304502293010295e+00
-4.749815553825322390e+00 4.612866214406243226e-01 -1.191702211001247846e+00
-4.100535480145923728e+00 6.791791769106713117e-01 -2.227285662175810810e+00
-3.901891473050602244e+00 7.344573449473290605e-01 -1.258618137120874225e+00
-4.289148393484451205e+00 1.187820954382931005e+00 -2.781284473555925008e-01
-4.048268721017375782e+00 8.717494724121679361e-01 -1.369100680523016589e+00
-3.772629047459350016e+00 9.303098677086736323e-01 -1.516188074681743325e+00
-4.565685025299816679e+00 1.065391164672402580e+00 -1.348708142791566589e+00
-3.892432277557753562e+00 9.762561963805473919e-01 -1.391363648011663345e+00
-5.401067501921499314e+00 9.933134294739304204e-01 -5.985192971024456687e-01
-4.120107490419293583e+00 2.113670473183261178e-01 -1.819074395201633720e+00
-4.693545358483079966e+00 3.040695517301589823e-01 -1.828825834536447648e+00
-4.563833515094412263e+00 3.195532713367558730e-01 -1.970124458729832773e+00
-4.734623576769565467e+00 1.158631461173246890e+00 -1.190059428734195457e+00
-4.295835017585025284e+00 1.422115935829731281e+00 -1.336995206876522069e+00
-4.310725875514666683e+00 9.399948599890987078e-01 -1.225789826882828670e+00
-4.219511376582973483e+00 4.869499393984439983e-01 -2.180284552328294101e+00
-2.498757625973084018e+01 -5.496968214106089334e+01 -6.600355811607616641e-01
-3.643137059682996615e+00 9.454831598124382452e-01 -1.764242724062192291e+00
-3.999474130177507636e+00 6.790805191994132572e-01 -1.152386269111826067e+00
-3.625727141574052403e+00 1.033413556721852755e+00 -1.165971430191893976e+00
-4.153147133908102084e+00 7.169227128597689402e-01 -9.800081767831241297e-01
-4.611484490598307673e+00 8.819445461086157234e-01 -1.498210322464922140e+00
-4.516966217284171137e+00 1.299640530919124792e+00 -1.050159394505736588e+00
-4.480403726196580116e+00 9.195155211466128353e-01 -1.272372078535271234e+00
-4.579951331166252970e+00 1.072764879895090839e+00 -9.618886167287374889e-01
-4.696325901485698395e+00 7.475635136838146844e-01 -1.268781254135992409e+00
-4.535692901526751086e+00 1.199370794333793233e+00 -1.533717992934478191e+00
-4.091299214090557967e+00 1.069185889463651229e+00 -1.358008458830393117e+00
-4.694823466257535216e+00 8.035167845800079700e-01 -1.358821858997228960e+00
-4.545112840415098887e+00 4.616316442933368625e-01 -1.414820390484383017e+00
-4.305411576926937656e+00 8.694352327867115315e-01 -1.191701951545582894e+00
-4.459351390289767458e+00 5.383893083077597730e-01 -1.070639194330062383e+00
-4.530590790530331979e+00 1.086007972567596847e+00 -1.265693157226724930e+00
-4.739801027735293104e+00 9.367505726761266027e-01 -1.140686094276192941e+00
-3.956793886041064301e+00 1.005883379143558853e+00 -1.486273707350116213e+00
-3.818534188538035501e+00 8.758727975570775870e-01 -1.406830009365740874e+00
-4.223281989239001000e+00 1.065937260068948511e+00 -1.173663565092149641e+00
-4.061130365025391598e+00 1.577322888561482506e+00 -1.202385596452654193e+00
-3.557143582769334955e+00 7.224820202612610709e-01 -1.300970289951151715e+00
-3.809978479081795655e+00 1.147736742737948346e+00 -1.273756575516109546e+00
-4.433688308503157316e+00 1.494422951295848900e+00 -1.242084458630006605e+00
-3.447724997548557102e+00 9.480973737549777125e-01 -1.322844681917437093e+00
-3.995615530088847844e+00 5.417282063731118091e-01 -1.035927363680388291e+00
-4.701652264130755654e+00 1.641438218299029916e+00 -1.228149956831373180e+00
-4.470107773735962020e+00 4.204911604682417536e-01 -1.277628821357970290e+00
-4.695043659733376451e+00 9.040967196003023565e-01 -1.057408153018446706e+00
-4.334430335211199470e+00 6.355281302719609782e-01 -1.331365739126639580e+00
-4.347823635324973068e+00 8.888995157849524098e-01 -1.131000889539154119e+00
-4.630463425972727087e+00 8.112492227730510042e-01 -1.367832754307499954e+00
-4.460521283204629484e+00 1.086363624689473895e+00 -1.129165635697949144e+00
-4.265643333608623244e+00 1.418907527641094513e+00 -1.286425891241333996e+00
-4.455585115848924360e+00 1.441912176892736541e+00 -7.319384843620384551e-01
-4.117992749738244918e+00 1.667920076333277546e+00 -1.348307568052527383e+00
-3.545980933782933775e+00 3.234120230659527362e-01 -1.480291399408346198e+00
-4.078186612802452871e+00 1.664091399485227107e+00 -1.364933296075294900e+00
-4.149604551916861617e+00 5.990732798992183250e-01 -1.064576643350222840e+00
-4.354464119405185407e+00 8.624685267093078478e-01 -1.167836700836364594e+00
-4.246930280787401202e+00 1.428143770902082998e+00 -8.644846840645784569e-01
-3.694185977542449262e+00 1.296890921237265903e+00 -6.010930623595125422e-01
-3.972010025119546484e+00 1.495929794981904370e+00 -1.308275221983878023e+00
-4.404983441689500623e+00 8.391315236679921519e-01 -1.115736768507102461e+00
-4.170330040584880216e+00 7.581715211272305188e-01 -1.339905225020099122e+00
-4.278132280350598116e+00 1.087715277317433005e+00 -1.217594898517055713e+00
-4.016597648807101351e+00 1.446516101742068461e+00 -1.285858054408635098e+00
-3.742415148563792648e+00 3.678503886797511169e-01 -2.140133473677476417e+00
-4.819655110746261073e+00 1.410452479314447061e+00 -1.226612038240762148e+00
-4.471719798938379675e+00 4.356863914590112241e-01 -1.143477046922764417e+00
-4.176203481318893296e+00 7.344585749033352151e-01 -1.308740168560594830e+00
-3.721949760187425849e+00 1.730991059802206467e+00 -1.359455096331714241e+00
-4.321490502398002143e+00 6.326010910040417157e-01 -9.598412483531904016e-01
-4.700086494385947944e+00 7.268622974515736024e-01 -1.467736948276080478e+00
-4.791477533629458385e+00 8.841906993204210474e-01 -1.205617573731612824e+00
-4.182012201896301740e+00 1.081954764797414370e+00 -2.385775477307388925e+00
-4.304972446758966065e+00 3.293343397133307593e-01 -1.118875830301888419e+00
-4.573599923398860234e+00 1.507565655738431376e+00 -1.334520729024506247e+00
-4.389043251481074215e+00 1.166443168328594959e+00 -1.216770631047141338e+00
-4.295220199156069008e+00 9.518825449655287096e-01 -1.198909129776461135e+00
-4.310474196892747578e+00 8.410933510328405527e-01 -1.366611105386086322e+00
-4.183821015512709351e+00 1.673811178583294312e+00 -1.148199519933439827e+00
-4.375807385127846949e+00 1.497177733810566513e+00 -1.632354809247652527e+00
-3.757497055846480638e+00 1.337684060834603672e+00 -1.213014448578421334e+00
-5.017785084496728665e+00 1.423572367906512648e+00 -1.180200095399259075e+00
-4.112272716686843133e+00 1.074447963860133859e+00 -1.182809008801380291e+00
-4.715664846102726848e+00 1.431572846946898236e+00 -1.063083337894957348e+00
-4.702542740546935107e+00 7.893768302531706249e-01 -1.184183492529939485e+00
-4.429180015313083807e+00 3.621762585564454184e-01 -7.528653729109960890e-01
-4.665143601691419839e+00 6.892824554567428263e-01 -1.121251559889746119e+00
-4.860937653840652573e+00 9.754678647669440261e-01 -1.206335372624717239e+00
-4.392290165899488841e+00 1.435104173785009651e+00 -1.023542611964942450e+00
-3.903426149518186783e+00 1.121839951405514846e+00 -4.543470085984690487e-01
-4.571952041557325153e+00 1.474061523928432260e+00 -1.265571326238112304e+00
-3.781329289145046069e+00 9.327113488664088292e-01 -9.721145696253251645e-01
-4.002869028949498365e+00 1.083917567019278438e+00 -1.219142749431592510e+00
-3.891856147403185417e+00 1.295773124792358066e+00 -1.197283869500865183e+00
-3.877496710169690886e+00 9.001501125103467116e-01 -1.286727483668806293e+00
-4.245942269356499210e+00 9.004293579302572459e-01 -1.304863335274988989e+00
-4.017534418287012521e+00 1.370293531224486161e+00 -1.668003764759544483e+00
-4.315193265535747891e+00 1.639069670529093470e+00 -1.595806132177803649e+00
-4.718779887527874806e+00 1.659865227247068864e+00 -1.611333513024963082e+00
-5.361295194702095479e+00 1.532278516884344688e+00 -1.116430983674547850e+00
-4.742181648805855687e+00 7.280967771971937896e-01 -1.223180949528463124e+00
-4.186309180074287539e+00 1.311456165644772076e+00 -1.903066928882357345e-01
-4.227242067814876769e+00 9.813705359751002666e-01 -6.495371378566969778e-01
-4.396993264518885169e+00 1.177766522407630356e+00 -1.184374339223668304e+00
-4.684532424746732815e+00 7.088178206307831353e-01 -1.112490467986716913e+00
-4.284724215516903634e+00 7.525651106492140530e-01 -1.159217666993571871e+00
-3.976041668306923071e+00 1.270354785107748130e+00 -1.288786469742744911e+00
-4.778035864141277678e+00 7.027961118483512237e-01 -1.198144350386178392e+00
-4.326164386072330892e+00 1.123723817488255561e+00 -1.233093924614591330e+00
-4.779855932651284611e+00 1.113113387915903196e+00 -1.175309481100282216e+00
-4.690949173434895592e+00 5.321355346018644683e-01 -1.056743843790685311e+00
-4.137393454249224334e+00 1.155335374844612017e+00 -1.271101899825031856e+00
-3.180753384447687182e+00 8.743615951354012372e-01 -1.461734698776083530e+00
-4.142986165177314994e+00 1.216259821506670002e+00 -1.284070159732280336e+00
-3.892334578527262945e+00 8.328829505104805575e-01 -1.306383872378793498e+00
-4.165172431228443273e+00 6.803859721056336740e-01 -1.489959378377975874e+00
-4.261787545711652747e+00 1.068650412884499579e+00 -1.375734557194229657e+00
-4.416041526220658930e+00 1.067379461006210617e+00 -1.134201031305912544e+00
-4.267175205139419170e+00 5.854302805273312593e-01 -1.339699156685611126e+00
-4.065333388387624147e+00 8.468975944952257251e-01 -1.571656930058784596e+00
-4.385097614237438712e+00 1.540100349386413603e+00 -1.315235971838320639e+00
-5.222124657900486966e+00 4.129346057729528230e-01 -8.020970897616980233e-01
-4.557857040538174864e+00 1.192630109807636396e+00 -1.043061114592889860e+00
-3.187067323033004218e+00 1.482762887372903515e+00 -1.363824198006318156e+00
-4.763310016131432789e+00 1.135991857926504922e+00 -5.656329102426610467e-01
-4.364815547805196871e+00 1.394891723850229859e+00 -1.312394752720611901e+00
-4.235296162738352521e+00 1.739300592791712230e+00 -1.286105009939784605e+00
-4.556731920833857252e+00 1.260538561153775383e+00 -9.924413529380750054e-01
-4.442817265912745839e+00 1.594305418157248022e+00 -1.403541613633117358e+00
-3.790652451585740934e+00 8.781769096614030490e-01 -1.124313769225362858e+00
-4.724455379892690488e+00 1.084106497209938569e+00 -1.338610424414903965e+00
-4.516551530472916909e+00 4.448296719103524421e-01 -1.335776658139121054e+00
-4.660392951836378472e+00 1.350441747575084950e+00 -1.139427700620291306e+00
-4.193549828927130463e+00 1.181979977210855681e+00 -1.316370014299631297e+00
-4.665900566937667193e+00 1.015959126691615921e+00 -1.146157453549126792e+00
-4.151011953149799538e+00 1.445893651865228113e+00 -1.340492465116994936e+00
-4.314521889564810309e+00 1.102025074096572910e+00 -1.369593441767992248e+00
-4.622699258368586861e+00 1.000349531623584864e+00 -1.106114817406058215e+00
-3.644780566579494341e+00 1.015658271444533245e+00 -1.656591294473653164e+00
-4.149342224140009527e+00 1.082805515991534184e+00 -1.202244198337596659e+00
-4.130041305773453963e+00 7.085457578404393830e-01 -1.363180769036924866e+00
-9.640415272558827908e+00 -6.243878597838588718e+01 -7.523885692792182667e-01
-3.651174685164674028e+00 1.550991539031710387e+00 7.232790861453591846e-02
-5.012932370527891202e+00 5.066990216584641438e-01 -9.368731349747709825e-01
-4.853182364945955563e+00 1.190861083573739876e+00 -1.036992152949604673e+00
-3.919395682957042659e+00 1.333636691515726946e+00 -1.433976286289407431e+00
-4.320686677880253512e+00 1.401088929334785682e+00 -1.211339829702797743e+00
-4.736611702325103757e+00 9.174581104454880842e-01 2.371874913190871459e-01
-4.652994758676424425e+00 9.295536034346091325e-01 -1.212484623780990756e+00
-4.518380439240641699e+00 1.491193042808617752e+00 -1.185854371536296803e+00
-3.988235404648952542e+00 8.250425071662906840e-01 -1.229837183171573978e+00
-4.068121009074104677e+00 1.673948429539993787e+00 -1.353601454874207466e+00
-4.261730427752146610e+00 5.799874702025661355e-01 -1.268813896772087890e+00
-4.495690145522029724e+00 1.092827609935061783e+00 -1.260724540304458241e+00
-4.523949094131366699e+00 5.716014709791807924e-01 -1.114575684270354916e+00
-4.323687428958453260e+00 8.141405591568204869e-01 -7.577610060271018355e-01
-3.716820420131580427e+00 1.351112553244841807e+00 -1.205486430373806206e+00
-4.228389083264431747e+00 1.262064181177274813e-01 -1.373028968471912359e+00
-4.300818905555960470e+00 7.616562350331009812e-01 -1.435844200584182273e+00
-4.037334816976760443e+00 1.594195129659761179e+00 -1.089980174559489479e+00
-4.260855456364017080e+00 1.063469974827085718e+00 -1.206836221043412705e+00
-4.616195242884415073e+00 1.192945942236348866e+00 -9.019803847614643599e-01
-3.829515406964917101e+00 6.726864643540576560e-01 -1.272512649584631950e+00
-4.185724902395060454e+00 9.643635253818603204e-01 -1.106098957755567991e+00
-4.453927016087337876e+00 4.878865264020990633e-01 -1.582585229056211684e+00
-4.460263800828759173e+00 9.270801835858424322e-01 -1.060697161429536850e+00
-4.307505497957700769e+00 1.121222708241742388e-01 -1.027361853139793224e+00
-4.495254147247710996e+00 1.010969863551857584e+00 -1.212501665455132827e+00
-3.980302228962894873e+00 8.655420687039340200e-01 -1.107735108715527161e+00
-4.231358802603500280e+00 1.385043581487815922e+00 -1.346990268530378065e+00
-3.448866868575021893e+00 9.183550243618724407e-01 -1.112224626049199916e+00
-4.303523120654994649e+00 1.585675994639082376e+00 -6.483177347517135036e-01
-4.252913900595914676e+00 5.047913917215645085e-01 -1.317935883211090120e+00
-5.106652595410937856e+00 1.654514390825811976e-01 -9.479049200258724550e-01
-3.916444656633209398e+00 1.228086522214756116e+00 -1.272268601117958475e+00
-4.665704413181441801e+00 1.187485449932613735e+00 -7.956805293889607222e-01
-4.330152786909269302e+00 1.126610529417915618e+00 -1.097377272471149245e+00
-3.991884680422916887e+00 1.462597723276623629e+00 -1.164559310333491249e+00
-4.029613328498786728e+00 5.435981127163842519e-01 -1.004340140445997509e+00
-4.281114738545705123e+00 1.471936540782481373e+00 -1.100049734348518937e+00
-4.201161840328547115e+00 1.442368265084737589e+00 -9.635560768650691665e-01
-4.513491634494768867e+00 1.418484473885602393e+00 -1.268721611491886891e+00
-4.647017200423687378e+00 9.202152163775435545e-01 -6.353459073768485954e-01
-3.738955095746913315e+00 1.030700464024041141e+00 -7.680106556507194648e-01
-4.271183057622638835e+00 1.503959812268479412e+00 -1.255699615045642092e+00
-3.860913332325320191e+00 1.210529881429952326e+00 -9.741889322082141200e-01
-4.383399679277322214e+00 1.507956232852311063e+00 -1.327667172513575800e+00
-4.714710668994305465e+00 1.027895038420579388e+00 -1.250668807839719232e+00
-4.479360896386498148e+00 1.334913532664350422e+00 -1.213509357707730940e+00
-4.451727139325054594e+00 1.235399073243009349e+00 -1.304733271467666045e+00
-4.158243117935118249e+00 1.144672162096288082e+00 -1.396052138712187363e+00
-3.953017899248201239e+00 1.263525945759091940e+00 -1.312526140520262619e+00
-3.608022609763901656e+00 2.043283696201434740e-01 -1.261297973396190208e+00
-3.911457459655852453e+00 2.829261797156374381e-01 -2.304122463032275192e+00
-4.226454219725676253e+00 1.618299143245852445e+00 -1.178648758606352542e+00
-3.841982830179838437e+00 2.435572954823684189e+00 -1.047677510324597439e+00
-4.668508530877126361e+00 9.233005703536337760e-01 -1.356140698541276945e+00
-4.301514071442379183e+00 1.312346204763447544e+00 -1.504916078734438667e+00
-4.645036557463013693e+00 9.476811824701053544e-01 -1.188569424437425637e+00
-4.634318274773666424e+00 1.113492267272141456e+00 -1.102994921197560707e+00
-3.635449569156895322e+00 1.058134590510072748e+00 -1.948396262315817973e+00
-4.181416511486778731e+00 1.304938377636659652e+00 -1.041758184633050144e+00
-3.733503844119485215e+00 7.499604458909369109e-01 -1.598821300206421547e+00
-4.563287085653766617e+00 7.779609841100684764e-02 -9.314058416311092881e-01
-3.828159544235810952e+00 1.504924406703403994e+00 -1.079431390520269929e+00
-4.181458757974033880e+00 3.469081816466899060e-01 -1.632995245734285339e+00
-4.201641995393528894e+00 1.454558882987540214e+00 -1.462674502736213578e+00
-3.653860513037415547e+00 7.419338553034439121e-01 -1.041500188234644186e+00
-4.320023556865021597e+00 8.838468257189839861e-01 -1.121322476008065783e+00
-4.768736294774424067e+00 7.928428565747125401e-01 -1.298656318506433038e+00
-3.972680829003754521e+00 1.024241593397892336e+00 -1.385376882901906193e+00
-3.996412391883780835e+00 1.432605617378162055e+00 -1.471901400947897010e+00
-4.866203328827062968e+00 1.212761345246723410e+00 -1.555115456097643678e+00
-3.667185321303474410e+00 1.208108845220660310e+00 -1.167835857252581322e+00
-4.572132209418809268e+00 7.981847431149444727e-01 -1.130247831238719636e+00
-4.153068800996483567e+00 1.388227985342016080e+00 -1.380346157318087075e+00
-4.591117235962625998e+00 1.419710861457354589e+00 -1.316135836684476423e+00
-4.681855440774890909e+00 1.933001663239173773e+00 -1.522796344686806025e+00
-4.255234337565647174e+00 1.072679320469583919e+00 -1.263445930052062627e+00
-4.323779479655084579e+00 8.694280732018321300e-01 -1.188168217487990841e+00
-4.273688455697002730e+00 7.019122776059912860e-01 -1.730570090118945803e+00
-3.875292040103125668e+00 1.297123625721363860e+00 -7.802462722307789145e-01
-4.559879110607665709e+00 1.335170094121263418e+00 -1.048895537136070866e+00
-4.318494562798308678e+00 1.146057977398567296e+00 -1.433902383172965589e+00
-4.126837873574026538e+00 8.390012439846772363e-01 -1.167712343953223320e+00
-4.001588910205949645e+00 6.099157960170271675e-01 -1.452770544873627667e+00
-4.451137900598189034e+00 6.785345288009190234e-01 -1.413476368941929184e+00
-4.724946294994864182e+00 9.608953153658927882e-01 -1.198035402193960985e+00
-4.558573682884025757e+00 7.620883043733550632e-01 -8.728207592785318658e-01
-4.538026153847783739e+00 8.193854018899253688e-01 -1.164513699644178502e+00
-4.277274257687938785e+00 1.099840097161572494e+00 -1.222289373552743807e+00
-3.813914038199229140e+00 8.423335377419753911e-01 -1.324223878710139690e+00
-4.900282222126826959e+00 8.272229005071556340e-01 -1.010092972660145083e+00
-3.750508816077888330e+00 9.321660853210615993e-01 -1.134421109900456415e+00
-4.513470968785123993e+00 1.223517244198855103e+00 -1.298539477313926938e+00
-4.771827560434917181e+00 9.608083157641028604e-01 -1.190507956681075896e+00
-4.053519485966141644e+00 9.101719764249440736e-01 -1.223399032754145077e+00
-4.746863122993510764e+00 1.459012034386112155e+00 -1.322536708178031928e+00
-4.487361201759958007e+00 1.220252228919741500e+00 -1.180773258457141539e+00
-4.806845186471772280e+00 1.015319889196936165e+00 -1.117115153083845458e+00
-4.480593045465099067e+00 1.358662449871416600e+00 -1.206721735845651455e+00
-4.132961967601172404e+00 1.347388549176924188e+00 -1.399693999948534273e+00
-4.546824940629385914e+00 3.885923500856806601e-01 -8.988644714037006267e-01
-4.651504903688555181e+00 8.830302253020935188e-01 -1.002187306255474475e+00
-3.921264600390963473e+00 5.465444934430094825e-01 -1.225773710376027559e+00
-3.865870282409413772e+00 5.161097829593580544e-01 -1.896367444359002397e+00
-4.238798732012396542e+00 5.030462824051500359e-01 -1.286932854327831555e+00
-4.739382575170287382e+00 7.929919083544320069e-01 -1.302643268226359785e+00
-4.679636094301342197e+00 8.661437180714656181e-01 -1.047771091948916933e+00
-3.872945552267398561e+00 8.910843718488977716e-01 -1.300844392455601461e+00
-4.294400578203144470e+00 6.509740428811968682e-01 -8.754912973888547834e-01
-4.313581259483882491e+00 7.232862590100523903e-01 -1.149375844655243784e+00
-4.274221488577462758e+00 1.156689833350619701e+00 -1.538563011454955776e+00
-4.469460509759900724e+00 5.291587020304910904e-01 -1.037391259232165464e+00
-4.109097114640650972e+00 5.847716472143086319e-01 -1.181341267204630618e+00
-3.055904664079026389e+00 8.458585677744747677e-01 -7.734252253417259748e-01
-4.593174626033285968e+00 1.280735528796544509e+00 -1.217925909259302664e+00
-4.242101963372898688e+00 1.856261866119882864e+00 -1.415507358251664627e+00
-4.096418629061544081e+00 6.040201394698605508e-01 -1.261567966709838062e+00
-4.070552811558490802e+00 1.053066125338535164e+00 -1.189748620778464439e+00
-4.656292285152131782e+00 8.441154485504396288e-01 -1.212772254633637914e+00
-4.365931143268328540e+00 1.290400508923305711e+00 8.918073276780733027e-02
-3.755033149327029474e+00 9.858443796044835672e-01 -1.447624839209480596e+00
-4.907017344316070506e+00 9.829416177210553718e-01 -1.477715239889834331e+00
-4.498472272081214918e+00 6.692902717472503094e-01 -1.276488481269690611e+00
-4.600176250100671993e+00 9.134909474400855212e-01 -1.541240630577002113e+00
-3.093824644398625257e+00 7.507797258415509134e+01 -4.083708600627724561e-01
