-4.103014203876500510e+00 1.158567214838081672e+00 -1.061451667778978702e+00
-4.877717152353664432e+00 6.764692189835770364e-01 -9.390999962286269431e-01
-3.035467147966717683e+00 1.227628797706947328e+00 -1.302540839435767372e+00
-3.377232455787833931e+00 3.609717662181193831e-01 -1.366150572238514771e+00
-3.829275203179184572e+00 1.322975222494271685e+00 -9.396298922248158547e-01
-3.673353067276314832e+00 6.330244249279907143e-01 -1.052701671806403949e+00
-4.390772117590559631e+00 1.306147720082966757e+00 -1.219404517499478757e+00
-3.823371910901586013e+00 1.044904071547359203e+00 -1.255122226907477545e+00
-4.406357034862901756e+00 6.083838699651226145e-01 -9.721856000572254297e-01
-3.864340642121191216e+00 8.743373054763715624e-01 -1.216698289886361639e+00
-4.428166370477273794e+00 1.314158270802051831e+00 -1.293240221743818363e+00
-4.993514644339628106e+00 1.495255226147516714e+00 -9.108036792194765807e-01
-3.811277507252872176e+00 6.525709540175542722e-01 -1.092079019991470723e+00
-4.206838833932673438e+00 5.706903493112330805e-01 -1.324226223308292427e+00
-4.196659714649854322e+00 1.262798724316106513e+00 -1.219171029021279384e+00
-3.679221260874368404e+00 1.189039681071892840e+00 -1.327117158838456712e+00
-5.284528713348597861e+00 7.700607508542490764e-01 -1.385413069724352075e+00
-4.539169112960267150e+00 5.515357742316057132e-01 -1.187502169174554645e+00
-4.248204080486806866e+00 9.943889574213036209e-01 -1.024284203315973585e+00
-4.454753712112781372e+00 9.095223078671847983e-01 -1.180148003555966163e+00
-4.342849073193377762e+00 1.383409200706875231e+00 -1.266053022688780949e+00
-4.384568585917818062e+00 7.059551806591405354e-01 -1.238711184184514008e-01
-3.715888625389525579e+00 7.845978164356857132e-01 -9.767768684419710912e-01
-4.451314478731458024e+00 1.287424495266439539e+00 -6.749010725195984106e-01
-3.545127026024763595e+00 8.683793871927805164e-01 -1.536086273748235254e+00
-3.828921329440535537e+00 9.763184340366237723e-01 -1.219300531242373475e+00
-3.872818357662224820e+00 1.162919756471236576e+00 -1.165330407538531121e+00
-4.367441770250382049e+00 1.770551280054708299e+00 -1.030305810636763963e+00
-3.780464023684157127e+00 6.849651838088464118e-01 -1.219209668488694165e+00
-3.898197975570924179e+00 7.085101971360873163e-01 -1.382417257485397233e+00
-3.751875206634852855e+00 1.443194413914181462e+00 -1.216971502162562446e+00
-4.037792376338160238e+00 1.186529233204723255e+00 -4.508558179944877065e-01
-4.429470691631355095e+00 1.150642830417064166e+00 -1.288864612731444259e+00
-4.146745676921455015e+00 1.472792614487590468e+00 -9.887006670099153238e-01
-3.951423809063643766e+00 1.330876122757527646e+00 -2.133780504242617670e+00
-4.404946965155092542e+00 1.235809220180293488e+00 -1.357540963486432162e+00
-3.996137360160663565e+00 1.081981537566652163e+00 -1.221799758082849907e+00
-3.451740463536566494e+00 8.133641130528033170e-01 -1.747404194222543117e+00
-3.549270367877084720e+00 8.170416993793847560e-01 -1.048300197547907375e+00
-4.186923186189444479e+00 6.361304468006152568e-01 -1.697449615698669367e+00
-5.130067543321716883e+00 4.464381088186146207e-01 -3.878748107621438623e-01
-3.796117932550224339e+00 6.327261834774017268e-01 -1.184707659641353272e+00
-4.307053201857828029e+00 8.706274246593718180e-01 -8.807061937286686515e-01
-3.937446496902931248e+00 1.381474523093128681e+00 -1.084474810016114121e+00
-3.215888133453925324e+00 8.552857921548250308e-01 -1.660709316473674146e+00
-3.936654222792287161e+00 4.604760199436151447e-01 -1.309423193178461453e+00
-4.498620536174736451e+00 1.339603213202252174e+00 -1.482534997320611003e+00
-4.393002768044086181e+00 6.821224078985806960e-01 -9.895936110915272144e-01
-3.913631825696885169e+00 1.057332124191826983e+00 -1.256288052750832662e+00
-4.191980667620391898e+00 3.751245385678613764e-01 -1.377952497216134331e+00
-4.179018361664224912e+00 1.210590299947246429e+00 -9.402483488919767263e-01
-4.199123304675316248e+00 8.036421651158310864e-01 -1.089913758822600442e+00
-4.285007991027271146e+00 7.808046332871806383e-01 -1.087596156170973050e+00
-4.459296137896783918e+00 6.060470294092356047e-01 -1.595951691413532769e+00
-4.369736588921025344e+00 6.899213628007897503e-01 -2.342842676427917770e+00
-3.874309934236901398e+00 1.062667031957604813e+00 -1.367560239354306928e+00
-3.757458375101125458e+00 9.111982937080234102e-01 -1.323240622585325710e+00
-3.758893619683284726e+00 8.222901261285743280e-01 -1.165087176313149397e+00
-4.157633676029221625e+00 1.390029534250821486e-01 -1.289120242139853323e+00
-3.957229088436927444e+00 8.935898905273982340e-01 -9.692405259894776304e-01
-3.602337597599751806e+00 -2.293349264525121334e-01 -6.628579380882796412e-01
-4.119588049545975572e+00 1.382546104911229534e+00 -9.878935089550150428e-01
-5.195747507556498945e+00 1.092371049148302742e+00 -1.616916421000035520e+00
-4.162510020556936752e+00 9.299846173195558396e-01 -1.125825207719726606e+00
-4.455892449130727684e+00 1.142941283406309072e+00 -1.361740790024939862e+00
-4.438538202544489053e+00 7.458597935965719516e-01 -1.306075356629494033e+00
-4.518941565690613338e+00 7.847620151670160471e-01 -9.420545027616799016e-01
-4.144260845296199314e+00 1.018634060903201188e+00 -1.209486101206779907e+00
-4.429695627071509101e+00 7.993872898331280119e-01 -9.218757031048867567e-01
-4.253872020459574799e+00 7.619237905804429056e-01 -2.635887983681278079e+00
-4.212177279965522381e+00 9.828600100873210454e-01 -1.076484878105046006e+00
-3.829128624944718062e+00 1.211627830467676414e+00 -1.372001044395637859e+00
-4.334449760174504007e+00 1.044026172780242900e+00 -1.173093803533804325e+00
-4.280574320376818953e+00 9.234877424215053310e-01 -1.296594098849092491e+00
-3.552824779593447335e+00 1.162954275677296145e+00 -1.429484562899121514e+00
-4.108907346076811073e+00 2.837311444145012018e-01 -9.004437074120086315e-01
-3.788776803113713676e+00 7.108740238907070852e-01 -2.226861764969653379e+00
-4.065599060572126611e+00 9.011840398307391364e-01 -8.635416541829796788e-01
-4.087517009821500125e+00 1.038305903412170883e+00 -1.188737181000612875e+00
-4.293586479002293288e+00 1.250911017549603654e+00 -9.948432147135451986e-01
-4.074737305488620898e+00 9.428250367764702267e-01 -1.310266159736857894e+00
-4.422284404664510227e+00 1.610523726690572532e+00 -8.587162913385203433e-01
-3.923531217946992555e+00 1.134384226823267117e+00 -1.238405612813490819e+00
-3.873676027785814657e+00 1.454849921470106722e+00 1.266355936304113528e-01
-3.983716399865561808e+00 5.904601220856147137e-01 -1.018907567009716297e+00
-3.902313223625516247e+00 6.609640048517980704e-01 -1.261487021491084048e+00
-4.337626009008093142e+00 1.168021239152119195e+00 -1.028390667385060908e+00
-3.888698467251900048e+00 6.772538145586035618e-01 -1.305324544913173401e+00
-3.941595599003334005e+00 1.447123387108621095e+00 -1.198050558487715689e+00
-3.824002362590453341e+00 6.055568774716699743e-01 -1.069411189862422562e+00
-4.347440636312865259e+00 7.673600297980235352e-01 -1.468974541859694449e+00
-4.019414798036637926e+00 6.507741013074638259e-01 -1.081715444334296672e+00
-4.321426354024579197e+00 1.230969258761929863e+00 -6.761978085605022670e-01
-3.863185199332286768e+00 7.207934263295917576e-01 -1.190790856820498789e+00
-3.696677861866099590e+00 6.770653987164739762e-01 -9.859552888202193222e-01
-4.389624607080043539e+00 6.241095359978712231e-01 -1.057167793514317333e+00
-4.109525965091727961e+00 1.348259327929912876e+00 -8.789664928497596674e-02
-4.119175571003370173e+00 9.483872183446514503e-01 -1.455342767144244043e+00
-4.490574340624112537e+00 7.347070172482500494e-01 -8.604162038170967142e-01
-4.574434634045354109e+00 1.231891257552568231e+00 -1.192328965792749162e+00
-3.846109345833615745e+00 1.267357003433180695e+00 -1.134538161268693335e+00
-3.624376574003139506e+00 7.455143976584848176e-01 -1.151017262579961065e+00
-3.560100263579448754e+00 1.524539081844761723e+00 -1.860629888469965687e+00
-3.985296645705287411e+00 8.744307306721184059e-01 -1.227065010887943286e+00
-3.798649675888767341e+00 8.456765711577827194e-01 -1.169974563993026573e+00
-3.958076853013941410e+00 6.076123356998086589e-01 -1.225954615914582435e+00
-3.985961347952074352e+00 8.834540757333247951e-01 -9.620906727050002605e-01
-4.918701354810389503e+00 8.436054573503071197e-01 -9.953702018913315186e-01
-4.399267105557188806e+00 1.275100125224346126e+00 -1.295072640487689775e+00
-4.124044826081690651e+00 1.304148273150008919e+00 -9.866780873717678757e-01
-3.724103478477037044e+00 9.211769231264471669e-01 -1.418756970735912004e+00
-3.838621248816187492e+00 7.818408189643736295e-01 -1.095772653840770827e+00
-3.561997753527386124e+00 1.200553454953809940e+00 -1.118787603899840777e+00
-3.869574757962544798e+00 1.808327807634094286e+00 -7.098776685851991841e-01
-4.384117361749928499e+00 1.391105936481699779e+00 -1.367117533289056608e+00
-3.754756539823022266e+00 5.447408959268483786e-01 -1.218978306010624735e+00
-4.103267287488596260e+00 8.187628483685309710e-01 -1.200255356096496362e+00
-3.734253593570479701e+00 1.429564227791974895e+00 -1.142911278980608403e+00
-4.714152569214136612e+00 -1.836683423720655572e-01 -1.224387905783644870e+00
-3.841801795215212145e+00 7.824550000992176457e-01 -1.252195298742897034e+00
-4.335072435166410720e+00 9.077237140055556264e-01 -1.154308535592705631e+00
-3.780935022510306442e+00 1.102472854543263159e+00 -1.016075820100876603e+00
-4.661273388393366801e+00 9.648011983505923039e-01 -1.318525997134182726e+00
-4.172828263507350144e+00 6.485407082940214396e-01 -1.462901485017092051e+00
-1.905766532154291681e+01 4.660586045782902431e+01 -3.091649241597513864e-01
-3.606363351194755928e+00 3.814602719849060075e-01 -1.594808463304456803e+00
-3.675661261990089912e+00 9.625271180658763193e-01 -1.288107380978605443e+00
-4.356554881439350879e+00 1.110302368801679318e+00 -1.058660359655293259e+00
-3.912941569415930410e+00 3.735961476761919808e-01 -1.118464567031094425e+00
-4.225291061570038309e+00 1.327686736144642055e+00 -1.224756252108415211e+00
-4.575603984949249359e+00 9.782121022763377027e-01 -1.238274894695261086e+00
-4.426779711139197993e+00 1.152100271710960078e+00 -1.033619456568160455e+00
-4.389158825219825033e+00 1.324022964336487806e+00 -1.485378747411094436e+00
-3.915548727015848218e+00 8.953737361552501772e-01 -1.176046801966645461e+00
-3.892736988845102886e+00 6.713695640132354425e-01 -1.119238138091129819e+00
-4.405123777930191942e+00 8.544897465198008080e-01 -4.252529448738663342e-01
-3.981643263232133023e+00 1.295223626335108014e+00 -1.414835821395185267e+00
-4.572768302190453049e+00 1.116493908495211240e+00 -1.323342010381066469e+00
-5.177537935090122723e+00 1.060787666760141912e+00 -9.392470851338639015e-01
-3.679621616787735583e+00 7.454683618941373435e-01 -1.410090519589671798e+00
-4.436065614692435766e+00 1.010624076212868427e+00 -1.308096181568278116e+00
-4.473508478952679113e+00 1.221400613568488280e+00 -1.041184509727431706e+00
-4.179818985817025379e+00 4.611168844969225633e-01 -1.263447959149114341e+00
-3.547286443672476253e+00 8.863745379886446285e-01 -1.137931270160161157e+00
-3.675343746161457315e+00 1.310269170676643169e+00 -1.086149174094440895e+00
-3.969050521510246732e+00 8.987594962318186109e-01 -1.033873796383898647e+00
-4.259023219728183207e+00 8.960994281220134861e-01 -1.283919885028839136e+00
-4.387684261325803803e+00 4.901929851647124914e-01 -1.069507673412036564e+00
-4.515123139050285062e+00 1.239039660155934364e+00 -1.582426148054016712e+00
-4.581337758902221502e+00 8.521757316777526237e-01 -1.490449071817365523e+00
-3.726885821790699715e+00 1.380925543071315653e+00 -1.270094156505861438e+00
-4.460282106511912481e+00 1.018124448509889479e+00 -1.197296665264497184e+00
-4.473430129447885761e+00 1.327644940571915955e+00 -1.241388500021493035e+00
-3.801649078353657174e+00 7.720376749654851434e-01 -1.371188278902363500e+00
-4.574200003275499249e+00 1.178188660627715434e+00 -1.201315731977049106e+00
-3.600096527364180510e+00 1.097597268277495264e+00 -1.698063213378792513e+00
-4.070936085889570677e+00 7.839588343846823904e-01 -1.081993633374012109e+00
-3.772720013450043819e+00 8.937674087301985537e-01 -1.510606325608869094e+00
-5.134764801447808225e+00 1.460431711537904631e+00 -1.179272139086685156e+00
-4.341828591815589000e+00 1.107468313459323950e+00 -1.259324752958170812e+00
-4.105368092911080069e+00 1.149860706387389131e+00 -1.521664622821798707e+00
-4.069688854251935162e+00 8.657881938133769051e-01 -1.401291127710978746e+00
-4.960639027149704283e+00 1.759217026857519406e-01 -1.766206713180787036e+00
-4.086236890038839498e+00 6.605514786039616837e-01 -1.192777769258594578e+00
-3.691871035178673655e+00 1.313852480960567837e+00 -1.196457184936668972e+00
-4.073792474566926280e+00 1.515640365552054947e+00 -1.234780754936531055e+00
-3.998321681201820521e+00 8.870813075708526840e-01 -1.235477233667851449e+00
-3.744159695130809151e+00 1.292481477735356599e+00 -1.358451939831371691e+00
-4.685861264072123333e+00 6.292567157752794182e-01 -1.625279373824363383e+00
-3.627528110405998873e+00 1.182757776383125181e+00 -1.229392119687423124e+00
-4.294838623005976075e+00 1.509893751249651528e+00 -1.347223649342945029e+00
-4.146091337649945530e+00 7.366843543459676846e-01 -1.076734970388086854e+00
-4.393458866439363675e+00 6.492112183247730206e-01 -1.245278881599348964e+00
-3.794934154137949989e+00 1.079953132338673738e+00 -1.176469067180790251e+00
-3.991839572308401252e+00 1.033478896454636420e+00 -1.427154288995458931e+00
-4.062211851178688882e+00 1.226761017688103639e+00 -1.113106086869172673e+00
-3.872496889435043332e+00 5.225294105175058990e-01 -9.630466705955635920e-01
-3.886714238599044080e+00 1.188098292047235827e+00 -8.118921479893358439e-01
-4.301686080249558231e+00 5.436832665695119360e-01 -1.404780740392908012e+00
-4.165622475455379004e+00 1.108563803253321156e+00 -1.231403427788322569e+00
-3.789765999965172050e+00 1.219100486758764923e+00 -1.423634347801886468e+00
-4.057752064069268805e+00 7.643715302776200593e-01 -1.136764420753063387e+00
-3.547268698882704019e+00 9.416054192799154787e-01 -1.309002626086795962e+00
-3.602228457613053436e+00 5.526119646566474142e-01 -1.365534392577138378e+00
-4.029613481753718141e+00 1.217949505547199829e+00 -1.174421726400669552e+00
-4.281691901479648621e+00 1.111782475240917556e+00 -1.208287397804891361e+00
-4.454154359819114006e+00 1.125083127304956632e+00 -8.484252800283116347e-01
-4.105271317068886816e+00 1.054856777394013179e+00 -1.259442133725119595e+00
-4.347569797842615102e+00 1.319266292738420221e+00 -1.359382082209482201e+00
-3.918732818826798248e+00 4.196971588049461799e-01 -1.142199295829458450e+00
-4.006334212472633105e+00 1.297763506913812703e+00 -1.560261218605428990e+00
-4.491534795189097373e+00 9.592798711867250860e-01 -1.203425216586283542e+00
-4.655939996150086913e+00 8.591351750101973161e-01 -2.135604138021894194e+00
-4.609202708827439210e+00 1.059082262224003923e+00 -1.374392254717400785e+00
-3.793111029705088288e+00 2.456758354560883983e-01 -1.841219894961065640e+00
-4.559980669011686416e+00 1.293367919191954929e+00 -1.295257213786101147e+00
-5.189783055572074311e+00 -1.357840886371120548e-01 -1.341205119827457271e+00
-4.327268082470578037e+00 7.736642445236059373e-01 -1.040206913772169450e+00
-4.641496292234927878e+00 1.407911219511707834e+00 -1.355289438633892285e+00
-3.453654843227027094e+00 8.591766491918879645e-01 -1.534734062202706362e+00
-4.260632117565724464e+00 1.087374911185614801e+00 -1.573022086323374369e+00
-4.611343195518627702e+00 9.562833720716285013e-01 -1.013504468604116360e+00
-4.083687010941178919e+00 6.601019589539569576e-01 -1.120474771096691136e+00
-3.617936078815037870e+00 5.829720063723420331e-01 -1.518505373901565259e+00
-4.344898891554873188e+00 1.438190931655478177e+00 -1.254204592743090485e+00
-4.021536375275172936e+00 1.005676119595937834e+00 -1.204062929311772390e+00
-4.270697145593267408e+00 1.605674552482319939e+00 -1.362393605731778035e+00
-4.361764435559989828e+00 1.108021775511225160e+00 -1.227950765811667955e+00
-4.153095061023016399e+00 5.090726515436602151e-01 -1.180468143590484020e+00
-3.874639415449919522e+00 4.049231622975120182e-01 -1.268282722044618005e+00
-3.756508736721083874e+00 1.066229704848312032e+00 -7.210746090639865713e-01
-4.202622175253650560e+00 -1.185159716613188169e-01 -7.723185322930143926e-01
-3.915930315574636111e+00 1.293640405133614335e+00 -9.898674804482899825e-01
-4.188857787963221391e+00 1.421629549726006747e+00 -1.350130467014528213e+00
-3.414056019648724849e+00 3.637080329106748833e-01 -1.558180502559737723e+00
-3.442668927163069714e+00 9.125238864635055736e-01 -1.632249429120184336e+00
-4.604861703203940060e+00 1.093306965663260799e+00 -1.354728736732795591e+00
-3.594076918850752644e+00 1.340831719715370074e+00 -1.167626022616740755e+00
-3.821382909811227968e+00 7.167966435467898467e-01 -1.296684311917764676e+00
-4.315749851631304423e+00 1.151274406743896694e+00 -1.423249920572920768e+00
-4.388926320289237459e+00 5.348175715550586018e-01 -1.184808837116990698e+00
-4.039397994401475067e+00 1.058893046125843229e+00 -1.223045250121028271e+00
-4.303588433235975508e+00 1.339446963240528365e+00 -1.202999850097939305e+00
-4.399541722529711762e+00 1.150865380995337084e+00 -1.296770163639098250e+00
-4.074671439187093291e+00 1.442867913881291209e+00 -1.094416179298445257e+00
-3.893501644821643737e+00 1.374095095681712619e+00 -1.274052658974151875e-01
-3.992176384115949439e+00 1.129504718747394776e+00 -1.573007304433440057e+00
-3.876965806314750740e+00 1.420127113823884901e+00 -1.182814956116919225e+00
-4.007708596778805976e+00 8.668220123226267892e-01 -1.060600164326588990e+00
-3.975579492398306769e+00 9.309970765038150242e-01 -1.291222171834431220e+00
-4.361871237057417972e+00 7.851094875303029630e-01 -1.673960598175781467e+00
-3.661372051937774152e+00 6.722747275923754984e-01 -1.110338035178254579e+00
-4.397661163256353589e+00 5.623971493451129788e-01 -1.238254700732575264e+00
-3.673927424889031457e+00 7.621507933349798147e-01 -1.092425489515897574e+00
-3.928767810018633178e+00 1.443265860325228633e+00 -1.176063299146348662e+00
-3.881838607317469325e+00 7.507742072060634708e-01 -1.578308975529628677e+00
-4.559605241930725583e+00 6.568051778508650074e-01 -1.374067044279681626e+00
-4.238258790533794951e+00 1.487677662529040212e+00 -1.492291834123247840e+00
-4.252241326154801548e+00 1.451125683689136414e+00 -1.435592050911929984e+00
-3.716608851723721241e+00 6.238403698913638218e-01 -1.053447845308560948e+00
-3.778549866777312527e+00 6.223412661618985542e-01 -1.065072124245501017e+00
-4.943437074488421068e+00 1.023791365777939610e+00 -6.119798917282309736e-01
-3.598223580207323469e+00 1.111690857464770366e+00 -1.176828927997899177e+00
-3.567480033419738739e+00 9.188038319391943209e-02 -1.724828456086039630e+00
-4.299809672663512217e+00 8.731152990508531664e-01 -2.255427972647968904e+00
-3.574690263253991418e+00 1.191773910898235034e+00 -1.353899051452865265e+00
-3.889155342549281968e+00 7.069397383837152660e-01 -1.069436127979852547e+00
-4.205160046021628517e+00 2.742418583847894831e-01 -1.363955731387100911e+00
-4.202034014941855133e+00 1.356656272247029005e+00 -8.484261288450515304e-01
-1.625172914850762496e+01 1.096076717299986569e+01 3.986434790073767331e-03
-4.005593911251440709e+00 1.408671572314368570e+00 -1.144130103460816672e+00
-3.657818236334491324e+00 1.110475477776864617e+00 -1.078869936860145540e+00
-4.470120783372228956e+00 7.001652876443602569e-01 -1.327600895041017637e+00
-4.068789279479370080e+00 9.806377973830365802e-01 -1.200311382853087361e+00
-4.018104428977860465e+00 1.159182989538894315e+00 -1.432212681015762712e+00
-3.766036805544781707e+00 1.151906913666288057e+00 -1.217389269562398679e+00
-4.044935773967912596e+00 1.333848318944943934e+00 -1.465284937934199005e+00
-3.758630211241740682e+00 5.568070468346386637e-01 -1.164956290403060590e+00
-4.237502107485931369e+00 1.186191706782890654e+00 -1.008244219281041243e+00
-4.290130347449633064e+00 1.053119476850446601e+00 -5.356948830301037912e-02
-4.133042503242070786e+00 5.450600105275437146e-01 -1.336682419957260448e+00
-4.305603903360149864e+00 1.541278077133013458e+00 -1.284351067427901949e+00
-4.005145679212382070e+00 7.616896755794517748e-01 -1.018467499784344144e+00
-3.802016290700380274e+00 1.841240138454229180e+00 -1.576557064697127641e+00
-4.008451899314159128e+00 9.569383056529817688e-01 -1.207607974404476758e+00
-4.433757116148476563e+00 1.001693862352725617e+00 -1.322611795960415337e+00
-4.464287038900475402e+00 1.198710796729182348e+00 -1.148365796721202647e+00
-4.095454781878317796e+00 9.599333341110645179e-01 -2.463759913226697407e+00
-4.111440650454983192e+00 8.027404953230248275e-01 -1.302919505599076988e+00
-3.199411539808797222e+00 2.145443208259902423e+00 -1.177780416290547638e+00
-4.284326428964868150e+00 1.045660394465919740e+00 -1.246605832222182242e+00
-4.564951136768632622e+00 1.206757845367590010e+00 -1.246724841397334194e+00
-3.717395116943876587e+00 1.131635061101357476e+00 -1.218361405910934447e+00
-4.566059401068276458e+00 1.053165259251743757e+00 -1.182597274782942742e+00
-4.168004387981198100e+00 1.305388100649453653e+00 -1.287625877677664565e+00
-4.558094494552820564e+00 1.192211020969315527e+00 -1.404352017993263591e+00
-3.973839395279469056e+00 9.477009638874971387e-01 -1.143689040497153142e+00
-3.710204972971919535e+00 6.368880992877207214e-01 -1.253233225504869042e+00
-3.291941721163130996e+00 9.540677722145454176e-01 -8.572917250531341127e-01
-3.502964382564731416e+00 9.442366197246488957e-01 -2.369738655140861683e-01
-4.215943771101928306e+00 1.144587372759622745e+00 -1.371860187743382475e+00
-4.432136232750474747e+00 5.740268615799606344e-01 -1.156812620537841285e+00
-4.082798410582350712e+00 1.287790368526607665e+00 -9.746069825764450689e-01
-4.319351152825475992e+00 6.481506424932734767e-01 -1.223363026600704284e+00
-4.163076544320374772e+00 1.031849055030705120e+00 -1.119448280401584395e+00
-3.676549693826236087e+00 1.118546774473801353e+00 -1.518974065327257206e+00
-3.849999645323584740e+00 8.464937584331525544e-01 -1.116010479630096475e+00
-3.840041090144242997e+00 1.507209200125527060e+00 -1.584631758975661775e+00
-4.428800979753467537e+00 1.201100365648076318e+00 -1.312997583432996773e+00
-3.615048322695483929e+00 1.015334526248963476e+00 -9.893134578992199835e-01
-2.998949635942194991e+00 1.629863377315062145e+00 -1.389498504566606396e+00
-3.919060402072663152e+00 1.486132504765736773e+00 -1.046208769416704598e+00
-4.529135958015642061e+00 1.092747821267771924e+00 -1.291520665784958055e+00
-4.393537275974327194e+00 1.131888338550903317e+00 -9.617731948382085561e-01
-4.935084944789974060e+00 7.310693967786907610e-01 -2.115634632380638092e+00
-3.876619851232611769e+00 1.266698813619545616e+00 -1.179486336577943328e+00
-4.534809194177131353e+00 8.877359609453593370e-01 -1.776980053574539919e+00
-3.803549373816923040e+00 1.199800910742844229e+00 -1.172633481687277435e+00
-4.501727139400596656e+00 1.614067525425090022e+00 -1.194981118617232552e+00
-4.120366470917974588e+00 6.004009710785964682e-01 -1.368764461002548893e+00
-4.396240748041110535e+00 6.670585693338280109e-01 -1.158232702862070473e+00
-4.500380417278917022e+00 1.221784143395478139e+00 -1.261253379560820953e+00
-4.456898572427001604e+00 1.257068010334844610e+00 -1.386991768432518368e+00
-4.189584842555724720e+00 8.840937775379225094e-01 -9.709066591468905605e-01
-4.279911528478821836e+00 1.243036650933453835e+00 -1.157544839958390748e+00
-4.578786513738934083e+00 8.061212691540028397e-01 -1.357961619303486023e+00
-4.287534570700508141e+00 9.254912261452957756e-01 -1.352642707331514815e+00
-4.035996585233799117e+00 4.846823166863218346e-01 -8.645818942883317648e-01
-3.906603467373986227e+00 5.460151040901520814e-01 -1.209664094379891086e+00
-4.536040573282552835e+00 1.067613630593034824e+00 -8.085976531679290868e-01
-4.068837422791901304e+00 3.570934104911455131e-01 -1.110565961471464469e+00
-3.883224110316937150e+00 7.849973874696023479e-01 -1.267835082852051709e+00
-4.520340629818957900e+00 1.186992451162938389e+00 -1.421704609312571366e+00
-4.703720607802146958e+00 7.946300720158236963e-01 -1.113280391016903126e+00
-3.625760041108501142e+00 1.288472923612036247e+00 -1.324151635006696637e+00
-4.281880975912059739e+00 3.973124203259161269e-01 -1.281026023477847886e+00
-3.815387275980174575e+00 6.677285174549920654e-01 -1.166619982357273155e+00
-4.294900939997244649e+00 1.441717105527678289e+00 -9.854710881694833668e-01
-3.555229398256035900e+00 1.488436126199017107e+00 -6.494808965191525285e-01
-4.095625272969424024e+00 7.244038318724099756e-01 -1.101940105450585738e+00
-3.880052437474887039e+00 1.037605710371134915e+00 -1.211398694340953819e+00
-4.521538681767593104e+00 9.913429717875614777e-01 -1.053732724603397397e+00
-3.250593896942240768e+00 1.400487044958485416e+00 -1.646308122000340601e+00
-3.897941616927162123e+00 4.823564329813556650e-01 -1.244958475975372236e+00
-4.317169839238260032e+00 1.225779579018030585e+00 -1.176910898985350729e+00
-3.943081533841176434e+00 8.739929955740581846e-01 -1.263083927871518242e+00
-4.371052241419450368e+00 1.815363389143759276e+00 -1.254061929401626641e+00
-4.002695808698050861e+00 8.071989442493153755e-01 -1.590197744651197231e+00
-4.179616384313663779e+00 1.353551403561118471e+00 -1.218344019047497229e+00
-4.314629653121159869e+00 1.266899978272250760e+00 -1.010113041613112772e+00
-3.942889014767345657e+00 8.864686023728040043e-01 -1.135337557988437940e+00
-3.735019518317663323e+00 1.386502159669926293e+00 -1.344026959872269833e+00
-4.705484483592108802e+00 7.331793645645547919e-01 -8.914129744582237613e-01
-3.835216302651669018e+00 1.132873525042029428e+00 -1.364432942052432596e+00
-4.007758254951228949e+00 4.393446251500272015e-01 -8.197562787304676357e-01
-3.905529686744162010e+00 2.551576322045234213e-01 -8.407487345337150142e-01
-4.316873450039946825e+00 6.419929947323432806e-01 -1.224784403483054840e+00
-3.715850215103005283e+00 8.154047324406676900e-01 -1.167419218344291520e+00
-3.414120644241154690e+00 1.079241699817914624e+00 -8.759898384161347584e-01
-4.119525074314722701e+00 1.001814401919285169e+00 -1.083817067255703925e+00
-3.767642360085388997e+00 6.086973872996497281e-01 -1.159687925582583601e+00
-4.017849938450137159e+00 1.434633975469217670e+00 -1.313251181297081294e+00
-3.960355631210406457e+00 7.489604982857414051e-01 -1.015068315715151215e+00
-3.808508322422214043e+00 8.173932973967257265e-01 -1.511932083212880640e+00
-3.669265449775120480e+00 9.534857161744414444e-01 -1.322831703885695598e+00
-4.424440498802521660e+00 5.763020529554619964e-01 -1.145460573732818954e+00
-4.716934192537286741e+00 8.292533978756150281e-01 -1.219584462398262126e+00
-3.733152053789278391e+00 1.261260184450353705e+00 -1.284273480517153398e+00
-3.919389218832184607e+00 7.931136087785674027e-01 -1.164895878250260752e+00
-3.866350012618294585e+00 8.368953144254175358e-01 -1.348124517549871060e+00
-4.013806223022632125e+00 5.087605657390658065e-01 -1.210309370997512346e+00
-4.600284835494587554e+00 5.528230315856467181e-01 -1.304734543266838021e+00
-4.078646593436630496e+00 8.197708710665587706e-01 -1.006257241184404627e+00
-4.131892239398982980e+00 7.327007467914993244e-01 -1.015781876351224300e+00
-3.688204727698877861e+00 4.238747355846010922e-01 -1.017753492171155072e+00
-4.125083572743067251e+00 1.289602205141425983e+00 -1.340286116718233389e+00
-4.233942959662527983e+00 2.168676808838456982e-01 -1.776666581141897572e+00
-3.766435978784012484e+00 1.611239197031830717e+00 -1.345401534600338067e+00
-3.774381116755089138e+00 8.567607309573008756e-01 -1.002645505288511929e+00
-3.338514816176169742e+00 2.413337900773836753e-01 -1.708642292297871679e+00
-3.766492977232544170e+00 4.308600098349983920e-01 -1.120486770069446969e+00
-4.004853453730043533e+00 8.859061702992083731e-01 -1.500686301196181960e+00
-3.098801309198923271e+00 9.128147408269549068e-01 -7.316747794594408161e-01
-4.417270737176504092e+00 7.839865233540576073e-01 -1.293725209822436106e+00
-4.577676558373575233e+00 8.451881124370960174e-01 -1.074053960102010929e+00
-4.047867396816259067e+00 5.232566241874105906e-01 -1.167959021003090347e+00
-4.446107292267230449e+00 8.979158369446295085e-01 -2.399269210407764863e+00
-4.787777077685205995e+00 1.078811440441265868e+00 -1.462129936468569591e+00
-3.656862832118812356e+00 1.040748517337044543e+00 -1.011266072113757186e+00
-4.366134458331002222e+00 1.478558858573637780e+00 -1.296974801592449156e+00
-3.997497197265275304e+00 8.945822980800518520e-01 -9.683777769527427415e-01
-4.319601895099335565e+00 1.351658150202826869e+00 -1.162988510669204167e+00
-4.340942780284565927e+00 4.478774375123603657e-01 -1.318342915667727100e+00
-3.406164603442855654e+00 5.769377346540885965e-01 -1.698644256153399423e+00
-3.489858815474564580e+01 1.152962073978328306e+01 9.802534769534720915e-02
-3.893927473726141120e+00 1.562867198308021344e+00 -1.114163083711773083e+00
-4.728361617291591656e+00 6.356740263186348994e-01 -1.262665762111540690e+00
-3.831211147503550851e+00 7.919727212392101423e-01 -1.281456520376118347e+00
-3.916996922228913824e+00 5.474734111712683537e-01 -1.211619710656315796e+00
-4.479645510580839485e+00 1.556293622643289742e+00 -1.234468831453690685e+00
-4.151690079003444112e+00 5.846513702428746129e-01 -1.581337039531635291e+00
-3.795950926939453129e+00 1.467452988359597033e+00 -1.384458008152335662e+00
-3.937490725641835443e+00 1.400044977049800021e+00 -1.303119098914600205e+00
-3.960541160221969559e+00 6.736964925154665940e-01 -1.221843474660790685e+00
-4.354913396466341347e+00 9.139462484204360360e-01 -1.332384448576136471e+00
-4.144270260477729728e+00 1.246370084174173387e+00 -1.218022509642422868e+00
-4.331607902526509513e+00 1.405409368840125239e+00 -1.457405387753914816e+00
-4.523773836657838388e+00 9.439051282163138934e-01 -9.617701839875525405e-01
-4.038374129638714116e+00 9.783509564952065363e-01 -1.281361148142371231e+00
-4.165644484692680116e+00 4.571693361555692614e-01 -1.035696595759322713e+00
-3.167181694543337311e+00 1.600982482002719864e+00 -1.881967859860139036e+00
-3.720504164554175208e+00 8.111860733529309142e-01 -9.702878843394228126e-01
-3.924640392010160017e+00 1.658837348031810821e+00 -9.844394214843307789e-02
-4.094142178901512885e+00 1.030967590329820771e+00 -1.107349279524294294e+00
-3.669208832377622187e+00 6.065623175029849490e-01 -1.336357227385273516e+00
-4.107485251416147065e+00 1.108287911765521550e+00 -1.190061935002458604e+00
-5.116937661222296541e+00 2.383161427374760610e-01 -8.361946527560810694e-01
-3.545959584604856829e+00 1.086001245417479666e+00 -1.217599829289339741e+00
-3.368385546585812129e+00 5.070278991141229374e-01 -1.344709753567965071e+00
-3.659187720003652888e+00 1.247994576276232781e+00 -5.791714437342215804e-02
-3.827525648179571860e+00 6.932947832725284698e-01 -1.165232494187919077e+00
-4.015792817197082698e+00 1.069598127695089440e+00 -1.192009582083612296e+00
-4.198985255121599813e+00 5.982084106722037609e-01 -1.250378202594221388e+00
-4.202768731798320445e+00 9.440597797415007930e-01 -1.340403611817518659e+00
-4.075587533761194869e+00 1.175508744517636428e+00 -1.037706132941816239e+00
-4.125815434365229351e+00 1.215660115769017890e+00 -1.317601186183280593e+00
-4.754263835168245578e+00 1.441730968014158343e+00 -1.398440220532109590e+00
-3.743122056460576719e+00 1.084608575415389353e+00 -1.719478634217516788e+00
-3.397225245344813072e+00 1.150463681600872201e+00 -1.306935172645033338e+00
-3.908715083007634927e+00 1.241567076939926517e+00 -1.039889153497648433e+00
-4.774779388937230529e+00 4.434726320671691369e-01 -1.077557867766077537e+00
-3.685306651717013438e+00 1.134547749530983474e+00 -1.224529113868917163e+00
-3.472366974036922294e+00 8.629508493643262002e-01 -1.750788760365271202e+00
-3.475284270621853633e+00 1.482326022363922302e+00 -1.414176492405274432e+00
-4.254686005192037435e+00 7.018233416283193860e-01 -9.266309738378999405e-01
-4.400444599013809466e+00 1.526280368263428278e+00 -1.132449033351901946e+00
-3.455799005318974881e+00 5.911476406360653968e-01 -1.048165556916949015e+00
-3.709142634858810794e+00 1.320403590135542649e+00 -1.091252451137805224e+00
-3.813855045637761343e+00 1.373904028771252506e+00 -1.328820453799472334e+00
-4.729953172866385280e+00 1.478655609244506453e+00 -1.003155982812415248e+00
-3.554834883253382039e+00 2.044495750654686250e-01 -7.636410070906222147e-01
-4.286855751296386075e+00 6.250658268590006950e-01 -1.182594972572618808e+00
-4.196660837605264760e+00 1.327682687769143444e+00 -8.208105953438993296e-01
-3.889841256143204973e+00 8.960593037172308595e-01 -8.108702427491282227e-01
-4.152975245631170154e+00 6.868138894527725524e-01 -1.667476064251272927e+00
-3.945529019579708585e+00 6.923548903868663729e-01 -1.095030242580118163e+00
-3.916702395899965605e+00 6.140350458035384040e-01 -1.195904134560303422e+00
-3.984658436243162960e+00 1.529619839175248242e+00 -1.191688247119123245e+00
-4.158938914525736052e+00 1.337581620342107147e+00 -1.535853247087854756e+00
-4.688733788965997462e+00 1.417186391690909097e+00 -1.085043452405801467e+00
-4.129590895407542206e+00 1.441391098608486132e+00 -1.425483464880988427e+00
-3.758021583680521083e+00 5.222043268106282277e-01 -1.199392243963368632e+00
-4.028757737160915120e+00 1.154737826882703766e+00 -1.511242966265675891e+00
-3.775608618698599983e+00 1.037536077470771145e+00 -1.550830890764663295e+00
-3.929369279078151145e+00 3.484945557191784782e-01 -1.247366914935043480e+00
-3.566610181640238686e+00 8.136321552968232007e-01 -1.279398612744449881e+00
-4.795519367168395775e+00 8.510277108285058123e-01 -1.387735221936338359e+00
-4.561535952167641739e+00 9.119517366391871604e-01 -1.544812068628661272e+00
-4.086007987493488258e+00 1.381452315183889112e+00 -1.484665016324368647e+00
-4.563114838393039996e+00 9.672732910951760132e-01 -1.057961836398254585e+00
-3.882270778409880219e+00 4.759513298537754733e-01 -1.008385143468375045e+00
-3.382177907838148201e+00 7.328657379400670413e-01 -4.880730781603421220e-01
-4.046690624883585663e+00 9.962931592441880424e-01 -1.198301878238296148e+00
-3.727988623008374969e+00 1.240982842959940546e+00 -1.216837906282533410e+00
-3.984407275119475234e+00 8.146041813817062049e-01 -1.023709932425620028e+00
-4.233820041040381454e+00 3.746302079590206890e-01 -1.107388127516209630e+00
-4.311492437210004525e+00 6.740180821628037888e-01 -1.191910814167967736e+00
-4.260057742360131350e+00 7.754788425765676285e-01 -1.443253884448610691e+00
-4.250861046427096390e+00 1.407135442429226613e+00 -1.045271054153278589e+00
-4.279771124714940811e+00 1.072882983792156741e+00 -1.392991967126995467e+00
-4.466572580511765977e+00 1.022966833894539684e+00 -6.599885281767905454e-01
-4.115376711201203186e+00 1.067931547241385726e+00 -1.186881053822321785e+00
-4.479671992586527374e+00 9.000204599031461639e-01 -8.105237156988307490e-01
-4.023643596219675267e+00 1.882094507398976768e+00 -1.357924942262073831e+00
-2.981642922143212804e+00 4.538749535395890100e-01 -1.959474272682195872e+00
-3.511019870071300009e+00 1.243835470108479502e+00 -1.186334525981016741e+00
-4.195658305342867322e+00 1.508777352158818807e+00 -8.003601974565028865e-01
-4.403513225890245408e+00 1.351218948796530483e+00 -1.256000563891501276e+00
-4.241449082506317581e+00 1.181444001387087939e+00 -1.345659183446632046e+00
-4.662684175188987368e+00 9.527154904579900885e-01 -1.163595742512412157e+00
-4.049651016394254732e+00 1.026944345302313266e+00 -1.129267537052671022e+00
-3.879037846636576248e+00 1.030150034598702025e+00 -1.089284122149235756e+00
-3.881262518956617669e+00 5.877284722538127504e-01 -1.148133812424007916e+00
-4.557241076777612143e+00 1.113305979826220149e+00 -1.515944494395871089e+00
-4.084884098627783899e+00 1.213942564920875045e+00 -8.604504415096806413e-01
-3.882681377522969601e+00 6.319558488932935925e-01 -1.312037809455712800e+00
-4.005221889928700207e+00 9.323838524409620021e-01 -1.083653997682065828e+00
-4.083725771105070734e+00 8.149406963981671304e-01 -8.379442054509477211e-01
-3.851182920258925169e+00 8.088065104465208544e-01 -1.211246678854296599e+00
-4.115685182876166692e+00 9.718557252131914126e-01 -1.150099548894908175e+00
-3.858206558645619566e+00 1.418755255852647057e+00 -1.230059629137052690e+00
-4.678843275279789715e+00 1.351492869883355041e+00 -1.271993093900085636e+00
-4.380821665129561282e+00 8.419836980807257065e-01 -1.207398411445419484e+00
-4.142552662893514537e+00 1.343320284189657210e+00 -8.084070234672701138e-01
-4.650510942589965779e+00 9.124082158884265770e-01 -1.205371163952246638e+00
-3.958489485126652330e+00 3.198490359905044045e-01 -1.152413939038564594e+00
-3.698411430672103872e+00 8.836391115841747412e-01 -1.213691442747927063e+00
-4.045530542849633981e+00 1.220752741495688909e+00 -4.242741438879258364e-01
-3.602141801656040698e+00 7.191124344328387874e-01 -1.111800965601380975e+00
-4.184352037007297298e+00 1.150765867288354061e+00 -1.115728885039217966e+00
-3.880412032334692896e+00 7.350440912558011686e-01 -1.328320085586465193e+00
-3.538347911827639969e+00 5.519787915420466540e-01 -9.071357973205365077e-01
-4.387227587282633401e+00 9.620779524637933511e-01 -1.132013157612372645e+00
-4.100338341406857268e+00 4.812052020230763172e-01 -1.069319818388071219e+00
-4.183882422847752913e+00 1.468905073514766624e+00 -7.262411406967618221e-01
-3.865973887648921803e+00 1.098498669003810102e+00 -1.078715210556852711e+00
-4.066735439634380000e+00 1.167904628715840998e+00 -1.143977236004881881e+00
-4.100367516557216874e+00 3.652228725422449473e-01 -1.277950291043602693e+00
-3.590577621127545527e+00 1.066338884142031374e+00 -1.137135368832003612e+00
-4.462632376028111025e+00 7.987987934369449317e-01 -1.404154936800332543e+00
-4.696624774023326232e+00 6.733866995069660577e-01 -1.340782114031791705e+00
-4.487942625991572676e+00 6.124320224153144698e-01 -1.247708012605075245e+00
-4.306385495358101778e+00 1.102697939331645616e+00 -1.212979972385129779e+00
-3.503162220866588239e+00 6.281325051030595130e-01 -1.282098223793317837e+00
-4.569993821757097230e+00 9.582627615650947117e-01 -1.268241444969627763e+00
-4.102386461303467513e+00 1.531025282072415505e+00 -1.221621531530796334e+00
-4.795914599875970907e+00 6.548809290414139284e-01 -1.643590616862509401e+00
-5.013904628987845058e+00 1.244008223690184822e+00 -1.292081915779204726e+00
-5.089842052094032177e+00 5.830689789083314256e-01 -9.148991034088684859e-01
4.736431670568173047e+01 -1.902111156733721486e+01 8.908644216163974505e-02
-3.782188051016333041e+00 1.172830625567078178e+00 -1.381697240781904590e+00
-3.688787715141136569e+00 8.046866623438282407e-01 -1.120325204726464241e+00
-3.837269518277704794e+00 9.531538057301532918e-01 -1.326456660820548139e+00
-4.468237961018100890e+00 4.849322928574949509e-01 -1.188466035791408526e+00
-4.697701207347752650e+00 1.118553379284414673e+00 -1.226903042452351933e+00
-4.094544220904538179e+00 1.042794384855112000e+00 -9.229404521728646893e-01
-4.077597340087546485e+00 9.237369825141513724e-01 -1.101963470921797139e+00
-4.186370969441512990e+00 1.086241560231038239e+00 -1.170551993439885363e+00
-4.609387878162099383e+00 9.257339124755932236e-01 -1.489038367436105181e+00
-3.382999769753699759e+00 8.643800286831908597e-01 -2.524182594581882100e+00
-3.625908568747722160e+00 1.191893351343001450e+00 -3.974496513665652375e-01
-4.554129599036030207e+00 1.109993423895117237e+00 -1.900113231501338484e+00
-3.876053602218568539e+00 4.802665279232271600e-01 -2.182843768251307548e+00
-3.731314819134853522e+00 1.361505922716064632e+00 -1.098093607217056400e+00
-4.505193303116726611e+00 6.072953759256132233e-01 -1.541337007763975642e+00
-3.803025117698825674e+00 6.863323977411571741e-01 -1.140057236362602922e+00
-4.066004190833601761e+00 1.162491173528213295e+00 -1.259141564132468805e+00
-4.458504578738522461e+00 9.796703914538575919e-01 -1.239256199553651072e+00
-3.407682672130687429e+00 3.770990340611630187e-01 -3.022598028598274533e-01
-4.556180612984449319e+00 1.071130399954035584e+00 -1.194061047240539963e+00
-4.063999656583353826e+00 9.613221664256349497e-01 -1.379240601201429994e+00
-4.280484549205315403e+00 2.090707020881870992e+00 -9.511366801776359736e-01
-4.040017478126304518e+00 9.877073936032698676e-01 -1.306704312319272754e+00
-4.504286261309931483e+00 5.670260163354441385e-01 -2.726401123111301672e+00
-4.445528399509980133e+00 4.103910065472403668e-01 -8.689236159879163424e-01
-3.663016056405471677e+00 1.274574121315165343e+00 -1.195510313575205874e+00
-3.771470307527339472e+00 1.678045569108406632e+00 -9.992648320974069076e-01
-4.464288449571975015e+00 8.500389397817252890e-01 -1.314635777489590263e+00
-4.073931446152285751e+00 1.316917784718645290e+00 -1.159355773155788638e+00
-3.980240181459360649e+00 2.782394261852580986e-01 -1.085698263916460071e+00
-4.129307308856142278e+00 5.688377879008664761e-01 -7.034435098572031642e-01
-4.209599455261395562e+00 1.251754339015547668e+00 -1.824482749889694277e+00
-3.977593441095468751e+00 1.159003142010424980e+00 -1.098741083633427040e+00
-4.222963161505988161e+00 5.281168273508800581e-01 -1.455498508296241500e+00
-4.142855613210552512e+00 1.866192857299237673e+00 -1.428391089928419788e+00
-4.276941525587946380e+00 1.507228548702427728e+00 -1.155256202518070818e+00
-4.045467624124132300e+00 1.026570337493176277e+00 -1.164572239818179700e+00
-4.535270014096073332e+00 1.114884327418745213e+00 -1.346711291156523327e+00
-4.452399772628796271e+00 9.926319985124674172e-01 -9.673400287964215583e-01
-4.211698391602519465e+00 6.013126667660195768e-01 -1.351431087750801785e+00
-4.435784937867168765e+00 1.361386542703954872e+00 -5.422058670305985872e-01
-3.802126329272341732e+00 1.123861430394571537e+00 -1.066361891192630251e+00
-4.557401206517502246e+00 9.876639663848804096e-01 -1.099927090931928308e+00
-3.909320132922379010e+00 8.906294247584743973e-01 -1.332251137974329369e+00
-4.033911901965809399e+00 8.910508811059273393e-01 -1.327427210880319342e+00
-4.243179947475488767e+00 1.223037752667974543e+00 -1.363959241428960745e+00
-4.266178912630051556e+00 1.264512827719930899e+00 -1.543382902264157419e+00
-4.212817619847389672e+00 1.175773774301184904e+00 -1.195121050757107506e+00
-4.431330805937803596e+00 1.412230250710023061e+00 -1.103893006501387219e+00
-4.527406704863819797e+00 1.253377823755280618e+00 -8.268006151796110093e-01
-4.285558934343078441e+00 1.075012704289877608e+00 -1.164718660755166058e+00
-3.961788623018808408e+00 1.314189651530896397e+00 -1.245896444001601155e+00
-4.393228226879511311e+00 5.235293316387770179e-01 -2.619491250055727694e+00
-4.063674299381332844e+00 4.256101708212629564e-01 -1.390103950927953358e+00
-4.253709248972079138e+00 9.228760206625860052e-01 -1.171039872226131928e+00
-4.095584298376326871e+00 1.223237121618424794e+00 -1.229028965160455567e+00
-4.311593615864905082e+00 5.665630209050778188e-01 -1.091261597066256028e+00
-4.227921079340028143e+00 4.063752743215350849e-01 -1.173036461791292950e+00
-3.968503821958415223e+00 8.788558379646504992e-01 -1.237603982749483800e+00
-3.564919001797458797e+00 8.680553059247266834e-01 -8.143239822577313936e-01
-4.315014088288315897e+00 8.375077185194552687e-01 -8.473772716637556490e-01
-3.508775385139912384e+00 1.159767488175786010e+00 -1.675203348620795119e+00
-4.486133365971674003e+00 1.562072867377896968e+00 -1.690533788461489328e-01
-4.855592890645577420e+00 1.484962413560325434e+00 -1.066636090213422650e+00
-4.866355517287479060e+00 1.155617966146632869e-01 -1.130116735506156767e+00
-3.673473602081656075e+00 8.399517027538970781e-01 -1.287993664034608798e+00
-3.695612048376044623e+00 8.057299673049216349e-01 -8.615805692251883308e-01
-4.051921113107839645e+00 1.331588301133848518e+00 -1.114412858789825878e+00
-3.796394689896796404e+00 1.000686513050673243e+00 -1.276949330458054144e+00
-3.825245065839275593e+00 1.216503293288806686e+00 -1.176177453317768462e+00
-5.179546677936072818e+00 1.109125351164769402e+00 -1.283059273344468787e+00
-4.252248187028857096e+00 7.127025695674569228e-01 -1.476413852912611180e+00
-3.724772550768244095e+00 1.305924655446829563e+00 -1.207288785269688303e+00
-4.078561596418371238e+00 1.125272182798088494e+00 -1.312292890463911288e+00
-4.435454289776177283e+00 9.763008427331053563e-01 -1.753269342536844411e+00
-4.444926461215326086e+00 9.257326282525387695e-01 -1.139161780699445847e+00
-3.838095683760288868e+00 5.408347809520880345e-01 -1.219384920594810184e+00
-3.781629626265392563e+00 4.023154510083417068e-01 -2.104466853868760978e+00
-3.508215325647093596e+00 4.171543802817038182e-01 -1.393149390335145954e+00
-4.430793691909486576e+00 7.817362085228630741e-01 -1.176296317388005219e+00
-4.267757399536578511e+00 1.125704810522631494e+00 -1.281035058602228549e+00
-3.988828651431195915e+00 1.553260781488823072e+00 -9.934820488622062573e-01
-3.722216836524156580e+00 1.329070332852505754e+00 -1.241360801748210285e+00
-3.725166445610323951e+00 5.061838760306335283e-01 -1.145542869751233317e+00
-3.058174599775989932e+00 1.376214577652752125e+00 -6.227729609503707131e-01
-4.179349755443339198e+00 1.367627895498839230e+00 -1.198929283179345884e+00
-4.193051437016613647e+00 1.441263125121192257e+00 -1.294039719518463194e+00
-3.887720803256002888e+00 1.445077466498584817e+00 -1.220064265354617428e+00
-4.317220826705822745e+00 1.416840460704879900e+00 -1.307495387346467419e+00
-3.973662546370810844e+00 5.643912355912602541e-01 -1.189773253270320907e+00
-3.583383797485942601e+00 -2.906828239118348645e-01 -2.085257133302757193e+00
-2.904248038026799428e+00 9.732536556805950756e-01 -5.497702615873545362e-01
-4.162093262661766602e+00 9.460299026548717460e-01 -1.370496585473322204e+00
-4.123237014128464217e+00 8.948319985742135829e-01 -1.429822658137423819e+00
-3.907202113971145252e+00 8.608404003564570361e-01 -1.161243012992541068e+00
-3.942152217763862154e+00 1.339730163627593118e+00 -1.373116217039843878e+00
-4.199390911348217514e+00 5.486039742801952501e-01 -1.101157274433915978e+00
-4.126418787596549898e+00 4.712845974386352665e-01 -1.003043608274045928e+00
-3.918905456836869305e+00 7.515916232801101993e-01 -1.184444158601728248e+00
-3.548430765445804713e+00 7.618227387295138930e-01 -1.264233044051973787e+00
-3.789511673384865720e+00 8.261648659519957860e-01 -1.219756823840585813e+00
-4.068923096938847905e+00 1.307427086204883127e+00 -1.020393290563979205e+00
-4.005489088920363372e+00 1.121288730554262925e+00 -1.242272277541380365e+00
-3.516592574476433697e+00 9.672054394131421873e-01 -1.013648406736606500e+00
-4.707141118933037660e+00 1.128268199757562540e+00 -3.401576328682816563e-01
-4.408983082643258555e+00 7.665930086916705744e-01 -1.189857053358424288e+00
-4.086090419903607440e+00 8.734448757810627795e-01 -1.313889885179292838e+00
-3.822863225596886405e+00 6.622453176518011686e-01 -1.145632371665850302e+00
-3.797633368391408748e+00 1.082826140669308046e+00 -1.250655484711476362e+00
-4.456160423808188220e+00 9.273491916646304789e-01 -9.928293263346298358e-01
-4.443480885735191954e+00 2.081116201550544109e-01 -1.840242059649854767e+00
-4.492961710106198048e+00 6.001362149891383835e-01 -1.332699540381213632e+00
-4.589065245346843014e+00 9.440608357751510971e-01 -1.110574344753245901e+00
-4.223003317764788100e+00 4.173250298620854171e-01 -1.222125862505019978e+00
-4.064085555735447386e+00 1.478214561538821581e+00 -1.021747448471645336e+00
-4.456855453093942820e+00 8.282540610863726727e-01 -1.145952051690647844e+00
-3.582616940138060535e+00 6.171413349259488035e-01 -1.115128108158027098e+00
-3.775269431092822092e+00 8.784108127153930079e-01 -1.186594964914006178e+00
-4.092480758386120243e+00 6.181271444365317169e-01 -6.857469448949693458e-01
-4.584539495845766588e+00 6.291571352382852034e-02 -1.827914405910127771e+00
-3.756757994020256675e+00 1.012865686629210726e+00 -1.042564966022502038e+00
-4.604600570835082785e+00 1.147792128183492855e+00 -1.150617473491896803e+00
-4.338396886484749082e+00 5.244282427090010135e-01 -1.237102061340499937e+00
-4.144620926947202300e+00 1.007079445871422729e+00 -1.230680404641492753e+00
4.741080721697158396e+01 -2.544378024975343067e+01 -7.117917041970271974e-01
-4.550278435064125659e+00 9.700210241155495794e-01 -1.236256060111017296e+00
-4.585018886630149559e+00 8.521807170642515805e-01 -1.270555780511611443e+00
-4.368636414982934646e+00 1.294613434456361345e+00 -1.223208158762682407e+00
-4.346308149536793231e+00 7.105171233922632501e-01 -8.598254489304951731e-01
-4.642347015662998899e+00 5.402017402261206636e-01 -1.256643524958497293e+00
-4.408615377293970461e+00 5.262613881480312505e-01 -1.151889091124117082e+00
-4.306403392915647110e+00 1.010566177068717320e+00 -9.667718563393705722e-01
-4.229619367078674586e+00 8.779172744461206657e-01 -1.076430469863171036e+00
-3.430190016570458411e+00 1.213977121407822990e+00 -7.015213935555884017e-01
-4.042547303294245609e+00 1.324871263386830922e+00 -1.187956509260472693e+00
-4.497207206454694628e+00 1.258571312406661979e+00 -1.126679562703635451e+00
-3.233055537655715739e+00 1.153411092866938326e+00 -6.994221174868066049e-01
-3.855683514977486404e+00 1.263165004232149169e+00 -1.171390266518038237e+00
-4.725213377898094258e+00 8.353868886003754657e-01 -1.115934194859391271e+00
-4.258471963791044423e+00 1.066117966715626419e+00 -1.216711650190505756e+00
-4.857216119165844503e+00 4.186110200084895983e-01 -1.103173975180643085e+00
-3.964847166799449152e+00 4.057760434987451315e-01 -9.745830760711290397e-01
-4.197056060825266499e+00 1.178751608091265446e+00 -1.490385318589545705e+00
-4.003970846359462321e+00 1.037439721780816893e+00 -1.240068952108885680e+00
-3.957465966550610670e+00 6.996225110113355461e-01 -1.313673854846832745e+00
-4.528369242578953902e+00 9.120100015596083187e-01 -1.128709306056655981e+00
-4.384223560546457676e+00 1.414188790714488997e+00 -1.507687907096522562e+00
-4.434699598040455548e+00 6.654872892694244646e-01 -1.155707782144378415e+00
-4.576040926069449455e+00 5.357610091021024479e-01 -1.945323258397039234e+00
-3.677489805461497951e+00 2.103711771913574780e-01 -2.419327205939527214e+00
-4.374046367379537337e+00 1.068801293486100867e+00 -1.269007939061397749e+00
-3.610935487871882899e+00 9.322098413479836809e-01 -1.105649611439943669e+00
-3.885245727818632311e+00 7.539052374954685609e-01 -5.899652734871999593e-01
-4.200538676912602298e+00 1.069969974147353176e+00 -1.224218679596479120e+00
-4.046847348150191870e+00 2.436245320435624084e-01 -1.481293800933398241e+00
-3.907665961696959123e+00 6.420186994132264235e-01 -1.298075421870576340e+00
-4.216338607478373746e+00 1.559505096822319192e+00 -1.398484463352060114e+00
-4.177241292053899713e+00 1.437397679333376255e+00 -1.393523397169479372e+00
-4.526800792953158847e+00 1.253728541152420384e+00 -1.311396962947714684e+00
-4.136579255458765481e+00 6.568061727052224574e-01 -1.479981556057914815e+00
-3.902993099847593683e+00 9.795188153414402521e-01 -1.254174297037190078e+00
-3.606396194402242461e+00 8.976771503469244129e-01 -1.192093376547046057e+00
-4.634529856798022429e+00 1.123792192844073945e+00 -1.035537259700824331e+00
-4.471851122715421845e+00 1.241444888614209985e+00 -1.165362008833741081e+00
-4.523076749830905463e+00 9.057693100783840157e-01 -1.225611501414267668e+00
-4.530005853273885386e+00 5.657423556758344185e-01 -1.014754894983025180e+00
-4.400297626222313241e+00 9.554215562136786355e-01 -1.200475584163852361e+00
-4.435528948672576632e+00 1.388627227852092583e+00 -1.280164766363480089e+00
-4.250232294298241342e+00 7.259522814779442168e-01 -1.617486705044551165e+00
-4.143545863957921682e+00 4.571259355474749930e-01 -1.258879702423982616e+00
-3.952821590987233069e+00 2.431610938563991409e-01 -9.302540979243941743e-01
-4.468031694369860141e+00 6.555823423221640578e-01 -1.140437545045916767e+00
-4.439141842508485425e+00 1.005803872366666019e+00 -1.307256104265074104e+00
-3.478321816831670965e+00 1.524407583712540371e+00 -1.422134974098776983e+00
-4.307399897283222145e+00 7.160619832797280315e-01 -7.021959604982134229e-01
-4.402685343167447307e+00 1.363054330551866755e+00 -1.279839628053889511e+00
-3.857820851273554119e+00 7.885350052906487939e-01 -1.053286664096942937e+00
-3.992778356261202699e+00 1.057984749447425266e+00 -1.115379622453057218e+00
-3.904139801128526432e+00 6.412125491181638326e-01 -4.650631054393182806e-01
-4.460362761915703800e+00 1.218372442189297411e+00 -1.031978458020534228e+00
-4.335551634859388770e+00 1.353053461918821254e+00 -1.095948319599785226e+00
-4.541702351732633147e+00 1.084624403713962737e+00 -1.113904899351056299e+00
-4.014640068294377251e+00 6.055741716050918599e-01 -1.676035784951267482e+00
-4.390386454950106376e+00 7.041092204444012737e-01 -9.254571389167036699e-01
-5.019400090294435124e+00 5.524525135469235959e-01 -3.662512612827535374e-01
-3.963549391849333858e+00 1.319862799532430575e+00 -1.306383983799488613e+00
-3.269101241137883918e+00 1.379285832574755233e+00 -1.069657828711825465e+00
-4.689366662102514738e+00 8.738357473881068760e-01 -6.891887147652480117e-01
-3.392887627203671208e+00 4.517447045821992302e-01 -8.487324835819803903e-01
-4.387199388440976122e+00 1.629926943253473759e+00 -1.560973709762703832e-01
-3.605560897707759338e+00 8.045094835952086854e-01 -7.336311290914172556e-01
-3.788820898342135202e+00 9.041561291703992254e-01 -1.214298927761968683e+00
-4.566167427848967897e+00 9.757747399437027847e-01 -1.145735321790652961e+00
-3.608265728076264001e+00 8.439171324758424353e-01 -1.452196611572740048e+00
-3.290973990820170503e+00 1.169385450696947215e+00 -1.643293925980991776e+00
-3.622003137656517158e+00 8.484790594061043523e-01 -1.177273446951561775e+00
-4.197672831126410209e+00 9.451949788650261253e-01 -1.394815435590940789e+00
-3.459637369332784207e+00 1.129044661485222534e+00 -1.604327056723568123e+00
-4.452604387383998663e+00 1.045434749104356520e+00 -1.037597172636759435e+00
-4.302122591653673389e+00 1.506581210121280545e+00 -1.717887658211233015e+00
-3.783181836175014467e+00 1.004046138025502577e+00 -1.684939462818782152e+00
-3.897524206679626957e+00 5.586539436986099894e-01 -1.167674193488225765e+00
-3.836404418968787589e+00 1.301327687888119478e+00 -1.123197503817415122e+00
-3.575349923601242708e+00 8.658946129122935265e-01 -1.042725945458030212e+00
-5.029088942260031558e+00 7.198572298390121249e-01 -9.743190663803439344e-01
-3.945183964098317286e+00 3.986182133359087443e-01 -7.953265241181454170e-01
-4.325632016216017561e+00 7.206249838707275979e-01 -1.144927084617614721e+00
-4.146892459534922359e+00 1.005119734438973511e+00 -1.135716835767638377e+00
-3.616121056768120123e+00 8.909938088068835027e-01 -1.101265129188139458e+00
-3.621446268507913402e+00 1.272712562206981701e+00 -1.048293126413506915e+00
-4.950377405419088994e+00 1.169467498961571206e+00 -1.220554268866343772e+00
-3.824407662303030975e+00 1.387212652973570659e+00 -1.811627992565110645e+00
-4.241253283009380759e+00 1.005179614437111457e+00 -1.422982954159141888e+00
-3.895792052350119494e+00 1.386963014475302902e+00 -1.238977423961358681e+00
-4.337273225833809143e+00 8.582920850993592810e-01 -8.450853603722843221e-01
-3.703101823374427504e+00 1.076253792890358607e+00 -1.400262818004767595e+00
-3.864876044001187338e+00 1.149373219317007644e+00 -1.231518912500505269e+00
-4.211458359002814511e+00 1.246467147416056465e+00 4.026168914771900975e-01
-4.114580592523599201e+00 1.214278525999737512e+00 -1.072678907888486410e+00
-3.539571529700185959e+00 7.517993399955950062e-01 -1.091143683450752633e+00
-3.598026410593750946e+00 7.949715104535739485e-01 -1.157361535766203042e+00
-4.164894560305659965e+00 7.499238798800919037e-01 -9.209300032515430612e-01
-3.930885774915708453e+00 8.625712660449135205e-01 -1.128079687847329815e+00
-3.664250334497839212e+00 1.274907660358559625e+00 -1.163854215772528011e+00
-4.248848416728675303e+00 6.363597937400592430e-01 -1.333683707546869046e+00
-4.255857242478185753e+00 8.485261786802125172e-01 -1.161609851311602215e+00
-4.336093438795037613e+00 4.799680332257073023e-01 -1.176618057508832749e+00
-4.811377792460016956e+00 5.888762481582804353e-01 -1.204362138617352196e+00
-3.679737742812531742e+00 3.804848123855019137e-01 -1.713227225969707446e+00
-4.471987392569904074e+00 1.262334207177556067e+00 -1.302431379768543396e+00
-4.145117160959842728e+00 1.195009926125438326e+00 -8.565986231079143476e-01
-3.794400161562389684e+00 1.151805665632763764e+00 -1.356171731724699514e+00
-3.988065379629090579e+00 7.820598479008673554e-01 -1.213772963907944424e+00
-3.315560552319947174e+00 9.220998271552213188e-01 -1.447350833268452153e+00
-3.659961383393091516e+00 1.089074664487349464e+00 -3.656147896925770469e-01
-3.689262382454923106e+00 1.312680076123938555e+00 -1.196943274535613888e+00
-3.768172060641552079e+00 7.002768924472020373e-01 -1.579807709953489070e+00
-3.801966129255965221e+00 9.462240590426883591e-01 -1.325140855708842214e+00
-4.597620325574572675e+00 1.429800535970083386e+00 -9.186615008261848070e-01
-4.346282780838365056e+00 8.951588239818820680e-01 -1.259367414698272736e+00
-3.804125177752051279e+00 1.256274948829696925e+00 -1.346262591512929374e+00
-3.166357081287662911e+00 5.611076242040593520e-01 -1.578417150399914037e+00
-3.809033133418243455e+00 1.805451153262370045e+00 -8.497522910380596040e-01
-3.683653349136893684e+00 1.224671538266273174e+00 -3.204642617300357266e-01
-3.476349924111725276e+00 1.520380203211062708e+00 -5.987138359365464790e-01
-4.514084466476914415e+00 8.503401593941071201e-01 -1.196606734535115901e+00
-4.463266109541676130e+00 1.160414691987855518e+00 -1.284468906841482960e+00
-4.081593025808876618e+00 9.351338285284368501e-01 -1.123771575451315119e+00
-3.920411108718466320e+00 1.366668963507333023e+00 2.934504473041320977e-02
-2.432187291693807296e+01 -5.347669490558671868e+01 -6.600355811607616641e-01
-4.245000994446543885e+00 1.183075802755111816e+00 -1.880683850141519065e-01
-3.643667889493367618e+00 1.182272716150222891e+00 -9.707419572037293554e-01
-4.089120709025817924e+00 1.439417577377321900e+00 -1.280713598182345425e+00
-3.795649870708377449e+00 9.770387733546852527e-01 -7.998397281618522259e-01
-3.786959395257724292e+00 5.296188647798901750e-01 -1.290184647209664082e+00
-4.618117860939405794e+00 8.915107773899545451e-01 -1.348828888776184343e+00
-4.005430186535337889e+00 8.409200732186683513e-01 -1.217213595600856735e+00
-4.266523898232955858e+00 1.052100074272045216e+00 -9.444542182480621939e-01
-4.109123846010962922e+00 4.284004903497312111e-01 -1.267204940726375018e+00
-4.321213591335220983e+00 6.261841237934316906e-01 -1.594648513428919223e+00
-3.979065451989895585e+00 1.064599544908267026e+00 -1.314656108480961150e+00
-4.136581501880662870e+00 3.679094825131093427e-01 -1.361380770465314027e+00
-3.830337082691871231e+00 6.298432717707925788e-01 -1.230452835602416028e+00
-3.947414427960508565e+00 8.927559559163059655e-01 -1.215700435345807184e+00
-3.707780784483178049e+00 7.450740715691136495e-01 -1.071070449275689285e+00
-4.303323636628414661e+00 9.218333609475196644e-01 -1.247667033717163365e+00
-4.345110648155645627e+00 4.002983929498650784e-01 -1.307822352327671078e+00
-4.072245640261774824e+00 1.363967648441711811e+00 -1.591321210450490353e+00
-4.687604255411209841e+00 1.500272354109509765e+00 -1.414682991499149001e+00
-3.954562825640963730e+00 1.164421988018685683e+00 -1.185529504810515888e+00
-4.567853835319946043e+00 1.097280287527612419e+00 -1.483370530626527461e+00
-4.195700882930315956e+00 1.796437196060642005e+00 -1.164187372596856784e+00
-4.110054739261563839e+00 1.547626061019165666e+00 -1.307436383917475187e+00
-4.497299909323579925e+00 1.104828761337703247e+00 -1.171812837078045177e+00
-4.556253455402353048e+00 1.747423417117386579e+00 -1.393836272537375187e+00
-3.692964368595931024e+00 8.346922165659053094e-01 -1.124725954879564949e+00
-4.286993253570535067e+00 5.329970295536340386e-01 -8.440860093093638383e-01
-3.255132274856545660e+00 1.147815139626745529e+00 -1.177679571382454826e+00
-4.069796615210225177e+00 5.824970946666777616e-01 -1.047216128549237402e+00
-3.705337274696524297e+00 8.897273386759870784e-01 -1.298072985578564653e+00
-3.992461832363476848e+00 8.240876674561736781e-01 -1.099178011107498243e+00
-4.003873806934622692e+00 8.631770681559922664e-01 -4.008746572719790180e-01
-4.211573130227970196e+00 9.474759565364526681e-01 -1.150213980147894111e+00
-4.868550453086470498e+00 9.246670938161188902e-01 -1.524289636774186496e+00
-4.582271654506787861e+00 4.806612964606716276e-01 -1.865825072984261146e+00
-4.540453416972876965e+00 1.266950565927638328e+00 -1.240153558696523106e+00
-4.170012533625906848e+00 1.812810043686157169e+00 -1.273240254815425354e+00
-4.616568339883620808e+00 1.251291948076183491e+00 -1.306453081322085152e+00
-3.713254296626416373e+00 8.082900450647539925e-01 -9.147702296772527442e-01
-3.876203436906950461e+00 7.738295355067252856e-01 -1.092488711238535304e+00
-4.463348552006986658e+00 1.066889987889563685e+00 -1.041792003257827615e+00
-4.064985185615897834e+00 1.035009387620629440e+00 -1.712559363307850413e+00
-4.363443510926701130e+00 1.505345342664329067e+00 -1.208272711596851900e+00
-3.877762706877233789e+00 6.835777411497450107e-01 -1.068451794954825118e+00
-3.838068082277108495e+00 8.728194744547131956e-01 -1.299536840358468170e+00
-4.097105953186081173e+00 1.023743564056800670e+00 -1.203656384633636112e+00
-4.449594043951246469e+00 1.461452964686727363e+00 -1.189928309555203567e+00
-4.067964086332011675e+00 1.878012896113027574e+00 -4.229853517262843754e-01
-4.438368648641223935e+00 5.512321170900210676e-01 -1.173417842436516256e+00
-3.862679019309748885e+00 6.213114791616821675e-01 -1.576580032622597605e+00
-3.784986861347638065e+00 8.043684032294530217e-01 -1.227098814611507605e+00
-4.796298623597609279e+00 1.095065024279012755e+00 -1.370932394561587886e+00
-3.685274778005260377e+00 8.501580471883337653e-01 -8.821608862309519017e-01
-3.841711594890377501e+00 6.867017409099038794e-01 -1.526015533661998047e+00
-4.146565461937487207e+00 3.935448790518599194e-01 -1.215372233067687491e+00
-4.287911254686895823e+00 1.555259287242951372e+00 -1.870779213702582766e-01
-3.574770401346460513e+00 8.243498317433959333e-01 -1.220504522255477786e+00
-4.565341004421868298e+00 8.636328471825281961e-01 -1.242254817950367629e+00
-4.297886823149373647e+00 1.118045645946581956e+00 -1.259595036962587233e+00
-4.093546956641683998e+00 9.018661494646412757e-01 -1.124480450946290233e+00
-3.533774656184521579e+00 3.806099882729327977e-01 -1.326067127112543265e+00
-4.543235843137265029e+00 1.076422109502260804e+00 -1.089886805490217325e+00
-4.477175294410919548e+00 7.973185456861296982e-01 -1.557036545012141948e+00
-4.429350968885279016e+00 1.562442254014466902e+00 -1.322871865235705657e+00
-3.546154600090316578e+00 7.094314046159098941e-02 -9.808166612503806947e-01
-3.835906138824132672e+00 1.054243726957245331e+00 -1.152184787186281145e+00
-4.463399022236845148e+00 7.091620085619740887e-01 -1.032454052366229558e+00
-4.068187835616736692e+00 3.396999763137552586e-01 -1.239131451398830519e+00
-3.306828599994174223e+00 1.610998781175272621e+00 -1.378319871597016411e+00
-4.054180624869575311e+00 6.106165665540105314e-01 -1.120432809186808321e+00
-3.419034818628747807e+00 5.132054093900856317e-01 -1.743803609245521802e+00
-4.074273694442543281e+00 5.702609954898184563e-01 -1.016854645922538936e+00
-4.505019379203028862e+00 1.349070587751044048e+00 -1.746256533453002691e+00
-4.773166281713625558e+00 9.831744553366561501e-01 -1.227716814784773680e+00
-4.338121819180098093e+00 1.299210193441423966e+00 -9.576363236753215880e-01
-3.921770536940877516e+00 1.164869256668090269e+00 -1.183878010795946567e+00
-3.998770588167982698e+00 1.333637624644300690e+00 -1.160616544102639036e+00
-3.893583639516484229e+00 1.440679845963996009e+00 -1.328469148834327207e+00
-3.808274721730435353e+00 7.882066215779239826e-01 -1.310474187069980312e+00
-4.442663772022870106e+00 1.068709241891879547e+00 -1.716591140570937979e+00
-4.595042739757181138e+00 7.319430550907697342e-01 -1.250473097388600019e+00
-4.324096966620214033e+00 5.925644525000498541e-01 -1.432714382480593018e+00
-3.239577904148653431e+00 9.536217802301720503e-02 -1.566649190027290084e+00
-3.997442669042500896e+00 4.523412276363068529e-01 -1.218274319611363454e+00
-4.550675695230713913e+00 7.505872416434681282e-01 -2.441932458750109891e+00
-3.894761568818962960e+00 1.355605671749006369e+00 -9.177075533755870707e-01
-4.126803195578946593e+00 1.048125601137657847e+00 -1.123966299147574732e+00
-3.835190037199931012e+00 4.931744831320267752e-01 -1.076011434064791716e+00
-3.809362455051488183e+00 7.874158111161443374e-01 -1.136250018283846863e+00
-4.024194034398241193e+00 1.365803367355900244e+00 -1.244705641606848490e+00
-3.657915233699969626e+00 1.245139542086593387e+00 -1.510396493931826400e+00
-4.187938672197163648e+00 1.070398987307557892e+00 -1.158087961439786540e+00
-4.304796448067844672e+00 4.674633783072151827e-01 -1.154188248030843855e+00
-3.938019190936372649e+00 4.413397118646540940e-01 -1.109364943218489774e+00
-4.227909220491931741e+00 1.110915813077857583e+00 -1.201254547222932345e+00
-5.013905741309813813e+00 1.453127616422976054e+00 -1.630901998467244596e+00
-4.192663395219761391e+00 1.454789639167528792e+00 -1.182548592441654334e+00
-3.846465703395775648e+00 9.156524104644158113e-01 -1.177841835978161278e+00
-3.806416077907714524e+00 8.272536598467884472e-01 -1.414434213392238959e+00
-4.095014169980759178e+00 9.963923823933148460e-01 -1.265075303543968133e+00
-4.205052734396720560e+00 1.000065763633684934e+00 -1.078550718800299846e+00
-3.628095638708144666e+00 1.267979658723122238e+00 -1.795300652565990029e+00
-3.918663919335119594e+00 1.054118046247238150e+00 -1.492521879594555845e+00
-4.557838627614032134e+00 1.106241091970582513e+00 -1.248731686673587360e+00
-3.049583161908066664e+00 1.039464051252138477e+00 -1.259599421919987083e+00
-4.525117474127703154e+00 4.441335366602277568e-01 -1.179479481679901687e+00
-5.157032436821422650e+00 5.395938940787839977e-01 -1.803006443622148236e+00
-3.703147343650833534e+00 1.297707579180567283e-01 -1.701215248243154399e+00
-4.509975737911949167e+00 1.244443374795961565e+00 -1.277305189998650059e+00
-4.578624807138301556e+00 1.150396310982475523e+00 -1.292080645763692637e+00
-4.357757044807509139e+00 9.447625506732445499e-01 -9.406766457953578131e-01
-4.630670321282245538e+00 9.391786743998263853e-01 -1.556015034093687133e+00
-3.857172245248690068e+00 1.166758558363130360e+00 -8.635874377066560248e-01
-4.393141968393579511e+00 6.072691430557519698e-01 -1.308448958197128587e+00
-3.219460916156158259e+00 1.364300112351943817e+00 -1.147504846894038089e+00
-4.629422229844815995e+00 7.899408103675311654e-01 -1.116357249860163492e+00
-4.153996759578455489e+00 1.155461360970449380e+00 -1.226313454554921023e+00
-4.227282635979908498e+00 8.699130771137919549e-01 -1.158500809017855016e+00
-4.398862828163356831e+00 1.312959897778418927e+00 -1.291258481771479838e+00
-4.240304125162034588e+00 1.061937275220063315e+00 -1.239230803606309772e+00
-4.130743460860181848e+00 7.298504645810421909e-01 -1.096030496309838398e+00
-4.761597060524070280e+00 1.385556741784701895e+00 -1.331155603552416800e+00
-3.928174151071524900e+00 1.071651128894710148e+00 -1.132654537210757040e+00
-3.748669612257501615e+00 1.514361314515772605e+00 -1.768786577987630393e+00
-9.388656652401111913e+00 -6.074702168127928559e+01 -7.523885692792182667e-01
-5.272131782191806337e+00 5.913243925096092202e-01 -2.176575584385813666e+00
-3.694815461066633056e+00 9.464368139947941794e-01 -9.138032434237876034e-01
-4.198445652765991909e+00 3.928925911810771665e-01 -1.086673838138605630e+00
-4.521534434063990027e+00 1.175251041742325642e+00 -8.721993700375069158e-01
-4.385219470367910155e+00 1.251382276670481852e+00 -1.177223800767377648e+00
-3.579855701821293756e+00 4.656619496406566028e-01 -2.599931848222884145e+00
-4.201719543792498790e+00 7.287404500452259182e-01 -1.223789580553639178e+00
-4.523790624954528106e+00 8.016679473416239432e-01 -1.118049911628489212e+00
-3.877456081674686139e+00 8.562664439492483348e-01 -1.199853552222100106e+00
-4.511434797693195442e+00 1.186147519242946036e+00 -1.132996804138856506e+00
-3.794647975780003346e+00 7.664010002774439556e-01 -1.229763221074630986e+00
-4.252328366153617090e+00 9.650759121570772203e-01 -1.172020388906991339e+00
-3.850573836878279810e+00 4.036375533067007582e-01 -1.137864800737206750e+00
-4.169205316030194730e+00 1.015273740007120784e+00 -1.168825630906077162e+00
-4.233160798086578858e+00 1.357918421707727585e+00 -1.192709613945568181e+00
-3.558646647352144310e+00 1.280112284399579581e+00 -1.140308960548465311e+00
-4.025086116235509159e+00 8.783494753390780341e-01 -3.121275016735800545e-01
-4.627337544567381222e+00 1.334761822034718826e+00 -1.164138072517321820e+00
-4.071044663423858623e+00 9.998141547193775125e-01 -1.192985434453537108e+00
-4.441153106163517883e+00 7.715581736847736405e-01 -8.219425420570775076e-01
-3.750838990113086080e+00 1.432459078587940304e+00 -1.222167812292273670e+00
-3.949686239543460875e+00 8.734290713295966846e-01 -1.150698747367011388e+00
-3.424037536804747983e+00 1.138053352538799912e+00 -1.385270245524582000e+00
-4.103877520731960438e+00 8.804072139535114028e-01 -1.008210321872211823e+00
-3.546964930885710743e+00 1.245170428106463945e+00 -1.287526616100274746e+00
-4.195052514336000904e+00 8.483590519513909411e-01 -1.175477695081315721e+00
-3.726437794272430715e+00 1.085573986695626658e+00 -1.072436805805165205e+00
-4.303012052643579111e+00 1.135333089883524993e+00 -1.260849847055916406e+00
-4.268569422218056353e+00 1.434485911259600011e+00 -8.729219523307919504e-01
-4.360927391735640590e+00 7.618479364721828517e-01 -2.251485655134986885e+00
-3.833129242565568973e+00 1.387386866500299298e+00 -1.558496061395821197e+00
-3.152507724745297057e+00 1.219925503041720205e+00 -1.522226277421872220e+00
-4.144596221407585546e+00 1.523967651847425664e+00 -1.275333697426174639e+00
-4.249799509549781362e+00 7.973616672703346397e-01 -1.959137414732377902e+00
-4.017099824663082686e+00 1.020516522281984084e+00 -1.128169976403293084e+00
-4.273113926239576976e+00 1.520971802980379595e+00 -1.196841599794536748e+00
-3.676111093551945874e+00 1.154826492358061119e+00 -1.012511949036218883e+00
-4.563646000984793893e+00 1.050081701154202962e+00 -1.138924404258218503e+00
-4.669704655442043162e+00 1.162590362778159525e+00 -8.574546086507478515e-01
-4.348944067467783725e+00 7.846672390695809129e-01 -1.409895968510970654e+00
-4.011761092087480662e+00 5.594218369527476087e-01 -9.508717256267109619e-01
-3.971315418470106717e+00 1.315226280307246531e+00 -1.568001756184836060e+00
-4.518980545930769033e+00 1.298956523229774396e+00 -1.203833363048505189e+00
-4.198360631612944260e+00 1.264233279965118584e+00 -1.191137774421085371e+00
-4.508424846875192848e+00 1.067165385023989499e+00 -1.259251231796711723e+00
-4.478267973318613926e+00 6.882442681609174384e-01 -1.207619262351338651e+00
-4.560350265800687808e+00 1.050581153100721421e+00 -1.151771024955531741e+00
-4.367920766509092445e+00 1.104613865799922712e+00 -1.235583052884229982e+00
-4.051306198067902820e+00 1.195939786410822325e+00 -1.370353798404286616e+00
-3.943416205198831737e+00 1.372458760985211690e+00 -1.178139941465239371e+00
-4.089106408369752366e+00 2.026117647049330728e+00 -1.332490204905099729e+00
-4.059225207070138453e+00 1.448878177484969498e+00 6.488233990056534173e-02
-4.675154602893122124e+00 1.223773162613529752e+00 -1.040689595142859192e+00
-5.015624543760031528e+00 -7.988607037170426806e-02 -1.584274247528090873e+00
-4.567912548562751418e+00 5.236747946740869519e-01 -1.079880096508266440e+00
-4.442564016701135543e+00 1.111484211961356383e+00 -1.449043259324004573e+00
-4.245125320876364405e+00 7.607838259265586878e-01 -1.121953546334762519e+00
-4.332610558897384223e+00 9.384667119870085950e-01 -1.123009731779881504e+00
-4.730574369042570559e+00 1.231830518216527892e+00 -8.270783881407641758e-01
-4.367218376589167228e+00 1.088395538912633409e+00 -8.096767903930069954e-01
-4.506067255541394978e+00 1.187256661196713914e+00 -7.717708595261825177e-01
-3.172475783766450341e+00 1.642168611247907917e+00 -1.246372454337331126e+00
-4.383939609601799958e+00 1.399861112871923829e+00 -1.240543394577021230e+00
-3.438237309448783474e+00 1.317672072220675172e+00 -8.871894246099142345e-01
-4.456157288238107306e+00 1.235570359461656054e+00 -1.388429431181300355e+00
-3.912128798714562539e+00 1.194357382334824358e+00 -1.206666423771153740e+00
-3.950583727530742273e+00 6.617858254039415966e-01 -1.116151012786241292e+00
-3.971072320829299951e+00 5.534756053951860322e-01 -1.224533488535483938e+00
-3.858730045427225086e+00 1.345879102866382349e+00 -1.620324398650094588e+00
-4.597152330141690335e+00 8.456061191286282641e-01 -9.205343333624789182e-01
-3.793385974960110651e+00 3.906628249632866923e-01 -1.147712751763212413e+00
-4.053383661746467581e+00 1.508796306892117522e+00 -1.193031398818028332e+00
-3.988334548012210323e+00 6.180446378277335562e-01 -1.108177025767633550e+00
-4.206040255912609105e+00 1.281824271633680734e+00 -1.314102700121461798e+00
-4.470995328782502831e+00 6.920169153729507361e-01 -1.147186158056167748e+00
-4.175477512091146259e+00 9.273520882383762265e-02 -1.502672600002610714e+00
-4.071336672196496309e+00 9.959652224746953220e-01 -1.214682252962482112e+00
-4.048979667111850311e+00 7.899223969858294447e-01 -1.165052884398704469e+00
-3.825912897650437738e+00 6.890272163351695012e-01 -1.532681230498150970e+00
-4.091992116890660114e+00 1.244941610604651361e+00 -1.833575753609264947e+00
-4.468158954944517092e+00 7.859135746858929572e-01 -9.218511111563318927e-01
-4.357850053681193714e+00 1.085103500555089751e+00 -1.387273324235622329e+00
-3.874266453949019695e+00 9.137345406403127868e-01 -1.084325238396863567e+00
-3.522425591052580351e+00 1.056365417600977796e+00 -1.395028670081003064e+00
-3.918768838327932880e+00 5.369683040143687913e-01 -1.398386909591036842e+00
-4.265816591101221356e+00 6.192743171159995619e-01 -1.179921115297425160e+00
-3.888507834072738589e+00 5.926511650556505195e-01 -8.094041885314221529e-01
-4.021802901433903621e+00 6.210124811764964337e-01 -1.116153097704394970e+00
-4.119192866274440590e+00 1.040586152004800313e+00 -1.141332744740989336e+00
-3.667153039536317216e+00 1.355014677938594980e+00 -1.329920835645278965e+00
-4.126294510417428896e+00 4.901603490822276643e-01 -1.248969237558773315e+00
-3.866287969976828887e+00 1.341350951528395008e+00 -1.168223962594381771e+00
-4.517941308598818040e+00 8.408511075960345416e-01 -1.250617249319100566e+00
-4.057345678801835831e+00 8.162440391382523863e-01 -1.420818302478506601e+00
-3.886009519836593817e+00 1.048272633217823824e+00 -1.195902690535318280e+00
-4.621560919874609930e+00 7.063102223792064871e-01 -1.331945641669032510e+00
-4.240898010848416000e+00 1.018705452931378375e+00 -1.102076111011129456e+00
-4.111480571241486359e+00 3.358950803119809536e-01 -1.116595876065733961e+00
-4.458542965774838329e+00 8.518983236585819796e-01 -1.145137381379574881e+00
-4.289617135839992379e+00 1.300433953551485056e+00 -1.378205390433923760e+00
-3.601719984129260421e+00 9.301788627573631674e-01 -9.909512955504700127e-01
-3.869961141943830008e+00 5.079859805347379798e-01 -9.782068040277377419e-01
-3.603780909188664339e+00 1.194615095996820697e+00 -1.268390242523560030e+00
-4.260012681587133976e+00 1.619151848456080289e+00 -1.238154028440531240e+00
-3.801764530462376168e+00 8.090285568749395750e-01 -1.367114848591975962e+00
-4.136772031288305840e+00 6.219371411774923253e-01 -1.302774693228135661e+00
-4.088208375989310639e+00 5.312593433024834777e-01 -1.109983049824480927e+00
-3.824287589763999851e+00 1.180535053572802084e+00 -1.274002803907631209e+00
-3.801698837602073056e+00 7.792009672216587690e-01 -9.208591021090848372e-01
-3.812678724389688245e+00 6.614254717387386684e-01 -1.109602378270069467e+00
-4.131129335248643564e+00 1.090123365102452890e+00 -1.486125895375389971e+00
-3.736154631234135159e+00 5.312883388855785816e-01 -9.178849682834572254e-01
-4.151850781184118766e+00 1.256512154778159029e+00 -4.686259351568613507e-01
-5.251347156231037872e+00 1.635144176535898497e+00 -1.165478315843209156e+00
-4.513955382510176584e+00 9.119155427453252694e-01 -1.157178514547388737e+00
-4.070381694320685639e+00 1.406168514684596471e-01 -7.981927320548523053e-01
-3.690411346656552016e+00 1.103728131579670091e+00 -1.243531013414397757e+00
-3.944466205477662690e+00 1.105084283834276260e+00 -1.212049288090334409e+00
-3.792626672699051404e+00 5.890676002743945316e-01 -7.234462894975327574e-01
-4.337933277626387252e+00 2.568732445026086220e-01 -2.389603143676902075e+00
-3.840642206408935611e+00 1.496265731397349530e+00 -1.333132147511165710e+00
-4.345954969824814995e+00 5.472347682921344658e-01 -1.318858591502663602e+00
-3.928770118767090036e+00 5.508647440960030561e-01 -1.257901088171206494e+00
-3.958784672495702761e+00 8.376211476910944143e-01 -1.713137266759847233e+00
-2.985854083742213394e+00 7.304669177178881512e+01 -4.083708600627724561e-01
