-5.516923624224867595e-01 -9.538048743700316967e-02 -7.110755227628191566e-01
-5.463907300784991428e-01 -4.871694848602773908e-01 -5.170282202038128938e-01
-1.258962447243387572e+00 2.304600844136273086e-02 -9.545960051796501533e-01
-3.450810056695677308e-01 -9.705489283902149489e-02 -3.960474414998128023e-01
-2.198894625660781921e-01 1.479986300315589698e-01 -4.114059118853543584e-01
-5.087507958153010268e-01 -3.497154471218710814e-01 -4.295091016174037435e-01
-1.388277213456635684e+00 4.097498935403101061e-01 -6.388507375861197657e-01
-5.733694175599172160e-01 -2.739027191792096569e-02 -6.896218036758615666e-01
-6.000599307763614387e-01 -1.571852622973478053e-01 -9.083639442433756317e-01
-6.604676333833995328e-01 1.733283921813384976e-01 -7.510813356190277901e-01
-1.095690768367350243e+00 -2.615407025657281448e-01 -6.348242248307450764e-01
-4.790767324555488260e-01 2.890009382143208239e-01 -8.919844557471897639e-01
-4.688759211907672086e-01 1.727019566300914966e-01 -5.560543745613821809e-01
-1.000888409746515384e+00 3.577638247107600145e-01 -6.947650066366032329e-01
-7.896155999288040350e-01 -7.591940020956919333e-02 -9.341289356734412408e-01
-1.253071314224015520e+00 1.503762231562404683e-01 -4.388025812555768623e-01
-1.350289332096927364e+00 8.096853264273472239e-02 -4.420697193512539980e-01
-1.205779603579346215e+00 -1.674292225471917805e-01 -5.500423832818958081e-01
-1.306395058814340926e+00 -3.482516748143381358e-02 -7.583554338601898870e-01
-9.807071149846318114e-01 -9.540012740339677555e-02 -5.140611511461526950e-01
-1.073879571961725121e+00 2.489104756283852526e-02 -6.122949180893066945e-01
-9.057861160465290329e-01 -7.830326566276790690e-02 2.286365397682935119e-02
-7.007114094548214656e-01 -2.091546131261136365e-01 -3.293605917141543271e-01
-1.635659738922119688e+00 -4.485585755302335387e-01 -8.150880352919462335e-02
-8.531452026832163638e-01 5.589961381461082679e-01 -1.052792617574163758e+00
-1.418312761132443534e+00 2.685538215544259755e-01 -6.149045931324282899e-01
-7.730435724593225366e-01 1.517971224859031021e-01 -5.125429632428875060e-01
-1.330865639955006063e+00 -7.444677220156267206e-01 -7.115007494651522935e-01
-1.394939272826120069e+00 -1.180220900932065775e-01 -6.605256863330831729e-01
-9.016924386899783928e-01 -3.563046682543334343e-01 -2.953636511040468315e-01
-1.030697888463739664e+00 -9.381124840436448620e-02 -7.195869707955038219e-01
-4.554712509255188224e-01 4.665167804574424926e-01 -9.806454863588459636e-02
-1.058803911271100517e+00 -3.143658667055080347e-01 -7.249982563916590461e-01
-7.407335006263598975e-01 -7.462559530263768170e-01 -9.606896660532803223e-01
-1.358340258412563895e+00 -1.066349919480663461e-01 -1.552345054804787461e+00
-1.265014304206441897e+00 1.866600941414066905e-01 -6.678804544735186255e-01
-1.295566023002600708e+00 2.734679505359963736e-01 -7.416842468850164405e-01
-5.860476960044267436e-01 5.677429053082021504e-01 -1.137182532055615036e+00
-9.516454986212059541e-01 5.508168900956312841e-01 -7.071375412262276283e-01
-1.553151327909610080e+00 4.830344061388848198e-01 -6.907367352275644024e-01
-7.186636822757360710e-01 6.880802440132730569e-01 -1.888838565729063390e+00
-8.166747313155413579e-01 4.544355161137971638e-02 -7.293363657413544088e-01
-1.340447103402349072e+00 4.157307081405003379e-01 -5.989224518918329077e-01
-1.086035973463381987e+00 -2.609354561737494138e-01 -7.315262679046070637e-01
-1.010413872988216166e+00 1.093429352874086380e+00 -5.857258825535728297e-01
-7.362105495284431145e-01 -4.065384882559039958e-01 -5.979680697438476411e-01
-4.574711735147439784e-01 2.753899692127687038e-01 -1.007158496926310765e+00
-4.534700396440428105e-01 -2.063345822704354057e-02 -5.516480484352205282e-01
-6.653931970973965271e-01 1.698220133395755005e-01 -7.384271202166902137e-01
-8.405387989503435575e-01 -2.078181161016352252e-01 -4.354369886176462923e-01
-1.063010454771843749e+00 2.688397812366965511e-01 -1.053176134304157907e+00
-3.907433379322487466e-01 1.805721802332458520e-02 -1.030759641371863600e+00
-5.529289104388349640e-01 6.515930590618731477e-01 -3.696735551341966131e-02
-1.564794554965001527e+00 -2.465676655092994829e-01 -6.025455460853043066e-01
-1.032472304102979521e+00 7.284500475949607923e-01 6.343638729979519386e-01
-1.218453002855913514e+00 -2.692065772046137173e-02 -3.612282425370642591e-01
-1.350627560569713337e+00 1.683874256430618055e-01 -6.579184325332776417e-01
-1.110086678807974847e+00 -5.068370927108535318e-01 -5.934982905354435623e-01
-9.068660310475389341e-01 1.005920550796423729e+00 -1.191362261439101511e+00
-1.218007381394481836e+00 4.157261699018373613e-01 -7.497882647112156240e-01
-1.753809526449361833e+00 6.747830812420679836e-01 2.202568224138583552e-01
-1.489451048587473236e+00 7.457599167403235196e-02 -4.445538395144744692e-01
-1.759462372977680378e+00 -8.677536542513720752e-01 4.715607364785698308e-02
-7.979073617938509111e-01 -5.837588190614414335e-02 -4.833620729083144552e-01
-8.948783273999438848e-01 7.505944411660205040e-02 -6.776791859549292640e-01
-1.148732141069427115e+00 7.530376031823579619e-02 -7.044861413920121551e-01
-7.688233754695968925e-01 1.941272264909523620e-02 -6.119441979946994570e-01
-1.338329116200528635e+00 -5.712480019243146301e-02 -4.497614591216420599e-01
-7.263734518582324329e-01 -3.807789170032128689e-01 -8.250820503779009440e-01
-1.872078044707085720e+00 -1.823873640760561576e-01 -1.328794010732538222e+00
-1.000725430604355815e+00 4.488537235114349322e-01 -7.654703147568530097e-01
-1.186660233840883594e+00 -1.404891079946618722e-02 -4.037915222781295888e-01
-9.362258729992252171e-01 4.764372073627222148e-01 -7.973109410585926815e-01
-1.183764770793625409e+00 8.125265212455998198e-02 -4.044195185816515936e-01
-4.617167083938900074e-01 -4.405678794895362405e-02 -5.175481216742756629e-01
-1.074965668957972298e+00 -4.947132279349542583e-01 -4.320907849255454236e-01
-6.142837581624105425e-01 -2.228032330291295493e-01 -1.212495621311797889e+00
-8.973715185775186232e-01 3.987465006221472402e-02 -5.378271506563994109e-01
-7.464240939600939040e-01 -2.859801260397209360e-02 -5.984773327005814547e-01
-8.919713386362048135e-01 7.207028345155180871e-02 -9.549211094320950721e-01
-6.223739695215099177e-01 2.731102284535841598e-02 -5.787941858458944822e-01
-1.134595345488099483e+00 5.009464314674255681e-01 -9.041913636160360257e-01
-1.142815843666505238e+00 2.941622919651919466e-01 -7.688023726702867267e-01
-1.074392891387179416e+00 3.079022306599379921e-01 4.637438373378341416e-01
-8.711261678423229959e-01 4.113353081516781806e-01 -5.367021161831715403e-01
-9.644863866852744216e-01 2.751027286801531746e-01 -6.310986976600428955e-01
-9.621540303930873339e-01 -1.705923970063450215e-02 -8.632775985114236050e-01
-1.104180779126688661e+00 -3.204030609432518273e-01 -1.455503636361299424e-01
-6.636588817323677558e-01 -2.543094502180978655e-01 -5.201331460738729540e-01
-6.633546841244388759e-01 -1.016342152954017308e-01 -6.954862374403703029e-01
-6.512614672113612446e-01 -3.933516016132291432e-02 -1.121492815149969680e+00
-6.334277242008842235e-01 1.493369977952322958e-01 -7.165161808273364796e-01
-1.383246733100536474e+00 -7.881298414079698778e-02 -1.907449495809017403e-01
-1.471693627517548730e+00 2.816958277925197263e-01 -4.256475986633846409e-01
-1.001590388789949548e+00 5.791473396534593254e-01 -8.002877682722550068e-01
-6.183441652283226952e-01 -4.009174647018824977e-01 -8.433331132504421346e-01
-1.887897200155022714e+00 1.695700141002929873e-01 -1.121561493742275983e+00
-1.033714443033050934e+00 3.502379372255489676e-01 -5.203831249238848322e-01
-6.139252473743040950e-01 -1.220484114826988174e-02 -6.565278383120104477e-01
-4.094439276711598352e-01 3.472186065196233296e-01 -5.205379452399766516e-01
-1.394390254121919304e+00 -1.087219214688730506e-01 -6.485793884198873815e-01
-1.683395994652714389e+00 -1.434716882435434493e-01 -7.815823323089736707e-01
-3.675940020866768632e-01 1.473131301597350729e-01 -1.065939938190797243e+00
-8.643886094462644998e-01 -2.125807866971955173e-01 -5.916791228873616859e-01
-6.403877028875998301e-01 2.728434509568397615e-01 -7.219266015079380816e-01
-4.224460615482408254e-01 -1.233864295505254227e-01 -6.704775137675019758e-01
-6.719797937625043849e-01 5.248242653328070162e-01 -6.876880512424994318e-01
-1.691334236574604244e+00 -2.092634503060570306e-01 -5.534659847137661792e-01
-1.282763062023815070e+00 1.340518395988875115e-03 -6.673696836452680525e-01
-1.113290340158455072e+00 -4.989809279651681861e-01 -6.011360050170407865e-01
-1.240274018505066689e+00 4.512698779109146074e-01 -3.772173024351322401e-01
-4.882328575403651616e-01 -1.731258085589320872e-01 -6.087955259249658857e-01
-4.909586818006356213e-01 2.214631014328945040e-03 -7.330219060890391658e-01
-4.945208413622009802e-01 4.818022788610876878e-02 -5.386342907564355409e-01
-4.725886917183934610e-01 3.929007817309962403e-01 -1.500339829163732097e-01
-6.548585348767677061e-01 -2.182250894572097533e-01 -7.093790546613143455e-01
-8.306662194984231196e-01 5.009186215587272395e-01 -7.661612483225496151e-01
-1.183351198879223132e+00 -3.645931450577864497e-01 -6.151354229037258037e-01
-5.064660774715984415e-01 -3.534912236921722295e-01 -7.905405114800097000e-01
-1.182122709379777037e+00 -3.592019277033974278e-01 -7.126456777710825641e-01
-1.013271562136258019e+00 8.993778657814616162e-02 -6.539836960996694426e-01
-6.498506200748961348e-01 -1.983057218329502824e-01 -3.080260725055346538e-01
-7.979838195917007271e-01 5.203736010217103747e-01 -7.642176010457206736e-01
-8.326203692986442473e-01 3.095785517399051168e-01 -9.624684829053581359e-01
-8.176528629391444980e+00 2.088012995725100041e+01 -3.091649241597513864e-01
-1.073046623436149760e+00 -2.337260236704713778e-01 -3.514807516222407391e-01
-9.443225420240778378e-01 -3.235202042043591741e-01 -9.314057394088585129e-01
-1.085603315824277715e+00 -3.553816132543921591e-01 -7.982434981366948179e-01
-1.169795619936594644e+00 -4.579674631218324521e-01 -6.060870675222465032e-01
-1.369912218587857167e+00 3.010027156725790173e-02 -7.308902306356777068e-01
-1.017336513478947602e+00 -5.038076385606889973e-01 -4.697132675879845953e-01
-9.601673958486415250e-01 -2.590399403335329892e-02 -4.398535567209720942e-01
-1.504741825782830889e+00 -7.684333619854707975e-02 -7.186545071362075987e-01
-6.605671930209290332e-01 2.934766930940428953e-01 -6.666701579448176540e-01
-5.332921723556810489e-01 2.888350137382012517e-01 -6.770393971153817469e-01
-1.415164215863738750e+00 -7.207928135258681035e-01 3.043572392179663133e-01
-9.172763290996390761e-01 1.060586260989495070e-03 -4.925400758557681447e-01
-1.448656078589023233e+00 -3.170437993686671119e-01 -7.775012085651507032e-01
-1.442376883357594730e+00 -7.717142285548019010e-02 -6.979748760556144793e-01
-6.947566663399291631e-01 -3.177168407796557292e-01 -4.150830112851768283e-01
-1.237345618276033843e+00 -2.156300563130289782e-01 -5.255456563203615428e-01
-9.086469031367110372e-01 -5.145877254468352868e-01 -2.994813694639354984e-01
-9.892963321589400838e-01 -1.765080667492379962e-01 -6.072669741589171721e-01
-7.688496713076664602e-01 5.888527685354684182e-01 -6.522881681376818674e-01
-1.159963587713707556e+00 -1.842250275270307103e-01 -7.935340347393217142e-01
-6.843028541282798471e-01 1.891601587288420372e-01 -8.828100388290258671e-01
-1.179720268341685419e+00 1.754157625792837072e-01 -7.427905347862882035e-01
-9.397704295124260643e-01 -2.243273832596146267e-01 -3.299535152210693600e-01
-1.234232027068103310e+00 -8.828650543509063420e-01 -5.536140574331521735e-01
-1.383705707271011498e+00 -3.325206892159804917e-01 -9.092696902260564151e-01
-1.138211345040330391e+00 -4.063754861686760117e-02 -6.822390825855429997e-01
-1.065015627014453958e+00 -1.065102285610329963e-01 -5.543084393504389418e-01
-1.091946003063403614e+00 -3.890384774843894666e-01 -5.542363950804953809e-01
-9.929676831078358967e-01 -2.308172265548716351e-01 -3.780920871325692545e-01
-8.057845596771388008e-01 -2.163249461553628239e-01 -6.337981045298693994e-01
-1.275284667771745095e+00 -5.044827470348879350e-01 -1.524471212468163417e+00
-9.341912811340289391e-01 5.065871148722383976e-01 -7.658794272799941405e-01
-1.163161979468382068e+00 3.015854930470759920e-01 -6.271181924600652824e-01
-1.147002454338667876e+00 -7.148087352036822661e-01 -8.295296837181372895e-01
-1.249104957753367051e+00 1.768462365551035087e-01 -6.143277582654662616e-01
-1.237363713903169904e+00 -1.372839123171372966e-01 -8.923631453365387101e-01
-9.965349358950095215e-01 4.406103965332371919e-01 -8.406434799218366338e-01
-5.305516998680114282e-01 -1.077759173502658818e+00 -2.711802365103637147e-01
-1.000117558836032039e+00 3.025783799296745125e-01 -5.918620843310270496e-01
-1.197514835742050643e+00 -3.970362253655955742e-01 -6.539473954174066517e-01
-8.159045143216261398e-01 -4.813735956569059060e-01 -5.522319625256514319e-01
-4.693604486715887703e-01 -9.784613191397299736e-02 -5.755038716327577353e-01
-1.412203127073233588e+00 -2.761395509690691141e-01 -5.887640354909005058e-01
-1.179065120919819964e+00 1.017577389283352840e+00 -1.206106706900975878e+00
-1.059596921014805515e+00 -5.689043773964327366e-01 -5.633563687966116618e-01
-1.436115527378448720e+00 -1.670594526794606238e-01 -7.420491144893549551e-01
-9.236690454659600702e-01 3.981291160189932010e-01 -7.120904508647801778e-01
-1.042402655755826579e+00 1.688326536675510692e-01 -7.040240219304906288e-01
-8.058057147867359049e-01 -2.947324824845564684e-01 -2.567001029018926017e-01
-1.139234993973468058e+00 2.350300780038529769e-01 -7.693035474461852319e-01
-7.505223250415922198e-01 -1.341696087867205733e-01 -7.964486974016506959e-01
-1.324825779318425489e+00 -3.083048987910499972e-01 -8.483390824793624052e-01
-7.016207407489420955e-01 -1.045283653660190742e-01 -2.676782951627687535e-01
-9.672513392362497298e-01 -1.611603000306197631e-01 -7.571779013990732610e-01
-5.927135487287010784e-01 -8.832876906499877168e-02 -5.916874181349006667e-01
-1.004400692341662404e+00 -4.887004023319410084e-01 -6.066289378957091527e-01
-7.028887974075883616e-01 4.012977644539639233e-01 -6.906333156381314620e-01
-1.027136209180833815e+00 -4.700390773519741994e-01 -5.078389944270426115e-01
-6.645391189967287948e-01 5.026320099664076668e-01 -7.080968078348693906e-01
-1.054384970203288141e+00 -2.957406277416713136e-01 -6.303878028736685790e-01
-4.204345079651780059e-01 -1.170415778833719563e-02 -7.654476696297767280e-01
-8.642194614602920488e-01 3.039940657698449455e-01 -2.537778468951907285e-01
-6.503121213266040979e-01 -1.140584063710758239e-01 -8.165331468548970850e-01
-9.516460952734172585e-01 -4.425747455264525954e-01 -5.842273835645270808e-01
-4.439493938483257685e-01 -3.506003242885736282e-01 -5.945360509471296906e-01
-1.673586051944823683e-01 -1.425925228209884710e-01 -7.601137555737516038e-01
-5.964139191604937995e-01 -9.073970314054417841e-02 -9.652798443507886184e-01
-1.486152970617345748e+00 -6.150920477472610060e-01 -1.703247708709544117e+00
-1.413657596823802098e+00 -1.648129822188677263e-01 -8.959596515193657407e-01
-8.226586614508849538e-01 -2.412872856464340909e-01 -1.153559794198458499e-01
-1.286983264005127747e+00 -1.175045060445393030e+00 -1.553481818197514630e-01
-6.996553716624920316e-01 -5.523879464854430932e-01 -6.212860364036858485e-01
-9.822382314590997199e-01 2.215746026418360659e-01 -6.141923922653839130e-01
-3.243606646204625354e-01 -4.168993980443342351e-01 -5.064859622198381039e-01
-4.864731094932633892e-01 -8.637535271822681382e-02 -4.993096765661120262e-01
-9.116192914452476703e-01 3.551857363612186957e-01 -3.667690323344238168e-01
-4.990382549886454022e-01 2.156373134559994575e-01 -9.293003936329570225e-01
-1.152441749622541423e+00 1.866231712333714376e-01 -6.330492978491532030e-01
-2.410635930410029437e-01 9.553140449369085241e-01 2.890152067130398461e-02
-1.019225181709832784e+00 -4.881774900196166750e-02 -7.240362934652538884e-01
-1.099540222282569424e+00 4.727250417664024540e-01 -7.986545367286501662e-01
-6.594740094975480860e-01 6.270106501007356448e-01 -6.958882205732264126e-01
-1.051749166582042871e+00 4.158752355039836701e-02 -5.255947353518921616e-01
-9.517982556616046974e-01 -4.383616991556061881e-01 -5.150558340844693106e-01
-7.649001042237614234e-01 -3.058823840945855133e-01 -6.948948473619177557e-01
-1.193098987137820366e+00 -1.492707124913281447e-01 1.462553064874360098e-01
-1.326648072696636094e+00 5.973153645133666423e-01 -1.652748111252484220e+00
-1.441179696703424717e+00 -3.431058072548807125e-01 -5.225985638736774241e-01
-1.188577826101474777e+00 5.248140776983897249e-01 -9.071688077779701542e-01
-9.878312220976991354e-01 4.228191715549640683e-01 -5.798136638633418771e-01
-4.487113543394676274e-01 7.346159813585171339e-01 -6.672890696445724634e-01
-5.951539777044094759e-01 5.895624919581170520e-01 -8.570333279623212341e-01
-1.094037780704057106e+00 -4.862401794459213500e-01 -6.397272795196293771e-01
-7.966148442837007737e-01 5.474052776656554986e-01 -6.295838614141494594e-01
-8.427278700922606891e-01 -5.030428030146036900e-01 -8.381698479520627298e-01
-7.973111198426020563e-01 4.779600912950890956e-01 -9.598939505065854361e-01
-7.273102804419271372e-01 -8.054919543054768483e-02 -6.140017921024676362e-01
-7.089813417829065045e-01 7.086713428233626377e-02 -4.465903980074757418e-01
-1.297914739732771938e+00 4.933700052385821960e-02 -7.167235424388652687e-01
-1.568283429378312110e+00 3.765701845017462301e-01 -2.347706879831107929e-01
-5.280929919457134636e-01 -6.609172691578740766e-01 -4.896761959350399707e-01
-1.320444773295533336e+00 4.150703271410926543e-01 -9.429182995494790331e-01
-1.188787934480458164e+00 -4.039026089177883971e-01 -6.380337834151467158e-01
-8.345810036376624108e-01 -1.658140988313461517e-01 -6.447279048537931656e-01
-8.960866162169427440e-01 -2.339777145064582120e-01 -5.505837866437266470e-01
-5.894381477822163706e-01 4.761118647888268884e-01 -1.098560535517946329e-01
-1.596819819030541598e+00 -1.582175413720557366e-01 -4.975163919696685144e-01
-8.031666348455471782e-01 2.525919805550208008e-01 -5.643644425140774690e-01
-5.048189220400250976e-01 3.809018354665835715e-01 -4.398844624442506124e-01
-7.379661523925871158e-01 -4.382315300679230363e-01 -5.568867152951336719e-01
-1.124797145962673994e+00 -5.116892756697768441e-01 -9.013123313371321776e-01
-1.165480318665924386e+00 -5.117936531424684965e-01 -6.074719092735525461e-01
-5.594392656186730761e-01 -2.253513014687449079e-01 -7.408118441449843550e-01
-7.294859771785475733e-01 -4.582101321341959799e-01 -1.043045131136226100e+00
-5.486582037270113510e-01 -1.406905395160378269e-01 -7.221714382946519128e-01
-3.681720685784653502e-01 -9.767127815081824704e-02 -4.259667925290233081e-01
-1.104013313474256242e+00 1.087892492850920600e+00 -9.192131669596874666e-01
-1.287324059422666478e+00 -1.898992958655021934e-01 -6.790686148199143179e-01
-1.893482262931876825e+00 1.473630977543296250e-01 -6.041505286780715078e-01
-1.110207968153069658e+00 -5.346946306785156366e-01 -1.574514350142699914e+00
-5.838353098910686878e-01 -2.971951141898795390e-01 -5.663923364785415915e-01
-6.705114476771449894e-01 3.117768532658574121e-01 -5.090972052865173625e-01
-1.669223550291592861e+00 4.037695800208625230e-02 -9.174773161009482925e-01
-7.978911764238940663e-01 -4.918430039289954925e-01 -1.392905799346128237e+00
-7.155332965311847815e+00 5.002391824057142777e+00 3.986434790073767331e-03
-1.010146993514660752e+00 -9.041042806413610022e-02 -6.147437790121406120e-01
-1.322716685050877583e+00 1.303318454043344843e-01 -5.717932433250084712e-01
-1.402563511938337504e+00 -2.327708286416543815e-02 -8.657679170610436126e-01
-5.877714662558871650e-01 -8.935387354278309657e-02 -6.428789729938692021e-01
-1.085878015052185397e+00 -5.836362996395034752e-01 1.220233287396848276e-01
-1.142872162143574233e+00 2.984810135467401704e-01 -8.724405842822439139e-01
-6.853623658328470425e-01 -2.049449841622431323e-01 -5.764163309085188480e-01
-1.349821527940804566e+00 -4.005726510147329389e-01 -6.387958165670587496e-01
-1.279392430911943546e+00 -2.795040278160436098e-01 -6.882379178162532085e-01
-6.585257218462235718e-02 1.573031435759547347e-01 -1.215504766364308376e+00
-8.461031624695471987e-01 2.463844648288407990e-01 -8.057613712164602982e-01
-1.529507942154597400e+00 -2.315152479467336155e-01 -5.023148068398407551e-01
-6.301580486944610149e-01 3.309688143984301223e-01 -6.792875534992613984e-01
-3.629676153973541708e-01 -5.305078181874838261e-01 -6.965273686225386118e-01
-8.434006980228289097e-01 -2.361690277526561355e-01 -6.921034539343744463e-01
2.390582948208351266e-01 -1.606203992850279705e-01 -4.143299343791491118e-01
-9.715486655564210539e-01 4.923272612220977451e-01 -4.765350141419963936e-01
-1.631905855376988290e+00 9.570932016181407098e-01 3.333715709320765885e-01
-1.018657421187676659e+00 3.845789929298105148e-01 -5.141606189971228424e-01
-1.853692424970425190e+00 5.605843392918139628e-02 -1.102166370777056370e+00
-6.158894215997779975e-01 4.026885363859956102e-01 -7.256382838999549945e-01
-1.345522656969470265e+00 -2.862869916953800775e-01 -1.016737150665028677e+00
-1.038164830635536662e+00 -3.211113229771663802e-01 -5.905064655598806223e-01
-3.900798037732713386e-01 1.778319710339841542e-01 -7.479283502592881661e-01
-1.230298722812785295e+00 -3.392843442112762342e-01 -5.011624117720250293e-01
-1.382557126846193807e+00 -1.835717626094717503e-01 -9.650961559336932449e-01
-1.195248772259458026e+00 2.258197113868567474e-01 -5.341030552877564785e-01
-1.163439160576487552e+00 1.909697663391418943e-01 -6.776917644249976780e-01
-3.661735445770182840e-01 8.584395033757963311e-01 -1.312367103551976166e+00
-3.640354183263742605e-01 5.237294969514550980e-01 5.986391149405794199e-01
-1.204808722350492634e+00 1.655284031492149366e-01 -7.231261020163790576e-01
-1.155950405688044524e+00 -4.356086415386375421e-01 -6.547689520560033838e-01
-9.581784536753991111e-01 -3.109892459810693899e-02 -6.395559173777958240e-01
-1.053961213643533901e+00 1.951691700289671649e-01 -7.637835585286051332e-01
-7.923261101402744311e-01 -7.049885783083481572e-02 -7.200757274752859205e-01
-4.185636084597506579e-01 2.160500769846332714e-01 -1.055817484470546352e+00
-7.853131540253274201e-01 -4.576500518945431084e-02 -7.779902100272465537e-01
-3.951446936955794742e-01 1.991323827800273727e-01 -7.961766728047493524e-01
-1.285633543117420396e+00 8.683991481454936268e-02 -7.198110382093834136e-01
-5.682629570883827030e-01 6.291563571572579283e-01 -5.943417672085975489e-01
-1.321258184145473136e+00 3.304867047542693892e-01 -8.384509700436839630e-01
-1.625521656499853362e+00 4.789161450017943855e-02 -6.146135421478924332e-01
-1.161981069015682877e+00 -2.261606807303613853e-01 -6.759534624319001317e-01
-1.193053946579134550e+00 5.871954108407904105e-01 -1.020154631656085664e+00
-6.603579155434557979e-01 -6.333210677346603479e-01 -1.246982297168832243e+00
-1.339295788623772410e+00 2.033105017691705374e-01 -7.033362827417494190e-01
-4.760528716424149986e-01 -4.964144841400746633e-01 -1.459510733568502916e+00
-9.455073111341540937e-01 -3.890189472760269829e-01 -5.722729463663811522e-01
-1.488567946743383441e+00 1.601485904625061241e-01 -6.482195703079879356e-01
-7.961501089993217040e-01 4.643914784258363904e-01 -4.521467721917765137e-01
-7.692495427220203963e-01 1.842046447368096695e-01 -6.251170155746768042e-01
-1.348681598070895937e+00 -1.209286978323198813e-01 -6.863425291154066077e-01
-1.309221680109778463e+00 -1.269792686980142582e+00 3.350647783017666748e-01
-1.030554243335206399e+00 3.627706080272610767e-01 -8.500738002587735487e-01
-4.652860451103402739e-01 -1.575519407136938277e-01 -6.734461334115935394e-01
-1.195587769545505497e+00 1.152168472085556422e-01 -1.051811583894999513e+00
-9.619725471006087547e-01 3.226593797176930956e-01 -4.475353699487647496e-01
-1.041306066009628273e+00 -4.777481859916866136e-01 -6.105902554537113724e-01
-6.725255279327879698e-01 1.623510932654237127e-01 -8.514004096094995866e-01
-8.517443732909670828e-01 -3.209363639474612784e-01 -2.772269542613228777e-01
-7.079299271344366984e-01 -2.807287019008446460e-01 -8.113352303116212472e-01
-8.945458797554030062e-01 -1.778397400534912076e-01 -6.182261151810237720e-01
-1.194343918445002650e+00 3.946104201518501609e-01 -7.358799745577592200e-01
-1.238171344942797569e+00 -2.546432191761737185e-01 -2.975006781196393169e-01
-1.147089705740655718e+00 5.272518535641000925e-01 -5.856769184510705051e-01
-1.522683735400977234e+00 -1.044927762338591221e-02 -6.211782220393508025e-01
-1.557859253268888411e+00 -5.958528493203790743e-02 -2.144440584249766857e-01
-1.357840868110159915e+00 -3.209158763600784003e-01 -8.528415192542102563e-01
-1.190925688605960708e+00 4.437723001507125620e-01 -1.119351827375707265e+00
-2.128766234015037284e+00 2.299783186652179512e-01 -7.290862222080533028e-01
-6.697770278269654654e-01 3.038170008439639580e-01 -6.284020408224657572e-01
-1.199703084680781240e+00 -3.970217708539727219e-01 -3.132298827835152677e-01
-1.230649305359429402e+00 -4.396365780212035945e-01 -7.704321268867554418e-01
-1.071154337151356772e+00 -4.528103711511188845e-01 -4.026668759319882995e-01
-1.144756119440758724e+00 3.125943569565630686e-01 -6.775710441899681635e-01
-6.911633440480541291e-01 2.559366731273028384e-01 -5.331301438980814433e-01
-3.399197471516671731e-01 -1.887798591545866711e-01 -3.470149668555247424e-01
-6.793772636343667903e-01 2.557407762178713351e-01 -4.795573921877571699e-01
-1.126394446735649035e+00 -3.399342292718329772e-01 -8.906468607677501259e-01
-9.750695199521831613e-01 1.331772908746624851e-01 -4.996313033000830961e-01
-8.850961688936999083e-01 -2.640412825663273622e-01 -5.405918460590050101e-01
-5.705055016488453923e-01 -3.325181060414181267e-01 -6.618975724400412153e-01
-1.484810964483779028e+00 -7.733846041331157162e-01 -7.757103540991490132e-01
-6.315698133165581485e-01 4.788424658948716717e-01 -6.039937790618216118e-01
-6.665192098164195444e-01 -3.694109091875982243e-01 -7.824935399671792968e-01
-5.967236295689856140e-01 5.387609139828422045e-01 -1.059535082753890967e+00
-8.361866743291862525e-01 1.340048954357376809e-01 -9.479661828963705794e-01
-7.429745338364627250e-01 -4.567889000985381198e-01 -7.423659131619960716e-01
-1.749600811577461279e+00 5.707813492604499883e-01 2.174809610805273907e-01
-7.685787233334969715e-01 -3.524497389259712704e-02 -4.219593556831419678e-01
-1.228537672725927621e+00 -5.191768142268341490e-01 -6.548471865043737905e-01
-1.051732344121230955e+00 -4.760398116585518730e-02 -7.082364458478320746e-01
-9.716558128963688201e-01 4.698203482241029016e-01 -3.243142685720707963e-01
-8.699340020613287594e-01 -2.999349384190561629e-01 -5.254405384776396071e-01
-8.466977394573165228e-01 -4.642912061377494348e-01 -4.289418344692161877e-01
-6.850812622441139199e-01 -3.420092405931308699e-01 -5.649493981515735230e-01
-9.954858020365101590e-01 -6.496676170815607332e-01 -9.690369025276481807e-01
-1.206865672769762865e+00 -4.476348685098863189e-01 -5.213051282873905068e-01
-6.792842824396423396e-01 3.718971183648180356e-01 -6.714956614158650305e-01
-7.564793881571610923e-01 3.004968290141258880e-01 -4.531435343683145045e-01
-7.812742554583578247e-01 2.887194288197725833e-01 -6.263826137785809545e-01
-2.862975739810276754e-01 1.930983326213931706e-01 -8.053945876023818062e-01
-1.141307415116645130e+00 5.844046921367838099e-01 -6.529415196127072996e-01
-1.175296698406507412e+00 7.063659905189801497e-03 -6.615852207852553901e-01
-1.494125360991711116e+00 1.012845052035326487e+00 -6.680230116285550412e-01
-1.180552475073528784e+00 1.785434861502181725e-01 -5.876087289557047066e-01
-1.883467516233502392e-01 7.989935179386423725e-01 -2.079414255130240530e-01
1.010372948269061544e-01 -6.012958999209908929e-03 -6.308815029874430547e-01
-1.256651206804227927e+00 4.156201922686872385e-01 -6.130165313379222214e-01
-1.252092256197857356e+00 -5.065837272291998650e-01 -5.341182757200446662e-01
-5.146432699267682320e-01 5.115433101988581255e-01 -7.492076621370313827e-01
-8.668490486491504665e-01 5.559157664303685520e-01 -5.351409455376295865e-01
2.848563837257868103e-01 2.303920919521013355e-01 1.393202035738020095e-01
-1.171391008523335886e+00 9.896902163111312434e-02 -7.094764804278509418e-01
-7.647275734830102367e-01 -4.640774868429309308e-01 -8.773494404958367410e-01
-8.513794042210869328e-01 -4.442984468995572755e-01 -4.362667075156905772e-01
-4.949704310014658160e-01 8.246708485066765737e-02 -1.059788642877368181e+00
-8.126167200799047086e-01 -3.404372155914093812e-01 -3.943171414930558560e-01
-6.209045224535429952e-01 -1.775971835717533864e-01 -3.441684164188339445e-01
-1.485160297317152711e+00 -2.775560798449190902e-01 -6.692952513155890903e-01
-7.598228047008123154e-01 4.988923919281498809e-01 -4.803504056442849945e-01
-1.260856957331364825e+00 -8.167754728294050748e-02 -5.724942923467697398e-01
-6.141374470435517763e-01 -1.758494295310497890e-01 -7.981716507018438156e-01
-9.064167862880043725e-01 -9.532349675510140008e-01 -8.614943189377465282e-01
-1.545642472155786251e+01 5.389785702680734758e+00 9.802534769534720915e-02
-3.244897358898653494e-01 -4.515885924341273699e-02 -4.438779263774182970e-01
-1.550315547964413510e+00 -3.993085891100698337e-01 -5.196322537569715294e-01
-1.052931499082603972e+00 -3.868746349469553980e-01 -5.703368336142868866e-01
-6.715096594884218950e-01 1.586360500668737294e-01 -8.491863612681231910e-01
-1.760991583131119587e+00 2.417576259749203149e-01 -4.504879771888367079e-01
5.046007923382059973e-02 5.068456966949453496e-02 3.469934962934952127e-02
-8.928276517280018254e-01 -4.372207635990644770e-01 -5.545758139439853629e-01
-1.153008790212612933e+00 -1.377763145066039918e-01 -5.955848690481069241e-01
-6.057587177912454601e-01 2.005182787015087620e-01 -3.851641759843446589e-01
-9.558348878048913422e-01 1.610892430776812156e-01 -8.239367040601667247e-01
-5.982442156359857321e-01 7.134011161577066829e-02 -5.916289222215226351e-01
-1.365243031912974914e+00 -5.654497800117756767e-02 -3.363424601492633892e-01
-8.972264724412261083e-01 3.574136653190571056e-02 -7.937497251207151772e-01
-6.104479665852047265e-01 -1.010250192268976471e-01 -6.519676806070238140e-01
-1.304413904861013940e+00 -4.589933142394456850e-02 -5.552039596772485597e-01
-1.443078604981200552e+00 -1.045129783098939891e+00 -5.707020891325325085e-01
-8.580568281171006007e-01 -1.204510381195363772e-01 -8.131969934285625534e-01
-2.188471265836833546e-01 -5.730559985459061645e-01 -1.400805953919401770e+00
-7.912055618395085199e-01 -8.428261186707891595e-02 -7.093468659599510007e-01
-5.092180022688369556e-01 -2.040347758534704348e-01 -7.193435315357200599e-01
-7.401997525282638657e-01 -9.014000001167844778e-02 -6.762334056694564444e-01
-1.888512676580991201e-01 -1.008229450943000094e-01 3.516137361687970975e-01
-6.842366476857918434e-01 5.021349410864341944e-01 -4.247957892747906139e-01
-8.328551179128931281e-01 -6.584212871880059659e-01 -5.376702988262217486e-01
-9.666899123354936174e-01 -9.263069453484217286e-01 -1.711838835412850646e+00
-1.074798192704417010e+00 5.492250876908864043e-01 -5.815701467515983492e-01
-9.015512026128219558e-01 -1.179746390559359287e-01 -7.112349992901166873e-01
-1.026804760253478443e+00 1.681634319919993181e-01 -6.194761038057944313e-01
-1.193156427480958293e+00 -1.048649774615900421e-01 -7.660763811047622829e-01
-6.748420435138178242e-01 -1.032458206251515159e-01 -4.824419091044159780e-01
-9.170142307420657835e-01 -1.835517069617147445e-01 -7.112325729493588211e-01
-1.521715202544315471e+00 -4.036004178344846927e-01 -1.191809685692933218e+00
-8.657142901921376366e-01 7.560319255400071992e-01 -1.912962817457475873e-01
-5.140693852740173542e-01 -2.551936445156443578e-01 -6.601714975473861324e-01
-1.016328416464030937e+00 2.235226213807776641e-01 -1.122802151909732205e+00
-3.344812524354921490e-01 9.039268560511662942e-01 -6.275578432568548193e-01
-9.746781774648827223e-01 -5.509107155103842857e-01 -5.239885676989827212e-01
-1.143000798537185725e+00 6.092285477385440684e-01 -6.423214384994605508e-01
-1.666355520349757091e-01 1.714607523125247224e-01 -4.911276404272585938e-01
-9.959389414147659103e-01 3.096249352568624658e-01 -1.008951749648593799e+00
-3.879983991655946429e-01 3.667998937037626472e-01 -6.703509764837157769e-01
-1.612670083574423430e+00 6.028084062658670694e-01 -9.267102206148158938e-01
-6.764067169108053390e-01 -3.063889482048360868e-01 -7.254244519432081484e-01
-1.084040508073434106e+00 -8.534206917154574246e-02 -8.173943525340391369e-01
-8.516533690055780870e-01 1.067399666409571068e+00 2.024996408968427197e-01
-8.366167232372567764e-01 -9.783898153966604783e-01 -1.355022375845546523e-01
-9.166193029858299424e-01 1.965826191907255882e-01 -7.098442624205142382e-01
-6.569753378530356347e-01 3.850026115037495367e-01 -1.039432241540483970e+00
-1.244822187899949251e+00 1.359099010791345319e-01 -5.498250389889058898e-01
-8.543031510565609610e-01 4.830436887301347570e-01 -3.787036472946365140e-01
-1.002703826712737056e+00 -2.748155341885307190e-01 -1.064015861351560455e+00
-1.083595550229497384e+00 -9.705444957742694889e-01 -7.578950267989863487e-01
-7.950368735156710942e-01 -3.597589143682719537e-01 -6.668341727809791175e-01
-6.075923292075045001e-01 6.912601520485997519e-02 -8.363935211271510406e-01
-1.226183853672508706e+00 5.280157803149299056e-01 -6.262194905204707673e-01
-7.966713736299858573e-01 -1.809869463677476475e-01 -4.876589520633236030e-01
-1.753457828344615832e+00 1.550631936830761670e-01 -7.481484341599926591e-01
-8.297260471129201953e-01 2.339522850837875145e-01 -3.012239687984956671e-01
-5.838448584062422286e-01 -5.213805753523828024e-01 -5.870447392500602879e-01
-4.570425705101400227e-01 4.632258655977234407e-01 -1.057036320485067238e+00
-7.531579271524444508e-01 -3.750797445153180587e-01 -5.697529991723774279e-01
-1.507450828501502693e+00 1.543485662655950941e-01 -7.184668127768959467e-01
-1.435669102986299350e+00 4.127628507587639134e-02 -9.883525865493104634e-01
-3.289010650353778598e-01 2.533138104775712884e-01 -2.507419395580071653e-01
-9.857197086166554767e-01 -1.181877838802179899e-02 -6.362350051452565491e-01
-1.646656352281391955e+00 2.172562511251387163e-02 -6.018092685966289768e-01
-1.447923444082435784e+00 9.728106692210083950e-02 -2.441369514368665061e-01
-5.591647038132019354e-01 1.090236864489085161e-01 -5.825498354694039760e-01
-1.255800167961413694e+00 5.012186148417744347e-01 -7.031755785738483810e-01
-7.373230272764604853e-01 3.764405994376986975e-01 -4.169737806330667818e-01
-1.548397865414622432e+00 2.532956879414561269e-01 -6.134042811543886087e-01
-1.054811229656341220e+00 2.457632962953781308e-01 -6.051445997660838128e-01
-1.158952386442442251e+00 2.903275010020103797e-01 -9.276627520018300155e-01
-7.887483218326200030e-01 3.583783877094107173e-02 -3.595843696242861931e-01
-1.288461225160505652e+00 -5.195896154071184825e-03 -6.444708001212230419e-01
-5.940763271343569851e-01 5.445759619943099095e-01 -1.530577680516418182e+00
-8.536299823895421302e-01 -2.815375676675087591e-01 -5.341909573420985380e-01
-8.837312470806661935e-01 5.167838252788251596e-01 -9.161239484190238924e-01
-1.299119550493971653e+00 -7.493588115748528455e-01 1.123617299312952011e-01
-1.664607739501511308e+00 -5.419030279091053837e-01 5.276144419961403820e-01
-7.814942672042560767e-01 4.605828300855831503e-01 -3.695130146166689666e-01
-2.015326033271060691e-01 -9.827602342821019354e-02 -6.277675205368353772e-01
-1.033110618647607559e+00 -8.591825372403680272e-02 -6.824595855170980663e-01
-1.055429866365611646e+00 3.523947296820786335e-01 -7.735186244301711644e-01
-1.512352876580907779e+00 2.816155441195895004e-01 -6.619413348358498261e-01
-9.856080542205785111e-01 -3.020910117611447232e-01 -6.362502140907245751e-01
-9.186842633214671316e-01 -4.036368142396248304e-01 -5.086170182781141191e-01
-7.655106375727706025e-01 2.326612348696582011e-01 -7.704261580308104929e-01
-1.477166703178482754e+00 -1.497765853164883809e-01 -6.995349478306381874e-01
-9.039319084535636373e-01 1.433624930220067928e-01 -2.475452932081117496e-01
-2.737528279901831341e-01 2.163075305819234795e-01 -7.841416059182545473e-01
-4.663216926594841438e-01 -2.013992514530399403e-01 -7.222748212009876267e-01
-1.005473958261301703e+00 4.156255365681642000e-01 -7.140292792534528310e-01
-9.334966741154165915e-01 -4.122258794756978872e-01 -6.013352306243884282e-01
-5.481033262117533944e-01 -1.463470317215936345e-01 -8.351348095250894499e-01
-1.350659752272816538e+00 -2.507850610338545061e-01 -6.951828629398246751e-01
-1.194801503469238524e+00 5.713915032414607076e-01 -7.812262410222508002e-01
-1.150631533745649193e+00 1.109116741208519968e-01 -7.220421389629517739e-01
-9.800463989248850982e-01 -5.216424569479082285e-01 -9.044741673599799858e-01
-1.020767039181829539e+00 -5.326718281468237892e-01 -9.851752620114824222e-01
-1.685516944777995851e+00 4.707531897315753167e-01 -6.421794974331909156e-01
-1.341483380268653658e+00 1.008938023907449966e-01 -7.623332462266698695e-01
-9.155622907659979326e-01 5.947883903758798274e-01 -6.189476017619978121e-01
-1.221708429295961462e+00 6.395197229225255686e-01 -6.473480822621636710e-01
-1.252215855187500226e+00 3.224218436951308830e-01 -5.697284063357808126e-01
-1.244966643166349973e+00 4.343373101891582766e-01 -5.720136486194925540e-01
-1.726888307842451287e+00 1.258571469419999256e-01 -2.241637024903792574e-01
-1.060587665011435643e+00 1.061516922006682240e-01 -7.114658195541407881e-01
-1.663481418531367773e+00 -1.755916439166296111e-02 -5.881429325040744560e-01
-1.684860304317799429e+00 -1.978068122271411655e-01 2.669635853704308004e-01
-7.080539150357063605e-01 -1.317937170254879220e-01 -3.030365127516008172e-01
-1.212832847131588787e+00 4.004543102808350574e-01 -8.099240221193040323e-01
-3.242992116787065671e-01 2.453121041333746477e-01 -5.899447300261183580e-01
-1.153981418001166270e+00 -1.128336501264794595e-01 -4.164876244569978847e-01
-8.271058798374837373e-01 8.632323097523485200e-02 -8.705571749392805314e-01
-3.910736849845061758e-01 -4.725239128435385072e-01 -8.059087937083522224e-01
-1.293442496947283304e+00 -3.904267650895104635e-01 -6.288848947147358537e-01
-9.400143167220590401e-01 4.537700023100958435e-01 -8.652382664284653524e-01
-2.532725523851501737e-01 -1.931655962446171826e-01 -5.090531496554325797e-01
-5.146838083787578233e-01 5.744531170749386240e-01 -7.702595993862020318e-01
-1.436293740716747314e+00 -2.008092945041515254e-01 -6.773818421095112452e-01
-1.176748156424558100e+00 -3.989797118175630319e-01 -9.114863811797683235e-01
-1.150403931177655048e+00 -9.498970800456005836e-01 -5.438807432460841529e-01
-9.981398498961726595e-01 -1.061290020056480765e+00 -4.656706447025951712e-01
2.095123586090450374e+01 -8.821176758324016376e+00 8.908644216163974505e-02
-1.402401573782805277e+00 2.249672291909476651e-01 -5.382593199686958041e-01
-1.294170001369919554e+00 -2.309598542171452940e-01 -6.883718690364833970e-01
-7.136647650353850070e-01 3.059003283933378614e-01 -1.048789680592884466e+00
-1.924762938030573911e-01 5.562527326576487408e-01 -6.905219884722171297e-01
-3.657820669565645666e-01 2.252595002421118320e-01 -7.788565705140536588e-01
-1.163410429924077949e+00 -2.652765564951397106e-02 -9.230036376487157357e-01
-5.364404851743047598e-01 -1.324223115120094219e-01 -7.259103256925991676e-01
-6.881988056947844212e-01 1.711852566312525121e-03 -6.354145824865464753e-01
-1.108512471636573293e+00 9.338564778323267257e-01 -1.047654004742904821e+00
2.082234234717779964e-01 -4.403672752307933314e-01 -1.427584900696901915e+00
-6.433550947573526413e-01 3.754248398395932940e-01 3.271643306374230065e-01
-1.768188812931977383e+00 2.860059640930681102e-01 -5.131346070787706770e-01
-5.430995271177541106e-01 7.823850733219234188e-01 7.350104550379465973e-02
-1.397864652696979126e+00 -1.621911070140024669e-01 -8.459440029368452407e-01
-5.294668470977391683e-01 -3.624662205617697891e-02 -8.299366682676375673e-01
-1.012496692617448124e+00 -4.303752372384511138e-01 -5.326950984607260464e-01
-5.342630028852485280e-01 5.499965498428877747e-02 -4.829551622740659300e-01
-9.411752227946988958e-01 -4.559140108931252211e-01 -5.358516819791495633e-01
-1.419472415097764451e+00 5.958676254098122654e-02 -3.154146455929746629e-01
-6.886664310504649889e-01 -2.039179182742470731e-01 -6.211564185241490454e-01
-1.141582664529190883e+00 4.209260360365194020e-01 -7.490563868066834052e-01
-4.893093684478766470e-01 -2.287281261871318971e-01 -1.674339176470227702e-02
-1.098888898013302695e+00 4.734662076449032697e-01 -7.907652976319513582e-01
-3.736006696531096183e-01 8.715929455838196116e-01 3.088438481178270023e-01
-1.371325045476488924e+00 -3.295646200365994760e-01 -8.905173135604931289e-01
-1.173885601528007916e+00 -3.368296831140759617e-01 -6.908292757793589312e-01
-4.004217235479152759e-01 7.839254789154301295e-02 -8.807543212344137729e-01
-1.080278063231805197e+00 1.633385027660873845e-01 -5.110766172041862898e-01
-1.226642923967154575e+00 3.101942727635049191e-01 -6.657653351700320021e-01
-1.650451420001092906e+00 -2.367242448734515059e-01 -7.481962312188356057e-01
-6.392119500871159543e-01 2.253801634644368446e-01 -2.525310058837569316e-01
-1.293835314798736036e+00 2.772678380022592370e-01 -1.213335694999869707e+00
-6.023809782157071302e-01 5.309400463900421085e-02 -5.607895396037109181e-01
-1.552045628604976413e+00 3.936804930844658990e-01 -8.340275686068909788e-01
-4.086176061091654765e-01 1.545590272459712762e-02 -7.890878119832043236e-01
-1.544240279156592566e+00 2.934585472315714982e-01 -7.463472811621885139e-01
-7.751895991417353526e-01 -1.017413315915172423e-01 -5.426542567065809619e-01
-1.137214835729075224e+00 -3.577645015840223985e-01 -6.431482280380341754e-01
-1.025545924209501969e+00 2.859866503074098287e-01 -1.063397517300048722e+00
-6.866889423982910357e-01 -7.243048793205277003e-02 -4.074404146974814900e-01
-1.613985649704492209e+00 2.021324062021511991e-01 -1.357677268101874724e+00
-9.306886545465399285e-01 2.734763830847703470e-01 -9.537382574149315673e-01
-1.100560241446395748e+00 -2.397090668944953373e-01 -5.817607305818159880e-01
-6.002013562991583839e-01 7.440925214809515631e-02 -6.382592012076583332e-01
-7.063167766362055122e-01 9.174471372474579667e-02 -5.030893685473125654e-01
-8.230525918916725692e-01 1.685078505610042576e-01 -3.825776610685496792e-01
-9.268157305834913151e-01 1.177062781090540966e+00 -1.001122293265180874e+00
-1.035111907695227984e+00 3.897307664762917345e-01 -5.585151208620174890e-01
-1.120603286146667932e+00 -4.571061410775020262e-01 -7.271351921976392241e-01
-9.472833104887532496e-01 -4.892631435397805650e-01 -3.793640129394167948e-01
-9.790848125628276444e-01 -2.791904448168601727e-01 -6.352562714211622552e-01
-1.188022228835185379e+00 2.221720100737232806e-01 -6.986323136787079280e-01
-1.464615313381956385e+00 -6.989287674402788753e-01 -5.301407310405932272e-01
-1.216729120831943733e+00 2.296342637829845434e-01 -6.971881964809080179e-01
-1.171589676614958497e+00 1.864427842628886833e-01 -5.290909292755368032e-01
-6.095880253091803258e-01 -1.446443877144326373e-01 -5.558797358811988776e-01
-7.999088665582417823e-01 2.201641465594764702e-01 -5.369460556030506426e-01
-1.233969306855990045e+00 3.386592679728998578e-01 -6.711931597540000682e-01
-9.711797419722548730e-01 -1.566800949790747022e-01 -6.268475410084167754e-01
-7.811285975614591370e-01 5.475035406068933241e-01 -9.031922253235943332e-01
-1.664212470419901946e+00 3.521209751064143245e-01 1.452730503008669016e-01
-1.591425594965797163e+00 6.050712966238519508e-02 1.370346386573905728e-01
-1.035601170577339802e+00 2.955989849559913507e-01 -1.630060503880121470e+00
-1.303107758498327051e+00 5.204694302881965884e-01 -4.687010564506057658e-02
-1.779665757015944871e+00 -8.386324968143290537e-01 -1.118749465572844021e-01
-1.299017225808914988e+00 4.511781257860811301e-01 -5.774776785683970459e-01
-1.165101670535794387e+00 -2.654926044202694513e-01 -1.641621377315375385e-01
-1.246920732936295906e+00 -2.300473340706796765e-01 -3.204680323035544731e-01
-1.453203868145746869e+00 3.377915638786426755e-01 -6.990941000184998089e-01
-9.747923896726196080e-01 -2.743308497295119941e-01 -6.330808010843265166e-01
-1.346362234460864782e+00 -8.318306861087513271e-01 -4.067854506480259036e-01
-9.581967152118856523e-01 5.346274972052069696e-01 -3.783616998802236120e-01
-7.682425505474447247e-01 -4.294916629021342525e-01 -4.236370231168649081e-01
-1.177651512087892538e+00 1.287632542899151411e-01 -8.961746882515247981e-01
-5.529174593284975209e-02 7.328736225879128874e-01 1.039876066766004803e-01
-7.998626306719378576e-01 2.617361346795735733e-01 -4.790422102788751135e-01
-5.151596449738659045e-01 -8.241293794567335074e-02 -3.384464223294595953e-01
-7.264625084573702596e-01 -3.729793925227541385e-01 -2.516747890664530196e-01
-7.239315566432848181e-02 -1.682607706605895592e-01 -4.776348684633168751e-01
-8.799467566463378132e-01 -7.387188058049969086e-02 -7.599994689407668647e-01
-6.079676712591303156e-01 2.390812856561628369e-02 -7.911233663279814143e-01
-1.588766067537050519e+00 -2.762548974348549291e-01 -5.269840588560953387e-01
-1.342708774389792969e+00 4.479374283770450882e-01 -6.838954348855601495e-01
-3.243967743211480514e-01 1.187592333304827164e-01 -5.033369509866369995e-01
-1.197682196371715246e+00 3.343928129941809990e-01 -1.025871267496575312e+00
-1.182821681044696094e+00 -6.780945446392691589e-02 -7.235513500163112122e-01
-1.066596685607994921e+00 5.810177889408467411e-02 -5.759085954153556619e-01
-1.007794142342960386e+00 -1.587642394603986859e-02 -6.636720090511123438e-01
-7.325870854638218965e-01 -3.724102861266991860e-01 -5.194587665576765323e-01
-6.072139068135166129e-01 -1.137701503585333423e-01 -5.907093226009000331e-01
-5.421141959123708665e-01 5.855570043721591844e-01 -1.089187485148621626e+00
-7.232629143601059241e-01 -6.354717083417928958e-01 -9.054555948668728815e-01
-1.252830671257215256e+00 1.121203869991637264e-01 -6.155855843171925690e-01
-1.177748408712620876e+00 1.221306710177331029e-01 -6.123866885657057724e-01
-7.617319497140170315e-01 4.885652160192663906e-01 -6.707033645855084991e-01
-3.183832774405372379e-01 2.349365742108560362e-01 -8.571557155090614444e-01
-1.669719009807184129e+00 1.405604947189532383e-01 -6.410473797816815811e-01
-7.448215579619454907e-01 2.912795338285533164e-01 -5.178274317611257782e-01
-4.429804556696015916e-01 1.517238151549480107e-01 -7.723767799068238515e-01
-1.724744081409278929e+00 -1.696516438053361636e-02 -5.820134479434824204e-01
-9.735586248507546170e-01 -3.301436108604183239e-01 -3.254688652576498975e-01
-1.270972249857710734e+00 2.319479999593018482e-01 -6.819220015933390444e-01
-6.766545952220798243e-01 -9.084586989334515750e-02 -5.199779875744253710e-01
-1.592661225371686751e+00 -1.793478689712943164e-01 -8.586747246056619653e-01
-1.083066618163247563e+00 -1.130692098052767491e+00 -2.562449497548032612e-02
-1.442897248098934604e+00 2.707373923144263395e-01 -5.317231881849103781e-01
-6.635929299306715379e-01 -1.507065112017287045e-01 -5.536584081594857487e-01
-8.984382571057731859e-01 3.474806509665855914e-01 -7.415214332742442460e-01
-9.033055041297431975e-01 -8.908093535123741413e-02 -7.243624145849638651e-01
-1.004866649067787998e+00 -3.248414413214052443e-01 -6.356702631414615778e-01
-8.242860238572644604e-01 7.213612767803451176e-01 -1.704047554590448210e-01
-7.858582198437750188e-01 -8.129338170124568788e-03 -8.638823363336947114e-01
-7.915494742355575486e-01 -5.396695767833357138e-01 -7.921006798093119805e-01
-8.283111885028150434e-01 -4.909605448377170056e-01 -7.674570261125458481e-01
-1.059371501804578397e+00 -5.883550735164293499e-01 -6.458900214000447004e-01
-8.849147507127693713e-01 1.577907842902919466e-01 -8.546872625763024534e-01
-7.800454608871996154e-01 -7.760082528988916650e-02 -1.108284789696746486e+00
-4.480678984263153364e-01 -1.562781932617627878e-01 -7.452321963672553506e-01
-1.463089502685945620e+00 -8.090257539016849908e-02 -3.582755787998619934e-01
-8.710800971806302861e-01 -9.010344654851223378e-01 -1.606432441372138697e-01
-5.699398934055652788e-01 -1.762282205981458572e-01 8.203506607476571122e-02
-5.223510966307627346e-01 4.691343995811840806e-01 -1.131616754563509186e+00
-8.600606445822854829e-01 5.755219595002976363e-02 -5.387158796924547133e-01
-1.224777476999803660e+00 2.404424686164007841e-01 -8.754555064727447267e-01
2.107284122793472392e+01 -1.139414066898420330e+01 -7.117917041970271974e-01
-1.056676590810537775e+00 -3.802642742923893482e-01 -6.240958493074114655e-01
-1.429601563339516934e+00 -3.314126071763386361e-01 -7.686423476373516195e-01
-4.638107088347623863e-01 2.704997985913716319e-01 -5.151557863495718204e-01
-1.164528155630589534e+00 -5.046998895989650569e-01 -1.032665811231050945e+00
-1.595049118403631727e+00 3.600645823551105740e-01 -5.949725018800006149e-01
-1.087236668758651881e+00 -2.445615543103060452e-01 -6.278720396563475248e-01
-1.148062106965140217e+00 -2.471681346140932878e-01 -8.855696945883703153e-01
-9.248457596367705147e-01 3.701728727947810049e-01 -7.583966811553102261e-01
-1.308682849644138724e+00 1.579302127109583898e-01 -5.839024658710932902e-01
-7.471536494181629795e-01 -9.660079766076606900e-02 -8.544889523773914197e-01
-9.626699548352342095e-01 2.436300150881652582e-02 -4.827868253241656138e-01
-4.898935453429662523e-01 1.330792820139662658e-01 -5.403893296412226599e-01
-1.422325421935046741e+00 1.443759914880719808e-01 -5.875813446397125661e-01
-1.130745079974767142e+00 5.927433658805776329e-01 -6.585586881504311707e-01
-7.748826605562102454e-01 -7.628959916812286246e-02 -6.396561814460874906e-01
-6.779792803684491220e-01 -3.827837228660132540e-01 -1.274409248925319593e+00
-1.698487537400630298e+00 -1.320672736237137046e-01 -5.262631437461329220e-01
-1.269596655174374034e+00 -1.242801063977894693e-01 -7.493890954460580289e-01
-1.140339931532149853e+00 2.330710474650670716e-01 -5.470258722577703292e-01
-5.748556166062488426e-01 2.379107598512437971e-01 -8.765054356936230473e-01
-1.068817605891904332e+00 -2.427493122821740568e-01 -4.483949231930760559e-01
-1.287240873872591340e+00 2.637918422248218819e-01 -7.425456896457076628e-01
-8.645459957535227558e-01 7.957682647135241871e-02 -6.834644522689767854e-01
-1.031969442361611700e+00 2.474309411485531296e-01 -1.605654035368464794e-01
1.984817144930387245e-01 -4.849811268270280418e-01 2.406945353996693404e-01
-9.381403843497756467e-01 4.456060574173607014e-01 -7.722282460243383717e-01
-1.335250197856042709e+00 1.606749440382202743e-01 -4.040023985829696018e-01
-5.722806500078370107e-01 -4.459568713424184178e-02 -6.026037983263360376e-01
-8.270809217668126934e-01 -8.861586438904552054e-02 -6.181037900982710998e-01
-1.703144325485538291e+00 -2.810991425416391465e-01 -1.105545685806257561e+00
-5.434735633510927588e-01 2.099613834046955840e-01 -6.381236047836428282e-01
-1.474336843118682738e+00 -3.594576955641377025e-01 -7.716517539697532735e-01
-9.621771183183115417e-01 1.383959656360305053e-02 -7.098446159142927092e-01
-1.741130444537883903e+00 -3.881573493599094204e-01 -1.797658222405070116e+00
-9.688876268659943891e-01 -7.545653206190369167e-01 4.552592054165154750e-02
-9.294087042080396710e-01 -4.388083363786846602e-01 -6.683021796374427614e-01
-1.076784479360955338e+00 -7.531750499411112021e-02 -6.892973150467200938e-01
-1.231710310522571072e+00 -5.370997366927827699e-01 -7.350692505218904271e-01
-8.830261865856756653e-01 -1.385945314368690062e-01 -4.400807427903034585e-01
-7.800245216444544605e-01 2.053373242524866582e-01 -5.214849428922513352e-01
-7.114370033079497890e-01 5.145465692243924583e-01 -7.023887617677262440e-01
-1.186712857513894548e+00 -5.582799347032457726e-02 -6.264933522756114259e-01
-1.090779371880840287e+00 -4.055970493234024588e-01 -6.072717444639170736e-01
-6.656069179474158881e-01 -1.603057215292201521e-01 -1.177454398123076729e+00
-1.299466731571891298e+00 2.538015797914494054e-01 -7.994505443638059150e-01
-8.219540329547740942e-01 -5.612370787647408266e-01 -3.037816055046559938e-01
-9.743581766248105014e-01 -1.365406922819049074e-01 -6.679222224143596121e-01
-1.230458896732708141e+00 -2.126198656796322028e-01 -5.220554077990487984e-01
-9.916494342555729480e-01 5.306668755210650623e-01 -6.711121372587239842e-01
-5.538142846510306638e-01 -2.111723414643714714e-01 -2.829970361396326184e-01
-1.622491619732188362e+00 1.689064708135807058e-01 -6.637271390419675621e-01
-4.668188810654009258e-01 1.309133265126900258e-01 -8.090580948176935294e-01
-5.326180758753858990e-01 -3.633421822852361729e-03 -6.474586784457124766e-01
-1.203588819975912827e+00 6.914124910787099454e-01 -1.757463384504775350e+00
-9.369866731462944687e-01 1.554122761245610163e-01 -8.472282731886485729e-01
-6.873001077772918910e-01 -2.882295881737717558e-01 -4.526921795892580036e-01
-9.129371326488397442e-02 3.288200791700881531e-01 -1.707930441102048169e+00
-4.820456894579678853e-01 -9.095223845583688682e-02 -1.290732483704950084e+00
-1.359271662677209669e+00 -3.100356944644334090e-01 -3.875172914647500022e-01
-1.134279885798652909e+00 -5.335861463923474712e-01 -8.535381037518550151e-01
-1.216537622788842699e+00 1.966036851271868169e-01 -7.238211826492609857e-01
-5.507028069283134153e-01 1.000516687814398509e+00 -5.586936249786279562e-01
-2.052244908675783019e+00 -2.264919833970840957e-01 4.064550767547057686e-01
-1.352739811618016708e+00 6.373040931046435320e-01 -8.228943647488951019e-01
-1.208656483711083141e+00 -2.168217547703571169e-01 2.730999593965451888e-01
-9.664195766721691561e-01 -3.627653738611238965e-01 -9.753729401324306991e-01
-1.414335943186898703e+00 3.939870787028827426e-01 -6.786908505579661854e-01
-6.226271830858060019e-01 2.784359247268722304e-02 -7.797715882592979320e-01
-8.007857443226011895e-01 7.329011295520097002e-01 -8.372205633562531668e-01
-6.389945693256448012e-01 -8.659275095242883191e-01 -1.387809418426166452e+00
-4.794226663655570819e-01 4.527343858499085494e-01 -5.591362646573446726e-01
-1.062205712543423664e+00 7.208066363701426393e-02 -8.595679745586880527e-01
-1.090777861412876026e+00 -4.542974888219336038e-01 -5.619635351232927789e-01
-9.536768288536778826e-01 -7.793878263852205279e-02 -4.106571953661140584e-01
-3.844678210368213667e-01 1.771541205192350976e-01 -1.983561412002975699e-01
-7.028050629877582445e-01 1.011762418874430774e-01 -6.172424510605767356e-01
-6.732435488915522459e-01 3.252946167434028202e-01 -7.073824549983552812e-01
-1.426121333723987306e+00 -2.511808431768586813e-01 -6.579696474976307607e-01
-1.288481492060195466e+00 -3.030317779308803194e-01 -7.669497700956716679e-01
-8.797797522132788650e-01 -6.449646028096898132e-01 -4.106469047332729216e-01
-1.055098935617155176e+00 5.950859365990315286e-01 -2.467438572242042771e-01
-1.071206503931725118e+00 2.160872185782000410e-01 -7.529964782667134537e-01
-9.663012554797236753e-01 5.495943333781371232e-01 -8.824432183143340325e-01
-1.837743306649382014e+00 -2.881899810407124313e-02 -5.179580217546688736e-01
-5.671652015545693981e-01 -1.832314555106412668e-01 -7.370923578028050205e-01
-1.813116935290399523e+00 -4.383963866592849312e-01 -8.551391891695190317e-01
-1.035384988452093369e+00 -2.549664636507522619e-01 -1.068183108525290859e+00
-9.700969327040945833e-01 5.317624213761914520e-01 -5.757571911633320161e-01
-1.565787241150284226e+00 -3.770746309805873137e-02 -6.611626129992795864e-01
-8.708735960565665568e-01 2.808564387221338388e-01 -8.706952040340870669e-01
-9.311273644646238523e-01 -1.074086183495846086e-01 -3.113422853779827526e-01
-7.818083106997375520e-01 -1.212543865221889922e-01 -7.152113517009662802e-01
-9.442672047180233896e-01 1.068471013800301073e+00 -2.635295654269670940e-01
-6.818966960792960386e-01 -5.924582485276001093e-02 -5.359215518471586170e-01
-7.819577884271177171e-01 5.884811252656600988e-01 -5.405278835860407582e-01
-1.258166865422635006e+00 -3.135002464520295629e-01 -6.965628067372006127e-01
-1.102567094854296936e+00 2.152383387707862972e-01 -8.209359332244889895e-01
-4.772501288005226994e-01 1.358701667443742434e-01 -8.068446897434045084e-01
-1.225551401934153350e+00 -1.933060770336202938e-01 -6.458829343403447165e-01
-9.988904918597717453e-01 2.974555896605050598e-01 -7.636577173626895032e-01
-1.283407974738192792e+00 -2.582037936776942003e-02 -6.759748143493798933e-01
-1.501577922265695975e+00 1.790987063616712172e-01 -6.408138714656791413e-01
-1.216248155140549292e+00 -2.838197275919531748e-01 -6.094766728214815465e-01
-8.492969329565389636e-01 9.139097234015464144e-01 -6.254590833230468938e-01
-1.326437556041822008e+00 -1.672877767687730444e-01 -6.785146628592533258e-01
-9.020572559923849543e-01 3.001078907418060493e-01 -4.016507746654365274e-01
-5.890839340681410796e-01 -1.136930258194420590e-01 -3.390701504590665216e-01
-1.139480341958744702e+00 2.166634422394349002e-01 -5.801042887241855128e-01
-4.727051257337919754e-01 -4.012255371086399514e-01 -8.045064736581465370e-01
-1.043528076294402140e+00 7.048860049165172059e-01 2.253136039986629313e-01
-1.205629204053181081e+00 -4.062570161030375493e-01 -6.501005831134906154e-01
-3.793520516684385502e-01 -1.801523086650146099e-01 -1.305506100724878049e+00
-8.150124301795296233e-01 -7.288496376633087082e-02 -4.507596713462704296e-01
-1.553106788807065541e+00 3.231037951068970737e-01 -6.881282143447080557e-01
-1.193932953861883695e+00 1.110041477029119900e-01 -6.921785167326580668e-01
-8.832703492086624308e-01 -5.342287309854282240e-01 -6.442809973922724032e-01
-1.397090921814493791e+00 1.966712015221865895e-01 -3.613522135720815265e-01
-1.779030220633728954e+00 3.469091537805229497e-01 -1.014725167047565213e+00
-3.281020167731261705e-01 2.331999157552059818e-02 5.099839246871553655e-01
8.992016052158015998e-03 -5.869574948671394399e-01 1.697966444540628950e-01
-1.443720284895256611e+00 1.764635864035319912e-01 -4.878040118562136929e-01
-1.394697923076084312e+00 -1.338531832273190947e-01 -6.810052171241685048e-01
-4.416213812702199371e-01 -8.780459882862401422e-02 -7.960232543181597897e-01
-2.081315064620445909e+00 -1.025088098759187605e-01 -1.617911204980923667e+00
-1.104941252002841168e+01 -2.371026189828880248e+01 -6.600355811607616641e-01
-9.369290770971533400e-01 4.303472689903270476e-01 3.224005200531228355e-02
-7.975539072974119348e-01 5.792170152298262709e-01 -5.781796683106136259e-01
-1.098372615068161862e+00 -6.583117185572257002e-01 -6.493924431976045852e-01
-6.166741261535231278e-01 8.382769607329053352e-02 -1.009642591133487644e+00
-1.338309206059284495e+00 6.563436993203430880e-02 -6.430760988229241581e-01
-1.355504668348644692e+00 3.606294239181652254e-03 -1.073054446276412444e+00
-9.396724673917640214e-01 3.930981431451923691e-01 -8.589671908142587631e-01
-1.006159996853969618e+00 -3.454658519171757008e-02 -9.527955400812732067e-01
-7.297336606337495590e-01 1.687382718565280937e-01 -5.234343822309345251e-01
-8.307151094405585967e-01 4.413531273426379853e-01 -8.251568508999139739e-01
-5.421798888103563918e-01 -9.377243231513480992e-02 -7.531042520357552617e-01
-9.611313936467035246e-01 -6.128136985057706099e-01 -6.694399618723884116e-01
-1.485670695076910075e+00 9.562634563651099817e-02 -9.324916580789571752e-01
-6.089292447453018564e-01 -1.564430762185242407e-01 -5.683398263470577083e-01
-7.504414982224238972e-01 -4.683209174734916935e-01 -4.847355001836650690e-01
-1.213187198869347894e+00 -6.268400594226315736e-02 -6.815082808931820502e-01
-7.573206353748398456e-01 -4.482432086952023442e-01 -8.423300795550341391e-01
-8.576517241892951393e-01 3.242265738900401012e-02 -8.996137652474592850e-01
8.193616087794775710e-03 -3.528953870287567240e-01 -1.516437698316003280e+00
-8.903338045035829040e-01 -1.506299222567769602e-02 -2.475009325516371317e-01
-1.330945660082871296e+00 4.809642566445943013e-01 -7.404992686309577188e-01
-7.397154173575436475e-01 -4.337829994022652791e-01 -5.949138695003997057e-01
-1.203090301368211934e+00 -5.108894365248985991e-01 -7.193417738036642639e-01
-1.064035785444659155e+00 -2.586309498246520122e-01 -7.320491053835942452e-01
-1.490819347678980833e+00 -8.859304472491193183e-02 -5.450925826508278282e-01
-7.086225460208428473e-01 -1.985223562551187773e-02 -4.692408018076265064e-01
2.894835412453240775e-02 4.397348843498888327e-01 -8.822762511574886446e-01
-1.011318990134867646e-01 -2.617174524569475524e-01 -5.908753857517053953e-01
-1.109495442707715274e+00 2.176851441317501079e-01 -4.438025877113424000e-01
-1.031194951754528910e+00 -5.422555278100018583e-01 -6.018950052729156175e-01
-9.176855139463373501e-01 5.492306901694764543e-01 -6.884055749240809430e-01
-9.085569116040125293e-01 2.839855365175460999e-01 -2.934710478144125223e-01
-9.544239710126527498e-01 5.033426072268089024e-01 -8.003491858126988712e-01
-3.096886203013540229e-01 -2.699584826797227222e-01 -4.871494252157863580e-01
-1.335635796725159530e+00 1.263984338670826046e-01 -5.202821600750272557e-01
-1.467254432393289898e+00 -1.201990679294381026e-01 -6.815188679116583881e-01
-2.397412933605984064e-01 -1.687437866255518670e-01 -4.821060968508670830e-01
-1.316166609849558577e+00 -4.038841656249992362e-01 -6.459293273036271765e-01
-5.106429465977251336e-01 3.247734454045657082e-01 -6.974885559019143866e-01
-7.615937709636155795e-01 -1.843532240761812102e-01 -5.877013019882788569e-01
-6.402619351271385817e-01 8.575306434516437593e-01 -1.941257628168850669e-01
-1.086121930106102695e+00 7.132195301332829862e-01 -1.054014870732328024e+00
-1.520684105147821263e+00 -3.052588930401208822e-01 -5.628853941479425860e-01
-3.966644283510936120e-01 1.617565643293501498e-01 -7.880012467398873621e-01
-1.411057525691159720e+00 -3.478411465891804166e-01 -6.583427009682789599e-01
-7.131697056287689129e-01 -6.157822835815039003e-02 -5.906800032911113663e-01
-1.572234159463667291e+00 -6.116974793334611221e-02 -6.935487424508333110e-01
-7.386198098128710088e-01 4.054075605321958431e-01 -7.463080513614240852e-01
-4.759223226457738876e-01 -2.213465437818288029e-01 -5.977731334702682808e-01
-1.165508601484446904e+00 2.960945494486533769e-01 -1.645858937822180235e-01
-1.517116089587938754e+00 2.025893548507951281e-01 -6.188508136266795967e-01
-1.146707844821726940e+00 5.954232942257797756e-01 -5.285564591315082827e-01
-6.609869810415398561e-01 -1.841908271122436602e-01 -3.524500985233626760e-01
-1.101986737530628480e+00 -5.151651233445623257e-01 -7.383030503780668719e-01
-6.731151169588255323e-01 2.511342146848804524e-01 -6.469052431578811158e-01
-1.585326152598978577e+00 5.744834457222955937e-01 -4.150490487554235330e-01
-1.500571612487515027e+00 -1.928584914044139120e-01 -5.789316103858503926e-01
-1.441296938863779742e+00 -6.847669293530411760e-02 -6.245270211870086463e-01
-1.017167202192406084e+00 3.789120488056195168e-01 -8.478957117246512798e-01
-6.371112693442492203e-01 -1.037652362042200405e-01 -5.567308994425737012e-01
-5.831426554645974258e-01 -1.737684420892521564e-01 -6.050952823585977747e-01
-8.799956540552799078e-01 -1.411812009030553178e-02 -6.426660343530925523e-01
-5.089755951857840577e-01 1.399765200241698815e-01 -5.357394521304928992e-01
-1.429185685713241671e+00 -9.168700547291395997e-02 -5.867445840912718369e-01
-6.120049374939791065e-01 -6.524538978779843568e-01 -8.334164964705285117e-01
-6.959859822462658441e-01 2.145376554011493853e-01 -6.876652687604652980e-01
-1.275327773542110465e+00 2.377740691954636221e-01 -7.603639430964036494e-01
-9.301583895742818742e-01 -5.398655566829621000e-01 -3.881906001242541593e-01
-4.442373724458101858e-01 -5.726737666037472474e-01 -2.042006019569657937e-01
-6.827458049695812603e-01 3.311504770065907266e-01 -7.262603228205452011e-01
-1.232986142509493455e+00 6.027233719289032399e-01 -4.867952755826640554e-02
-1.064985641555958651e+00 -7.600714619679803385e-02 9.275162882001347642e-02
-1.031412118732176086e+00 -6.868256206822340726e-01 -1.270193433691632068e+00
-1.453486758815922819e+00 4.391649108165323612e-01 -7.276712959501185907e-01
-1.178429305171807773e+00 5.249470792898585092e-01 -1.322019436397495751e+00
-9.437561796263366221e-01 -1.614523080457315185e-01 -6.254340025616746956e-01
-1.210048072997531365e+00 -1.882334781023638492e-01 -5.158109934814604225e-01
-8.637574004300502262e-01 -4.203489090680690432e-01 -5.619614395334449064e-01
-7.206000408094628273e-01 2.527826764082697908e-01 -5.734902657876049803e-01
-1.511273560247545333e+00 1.977828030507888801e-01 -6.619394351914340557e-01
-1.139075443806828458e+00 -3.956453715981441688e-01 -7.869814482298055358e-01
-1.329184579504614661e+00 -6.615723982599415187e-01 -1.048054402529635443e+00
2.357053817294244291e-01 -3.236033002799905689e-01 -1.003749791937215807e+00
-9.569741609540265426e-01 -4.344969663923933245e-01 -5.567796117101674325e-01
-1.309887709470241468e+00 -6.391493116298430088e-01 -1.689457842244989960e+00
-1.112966983903875384e+00 -4.677253174026728133e-01 -1.208779053311678453e+00
-1.314810979834939664e+00 4.205021016730127736e-01 -8.631194679737698161e-01
-1.311376247924468386e+00 9.117040704870711665e-02 -6.578115582570818187e-01
-5.146695342746709922e-01 4.818176815289938048e-02 -6.935549040946705768e-01
-1.203459265231229480e+00 2.265757803086696220e-01 -7.059688793248299898e-01
-1.232792811004135070e+00 4.995968814142474068e-01 4.764101027592820281e-01
-9.280153275333110630e-01 -3.368182187484109469e-01 -6.923627177662141641e-01
-1.062162079752569044e+00 -2.547898049213184191e-01 -6.319408226046140387e-01
-1.550357525018636995e+00 -3.432801261562990480e-01 -5.196509867310387110e-01
-6.065425205221167682e-01 -2.910243282453772382e-02 -6.039578261392072323e-01
-1.915140612578773771e+00 -8.398260738519106039e-02 -1.439008408675201744e+00
-1.071502805601006969e+00 3.104799647229436119e-02 -7.499065401049210822e-01
-8.833409489967026795e-01 3.885526080664648552e-01 -4.695335033711716122e-01
-1.341494334647830078e+00 2.002852655018401429e-01 -8.179074363438283424e-01
-5.992071004856547312e-01 -3.939773905889400185e-02 -6.558514329909700402e-01
-8.914487943484806776e-01 -1.084358417765410032e-01 -4.932364060792970850e-01
-3.749457736064928937e-01 6.009624932403305753e-01 -5.283086543952635328e-01
-7.656295153545733534e-01 4.649824017476201221e-01 -5.229386166202472097e-01
-7.249661524075105001e-01 -3.843223624543110617e-01 -5.111249829261041988e-01
-1.389270714381384941e+00 8.928231524496753613e-01 -9.970941536281480166e-01
-5.902754570530114320e-01 -5.223048810201155190e-01 -7.810128496422583666e-01
-1.263398622846687136e+00 1.974229828381292851e-01 -1.295420228990301625e+00
-1.638953648901925408e+00 1.979314289028717977e-01 -4.774455066035128148e-01
-7.426716523447397522e-01 -1.819382310747045262e-01 -9.295429977987567094e-01
-1.288640057950154683e+00 -4.195504831988489114e-01 -5.460877466935335489e-01
-9.317933877906621198e-01 2.322051008294591656e-01 -8.670564784596671570e-01
-6.903108777198001533e-01 6.605367380713483838e-01 -6.215206389302082579e-01
-1.440768030354286466e+00 2.824515039780543524e-01 -8.617204760824881404e-01
-7.537888376625410114e-01 1.111665538414736976e-01 -7.088297538507570827e-01
-8.411510636622827608e-01 1.120091731291260162e+00 -4.483612892679832984e-01
-7.936900879265247344e-01 -4.623140176088563202e-01 -8.040156728181182544e-01
-7.035109546863284047e-01 -8.353270560139343381e-02 -6.738736447717266209e-01
-1.056359606706076981e+00 1.348608934937965409e-01 -6.715767740945499664e-01
-1.388744228489724453e+00 -2.470509601117732990e-01 -8.055562385208655529e-01
-1.254172647699969945e+00 -3.256926932674240882e-02 -7.416542481316865665e-01
-1.187173116004809348e+00 1.978904608278663491e-01 -6.386645884677976115e-01
-7.906254707131570303e-01 -8.888107686716201217e-01 -8.018027986733340384e-01
-8.333500422403308239e-01 -1.050312941961238228e-01 -7.757106816427232765e-01
-1.495827864516956485e+00 -3.436936719980970834e-01 -3.449966927164129227e-01
-4.369219163006650142e+00 -2.701747100771641996e+01 -7.523885692792182667e-01
-2.388847810067063759e-01 -1.123501712038441180e+00 -1.409257250304351672e+00
-2.374973405272024496e-01 -2.784942140796204529e-02 -1.239127841199757635e-01
-1.310399121387075372e+00 2.808591838151593412e-01 -7.342692995378220511e-01
-9.507756989131452841e-01 -3.866714835541094630e-01 -9.671794187799460651e-01
-1.088885152221874097e+00 2.967522318150300209e-01 -7.736602350899516312e-01
-1.351601202453565520e+00 3.540122211844606293e-01 -9.423740863596806738e-01
-9.055654179881000854e-01 3.673169629948879744e-01 -6.001654561804583565e-01
-1.038898001792982528e+00 -1.966785656968843554e-01 -6.193968840284992394e-01
-6.309841914071711022e-01 1.282254688542748544e-01 -5.657975629069780243e-01
-1.246240225570772298e+00 -4.886657691437678586e-01 -4.143194902792978751e-01
-1.383724391488877492e+00 -9.601328442273514285e-02 -6.769395861304797757e-01
-1.285903468558994955e+00 -3.354964585182803466e-02 -4.544074306339914160e-01
-1.672857494364363040e+00 3.383185315716758651e-02 -5.908844609137423598e-01
-9.203187659620606365e-01 4.009831264919941907e-01 -2.149968423717646682e-01
-1.618136042332469771e+00 1.409315608962962985e-01 -7.596351488671153618e-01
-2.097542003138426758e-01 1.802224223934781322e-02 -8.176820989330086942e-01
-3.869311841726954526e-01 -7.121026950780182663e-01 -4.412993480028186144e-01
-9.470188451578135380e-01 -5.996704710136667726e-01 -8.093752092852321001e-01
-5.563634535612695942e-01 -1.171571587256505231e-01 -6.302741667205951082e-01
-8.403160093274431031e-01 -4.308113239250790927e-01 -9.480994605791930319e-01
-1.087093139641408523e+00 -8.456045643200089945e-02 -6.843317204990306823e-01
-1.327548775549728166e+00 3.451141027177763720e-01 -9.857958300177018796e-01
-7.925894899761610768e-01 -4.614897077099262002e-01 -2.723334880825338811e-01
-1.238789549114094557e+00 -1.531393356042906606e-01 -8.626545804633265480e-01
-1.237023027568895817e+00 -5.415267439990230081e-01 -4.645103730676867215e-01
-1.295172112489235028e+00 -1.466885033978674868e-01 -5.913811958175715366e-01
-1.268143116210685761e+00 2.865039655128830409e-01 -4.336641504055047669e-01
-1.281878538813284285e+00 -3.919276196461404793e-01 -5.406405636503633927e-01
-3.280886821145181376e-01 -1.396552027889452485e-01 -3.544194528829117674e-01
-2.167821641819658307e-01 3.249350431091678759e-01 -6.338040292816890520e-02
-5.848983592232185336e-01 -1.316284325596015770e-01 -4.528502979592711752e-01
-1.225431651643308140e+00 -1.104909609825179828e+00 -5.071090001055458263e-01
-1.129375042556957309e+00 -4.219450202932066296e-01 -5.698503954537815774e-01
-5.350963820696642559e-01 -7.988869033114476270e-01 -1.655306807874087349e+00
-1.107688577579893696e+00 4.488017761828699825e-01 -7.223965839037670422e-01
-7.576953466510790713e-01 -6.605520518177327993e-01 -7.690022057427293722e-01
-1.616370924164760137e+00 2.095558851277816992e-01 -9.219219069080472062e-01
-8.686516792525330599e-01 1.418263427936523879e-01 -7.230431239385063380e-01
-7.973676034238668109e-01 -6.527565410766776877e-01 -2.389793608205235675e-01
-1.278701437180058909e+00 1.510477212298008132e-01 -8.589972724539494120e-01
-1.131034681581452483e+00 -5.498011416175635491e-01 -8.917527589212294048e-01
-8.648065039308671098e-01 -3.364684088618669633e-01 -1.415028729024546905e+00
-1.102267392456987016e+00 -2.722122224274851066e-01 -6.744356970030715992e-01
-6.435449788170692909e-01 2.694879583416108781e-01 -2.995259365969402676e-01
-1.143853639539014866e+00 -2.189857827007049285e-01 -6.292354796500365666e-01
-1.105190981718887411e+00 1.804778056583575541e-01 -7.254011880155629699e-01
-1.108355481189396308e+00 -1.553787418563723211e-01 -6.369791336803588555e-01
-1.138481288607234410e+00 4.650241135115183444e-01 -5.249722643936967081e-01
-8.251513212632615168e-01 -1.463683389693015147e-01 -7.528605949239814965e-01
-7.349712897624790520e-01 -1.031324979573086664e-02 -6.352695721373547988e-01
-4.849976994542514186e-01 -3.903950321121288924e-01 -5.009290115651154895e-01
-3.344464097227271004e-01 5.473660430920495035e-01 -3.179617237990005341e-02
-1.237175874319114577e+00 -3.575201904600185943e-01 -7.239890798968139363e-01
-3.666465135219707516e-01 3.836832645497913474e-01 -7.820214986368122512e-01
-1.399802522553823758e+00 4.559918008798169442e-01 -4.094194773663036302e-01
-8.846142778210873692e-01 1.082813004161775894e-01 -5.825099982367502038e-01
-1.011288059863549194e+00 1.768627769228290347e-01 -7.874845897198812228e-01
-1.014394403515506138e+00 2.507180808476097145e-01 -3.496263248688027958e-01
-1.083589028512545349e+00 -1.118135756646995382e+00 -1.386160485854906366e+00
-1.083360267361975993e+00 2.593984785440718865e-01 -5.221113893789132154e-01
-1.766023304150090789e+00 -1.033649884970659016e+00 -1.485705676270794973e+00
-8.461847043201289331e-01 8.297230000577046072e-01 -4.820405281652416773e-01
-1.347222789230230422e+00 -2.529561283141094630e-01 -9.502585752088515969e-01
-4.407828603305403714e-01 -1.396680811635504608e-02 -8.330581440694286022e-02
-1.127729781452640800e+00 -3.019878729695633646e-01 -6.975872930236521885e-01
-3.118548443822461436e-01 -3.486386112165011930e-01 -5.401620214302996770e-01
-6.184586133944059982e-01 1.805423608519074186e-01 -7.858010545331650665e-01
-6.219663783028693826e-01 1.453859483594932556e-01 -6.473867475502069757e-01
-1.210370291853191560e+00 -3.853644500513745408e-01 -8.698377010132168907e-01
-1.459754476473975382e+00 8.037256440978838290e-01 -1.135573437486449427e-01
-1.338440198954000682e+00 -4.754544203436440464e-01 -2.481843849513160061e-01
-8.769206297278645534e-01 6.151044118575283992e-01 -7.577809788322874551e-01
-4.019883505217483055e-01 -1.112254905855741965e-01 -7.162507860091892331e-01
-1.180528090105571914e+00 -3.085586657631858576e-01 -4.581655122420557058e-01
-1.026558333199569573e+00 5.745121914801123442e-01 -4.134343898448524235e-01
-1.495761709108420767e+00 -7.549299416796335926e-02 -9.757841262576146812e-01
-7.553388298178139726e-01 -6.930719852205133313e-02 -5.615960979289260635e-01
-1.146237092407550451e+00 3.861741031895521425e-01 -6.906824396606310312e-01
-1.035536940642173498e+00 -5.167413020335601681e-01 -9.687169076593130645e-01
-4.509012927708881957e-01 -3.855892278184026578e-01 -3.554885083065836837e-01
-6.781699497037615432e-01 -1.606693615824857091e-01 -9.303229004409935277e-01
-1.195239591453380656e+00 -1.735243555265867654e-01 -8.071509314292223403e-01
-6.967010023203215052e-01 3.410655589377697972e-01 -3.572802299143846838e-01
-1.118791105616758319e+00 3.545594010645408689e-01 -7.002958325843079423e-01
-1.074682964682714958e+00 6.330734559153480268e-01 -5.669829081776187607e-01
-1.076354193560489669e+00 1.393035079620812411e-01 -6.749758412603471536e-01
-5.225464952402160135e-01 2.607496097623094866e-01 -4.875271551953382354e-01
-9.935769031629433368e-01 3.965468348582185110e-01 -7.011090664625125868e-01
-9.105222591553427947e-01 -9.411677271808831236e-02 -6.882712824915315775e-01
-1.593284301803891356e+00 9.096722551847771787e-02 -7.627921244469887396e-01
-5.408299923413408816e-01 2.906566159037138330e-01 -2.998045419479267171e-01
-1.019292432136269078e+00 -4.633520102337654878e-01 -5.692601159388145371e-01
-7.237849156322504474e-01 2.088032402824478162e-01 -5.708673132030551711e-01
-8.640131961764143664e-01 -5.595857815562363946e-01 -5.851348158566065383e-01
-1.035434404691532251e+00 -3.692348342902186942e-01 -5.763928746309417983e-01
-1.150671423299866269e+00 -3.597915861820467076e-01 -5.945252634855630047e-01
-1.267154352133597284e+00 -2.003140599028299107e-01 -4.545774228532792338e-01
-1.121573669732188305e+00 -5.263792902525620265e-01 -5.877609776129038011e-01
-8.860839156447548604e-01 1.669683937831529519e-01 -5.384416148311731432e-01
-1.113089899253976611e+00 -4.517703531181520987e-02 -8.029306521213372960e-01
-6.994935710233701753e-01 -5.445392313734324086e-01 -9.260860486010468184e-01
-1.293357791968317461e+00 5.706933662191628898e-01 -4.017666534841035086e-01
-1.204190800801087979e+00 -2.325137597964420932e-01 -6.410851460382919198e-01
-2.329172040946161093e-01 8.388900428000001241e-03 -9.602522311270828004e-01
-5.226425783692603133e-01 -2.404588278606393237e-01 -4.112244526004257827e-01
-8.907938102013763793e-01 3.985381301463451487e-01 -4.803266877231502363e-01
-1.021991713720685757e+00 3.268292480670811351e-01 -9.268930572032462178e-01
-6.598443445316809486e-01 -4.208425847550013588e-01 -6.137454556671758654e-01
-6.235913452987609240e-01 -2.936863589514744910e-01 -4.623659230648162755e-01
-7.135777223621211363e-01 -8.598806670975767119e-02 -7.087463327153437076e-01
-1.272639849272844126e+00 -1.854011002251604590e-01 -4.307841924188967608e-01
-9.099879226104294894e-01 -6.799466195238341726e-01 -4.816075804869782706e-01
-1.286951387522965895e+00 -1.180495128412509809e-01 -1.149598162778030952e+00
-5.984292568324617312e-01 -2.386160174906476472e-01 -3.829690927140859125e-01
-9.771633452527075381e-01 -5.448622818305058624e-02 -7.341216942013383262e-01
-1.001764502745455365e+00 4.053762027943828561e-01 -2.120099820683374325e-01
-1.106139589491258679e+00 2.861995874657329297e-01 -6.256039276054629061e-01
-6.710758159286912550e-01 1.697896315913859366e-01 -6.349936294624978217e-01
-1.245682850682116705e+00 2.943676894393228438e-01 -3.602799991868531060e-01
-1.064099544964154820e+00 -1.047284557202874611e+00 -1.067442059123505871e+00
-9.419691070006719347e-02 9.442406855053543657e-02 -7.315753887109492926e-01
-1.291021368921948964e+00 -3.588610708117864201e-01 -3.553231689008331529e-01
-5.538619924410800310e-01 2.773767102729980394e-01 -6.229555945512221804e-01
-8.978595777182606374e-01 2.918069517474191632e-01 -7.441133776571637881e-01
-8.331910306552764434e-01 3.254803057523617582e+01 -4.083708600627724561e-01
