-7.138083889575210783e-01 -3.458099038365876621e-01 -2.808542672411230567e-01
-8.681908174383672350e-01 -2.423470224109093019e-01 -9.896924180801164317e-01
-3.529444143005450729e-01 -9.249824526312863116e-01 -8.160462115198007238e-01
-4.722912973058187025e-01 3.935980878809121064e-01 -3.252456477027727555e-01
-9.945089144335954590e-01 9.871284407310082498e-03 -1.679376293880387727e-01
-1.289902813642349599e-01 -5.445650100150702944e-01 -1.177930708034919532e-01
-7.196329144856884463e-01 2.313845580024894710e-01 -3.440124699637903682e-01
2.700453325345412714e-01 -3.095952671223076158e-01 -2.091085649470119656e-01
-3.509244291873157007e-01 -5.293871131936127572e-01 -6.078464570032940939e-01
2.699688268788413281e-01 -2.268826699397405444e-01 -2.925523251897137467e-01
-3.930918909398635197e-01 1.669238647185784241e-01 -1.647402215889160193e-01
-5.434319213710485652e-01 3.976878179159298865e-01 -6.694276749794420001e-01
1.542977649952617103e-01 3.280852443277821884e-01 -3.477531495929032102e-01
-1.015657567799438943e-01 -4.622405760084666304e-01 -4.213256632137080682e-01
-3.388909298143081283e-01 -5.246823651612387840e-01 -3.395395513312377545e-01
-9.646730124479885315e-02 2.810310308920263012e-01 -4.843209891886980367e-01
-3.892371467730195156e-01 -8.777209519322564102e-01 -8.936505004705075361e-01
-1.591353532460755005e-01 1.135384194192622098e-01 -3.802454887655659088e-01
-1.459379438212449476e-01 1.662703136818585448e-01 -1.941084478430831206e-01
-2.488788549953497853e-01 -6.116233949475677334e-02 -3.105603092003040300e-01
-2.536547811845454303e-01 -3.546382593088804880e-01 -3.799191029652206342e-01
-1.963667743817873457e-01 7.047115990396565222e-01 -2.976702856325768032e-01
2.028785319586838831e-01 -7.167891280487696803e-02 -6.842755647240239547e-01
-5.099861078482468280e-01 1.642253508004321017e-01 -8.217079663930806355e-01
1.445539862189457181e-02 6.687390321900985590e-01 1.997196868955469495e-01
-8.492533661780207049e-03 4.313304201229172796e-01 -4.331752432729870650e-01
-3.547043835395616851e-01 -5.984679025812457143e-01 -4.594810941919028613e-01
-1.214451056600450274e+00 -2.300479053462513301e-01 -3.836942442631196548e-01
1.220547635668454284e-02 7.397395765981649995e-02 -4.178678651245126829e-01
-3.419085794365278597e-01 -4.846325402328444110e-01 1.987634934627324421e-02
-1.639466891108091462e-01 -1.184306726117844155e-01 -3.795855477748118489e-01
-2.366138160998924878e-01 -3.733640405311486887e-01 -8.049918630155197263e-01
-4.167192267947372741e-01 2.341834515911419556e-01 -4.214048087720571045e-01
5.339526085775383457e-01 -5.981926192933721964e-01 1.352164414288382632e-01
-1.106281305388575831e+00 -2.789712471138928174e-01 -8.693858017433567786e-01
9.554161761653509610e-03 -1.951668548489572663e-01 -3.290174893814592494e-01
-3.309790459011797137e-01 4.500221050091556818e-01 -4.472206810766941043e-01
-2.472465201340157126e-01 -9.394439145412895042e-01 -4.994486133987678933e-01
-4.959882216591255388e-01 3.876388543164321354e-01 -3.412934313832389766e-01
-2.220967260215105377e-01 -4.463747225695598453e-01 -1.075503568142483490e-01
3.896423276868041796e-01 4.551811216764728441e-01 -2.153713221469276129e-01
-5.487263947570396594e-01 -3.308712078362486819e-01 -4.500076453542206090e-01
-6.551863631505103758e-01 -2.860907550432638113e-01 -5.938463616218671026e-01
-4.095841732078281394e-01 1.957097236029732013e-01 -4.928368933540709929e-01
-9.714739349216382491e-01 5.348064282308766515e-01 -9.261506949657030141e-01
-3.626060394949452981e-01 -2.518878133319542023e-01 -1.485845953582139167e-01
-2.100601146435286115e-01 4.375006532011219695e-01 -1.173867510158399796e-01
1.696895522038199822e-01 1.027864221096144032e-01 -5.533811747495945843e-01
-5.744472202753809348e-02 -5.686257711132671755e-01 -5.313305796305058948e-01
-7.794496085861274404e-01 -6.392163620013955327e-01 -2.396130471650335589e-02
-2.939127101447337465e-01 1.692086410469543223e-01 -7.940949819153935163e-01
-2.969173607905740697e-01 3.517414099937120620e-01 8.102232669669783005e-02
3.372450055784639300e-01 -4.645897340955223442e-01 -9.050666307710368841e-01
-3.014111227567300988e-01 -6.390829560790960429e-01 -4.007458117554871246e-02
-2.850298483780142403e-02 7.207822158706925775e-01 -4.065500030970420897e-01
-4.942063001160673097e-01 1.002855910453325228e-01 -5.866597319493296186e-02
3.761783288623785776e-02 1.274660629170284651e-02 -4.571957520977392164e-01
-6.367386261018426197e-01 -1.116753167492039039e-01 -3.729464474776116312e-01
3.992908979783841295e-01 6.696839589554013372e-01 -5.644104758902717123e-01
-6.997497136449262189e-01 -8.801606745618809069e-02 -6.176075398120902671e-01
8.370571905751195141e-01 -2.776339874089917559e-01 -9.778111061590611941e-01
-1.908963712864072959e-01 4.675753254670934056e-01 -3.516482079496744961e-01
-2.156427544543323971e-01 1.033682642214934555e+00 -8.501201682147270233e-01
-5.773202593123740733e-01 -3.807503686295581335e-01 -2.049640247363291312e-01
-5.551083559792776567e-01 -4.153197311563118777e-01 -3.912205527596078203e-01
-1.416502839990249896e-01 -1.194134444281996082e-01 -3.862721385504014338e-01
-4.435839495363417817e-01 -5.198967269338830022e-01 -4.644688840870870306e-01
-1.930702104389969143e-01 5.040198508528243720e-02 -6.044964121861727824e-01
-4.297652703654234463e-01 -2.766399409537791954e-01 -2.506872725033437166e-01
-6.434843438951866057e-01 -1.105771293982222292e-01 2.004685500808448817e-01
-3.413469638663894912e-02 -2.611608643608319125e-01 -3.761969889935976030e-01
-2.449986064430445531e-01 1.762042478650382993e-01 -1.348203430390413904e-01
2.982852221185142497e-02 -2.786584475063654254e-01 -2.925410711089225790e-01
-1.605615313184819148e-01 -1.151795060564587796e-02 -5.065584808482875845e-01
1.575609456109351714e-01 -3.258611065929604700e-01 -1.742514773925984972e-01
1.607281578110537623e-01 7.490767140655864020e-01 5.211027496622595845e-02
-1.208911208703200124e+00 2.769944870430408046e-01 -6.336243056852677302e-01
-1.762272038424750609e-01 -1.563644884921818190e-01 3.451047621433023793e-01
-4.549544532703097555e-01 -2.063072290119689067e-01 -3.962381526721961422e-01
-1.959412694315199044e-01 -3.609680528183001336e-01 -8.692176273308693801e-02
-5.838268357985140211e-01 -4.571187235415159478e-01 -4.088650376093330707e-01
-7.717998926356441913e-01 6.755603854995064980e-03 -1.439788377625723648e-01
-1.259446398681587365e-01 -2.733157924971706398e-01 -4.376019450505551078e-01
-2.498469936734376284e-01 7.891421629169010910e-01 2.591630305900719522e-01
1.407251072606146014e-01 -2.572349027092141749e-01 -3.402044589822163512e-01
-2.997266884956171218e-01 -4.297167831806496530e-01 -1.895697777218629532e-01
-2.675190077774077246e-01 -3.628611342270837148e-01 -3.474861273720636912e-01
7.070821210425737302e-02 -4.084043330145595840e-01 -1.192251998980284611e-01
-4.500484221585193123e-01 -3.343067774421249472e-01 -4.670515352098973949e-01
-3.487309506234120282e-01 -3.137001286290203583e-01 -3.222277281859430853e-01
-2.702285711193916362e-02 -1.614072444958339070e-01 1.310674121643364276e-01
1.531748571707300943e-01 -3.972184553915596439e-01 -4.572037077186671961e-01
-4.604595917947192363e-01 3.747203626005894961e-01 1.852171614054881066e-01
-8.947669839057953434e-01 -2.833872891502819957e-01 -4.898407522247797408e-01
-8.090883669115241927e-01 1.762669220461064168e-01 -4.590995466585632845e-01
2.105204289002735596e-01 -1.473229333571822175e-01 -1.256819297080116193e-01
9.362555086770890656e-01 -2.657252619460543919e-01 -8.675905173094547451e-02
-3.427924487932703518e-02 -2.484034367790047271e-01 -4.988750931433424407e-01
1.938280258291557034e-01 -1.495704405994604247e-01 -5.973804910604966351e-02
2.088094603515471340e-02 4.438279654407246144e-01 -4.177843530191273080e-01
-1.378574768739098712e-02 6.203765281320093583e-02 -4.182246624460683737e-01
-5.536694468917702228e-01 -6.115347591183757370e-01 -3.040681837690811240e-01
3.979753025576016623e-01 3.879180352385137032e-01 -9.969974386801551125e-01
-3.475397336287063821e-01 1.455457512207364856e-01 -3.845396512905034370e-01
-7.624899136489773910e-02 -6.122006896252900621e-01 -2.289388333709320156e-01
2.320642041292516611e-01 -5.978391460949012970e-01 -3.228960783901413389e-01
1.851372628137542831e-01 -1.882267368018243348e-01 -2.514837602078405787e-01
-3.530651954018725891e-01 3.965199868983376175e-01 -7.935520185130456872e-02
4.827780626832653757e-03 -8.494021818414905500e-02 -4.365965209270670777e-01
-4.075408325971782153e-01 -4.161845193005544452e-01 9.434962482235927095e-02
-5.697143129175545884e-01 -4.771240354134739237e-01 -4.903554965311652247e-01
4.570684852222632322e-01 -3.686945667567565477e-01 -1.971872989404011289e-01
1.166129857522385516e-01 3.735032699764391784e-01 -2.335148005366201318e-01
-1.280060868662457274e+00 4.385558376760877869e-02 1.354894005134053281e-01
-6.878898506693390535e-01 -6.162496833011414932e-01 2.142405276364275080e-01
-3.898439484472034922e-01 -2.509514335330094159e-01 -3.792670023252064371e-01
2.205952142593205212e-01 1.468549992513765723e-01 -3.580857406988309233e-01
-3.572212099339495128e-01 2.518646234965661312e-01 -2.883714384128369113e-01
-1.270097055264396146e-01 3.051330479976311905e-01 -5.276341571506537598e-01
-6.820402339019303595e-01 -1.378051652903695967e-01 -2.343574906075846231e-01
-3.550884271592263941e-01 -4.665751348201926385e-01 -3.917334630137718210e-01
-1.092999892726041894e-01 -5.862970768159048163e-01 -6.157106418069579340e-02
-3.613873126401594416e-01 3.944112890741067745e-01 -4.103768406310284167e-01
7.635072845925587603e-02 -1.181959158864399895e-01 -6.255432038694908048e-01
-4.083311064935552182e+00 1.120273917335870806e+01 -3.091649241597513864e-01
-7.022190487237793821e-01 -4.245521899230326190e-01 -7.735108399254579936e-01
-3.946839248611550555e-01 -1.231876212627672912e-01 -2.340232206513638002e-01
-4.342030948328587936e-01 -3.707484574761031326e-01 -4.750486927107992058e-02
-6.708557489253186290e-01 -7.639976648922999769e-02 -3.748990335142085573e-01
4.441303598573734246e-02 1.511582273635896610e-02 -4.356626016419468672e-01
-3.174582818157582476e-01 -6.297804697184982148e-01 -1.765057900946184477e-01
-2.406160108805043829e-01 -2.781592268289453385e-01 -1.495314576634440840e-01
-4.636831953819213759e-01 3.428456616336049145e-01 -4.343435228427775519e-01
9.285417102303994419e-02 -3.357300781634954823e-01 -2.631952795674949441e-01
3.648398807283773776e-02 -5.781800789851083699e-01 -1.724722834119978288e-01
-1.954736811709449906e-01 9.253343780751885905e-01 -8.329321820884529881e-01
-1.775491540613766961e-01 -1.824609085456593838e-01 -2.259189600164617506e-01
-7.883174081313354398e-01 -9.480010441683205114e-02 -4.235481967438613493e-01
2.354659268193955851e-02 -1.160562973842421242e+00 -4.216950960802091641e-01
2.630871571966258426e-01 4.443080566874104131e-01 -3.572576232116557171e-01
-3.436834828707967526e-01 1.225036790429165079e-01 -2.002122586792791925e-01
-1.283406210727314201e-01 -4.834032650842297607e-01 -5.323525481457945796e-01
-2.464535472183599918e-01 9.002893057087478501e-02 -4.033109262817916041e-01
1.863864469659254064e-01 1.360239551723425311e-01 -2.622968969877813028e-01
-1.332137574283684123e-01 9.999517930619997164e-02 -3.058098370744852801e-01
2.184187387971959493e-01 1.242151654290661877e-01 -4.742304322072734557e-01
-1.084125201022531487e-01 -2.115271424231410236e-01 -3.233550098667639094e-01
-4.155711550994797832e-01 -1.563636176322475146e-01 -4.838682412078364192e-02
-4.346032585937884551e-01 -8.515088055209431017e-01 -1.027098588731539808e+00
-6.717417449398398466e-01 -2.810069771305799824e-01 -5.348484765766946536e-01
-7.130280809203279335e-02 -4.380393629792424248e-02 -3.434761185721528776e-01
-1.450804228783414696e-01 -3.023370509130535871e-02 -4.414892598127701517e-01
-6.472949721342652341e-01 2.906179162935519644e-02 -3.578279092852584276e-01
1.339608058622560049e-01 -2.760476089403460231e-01 -4.487610369234074775e-02
-3.844573746652803492e-01 1.016401185487006975e-01 -3.247855416936199502e-01
-6.055444555606750434e-01 -9.496737096293622615e-01 -8.257836838540224544e-01
6.852469982740064247e-02 -2.807279543704246372e-01 -2.787089603412984951e-01
-5.339348621510927595e-01 2.663801973175537463e-01 -9.966390016782990247e-03
-1.577249799105173156e-01 1.063260961343610589e+00 1.697931762279063228e-01
1.211509174561253011e-01 -5.894729855801376234e-02 -3.654634146786032711e-01
-6.018805292689568542e-01 1.524046249759786475e-01 -3.045317312851130720e-01
9.477811940385000300e-02 1.728169273895852343e-01 -3.410864989403986636e-01
-5.273725868038970921e-01 9.268434609173807903e-01 8.196307913845128634e-02
-1.942104887881853925e-01 -4.278389767526369347e-01 -2.624986270672236000e-01
-5.190196164731174511e-01 2.447997084108556876e-01 -3.273637842453416269e-01
-3.191260061791906799e-01 -1.322490419857008936e-01 -3.342322557748277356e-01
3.001196691171887920e-01 -5.333340546832742168e-01 -1.727514563831001881e-01
-7.013783741809080929e-01 2.116119339700288926e-01 -3.879160930902427751e-01
-5.471630166396863615e-01 -7.415112175004477946e-01 -7.066815990472108400e-01
-7.068860535293860492e-01 -1.757273046878704004e-01 -4.413784831042861789e-01
-5.395985398949256773e-01 2.849693794268571279e-01 -2.135391164931509378e-01
-1.188521230805483497e-01 -4.666017796959150421e-01 -2.530843473890050377e-01
-3.230258561600158895e-01 -4.496961202064787000e-01 -4.422729412794689230e-01
-2.437502156703112988e-01 -5.020576735548892833e-01 3.732273414646632842e-02
-7.813133634579833009e-02 4.346249354216984440e-01 -1.027877414046793003e+00
-4.934945825463495916e-01 -3.686948988007780481e-01 -1.198235050272940944e-01
-5.725857378882340809e-01 -1.856644689121976499e-01 -5.240426875293249243e-01
1.532800839800314494e-02 -3.403149349460016238e-01 -4.898209010798385554e-01
-1.738939124529358948e-01 -1.349906347974660914e-01 -2.434384367005061889e-01
-4.111567697470963623e-01 -3.251250863688240345e-01 -3.708838419924131991e-01
-4.505431183735076894e-01 -8.642486640788883331e-03 -3.129612618813891189e-01
2.852657424140884190e-01 -9.469007200409745861e-02 -3.577570355289609871e-01
-4.432499798383826572e-01 -4.309003140645997071e-03 -3.164186181536408071e-01
-8.061280925307408030e-01 7.917154799788304054e-01 -7.574909556216424811e-01
-2.302530754935836754e-01 2.055514841186036890e-01 -4.225272747817952479e-01
3.738914500712613997e-01 -7.980610877939336989e-02 -3.260885395710914625e-01
-5.267150002283274013e-01 1.976473915934179315e-01 -8.287951042907987231e-01
-6.051091793374385741e-01 -3.206832825520336550e-01 -3.732365600080239099e-01
1.758882418217773691e-01 -5.309445889141679586e-01 -3.992867506091231089e-01
3.399674932613633294e-01 -2.306250658518677749e-02 -2.448136001144927409e-01
4.029982259636588071e-01 2.384865812008339914e-01 3.420682855718260029e-01
6.746667686098473116e-02 -5.535610976380792581e-01 -4.750670916013611245e-01
-1.010212133412124347e+00 -4.175735779144187920e-01 -1.550745193677384795e-02
-6.423930314071262249e-01 -8.964833099786065351e-02 -6.383054680096329481e-01
-6.657034128475926016e-01 4.812982006060663731e-01 -8.482524027640012676e-01
-3.432082716456731908e-01 -1.034612748294820861e+00 3.815145289827368957e-03
-3.445143515550412316e-01 -8.921308351002305015e-01 -2.153137151240107072e-01
-1.924195669615946236e-01 -4.356439680236335876e-01 -4.383736798596296613e-01
2.711012747846387461e-01 1.205284917350859658e-01 -3.947960065333845359e-01
-8.225702352595930522e-01 3.662484381075951090e-01 -5.774725276355352488e-01
-2.890591014975043074e-02 1.483563453752178019e-01 4.712694175022023868e-02
-6.490796403678130710e-01 3.043137615027703968e-01 -9.718456376273811037e-02
-4.890347016381420969e-02 -2.399971318359269967e-01 -3.645481328284870814e-01
-7.208963516129974769e-01 -1.200265988670659034e+00 -9.282107814596075590e-01
-4.618912881762335942e-01 -3.585361285690348843e-01 -3.323055797440696568e-01
-5.714609315368660569e-01 3.006857596985501035e-01 -4.449971842937852640e-01
-9.569731098562356264e-01 -2.305978575940632533e-02 -4.140333829093008622e-01
-2.946006289512263510e-01 -3.722023677618447324e-01 -2.241151474157284940e-01
-4.423321369518601331e-01 -2.163888503696037025e-01 -6.441271945706890378e-02
-2.757137121785027678e-01 -1.421882011141168412e-01 -4.758482346718998501e-01
-1.067621140639555932e+00 -5.327040524629707008e-01 1.293858391546833797e-01
1.765592354998022084e-01 -7.651278853353633558e-01 -3.002470297557162729e-02
-7.113396413809096597e-01 -9.381331838877456086e-02 -1.937433400372364778e-01
-8.774025387990088687e-01 -2.666645915734585648e-01 -1.174240868311166586e-01
-1.407211431051542894e+00 7.237631846672869240e-02 -4.728470091468240932e-01
5.139898051358571945e-02 -2.749799240663175492e-01 -1.019576024448280993e-01
-8.343598554675889512e-01 2.136661211112588221e-01 -1.350883103627838200e-01
-7.560225886394206229e-01 -1.475962317762992970e-01 -3.672020580683128532e-01
1.940336160050078473e-01 4.138330175862221794e-02 -3.186717166521336742e-01
-3.376991077591455781e-01 -2.390779837744295144e-01 -2.393372348219953427e-01
-2.482771590854136179e-01 -1.349415624100212874e+00 -1.354929638195065955e-01
-4.719844970515950644e-01 -1.971634214347758873e-01 -3.665469143527002038e-01
-4.996700308797881185e-01 -5.150918374403239408e-01 -5.189155797232851697e-01
3.106558819439581010e-03 -1.567044225699569526e-01 -3.967472168889091821e-01
8.167477702430900321e-02 -5.854379665578302028e-01 8.422563790078699264e-02
-2.906899260083601888e-01 -2.230734458030989020e-01 -9.792003228327358366e-01
-8.943246953173104030e-01 -2.653417565532229655e-02 -2.334981339057962402e-01
-5.988865319068897852e-01 8.373259657688367219e-02 -4.010414610999230023e-01
-2.575208968852031877e-01 -1.341201267019828669e-01 -3.515899364142711092e-01
-3.362393040654471643e-01 1.525905755533693287e-01 -3.283127970594723610e-01
-7.551287188890655477e-02 6.676171397105478134e-01 2.840896264639629076e-01
-2.726493392448419706e-01 5.215750825195534235e-01 -3.969988519584717879e-01
8.741791842563314749e-03 -5.201275795514695988e-01 -3.798597924541959880e-01
1.078058865568089081e-01 2.103354265693996861e-01 -5.504468316033692687e-01
-3.347399753032536673e-01 -1.337656182702558205e-01 -3.327849106795867651e-01
6.413764338446634183e-02 1.884821399609004633e-02 -1.990834930058290320e-01
-5.918818693735166114e-01 -5.117362101464774105e-01 -4.399933420003539486e-01
-4.293790522201971216e-01 -2.107608815913845912e-01 -4.710020848069267352e-01
1.763704143467248464e-01 -3.649273344638115923e-01 8.925380410324164349e-02
-5.296728476652630135e-01 -4.994107896867467922e-01 -4.510427577497000406e-01
2.312810231188571763e-01 3.162588433420719380e-01 -5.627423716992739910e-01
-7.473208518456271321e-01 -3.071924616874568970e-01 -4.860666098156991022e-01
-6.854915827530777680e-04 1.392942465194514923e-01 -3.421161608292467293e-01
-9.886862467999576465e-01 -7.253089751075755265e-01 1.708576396784948492e-01
-8.730155639414431679e-02 2.302697378925450122e-01 -7.054776736487265998e-01
3.982545458038604935e-01 1.395985468907759708e-01 -4.285159245806853812e-01
1.977825831830473113e-01 -2.368488058401531371e-01 -1.972865063482148740e-01
2.247371230960586719e-01 4.445738188151887593e-02 -4.899146653586446409e-01
-5.594460522447225470e-01 -1.372276616568403274e+00 -1.220363503323162735e-01
-3.733491140903103744e+00 2.760996708467403415e+00 3.986434790073767331e-03
-1.825913230816966493e-01 -1.323899783160055188e-01 -3.119093239295482878e-01
3.242078726535074090e-02 2.503442805879670940e-01 -5.271819100806524050e-01
-6.659778179510671414e-01 -7.285925983175785270e-02 -5.267558313709779227e-01
-4.012837575608055318e-01 -3.075716883298956206e-01 -4.067067824204384507e-01
-3.930457967221480386e-02 -8.064410956295648969e-01 4.478042860299936145e-01
-9.908966692691520417e-03 -1.375426105012398370e-01 -2.613213410350536114e-01
-4.358660754337969068e-01 -4.114629558152499977e-01 -6.073744026687019071e-01
-5.703987991954261316e-01 7.897614620552219356e-02 -3.764021770033499914e-01
-3.920688364969938111e-01 1.954041247577482099e-01 -3.738774481916440351e-01
-1.873151036998372820e-01 -1.396796714749390031e-02 -8.439130102351121154e-01
-3.390890304022493168e-02 -2.880963224334525674e-01 -2.634489482221275547e-01
-7.147786004784284497e-01 1.521012658630018118e-02 -3.325778795053908610e-01
3.120297353234352533e-01 -5.389053366501171671e-02 -3.543851604417091461e-01
-3.421795066763108628e-01 -1.088745868750447654e+00 -1.029665912882187229e-01
-3.423895360685123013e-01 1.218121316406793053e-01 -2.687810847857250995e-01
-7.739111042515666172e-01 2.889432504858277517e-01 -3.066456785709274491e-01
-4.996047635434515688e-01 3.052876578963249488e-01 -5.122208441100030152e-01
-1.167936787727768211e+00 1.105434786908704226e+00 -1.303784783414506376e-01
3.449913865692832288e-02 -1.661482491154930852e-01 -5.296215500320630154e-01
-6.803027079206936945e-01 1.029670306983215128e-01 3.764676558971083442e-02
2.500126492171224069e-01 4.032191341905715792e-02 -4.179976224331295453e-01
-5.733281859107630662e-01 -2.893233911773969158e-01 -1.021280012996118175e-01
-2.734218012576408174e-01 2.477838812158283943e-01 -3.867332378002226179e-01
-6.586108528727489808e-02 3.519519031565471745e-01 -1.952317177207307242e-01
-5.305556787631200422e-01 1.251686418225359532e-01 -3.634335185318693928e-01
-7.496640182756968418e-01 -5.792566046982647321e-02 -3.727290167424743283e-01
-6.345853829668367529e-01 9.655835729418510427e-02 -7.774883049021749093e-01
5.648831226665209163e-03 -6.596829300388065698e-02 -2.157861200879311048e-01
2.401225084067235005e-01 1.658311194632416663e-01 -2.342564023610068658e-01
8.981453364794248495e-01 4.889601980972519413e-01 1.104623366611069690e-01
9.252854033517157739e-02 9.541267496991399921e-02 -5.002670675797723510e-01
-6.856256724829470350e-01 -2.410446929550177225e-02 -3.517231408681246729e-01
-1.720782760157719415e-01 -1.785716516095229855e-01 -1.026340618246360109e-01
-3.690647054155403173e-01 -4.914268774933876482e-01 -4.397575949282598873e-01
-5.112176274804985932e-01 -2.137021607303675463e-01 -2.595544719558596225e-01
-4.682916531962930673e-01 4.294635630869657605e-01 -5.453916501266502515e-01
-4.282853642331281852e-01 -3.887509047779292848e-01 -5.618935421369051220e-01
-8.934625358757229963e-01 7.481784030933320839e-02 -3.660476725549494659e-01
2.895773166042090938e-02 -1.349053170347802311e-01 -3.689968585532018008e-01
-8.698000323991080807e-01 -6.604135076185850550e-02 -2.482819374884607383e-02
-4.198700033215845284e-01 -9.741042542177489327e-01 -5.103296060375213106e-01
-8.670080454611991394e-01 -2.670323332608030564e-01 -4.919106124230303578e-01
-1.256876409638459646e-01 5.639178408197680764e-02 -3.552770892224058064e-01
-7.491560304002243820e-01 -4.713818935495486806e-01 1.986666982020647565e-02
-1.189826251160231579e-01 3.160576625475807616e-02 -8.434245447135504392e-01
8.531514501653358895e-02 2.328055028894605027e-01 -2.903750457024245613e-01
-4.707478351128392968e-01 1.767617847738258696e-01 -6.319427389372360704e-01
-4.877845061265882465e-01 6.583316675046665956e-02 -3.817759519329883555e-01
-5.811378251224011970e-01 6.303259835822991874e-01 -4.131894468050395508e-01
9.278301201023123057e-02 -3.182244248663505110e-02 -1.256990904812865795e-01
-2.099353850389180931e-01 -6.318018083655722039e-01 -3.830943061406265060e-01
-1.639385037688057337e-02 1.857849927623031749e-01 -3.657168985016570062e-01
-2.882743141385289420e-01 -1.547022749611524306e+00 6.054511378750285222e-02
-1.034604166384366780e-01 -1.720890224676148994e-01 -3.980042247937017885e-01
-6.535681020773271843e-01 -1.527644088745690187e-01 -4.009619202251808456e-01
-7.536522189924604875e-01 -2.436950663583198617e-01 7.532938125258059614e-02
1.211254652373975615e-01 4.356234020675579105e-02 -2.334830843920358834e-01
-4.824829495772191001e-01 -3.528959775694981982e-01 -5.499927912092074100e-01
-2.281287975646504804e-02 -5.514979767461833937e-01 -2.244373755987348062e-01
-2.227230684920525339e-01 -4.994467109861838172e-01 -6.011848923632401309e-02
-3.674637568212398286e-01 -2.853129320541671898e-01 -4.523390026131424158e-01
-3.013129730144931129e-01 1.229103554231991136e-01 -3.492127803241829587e-01
-5.644131991169949458e-01 -4.524633075445066432e-01 -7.658930443420315370e-01
-2.269823506871362917e-01 -5.204024422975146447e-01 -7.965771494251688845e-01
2.200207006110144192e-01 -7.447880179658695754e-01 -1.343515583091471621e-01
-6.463370443390091813e-01 1.671975442493696951e-01 -4.363489663585539691e-01
-2.824527290073903241e-01 -7.438864788324198729e-01 -4.155133251320792254e-01
-4.850516705361955228e-01 -6.706612413374080095e-01 -3.437805660198908764e-01
-5.014426103772223753e-01 -4.887722947259288686e-01 -7.858914031952189960e-01
-4.172226408038792744e-01 -5.466291259183269080e-01 -4.888795049691064265e-01
-4.740074676289317973e-02 -5.783335936107705244e-01 -3.388523239452349012e-01
-5.460394597527602478e-01 6.145408817210059604e-01 -2.055147972804463041e-01
-3.012177468666720759e-01 1.043266823603590687e+00 -5.061599166484865853e-01
-4.965885147152492296e-01 -1.490632581456963757e-01 -4.256866770938318445e-01
1.053595637336507268e-01 -2.069363420136682286e-01 -3.563856216347196515e-01
8.708481936832948578e-02 -1.903569088971844014e-01 -1.885461315315141717e-01
-7.006303698604791907e-02 -4.672647560951035395e-01 -5.480719673309475404e-01
1.592452098767219437e-01 -2.618212561248313142e-01 -6.293025405962837660e-02
-6.402314368632423536e-01 -3.402303284067884070e-02 -2.451380369731551989e-01
-1.551955060177834800e-01 -4.780205877310197415e-01 -5.501194143357132083e-01
-3.833063362301559196e-01 1.776593992313349468e-01 -4.161862450934857294e-01
-5.772810192824999742e-01 -2.763159876277053728e-01 -1.623397352295107843e-01
-6.970082545085788395e-01 9.793961952579671726e-02 -1.769700989063176591e-02
-1.603180538591094662e-01 4.499462699728531967e-01 -2.889379063345605680e-01
-2.036819246258118540e-02 -5.241812721068689340e-01 -7.121275206023530702e-01
8.626806398963767775e-01 1.993236422940760089e-01 -4.345279463475271164e-01
-1.118281064809664022e-01 -3.448944468944100117e-01 -5.991743056060129247e-01
-5.102131891103053318e-01 -1.661502169373129945e-01 -2.006624693802993020e-01
6.186313962806703204e-01 -8.592632486897790189e-02 -8.975943625087163813e-01
-4.953297094013465185e-01 -4.275215123846751175e-01 -5.027142991964614893e-01
-7.163221564869676206e-01 -1.207805459772557238e-01 -2.891722910787443701e-01
-1.464310081203940295e-01 -1.397702264560578278e-01 -2.765955903830401574e-01
-2.165401805453793516e-01 2.535519358087977571e-01 -6.252318527812713578e-01
-4.168356567847277261e-01 -1.607412659883099559e-01 -2.212958952430818874e-02
-3.336203312517665998e-01 -2.366112099075270148e-01 -4.236184840605903834e-01
-5.806842942024843524e-01 -2.780733525081392488e-01 -3.507150973895311608e-01
-3.403247357893880998e-01 -3.035609751715522275e-01 -1.115032619514840645e-01
-7.065892103999212859e-01 -1.025942446439684214e-01 -4.350651786054458015e-01
2.455152695649512329e-01 -2.918410681981582072e-02 -2.381096892214111249e-01
7.811679734403972897e-02 -4.725630041790869207e-01 -3.568889915296221682e-01
3.339505682299875183e-02 -3.227833875188007573e-01 -4.511057884246454930e-01
-5.925072962244802843e-01 2.682410718937012772e-01 -2.591589658136839724e-01
1.709843541211786555e-01 2.328546808587824146e-01 -2.228390542614483716e-01
-1.505851875875419688e-01 9.678804628453356595e-02 -4.339492209701200087e-01
3.689250945308258922e-01 -6.331357413376834664e-01 2.947617877421840685e-02
2.442216148130547937e-02 -6.439140420694897116e-02 -2.296226702723878910e-01
-6.907666789559105958e-01 -1.398769959539042151e+00 -3.651900160813900675e-01
4.512000745516780986e-01 -7.357697252713405467e-01 -2.737196236030320362e-01
-1.548439840530173306e-01 3.480474142487073319e-01 -2.263925353386576078e-01
-1.665647100993795926e-01 -6.892043735241376590e-01 2.247491005519462459e-01
-9.286312533041194417e-01 2.442534254082865675e-01 -2.226256766625248906e-01
1.751589427178873171e-01 5.751399824680106937e-02 -2.471610840831692246e-01
3.526944852341031833e-01 -1.334739412007857617e-01 -6.058169576947424195e-01
-1.253870041089897025e-01 -1.629808959010866365e-01 -3.675550348880398666e-01
-5.143781381910715877e-01 -4.646834768503542157e-01 -5.807672097909246656e-01
-4.802441440151155039e-01 -5.006330723007680339e-01 -1.094780494145529137e-01
-4.756359584300950405e-01 -2.651310947818580344e-01 -9.649218125794959411e-01
-1.093236337949685000e+00 -3.091441268411651011e-01 -1.975565846904666356e-01
-4.407176458028122523e-01 -5.224343480268058837e-01 -4.252458274455207798e-02
-7.744158506486739091e-01 6.391248261898423155e-02 -3.791469156132521445e-01
1.311161729917654228e-01 -6.466655643847966928e-02 -1.212444965106486972e-01
-1.621561636149593533e-01 1.289946012800534947e-01 -1.792695150981251928e-01
-4.179369203544102129e-01 -3.321539022714879996e-01 -5.524098149512439715e-01
-1.609188678644785375e-01 -9.163205009644467269e-01 3.148492084074184238e-01
-8.142758226329174676e+00 3.080129889354627171e+00 9.802534769534720915e-02
1.738592084730701537e-01 2.740846016105624727e-01 -4.771120742383350155e-01
-1.582683890890832640e-02 -7.214431924894634252e-01 -4.231392849378325383e-01
-4.041526333310328511e-01 1.507931576728646084e-01 -2.672633063819844779e-01
-3.027444320078587214e-02 -5.545443639193522456e-01 -2.264461898511355986e-01
3.646685048307168886e-01 -3.540485910881120968e-01 -1.389787153910377049e-01
-1.108368440713085823e+00 -5.887287176759521401e-01 -8.513263775227414287e-01
5.256337210486445866e-01 -6.263774484852092928e-02 -4.326002294827124284e-01
-1.755990706334808471e-01 3.400803634737278869e-02 -4.540697593917593644e-01
2.032259871758005099e-01 1.712024680027355791e-02 -3.000363009502552414e-01
-1.986695363680919535e-01 -3.603328014631983489e-01 -1.000045807869821141e-01
1.111709176281165112e-01 -5.397138473196971820e-01 -1.925335359166280846e-01
-6.938219279045902965e-01 5.297383245378610439e-02 -2.652015634302720692e-02
-5.026817016074462963e-01 -4.299194243325382137e-01 -5.276756941721021388e-01
-4.025155378355464997e-01 -3.114801709547178055e-01 -3.970931996348002202e-01
2.086120867620043229e-01 -4.056307701482904093e-01 -9.143978298497490442e-01
-5.075770154377759469e-02 2.067696694575537064e-01 -3.693559549209600723e-01
-2.635337784974532416e-01 -2.090695836993107515e-01 -3.577216226364473423e-02
-1.472391384482849785e+00 2.617501712473737641e-01 5.476523120855402577e-02
-5.340976551712339759e-01 -2.293124460225734462e-01 -2.568849633802016696e-01
-3.544331499168525412e-01 -1.756342896813456733e-01 -3.737751396368059753e-01
-4.829648704720918562e-01 -3.135599932671188084e-01 -3.174579052382516253e-01
5.493180256815735074e-01 -5.920066470908094125e-01 -6.021710460668503462e-01
-3.691625971500772097e-01 3.613122072286661379e-01 -5.799050747264612449e-01
-6.014483385166339291e-01 5.393417651434373461e-01 -6.219308834925063589e-01
-5.582900198914663159e-01 -8.438153213440614531e-01 -1.390983292153706238e-02
-5.663324423118849538e-01 3.229017574091191944e-01 -2.822718023598475567e-01
-3.618734132128341163e-01 -2.888450663965024257e-01 -2.902392323259825879e-01
-4.248562152474996134e-01 -4.223040755484356312e-01 -3.803479094082829470e-01
-4.207699884761771369e-01 2.362906192933962035e-01 -6.203449495864482577e-01
1.574286118802608117e-02 -2.562075938251404672e-01 -1.498558450814747867e-01
-3.271731965235143980e-01 -2.738839855236584967e-03 -5.233917160823713388e-01
-9.147990454083297918e-01 -3.750947742959351988e-02 5.594463099763603842e-02
-1.495128209714797207e-01 2.884439028737569299e-01 -7.590277599175455636e-01
-3.561255652352383616e-01 -1.818893650277594309e-01 -4.171559558599415296e-01
-5.248473252091105934e-01 1.222810057652657101e-01 5.175312108867585748e-02
-6.353817572354863996e-01 6.103403623156914565e-02 -4.404633595085024611e-01
-5.584448824713276194e-01 -5.055363876281788738e-01 -2.012631123986079462e-01
-6.403777811044389923e-01 -3.110550391580069740e-01 -8.184301446031133631e-01
-5.258545544961694684e-01 3.815687577409831999e-01 -3.371195114116469216e-01
-5.014838497897247671e-02 1.359650978626396611e-01 -6.918306622306251707e-01
-6.606013518642896154e-02 3.114224509703009680e-01 -4.093323696985234350e-01
5.421512659774667675e-01 -3.850495125714773481e-01 -4.419696194212264784e-01
-3.585718204805254938e-01 -9.140123855334069125e-01 -4.560460409864721676e-01
-2.359473250372015329e-01 4.613500956414560983e-02 -5.485262036001513630e-01
1.444865129436892215e-01 -1.257845692860644071e+00 -8.034947198604488472e-01
1.386507369820559887e-01 3.782429467040144752e-03 -4.599282608686530716e-02
-4.094387641532840072e-01 -4.516923964337197228e-01 -3.978833194858131250e-01
-5.760648188803322300e-01 2.529406446097354766e-01 -7.905888990265623750e-01
-1.650642944964739733e-01 -5.008360869605092969e-01 -3.666291682552641484e-01
-1.545524891680397639e-01 2.776915007014294501e-01 -4.156285455902947179e-01
-3.217030059055276947e-01 -4.478139520287350295e-01 -5.570289058358185441e-01
-7.554155990833143486e-01 -3.486951864286982894e-01 -2.301918781025749094e-01
-4.343196634302332604e-01 -6.509042049111207762e-02 -5.131782616755368176e-01
2.101356687567024206e-01 -5.689338268829799428e-02 -6.260241072461842915e-01
-5.731806485714032728e-01 2.707875800146413159e-01 -3.700600986059272013e-01
-3.330133591596250997e-01 -2.507310253593221794e-01 -1.985337553207474071e-01
3.782651750695151804e-01 -3.360401907296626245e-01 -3.299778790783356452e-01
-6.948055202997203139e-01 -2.513621346392501676e-01 8.410700544655369537e-02
1.868579245938890576e-01 -1.645689465855892583e-02 -1.367940532684813471e-01
-6.998955627949323688e-01 4.298398162018621238e-02 -3.106504550606510873e-01
-3.044891793666465452e-01 -5.347444115717930185e-02 -3.423222800906570717e-01
-6.911816312186915834e-01 1.891620950530298328e-01 -4.357710601070304279e-01
-6.511539853598677929e-01 -4.885232939528257878e-01 -8.333988637965968060e-02
-7.126659148615122064e-01 -7.276870220124329602e-01 5.748377367788860132e-02
-4.227282517792038119e-01 -3.636174222965731229e-01 -3.934817697246046353e-01
-8.367721500998880346e-01 -3.453980688642896979e-01 -4.637016635405074028e-01
-5.668667582391283544e-01 -5.762249159532335518e-01 2.874793628853384297e-01
1.433296530746596548e-02 -5.399509030996366699e-01 -1.385788508859213120e-01
-4.390009346493479181e-01 3.408515960714874060e-01 -3.373082049829866924e-01
1.658051085033437066e-01 -1.298418604606861315e-01 -1.051791420611489364e-01
-9.415812912297959469e-01 -2.070855197886490029e-01 -3.367785109351842388e-01
-1.852253030037413206e-01 -4.242802035554686935e-01 -3.349682208181168908e-01
-7.566019331288290628e-01 5.545509853903705932e-02 -2.704667765441523541e-01
-2.738996806274604512e-01 -5.723867339843911051e-01 -2.876264035437876010e-01
4.136962995471327176e-02 -3.315846549087517539e-03 -3.158438769296511017e-01
-7.456587102044042181e-01 -1.182457619787535386e+00 2.021272220401668374e-01
-4.445948281276367875e-01 1.897135710417879040e-01 -4.114907410737053128e-01
-5.596116630747680620e-01 3.951857483744918853e-01 -2.469646827495932673e-01
-4.663243805605132852e-02 -3.042659469960543595e-01 8.796182833468926821e-02
-1.034163954134001751e+00 -4.110330139141176731e-01 -5.321573404312470723e-01
-2.138483214996010906e-01 3.708810919638552694e-01 -5.426056915895609567e-01
-7.441921680743662781e-02 1.412096432425651304e-01 -8.368914738823132193e-01
-1.873366025289751879e-01 -7.325908936153138762e-02 -3.364181639532065060e-01
-9.689477980194355355e-02 -4.251670799252120214e-01 -4.419816155717682937e-01
-2.699218595526136633e-01 3.963074403988082750e-01 -2.765353221378972770e-01
-3.737430167295617833e-01 2.275586688081654985e-01 -3.321780464240119968e-01
-4.909774238423836867e-01 4.984973121009460967e-02 -3.404537429781152036e-01
-4.363831679944622094e-02 -5.494898940621487649e-01 -2.024203346592791941e-01
-6.900071089379653522e-01 -3.101484768421880478e-01 -6.042361985409538949e-01
-1.621015465783745904e-02 -2.289553893094271875e-03 -6.414952788257207716e-01
1.393594405878517406e-01 4.212218713615523691e-01 -3.042508595623427681e-01
3.882515320276621051e-01 -2.540566539376830635e-01 -3.591725357562995380e-01
-5.899936822815649712e-02 2.303395936972593427e-01 -6.860453416552172445e-01
-5.051053223326527064e-01 6.105659151517716515e-02 -3.169210709910283974e-01
-5.187774108708914644e-01 -4.710183940459137242e-01 -1.506116820416307789e-01
-3.723178510982215195e-01 2.990006840816735179e-01 -3.038485545923773623e-01
-7.627555675391067824e-01 1.323823271828273862e-01 -4.871497708509996416e-01
-1.972660749998288998e-01 -3.271716408298195322e-01 -3.274323276776214819e-01
-2.066774827404172510e-01 -9.205182947125398751e-01 -9.902635650892732677e-01
-5.529778535742330137e-01 -5.418452752060999300e-01 -3.487471209599572464e-01
3.071724013276595500e-01 -1.013115644799969343e-02 -2.668925919150543224e-01
6.605995264338365702e-02 1.484789730221771631e-01 -3.136764023670500223e-01
2.694129942202995107e-02 -7.129990768729844719e-01 -7.257172111690322058e-01
-5.427148723421437726e-01 3.608824649830706388e-01 -4.715463818118417749e-01
-3.773767611080892925e-02 8.687817515199747903e-03 -4.274973947048248402e-01
-4.189472840065410764e-01 4.008825146169066045e-01 -3.491816229280591544e-01
-6.244675481368258119e-01 1.051503458674928615e-01 -5.933197630121870292e-01
-3.045247800226898449e-01 -4.047193816570314184e-01 -3.256017633306769188e-01
-7.960861847815966508e-01 -4.859694113918872627e-01 -3.115851956405094048e-01
2.316764420865090324e-01 2.216947518082847957e-01 -8.842419311398168613e-01
2.699207991208401602e-01 -2.045179367848132257e-01 -5.744898614004281256e-01
-1.200080318539035063e-03 3.276991782978119216e-01 -5.650125082998750381e-01
-6.532608491222835490e-01 4.730352643931879930e-01 -5.764881186916493983e-01
-3.201463026370732212e-01 5.165481068894264838e-02 -4.232089383415668649e-01
-2.554714384801682892e-01 -5.167505832345180572e-01 -3.175005658538139208e-01
-7.371064395561365279e-01 4.275192626488402703e-01 -6.018497686420929416e-01
-7.034145680035273074e-01 -6.907123446568035410e-03 -3.468989119088541906e-01
1.216260605203330208e-01 -9.916712968610348622e-02 -3.396003610476967527e-01
6.869144949538923406e-01 -2.464279833027681055e-01 -3.685109598058110558e-01
-3.529488590925007330e-01 4.883720267342770427e-01 -2.311855752573246381e-01
-7.737416384583164497e-01 1.308020574529496771e-01 -2.554624170163252161e-01
-3.662520280595289446e-01 4.620866067073329253e-01 -5.846759597865717195e-01
-6.360844220791906922e-01 3.383181670353289094e-01 -4.059680860098854316e-01
1.054779713675572106e-01 6.127204441849933847e-01 -2.925549647946256715e-01
1.101528068416099870e+01 -4.984210685967953580e+00 8.908644216163974505e-02
-4.190979427246407374e-01 3.644141210923094731e-01 -2.154266046123682332e-01
1.828776421115304446e-02 2.198828487375699137e-01 -3.156895333017504246e-01
1.944302416994365124e-01 -1.746064545146882099e-02 -4.920478193658596733e-01
1.818433516620448220e-01 -7.468328407316738859e-01 -2.172162860021251696e-01
-1.095963671881179824e+00 -4.185641091857100204e-01 -3.072425949430589998e-01
-2.034031382126629539e-01 2.710456622229490131e-01 -4.087517969408590579e-01
-6.183560269273165044e-01 -1.202594235209823448e-01 -3.825282502366202930e-01
-4.531445495150397684e-02 -5.417676594849317739e-01 -3.137196915476573866e-01
4.830094149895500927e-02 -1.169133471633576615e+00 1.990709107058885874e-01
4.601557083099168111e-01 -3.766291704999501500e-01 8.268659458107562987e-04
3.631082485284641281e-01 3.316945182528921454e-01 -6.514676631488406366e-01
-1.815124801882588290e+00 2.306579659799551096e-01 -7.678121420473075220e-01
-4.273225491663427689e-01 -2.460744841951574835e-01 7.805984416076598709e-02
-6.970439559767805937e-01 -7.405785700945057004e-02 -5.967443258936526718e-01
7.800898622480353928e-02 4.824681441062089043e-02 -1.198440410887187252e-01
-6.421933610537629011e-01 4.597514746757225268e-02 -3.270823350997174028e-01
-1.399089258980288908e-01 -7.066322404529368217e-01 -1.867258026637068080e-01
-4.389461494786864870e-01 -3.505856124790762696e-02 -3.088973077917250842e-01
-5.725253916642531610e-02 8.806617740063332755e-01 -2.322792189519047330e-03
-3.080323599225643361e-01 -3.291808633797647238e-02 -3.333167407378916369e-01
4.357766626508535919e-03 -1.437711843169195980e-01 -3.896152842927014803e-01
-1.048226485158270327e+00 2.169878382172427678e-01 -4.560671957113374697e-01
-5.755045760220510731e-01 2.975027309125745090e-01 -4.556479871203162890e-01
5.250840398244245311e-01 1.072808216642590073e+00 2.244055587341715202e-02
-3.745232725073617819e-01 -5.529997622095504939e-01 -2.790503916329768047e-02
-6.622150981628457944e-02 2.288069030105380486e-01 -3.770465136074536705e-01
4.019300487756616302e-01 -6.164384749051655676e-01 -7.188142018045499959e-02
-1.355369565143207389e-01 -2.803329668814520392e-01 -1.680414835594899736e-01
-7.115023433259477781e-02 -2.767564445222869263e-01 -2.822460803653019656e-01
-8.710561578159825569e-02 -7.112828686835861447e-01 -3.205001125898825354e-01
-4.290891923945316239e-02 2.735487853168560024e-01 -7.175980542466827705e-01
-6.165446743081584025e-01 -2.076905321717553432e-01 6.280061469330794691e-03
-3.421409531660835057e-01 -5.834359392136723166e-01 -4.196457049258773830e-01
1.102287985415277144e-01 1.160756158072238531e+00 -1.495223760763564336e-01
-9.673135582586116499e-01 -6.273999040486316625e-01 -4.541483689468114870e-01
-3.698560479817049607e-01 -8.303584982645995094e-01 -4.646255364035579705e-01
-5.429313442297515335e-01 -2.273477901998133544e-01 -4.094056844164804532e-01
-3.007029960876626551e-01 2.178184856184463281e-01 -2.737081170708685618e-01
-5.824691649518092262e-01 1.333437222742458461e-01 1.111248240183642169e-02
-3.421908025453725966e-01 -5.399562616679641769e-01 -5.351593152770299788e-01
-6.203027678034707115e-01 -4.655885800664378849e-01 -9.301676974738025683e-01
-2.512944675821389140e-01 6.478738647103002846e-01 3.287631524137528127e-01
-2.090501412555159921e-01 1.634424748458100374e-01 -3.795317368107906653e-01
1.863859905242476744e-01 -3.430978884012970687e-01 -2.467176957455128883e-01
1.269685006450445297e-01 -3.383256132147564599e-01 -9.877149177946045744e-02
9.631954827580297557e-03 -1.837018083908802946e-01 -5.393053105053711160e-01
-4.515578835792674606e-01 -6.623722708525475733e-01 -1.554950981529854837e-01
-2.914815557477945865e-02 -2.887632385941716340e-01 -5.096505611788044732e-01
-6.300496186848233426e-01 -1.188315486676591315e-01 -2.472101615030435351e-01
-1.831042142522139871e-01 -4.426323583127997341e-01 -2.121465036481981203e-01
-4.166620525030920175e-01 2.371118980046965641e-01 -3.929539373017558179e-01
-1.272481454380639254e-01 -2.608917192226204440e-01 -3.848563443323604338e-01
-9.166271564052606013e-01 -1.643623864440474591e+00 -5.539537435867161186e-01
-1.002665024579107028e-01 -2.551841131551432773e-01 -4.044010868316295637e-01
-1.462947589160707058e-02 1.700488070980938488e-02 -3.058732466001952699e-01
-3.318992781354434540e-01 -2.741675041191053430e-01 -3.898131107417218133e-01
-1.294896961480390962e-01 -6.233446201115943053e-01 -4.304920733750985939e-01
-7.033451032699447603e-02 -2.462992823104954709e-01 -2.621864120271245602e-01
-2.417773034016404698e-01 1.216410306681740827e-01 -3.952129867860806889e-01
-2.862006805967226564e-01 3.839354926441531091e-01 -4.879243604773727538e-01
-1.099469748123977242e+00 -4.542973807437233891e-01 2.391541653906643916e-01
4.160894546188913523e-01 -1.470128265195423840e-02 -2.201771242339274626e-01
-6.675173198693784560e-01 -8.410063299450459828e-01 3.468122403309987778e-01
1.609852617442527889e-01 -6.971054907411547985e-01 -9.600427168408655065e-01
3.451754403820888606e-01 1.024600056863385511e+00 -7.460419304942405017e-01
-9.489343296266573580e-01 -2.210782633733739122e-01 -3.457608094927998588e-01
-3.279750035477240755e-01 -4.068984583771799168e-01 -7.922341717876535405e-01
-4.579900862693947472e-01 -3.060126330028141717e-01 -8.216657683923312971e-01
-9.155897822914530471e-01 -7.383664165493634968e-02 -4.944211863926191719e-01
-4.353463934701810034e-01 2.581158817898804858e-01 -4.092496167796584317e-01
9.766675024929323545e-02 1.095731349720743042e+00 -7.923597598511286089e-01
-5.241706089653981326e-01 1.482503694320101151e-01 -7.228270481774087264e-01
-6.237771651618593260e-01 -3.395816929154011343e-01 -4.028600076266714014e-01
-1.443884174284353061e-01 2.149095244393233739e-01 -1.123671360075304826e-01
1.699098288490003272e-01 8.896155396394433978e-02 -8.167384941773400131e-01
1.079760136969213080e-01 -2.509053332031752626e-01 -2.192571969100926554e-01
2.316745711911240013e-01 1.442823008128733264e-01 -6.420509530388777142e-01
-9.814920710229900758e-01 1.130770932028765142e-02 1.272447558164404302e-01
2.660336672830468374e-01 -9.027835860367060539e-01 -4.091743503616948052e-01
-4.872120619264572738e-01 -3.782882166061261042e-01 -4.910583315038886676e-01
-3.331943213233587997e-01 -6.139578511441597941e-01 -1.960770596326248394e-01
-7.686856693821576547e-01 -4.387816059387344980e-01 -2.525992164724394917e-01
-7.266925906940397972e-01 2.497827772370104782e-01 -4.125048157736324050e-01
3.308286683534065187e-01 1.852095026476054951e-01 -3.940186478212096555e-01
2.212472642800911160e-01 1.024632758224071960e+00 -4.842737059882234463e-01
-2.541070168534358825e-02 -4.172740263895532986e-02 -3.066567063435446938e-01
-2.415386330777100077e-01 -3.334682593637133263e-01 -4.110778306934155801e-01
-2.956974586218738543e-01 -3.291950352574989913e-01 -3.150967103607484332e-01
-4.543164084701741268e-01 -1.606833881198030667e-01 -3.394186070692611357e-01
-4.575672201333358946e-01 -2.660065016325838250e-01 -3.874396719885901952e-01
1.351033828013396554e-01 -1.363992727435243024e+00 8.616027696659842028e-02
-1.388913121190583411e+00 6.209412536402000304e-01 -1.680381321683535323e-01
-1.202976863834911980e-01 4.747351882985344912e-02 -6.260998478135009204e-01
-3.994603611791847086e-02 -5.148547152270196992e-02 -3.442547956417881805e-01
1.089308031774524621e-01 -2.207363873791503006e-01 -4.277634221613159093e-01
2.428661489423433392e-02 4.406460397790415429e-01 -3.317947150693977276e-01
-6.578613997847589101e-02 1.905310173258461248e-01 -3.519215839455732131e-01
8.179092227153321459e-02 -4.314119091527159333e-01 -1.274937884921578113e-01
2.645365356007218227e-01 2.236543923988665999e-02 -2.590585981608408694e-01
-2.751655342446285846e-01 4.630149352174089405e-01 -3.093419009764813987e-01
-2.715982885703241423e-01 -3.211591986484943484e-01 -6.021276992861399613e-01
-1.225555723817487591e-01 1.240828302753473888e-01 -4.339929358585374874e-01
-4.869341381503999866e-01 -2.266771534735892990e-01 -4.322314155495497467e-01
-9.669712905533325853e-02 4.749597413836447735e-01 -3.658521531643307290e-01
-8.913302727292441441e-01 1.032172128501686714e+00 -5.954013990717599292e-01
-1.763569414610711705e-01 3.098162304555336366e-01 -3.900633261636773375e-01
-4.613951092283304356e-01 -2.860515864768332639e-01 -4.373439491002418245e-01
-2.165160743050023595e-01 -5.294687639976058957e-01 -3.533176214874642063e-01
-5.543411395775659223e-01 -2.906113285294353310e-01 -2.907565647541209830e-01
-5.532120803877816906e-01 1.777924564443038868e-01 -3.016029903006454682e-01
-8.426685562903865057e-01 5.892110909306133015e-01 3.014329119640735688e-01
-4.873517492629002579e-01 -4.688601373580744136e-01 -2.861726273698074197e-01
1.728178590887681498e-01 -5.360008284677280077e-01 -3.381782691243143818e-02
-4.833369503923562460e-01 -1.650433734771987460e-01 -3.231419792473594343e-01
-5.714243646165446666e-01 -4.786775916645262807e-01 -1.358631341268562720e-01
-3.484828766026756841e-01 -4.633380628143277669e-01 -1.590911613540846870e-01
6.796964622476082685e-01 1.428717608638966075e-01 -1.028362874286582740e-01
-3.823709631323372604e-01 -6.632039003259461163e-01 -2.847950842360747470e-01
-4.528088396857471443e-01 -3.708954155706559175e-01 -6.868500728483836193e-01
-9.240223166894881990e-01 1.003865347564786292e+00 -5.257817102565709444e-01
-2.839873715481080474e-01 -2.238226850141056268e-01 -8.323664126095705607e-01
-6.432498560349018124e-01 -7.289571733116103625e-01 -7.482690568867415015e-01
-6.360320838618503947e-01 -3.890178578761284700e-01 -3.012031237942479067e-01
1.715679158720070929e-02 -4.325240502333157350e-02 -1.825475822306497076e-01
1.116514242328135964e+01 -6.109009792195295496e+00 -7.117917041970271974e-01
-5.265621644883732300e-01 9.368129302089449328e-02 -5.093681551655248052e-01
-7.373153467931339300e-01 -2.522772100817518015e-01 -4.591621984008408264e-01
2.443394747790227917e-01 4.795855816246460263e-02 -3.177210729794118227e-01
-2.033690563174659349e-01 -4.220378030656556367e-01 1.594799465195765459e-02
-8.286791382931085748e-01 -4.991219560257648680e-01 -3.619255643763630292e-01
-1.590284476173860484e-01 1.326234122939364823e-01 -3.834219584481762810e-01
-1.676808732064666851e-01 6.605282287674549280e-02 -1.652466515265230973e-01
-1.072482096043320399e-01 -4.586740753847169949e-01 -3.203137576585687873e-01
-1.064211922015302347e+00 -6.211258329467764794e-01 -7.248830126578630351e-01
-1.987469036478710926e-01 -5.585637632913842410e-01 -5.022925735007378600e-01
-3.530388749487810562e-01 -4.370724026219015013e-01 -3.935475125956159337e-01
-8.170936708824209083e-01 4.311016717855560842e-01 -2.243029874395950918e-01
2.933417240626347289e-02 1.762859481806219597e-01 -4.197273134395371197e-01
-6.599655330810263454e-01 3.190204382044646847e-01 -2.922427723023036661e-01
-5.477131809670545692e-01 -2.019067971013124851e-01 -2.609881055227651347e-01
-7.014725263155816570e-01 6.295895956442545405e-01 3.100684947999921004e-01
9.536158664192016798e-02 1.707896970661484937e-01 -2.394641281909925257e-01
-3.406138643065573790e-01 1.002771064422625646e-01 -6.940554559021021308e-02
-1.617870181460984436e-01 3.140834328190157398e-01 -4.486151020215006779e-01
-1.452927341730093393e-02 2.136001692655943862e-01 -6.766175243277788853e-02
-3.988608009609683758e-01 1.073514284726453660e-01 -2.074644216263878405e-01
-2.207010616591692509e-02 2.597174975770095151e-01 -1.828741696161967079e-01
-6.256424231263723046e-01 -3.902134414447780975e-01 -4.095649701250366759e-01
-8.314600244842772492e-01 1.349620224210176245e-01 -1.007591000816612681e+00
1.034167579714340368e+00 -7.107072331701391743e-01 -1.228587650924067298e-01
1.439769927017987144e-02 -3.541214826338551780e-01 -2.912529095086927033e-01
-3.486789282790646594e-01 3.313778297607554157e-01 -2.214990715522372478e-01
9.610052129483137584e-02 -1.129114012216388130e-01 -4.968176639177035447e-02
-6.105172209080410584e-01 -2.146220410330197670e-01 -3.345092092262728634e-01
-1.217674919372107256e+00 -3.283146626411134195e-01 1.054415827413204693e-01
-4.575397088390052366e-03 -6.188676631104648163e-01 -3.481343321274540936e-01
-7.170901104332043641e-01 -1.337639071299340232e-01 -4.769244710504421114e-01
-2.475776678090256533e-01 -3.612009392361915094e-01 -3.694854727966230268e-01
-1.348976751264386209e+00 -4.666957911210793397e-01 -8.171091228460666267e-01
2.873904888567168636e-01 -2.984192938863410860e-01 2.279498966931308990e-01
-4.795334192271419327e-01 2.065190455995197238e-02 -4.333931299942895832e-01
-1.292701704442884014e-01 -7.879868580371515718e-02 -3.467268223059077892e-01
-5.247534161560886146e-01 -4.274897923549686451e-01 -5.431025085054788093e-01
-3.143392411826897437e-01 -3.505301196849312517e-01 -6.224585963822187873e-01
-4.154959890366618502e-01 -5.900785466404278035e-01 -3.537109241681763439e-01
-7.963117041379673688e-01 4.140837400315280914e-01 -5.002766215292534513e-01
-4.270601877851307876e-02 -2.144085024172921392e-02 -4.507660357968443221e-01
-6.145069271046434967e-01 5.802018064931555724e-02 -3.200640892723647379e-01
-3.640418711254311823e-02 1.933858256156045508e-01 -6.874088593863181273e-01
-6.251529138870636215e-01 3.503754025763881619e-01 -5.335003802555122743e-01
1.598977723240317950e-01 -1.054568456899597440e+00 -5.739965535990331214e-01
-1.689365349830736218e-01 -2.275416186290330108e-03 -3.736437140939294910e-01
-3.436085319314106101e-01 1.201748401660760607e-01 -1.972698389300993060e-01
4.294360910561894618e-01 -5.944638989211693536e-01 -4.003097128163766172e-01
2.857532962533736454e-01 -1.935916487552739040e-01 7.838248806113491673e-02
-7.664592126597609134e-01 -3.332876872000383184e-01 -3.867230418703332395e-01
1.083546390037162799e-01 -2.401197205028638981e-01 -5.060690427430093452e-01
-1.913198302129541228e-01 -6.670198078470855885e-01 -3.103098827936511817e-01
-6.199760883509590759e-01 7.219218549670264329e-01 -1.436219856221868096e-01
-1.673863172315717962e-01 -5.058095891434583047e-01 -2.157322474738283258e-01
-4.188146990896755573e-01 -2.381799320708576362e-01 -2.798017761271842652e-01
5.257746024792817607e-01 1.297229807735192919e-01 -6.211595842265138154e-03
-4.729181699101744352e-01 -2.146105548755036507e-01 -6.804327948510551227e-01
-6.914650512561825169e-01 -2.241026036220499784e-01 -5.088547688501088295e-02
-1.399071597310044046e+00 -7.847201032671460852e-02 -5.505364975023375740e-01
-9.020887872892624504e-02 -2.118389489697496963e-01 -2.822139367363171170e-01
1.008651849061808770e-01 8.890772284443332341e-01 -4.375352973669903722e-01
-1.681381615442101740e+00 -4.178186173713555607e-01 -7.231793845514454533e-02
3.454746041495243558e-01 -3.911382937928246095e-01 -5.027812985464797935e-01
-1.333863577305283821e+00 -1.607829896341976816e-01 -3.816428084666724785e-01
-6.322755616485560282e-01 2.576964625647401586e-02 -5.214441956649586984e-01
-7.996270920692042372e-01 -5.233975532503311046e-01 -3.153980065518897646e-01
-1.399365760663309061e-02 -3.535544296118904306e-01 -5.117290362771540480e-01
-7.120330800852846531e-01 -1.143678992992553795e-01 -6.467302723993213487e-01
9.823427587667877062e-03 -2.858841709220941944e-03 -7.436529083862342127e-01
9.116127125538298070e-02 3.865574326985204978e-01 -3.823110991449028551e-01
-6.635150136056044978e-02 -1.012737798514687926e-01 -5.178474359375917491e-01
3.890952281325125717e-01 -8.235218591565489632e-01 2.512166133417254033e-01
-2.015156188664040671e-01 -2.181190514573288775e-01 -1.967574817328295311e-01
-1.878766818480945566e-01 -7.894888241395203732e-01 -9.499803037966024766e-01
1.348671339963961879e-01 -1.105786173922649607e-01 4.679190599935689754e-02
1.968630969495540062e-01 -2.995655445357355284e-01 -2.719692082538066602e-01
-7.888760972798897209e-01 5.794705655774797654e-02 -2.738010952010261345e-01
-5.214471597826829674e-01 -2.258665918891448465e-01 -3.716235041884718426e-01
-6.003863373245296176e-01 5.502479303665400723e-01 -2.666482179856092261e-01
-6.793827676131898308e-01 -4.130853857148080177e-01 -8.366542660129343278e-02
-3.821344630779870410e-01 -4.962854262817905648e-01 -3.711330691780657665e-01
-2.040974489280285298e-01 3.083964188175855603e-01 -4.271936526581771587e-01
3.337860272758571001e-01 -1.204008424507080205e-01 -1.961850180387649523e-01
-7.459196494070071681e-01 -4.374739473404619106e-01 -2.843498989621908724e-01
-5.328043662696068106e-01 1.998708777257457436e-01 -1.892057228801105329e-01
3.250954537851878379e-01 -4.445735900555923825e-01 -2.464914241562460306e-01
1.496134754951354839e-01 -3.930452450154378607e-02 -2.786156777527859507e-01
-7.520267508995267525e-01 -1.694524295246144230e-01 -9.314904550689530327e-02
-3.392651856983383563e-02 -1.764442748107887815e-01 -3.369781480323855161e-01
-3.245163778675206334e-01 -4.483551036254544431e-01 -4.919958632596314052e-01
-4.799629063650593386e-01 -3.503750146147596167e-01 -4.569477817199257275e-01
-4.055466008067405981e-01 1.437931716885377353e+00 -4.676720058446078715e-02
-6.096067000050360285e-01 -1.868567062527053402e-01 -2.318761797934808244e-01
-8.412943259948848507e-01 2.579579095060480221e-01 -5.590941034253473774e-01
-2.456283585187246099e-01 2.758697961758129202e-01 -2.891518272991546179e-01
-9.587744195416672555e-02 3.821241441220181445e-02 -5.280060049654091564e-02
2.274651133399443192e-01 -2.681554940226170691e-01 -4.402596142200049800e-01
-1.410232679422507990e-02 1.703989299289584425e-01 -3.522980433985483106e-01
1.281449611704764749e-02 1.289683709375622489e-01 -1.949520020336542037e-01
4.662464135004882465e-02 -6.070455568901707982e-02 -4.361858709499739084e-01
-8.057134769303051502e-01 1.827655359274265034e-01 -3.108253954439899602e-01
-8.526908864329993953e-01 3.365397172191776365e-01 -3.339996624386538104e-01
9.904294721551785974e-02 -7.339379139397065113e-03 -4.206035266809111661e-01
-5.244942091408889839e-03 1.341425095572789938e-01 -3.434338495678678771e-01
-2.980433404718592014e-02 6.989718182469559227e-02 -7.095307307660843055e-01
-1.307735985466854448e-02 -4.644911365750433729e-01 -2.694111439594990554e-01
-1.051347823488638783e-02 -7.492887393968174214e-02 -6.430964110388247557e-01
2.223481006998476728e-01 -4.001962637166628367e-01 -4.364367427806685185e-01
-2.827913976307118715e-01 -4.697210159717319367e-01 -1.518632191216221471e-03
-5.208448000780405707e-01 2.529096376689527470e-01 -3.288741972613215547e-01
6.258124912780892446e-01 -3.263322143414477683e-01 -4.335844432745540322e-01
-5.677193847251645886e-01 -3.574239323596880014e-01 -2.016303810817457187e-01
-2.593506846744131344e-01 1.984721990944182390e-01 -6.699400435413745969e-01
-1.337094571978654500e-01 -1.674886960751822695e-01 -3.366489793642703510e-01
-4.680094956078204027e-01 -8.540669720194497827e-02 -3.983933703834856010e-01
-1.515078557617914878e-01 -9.379457786071520031e-01 2.128332618722711400e-01
2.753737258959683687e-01 1.827935565658415362e-01 -3.790281126436035875e-01
-1.075532305597965088e+00 -1.886519625471296535e-01 -1.043828812261986760e+00
-1.204933939736843707e+00 1.435492173932403082e-01 -9.536827455027582223e-01
-5.767639040675541784e-01 9.748144953733635376e-02 -6.434998658820207940e-01
4.030386390794067630e-02 8.051614841581707094e-02 -3.602982435507359749e-01
3.682508677452176471e-01 -3.454755975932428114e-01 -4.019038633694116402e-01
-1.681350631375864380e+00 -1.731452622877139025e-01 -8.348879454264493960e-01
-6.056637449103973836e+00 -1.251285763219649816e+01 -6.600355811607616641e-01
-1.216463450573508631e-01 -8.712421369929684856e-01 -3.673443218757896922e-01
-7.469417222307794813e-01 2.825179902506289031e-01 -3.345540360854019624e-01
-7.247059073166903787e-01 -2.645860131135406301e-01 -4.389876944643683054e-01
1.123422417179455873e-01 3.220469506982513025e-02 -1.073767729509464836e-01
-5.434593165440779750e-01 2.608445118547695896e-01 -1.485653348773494364e-01
-6.043083204414114729e-01 1.394525530453686601e-01 -3.571769919078796041e-01
7.449339470203623914e-02 -6.905388201468941334e-02 -5.669169793447361716e-01
-4.699661294197526179e-02 6.214524566024939856e-02 -6.049981251408504956e-01
-3.133370143813677400e-01 -6.029837514011887611e-01 -4.485275949845742849e-01
-3.769090236063204480e-01 1.946226631601206403e-01 -2.550730190394942531e-01
-4.132038728975236941e-01 -1.747724785253019497e-01 -3.381987389251382981e-01
-6.305142460802428683e-01 -4.738349103382825112e-01 -3.565721157047442857e-01
-3.282240209860553537e-01 -8.082397972034036648e-01 -4.296459843771393006e-01
-4.548561715147400042e-01 -2.751072879801589322e-01 -3.662426105536679133e-01
-4.277760127856096162e-01 -1.650578322014159272e-01 -2.301586368357829981e-01
-1.204826404233162035e-02 -1.575811998894658880e-02 -3.275810469174343931e-01
-5.034201580121999697e-01 -2.153720880321570996e-01 -2.107611571177106236e-01
-3.408261803233286202e-01 -4.115156683469406995e-01 -1.020626935701891141e-01
-1.463083018710119587e+00 -1.409462260582984849e-01 1.812229403993533550e-01
-1.896397684118584503e-01 -2.290898859454920111e-01 -2.987808930615243330e-01
-8.045215308870897752e-01 2.231517756574991074e-02 -5.363011866709875841e-01
-1.141579967603362444e+00 -3.433488299097247065e-01 -4.188111227007142445e-01
-7.547160953691091079e-01 -2.270226089253498947e-01 -3.735092698165433100e-01
-2.851241350580886458e-01 1.729672637591468110e-01 -3.157307112369207025e-01
-4.872894152426057168e-01 2.996559342393146919e-01 -3.698895517284334633e-01
2.163061968515428979e-01 -6.681386899962284132e-02 -9.889862492608056388e-02
-9.232533492138403908e-01 -4.934514961855857029e-01 -5.385679049605343605e-02
-4.058748652183693517e-01 -5.116050110964932562e-01 -2.702925272898556441e-01
-1.402300104791947277e-01 -1.179528492765651720e-01 -5.281254004806413827e-01
-7.689002065510974759e-01 -2.496241814865348130e-01 -3.802227189073518199e-01
5.510982663999049180e-02 2.413240686992156048e-01 -3.521951594721454137e-01
-1.025121573389000673e+00 4.670476357919145505e-01 -5.674533958610489259e-01
7.010610172345899116e-02 -1.493289879649140894e-01 -3.169125201613142706e-01
3.523858065237053111e-02 3.233913678452516871e-01 -1.940588273855630430e-01
-4.392277196745070222e-01 1.038191937940723814e-01 -6.070510602884962026e-01
-1.980937431429588280e-01 2.443290516780234900e-01 -3.996041200187769316e-01
-2.373405109369619570e-01 3.610081714978038980e-01 -4.126073898398351369e-01
-8.653834223141106952e-01 -2.135152155972978305e-01 -2.962982292768194248e-01
3.014765848859427347e-02 2.858118593623994452e-01 -6.326744549360018288e-01
-2.348227926814347444e-01 -4.854891772727032428e-02 -3.679496856530644622e-01
-6.895175142838080307e-01 1.194415390965787860e-01 4.054598304668586423e-02
1.249325867013875713e-01 -3.511502947655049667e-01 1.830976920442040357e-01
-8.025893916585195020e-01 -1.324288106378486152e-01 -2.064614262537431411e-01
1.903284558431489748e-01 9.679374473645530053e-02 -4.160237192766385039e-01
-8.670332028169264182e-01 -9.284922373843115806e-02 -2.787132971822646188e-01
-4.894785198659619141e-01 -1.903705651010538236e-01 -3.754226455837390009e-01
-8.135300458105350074e-01 8.696046707634665085e-03 -4.077960667421612895e-01
-8.550713950001941344e-01 -5.147686915904797766e-01 -9.573304994139668622e-01
2.897715987654664871e-01 -2.748126156686021004e-01 -2.457728648064501642e-01
-8.598386257353429762e-01 5.080680393988973309e-01 2.162410912197686164e-01
-9.077722263164859084e-01 -1.708727321278703110e-02 -2.978112109669815988e-01
-7.984541669900747651e-01 1.363225344257732730e-01 -5.761279159649185244e-01
1.914904167904341870e-01 -2.423304473305975537e-01 -6.975245262405600499e-01
-2.931839763915571884e-01 5.986189193699110733e-01 -6.082435464665383318e-01
-8.194047821677719057e-02 -6.201101732354071805e-01 -3.176481531893132759e-01
6.995391027841562082e-01 -8.344805568279721752e-01 -4.654536641421865295e-01
-7.113815033145971523e-01 2.287063687647814536e-01 -3.836002568442875571e-01
-2.182719267091356719e-01 3.131025076017021624e-01 -3.853776324077329285e-01
1.218549426648084244e-01 5.641929657262113179e-02 -3.277131881747198383e-01
-4.333227145319199503e-01 -2.690958102041830502e-01 -2.291535167082006386e-01
-6.848278800387928023e-01 -6.529703598813720866e-01 -8.094101389208391284e-01
-5.309701723983762944e-01 -3.803464342298145673e-01 -4.735232471489848605e-01
-1.167699082944440164e-01 1.948645862535108297e-01 -7.405572619417282176e-01
-2.250205917633410491e-01 3.155854721295106025e-01 -3.531767625640489516e-01
5.374539658269255060e-01 -8.279847274385498945e-01 -4.958730639515941674e-02
4.587635979265847208e-02 -5.259149330309005332e-01 -2.425346591000618057e-01
9.234030476897037154e-02 -9.312887843634663765e-02 -3.457539338889497049e-01
-5.823858214897972285e-01 -4.346346949581746943e-01 -1.106585777039374580e-01
-7.201304444223382006e-01 -3.009939974760283410e-01 -1.873575348900696491e-01
3.153089612628811600e-01 -2.282045971903110537e-01 -3.401530238550490304e-01
-2.664249994484085143e-02 1.307534242316445994e-01 -6.887919461648834840e-01
1.352947387172727112e-01 -1.598894797277741475e-01 -9.031027249175282989e-01
-5.585873436812954784e-01 9.957369662690370715e-01 5.990642135294989984e-02
2.238530400074705343e-02 1.144996504504767615e-01 -3.672194789482415844e-01
-4.347521462296001227e-01 -4.686294567793630739e-01 -6.234103934428564253e-01
-2.609644742260536776e-01 9.897344931812861180e-02 -3.349056003870186649e-01
-2.950661903611698222e-01 1.435075891570491979e-01 -1.787479378371886196e-01
-4.937594608979385957e-01 -1.678021578092211974e-01 -4.128303270764334121e-01
2.156273311420882632e-01 -3.537828974407670746e-01 -2.298944813325318470e-01
-7.051030727962185329e-01 3.647932131814184131e-02 -8.149623845854738757e-01
-5.402294511173205693e-01 1.567042762135590350e-01 -2.859178348258051838e-01
-3.857733131273825555e-01 -5.089723115778809204e-01 -4.520411697191703548e-01
-1.099654657845089201e+00 1.126755716467896656e-01 -7.327930258381187834e-02
-4.972679790671823419e-01 8.476235936082231193e-02 -3.515649424084856256e-01
-7.699511552966439298e-01 -8.528296885157196083e-01 -8.896205273989193918e-01
-3.699492782983461181e-01 1.102219666178104046e-01 -7.778340274746635696e-01
-6.183869179876461120e-01 2.602130553586477490e-01 -4.722603178898021614e-01
-9.328536045621102502e-02 1.931785527846708317e-01 -3.145334769539737119e-01
2.583894361051695676e-01 -4.728836633184959615e-01 -3.369643068945164521e-01
-1.176153952922710799e-01 -2.549281647989202204e-01 -3.859182017948695198e-01
-4.877968216145179836e-01 8.378282034679268575e-01 -3.779935335841326238e-01
-4.024085779806128582e-01 1.496456372468199514e-01 -3.348243922359471769e-01
-1.857605629165079153e-01 1.335104932846213066e-01 -4.179646773999254328e-01
-6.795738291040740453e-01 -4.731000775464438979e-01 -4.011802247741126926e-01
-2.973621640262220089e-01 -6.197258896105224402e-01 -2.100721485704142855e-01
8.849939787555211046e-01 4.232040231204531322e-01 -1.006995807683950805e-01
-2.856939434487189011e-01 -2.454206235484103493e-01 -5.384212474071879972e-01
-7.760704573980077292e-01 -1.706443748425091056e-01 9.387465814024723021e-02
-3.411482639462098954e-01 3.781901870366458640e-01 -4.196488005724305359e-01
-5.190033411419154863e-01 -1.332336279064776363e-01 -3.340280208677439133e-01
-2.606537134689785873e-01 -1.547496751700858375e-01 -4.142054520716745847e-01
2.285197932908616669e-01 4.185793626106182885e-01 -1.019695403864040006e+00
8.807933715351609627e-02 1.571311074250345552e-01 -6.548323259847588229e-02
-4.536306268654177742e-01 -1.616574949574723918e-01 -3.503773444976855944e-01
-4.832174185113174425e-01 -9.098724010025235343e-01 -5.514170203985285790e-01
5.124088535615034523e-01 6.093705853801298367e-02 -3.250580473747263777e-01
6.860288808816707995e-01 -4.045756351301048048e-01 3.788644968328436918e-02
4.481819929989775964e-01 -3.893382226136491431e-01 -7.481876961924055491e-01
-3.610856681497082721e-01 -2.731509904823661294e-01 -4.757728486501422438e-02
-7.577959461995451562e-01 -1.314341869894796455e-01 -3.897613458104301487e-01
-5.924113210530509294e-02 -1.798998379653730384e-01 -2.137339679460960318e-01
-6.914842812177625087e-01 -8.087005112777398419e-02 -6.756539798967566846e-01
1.589221027472931258e-01 -7.203049090376234531e-01 -5.959506639243570270e-01
-6.205012088348063060e-01 -4.644150145070583546e-01 -2.834469479905628586e-01
-7.217354265063850027e-01 -7.493954804579507079e-02 -3.632042709330145502e-01
-6.064986419090150349e-01 -2.784366940446326710e-01 -2.056245174565388689e-01
-5.034386438398241737e-01 -2.446615245858887178e-01 -3.609278597765459007e-01
-2.439618893686008871e-01 -3.761079105260143329e-01 -3.742948719362762522e-01
-6.729233400408666244e-01 2.894268901641948444e-02 -3.168631034191309870e-01
-1.978534819404909606e-01 2.888984660361946788e-01 -5.462704762394779978e-01
-6.810976070058903653e-02 -2.447765219629741140e-01 -3.541712789558698060e-01
-7.319263756823256584e-01 -2.431855843203434842e-01 -9.253049405436574240e-03
-3.339617710180893817e-01 -3.712058435162934322e-01 -5.153364680541279164e-01
-5.969427487299194812e-01 1.480937059344422137e-02 -3.222153915910332400e-01
-2.481029511823780176e+00 -1.432923877941690805e+01 -7.523885692792182667e-01
2.497394300155636182e-01 -7.418940119779926512e-01 -1.476791649202492673e-01
-3.307767968948197579e-01 -5.434975483263889684e-01 -5.750555892446997941e-01
5.043127225250530754e-02 1.214718256055389994e-01 -3.004886966103721968e-01
-3.060739939420641376e-01 -5.092275392031466730e-01 1.479212615935983910e-01
-9.463193698799084175e-02 -4.387951734532454795e-01 -4.332080265241874950e-01
-4.175827165298258148e-01 3.423960715918636377e-02 -9.284164040410771701e-01
-7.506238911214661857e-02 -4.510175451969111737e-01 -3.879111386894171232e-01
-2.182588907699414549e-01 1.553524027779984995e-01 -3.688783614644635667e-01
-3.672663074496675395e-01 -5.458778323972149904e-01 -4.495269724177838877e-01
-5.957409907909736457e-01 -2.475210541572391010e-01 -1.264745990075710480e-01
1.501359439509287151e-02 1.071187542143076238e-01 -2.979848783042880478e-01
-2.255504144394467614e-01 2.421334342831990838e-01 -5.520171682225600840e-01
-5.772624451260270906e-01 -6.434350267699215919e-01 -4.055481553135735218e-01
-3.757796494825541012e-01 -7.487776376912773368e-02 -7.740360805299096869e-01
-9.133860505381071748e-01 -1.928522285318951535e-01 -4.828891472767563031e-01
-1.405794983628117500e-01 3.412963928817440151e-01 -1.729407907143681311e-01
6.495436605811649722e-01 -9.216102298905828882e-02 9.303310916069662539e-02
-6.310787790377576645e-01 -3.317604166197204441e-01 -4.514337369598582228e-01
-4.412677203035129114e-01 -3.209791332503071914e-01 -3.958914992805332433e-01
-3.461347102020637112e-01 -6.136677572548733250e-01 -4.521359356417778974e-01
-1.812116758581668596e-01 -9.649403137041454026e-02 -3.367012730725795766e-01
-8.192916296095191786e-01 -2.961085383668695115e-01 -1.820562907815393219e-02
4.296214642949099383e-01 -3.158392462423219582e-01 -3.555819495174361022e-01
-2.852200114668899111e-01 6.095341911723287792e-02 -1.155452244760790809e-01
2.651272102971163891e-01 -9.662190402478988416e-01 -3.083038811249276256e-01
-3.564288479920509067e-02 1.340279437551868680e-01 -2.615549906438265904e-01
-1.881508669281155843e-01 3.062057321791311626e-01 -9.051481396543055447e-02
-5.205124633679385493e-01 1.733283713460294362e-01 -4.481176085490959915e-01
-7.715778470068810346e-01 2.233923815808200042e-01 -2.623424326496143558e-02
-3.120922524917048024e-01 -3.847275487983563974e-02 1.926036190029939421e-01
-2.920993323082765047e-01 5.354480081385436518e-01 4.114377855124858874e-01
6.241199673984376695e-02 -1.737818146054784067e-03 -2.557740042649570000e-01
-6.223918885583781258e-01 6.783907356217851181e-02 -3.142049635542984443e-01
-1.025342003781142486e+00 7.527830632436085523e-01 1.034518143939984064e-01
8.103633700312115606e-02 2.995783438602920290e-01 -2.673864164675113231e-01
-5.028213246977755180e-01 -8.068871159661108461e-01 -1.007109962719216906e-01
-4.626358712805653250e-01 -6.754781845970582177e-01 -2.459563670360342125e-01
-5.485010206078728690e-01 -4.957468453688723686e-01 -3.122582697388611717e-01
3.318099264450926067e-01 -1.182875233763157480e-01 -2.884830132456768781e-01
-4.568982493205546169e-01 -3.332238844548535139e-01 -1.660006057691625347e-01
9.401624354669035899e-02 -2.555826968835571145e-01 1.397270787253031554e-01
-1.087639469587823628e-02 -9.341478017246478416e-01 -8.150802925331013249e-01
-1.391781073143975589e-01 1.791565780056034451e-01 -3.664544559266089130e-01
2.600354564738048546e-02 1.801210699803907078e-01 -6.659599798291822026e-01
-1.454635656601004079e-01 7.267363319663634746e-02 -3.988967218702262896e-01
-3.218575275859414941e-01 -4.594916797246022533e-01 -3.391547855095899400e-01
-9.716476459619960426e-02 -9.974795672076543565e-03 -3.641647149763012625e-01
6.387683279882135079e-02 2.418958998750682376e-01 -2.184879344841200166e-01
-4.098674374695688294e-01 -3.353706262855943865e-01 -2.679501480169388938e-01
-1.213807585585799792e-01 -4.808054977930821816e-01 -1.276549798406888259e-01
4.725421059010816993e-01 -7.793833680265936925e-01 -2.870015909111072183e-01
-1.091284375865601008e+00 -1.080024045528325205e+00 -6.219270323307884984e-01
-1.209221929959276798e+00 -1.972629381093538858e-01 -2.562433763128871278e-01
1.911578713033088017e-01 -1.805330056205156630e-01 -2.444447964701494391e-01
-1.202000882660949621e+00 -6.478562488185535262e-02 2.060099904008192429e-01
-3.694057596703810842e-01 -4.575426787935676920e-01 -5.406457143603702331e-01
-1.829194205360247794e-01 -3.771183509007695056e-01 -4.004318027475695652e-01
-8.215371417948411081e-02 2.102336074527611648e-02 -1.134201542073348321e-02
6.827722171114147809e-02 7.376654688061927700e-01 3.297843295729104840e-01
-9.640299311290752293e-02 1.783362666238297659e-02 -3.883654874612563201e-02
-1.068569872169131685e+00 -1.303366974886189800e+00 -5.882047530205244401e-01
2.952710550087904728e-01 -4.965336885078320273e-01 -2.733285610171719560e-01
-6.295416599854438688e-01 -1.360204207930852394e-01 -6.173062788759539066e-01
-6.220873526285931598e-01 8.831414648452005911e-02 3.564834053804217390e-02
-1.362493639610538876e-01 2.081759418720390831e-01 -2.544302210439432499e-01
-2.799409919667869007e-01 2.220611658551981393e-01 -1.361284809512929017e-01
6.016084750595997177e-02 -3.333178461136897530e-01 -5.186788266032420491e-01
-1.989645643249429441e-01 -6.808030986289530517e-01 -3.163322384664679077e-01
-5.370857540402503849e-01 -4.920719677246147561e-01 -6.066161649010596291e-01
9.606242816301748810e-01 -5.587133216451150020e-01 -7.333972072684380450e-01
3.637780324300163848e-01 -2.826840470708384956e-01 -7.457783718995575351e-01
-8.647381993953036083e-01 1.432803157438481689e-01 -2.933998161298292939e-01
3.953377536760424582e-01 -1.231645515700811599e-01 -2.170987676527449950e-01
-3.749854966107078469e-01 1.836024160080609313e-01 -5.525161645479941264e-01
-6.143887163000443241e-01 2.764658739752453021e-01 -6.140345481073042899e-01
-4.262849746570668286e-01 3.716913366688155973e-01 6.281976933672821228e-02
-4.504595222894568485e-01 -1.611176708529331869e-01 -3.728887142571239988e-01
-2.588191353923964821e-01 4.779646743983030355e-01 -3.340602765926057871e-01
-6.456014485510457313e-01 2.765822362956155689e-01 -1.020077430310475375e+00
-7.616697425841694180e-01 -9.886302875964679548e-02 -8.626806208668951204e-01
-3.042244021338258997e-01 -5.758118741409312680e-01 -5.858319051370403097e-01
-3.342031541519556725e-01 7.651942435378515650e-02 -1.280246778705427524e-01
1.040352191920286412e-01 1.232516080943791004e-01 -3.189362692623738393e-01
3.497168274271872934e-01 4.428964023862321242e-01 8.351898708290937667e-02
-3.693292464877501180e-01 3.690135276475428605e-01 -2.804289586215650831e-01
-2.762904037042313021e-01 -3.720943614895220186e-01 -3.764369732432151228e-01
-4.505170105408807801e-01 3.355258106201856605e-01 -8.373837941440046562e-01
-3.270502798135820760e-02 -2.368753533964402247e-01 -4.527454844997211847e-01
-5.514904921495932255e-01 -2.625888214779633634e-01 -3.171855737357048843e-01
-7.020791979843276076e-01 -4.471106731684620916e-01 -3.813504208807277918e-01
1.000753915235238628e-01 7.917470490326423971e-02 -6.428427545235982921e-01
-5.661089095884653810e-01 5.548135230084475650e-02 -3.796076110662032210e-01
-2.914150407853245417e-01 -5.839496085471718168e-01 -3.957371441581117311e-01
9.112222658172892953e-02 1.211892534829879520e-01 -5.270914635533928416e-02
-5.088482207800408830e-01 1.846927639061327897e-01 -2.976772106762973769e-01
-6.708873927065535092e-01 9.456069083226908978e-02 -2.951497639160061692e-01
-4.324252699630224406e-01 2.416167943479328450e-01 -5.546704944105538271e-01
-6.689691118776642798e-01 -1.487232853540191302e-01 -4.429606953205044717e-01
-3.435005973107544963e-01 -6.230507952675915506e-01 -3.992894377974133824e-01
-2.076928703778710417e-01 -1.140659593766056752e-02 -4.172462000003958615e-01
2.514160943608162446e-01 1.370688574406640770e-01 -1.614055029951944331e-01
-8.986809959875063925e-01 -1.587891925387874964e-02 -5.281332994047732710e-01
-7.939770418267187713e-02 2.068879909971539088e-01 -4.192904064087755178e-01
-5.239080086816257920e-01 1.455157845325129318e-01 -7.020669620639835573e-01
-1.405663839188857900e-01 -6.086302209176722711e-01 -3.427275421584002335e-01
1.025458879576783416e-01 -2.001011394441657709e-01 -4.622527047420139645e-01
-1.494003220711114799e-01 2.107778368072902031e-01 -3.216424264571259017e-02
-4.166244287963152826e-01 -7.094984362445811987e-01 -2.774879194244287417e-01
1.416148513272613152e-01 -4.249311375211523023e-01 -6.660155394828337627e-01
-4.722212992358141848e-01 -2.630038579176123825e-01 -3.262860411586273046e-01
-6.334243613855647936e-01 4.286910577080199625e-02 -1.161630330984746995e-01
-6.215350671381191239e-01 -3.500364065728517882e-01 -5.318538809858414096e-01
-8.280685714994350244e-01 -3.619533093171448113e-01 1.461110905647086677e-02
-1.243186253395606178e+00 -7.628757502286226400e-01 -1.812383180810270833e-01
-4.680179338216156060e-01 -3.432584033811287294e-01 -2.821038043430932341e-01
-1.715624603834933204e-01 -3.179567488597084129e-02 2.395423982951171982e-01
-1.351551000489178422e-01 -3.892071388956317990e-01 -2.068148012951342984e-01
-1.519722464485896837e-03 -5.654633182136771241e-01 -3.122970167013335852e-01
-5.555919141812308837e-01 -4.332523026460647353e-01 4.697259774001251442e-02
-3.804184348547408612e-01 -4.551414460624174096e-01 1.826259541134206410e-01
4.052623627934763828e-01 -7.400166863629618064e-01 -2.913480607118975052e-01
-6.074152199515110429e-01 -4.434772809182259690e-01 -5.071148643469908235e-01
1.409338737308975242e-01 -3.599078684643615689e-01 -2.400468280788950193e-01
-3.465012732456829864e-02 1.443853326135370596e-01 -7.595958587818975039e-01
-2.341182573319996671e-02 1.731342448248910060e+01 -4.083708600627724561e-01
