-3.074930029491004913e+00 5.370663082769543406e-01 -1.015398586669311820e+00
-2.709805783326360462e+00 1.246171593334705507e+00 -7.107964319612033455e-01
-2.387503304854478259e+00 1.142159994366931608e+00 -1.714673670893300583e+00
-3.127702429863953082e+00 6.167084856105398138e-01 -1.180675802789803663e+00
-3.365927656825680181e+00 3.407373967768353440e-01 -5.683916208168305895e-01
-3.028580495933872463e+00 3.553206580198908088e-02 -9.060675903444701529e-01
-3.082486499499105914e+00 1.034727254485461989e+00 -1.020148488986755364e+00
-3.327002068312209460e+00 4.369733356615934650e-01 -1.249477979671671068e+00
-3.221418792301697920e+00 1.489771034266739735e-01 -1.291272976348645907e+00
-2.961145821506845355e+00 5.478340948022573098e-01 -1.071866307342840940e+00
-2.583090527558501215e+00 6.663251825762186442e-01 -1.262760079043585115e+00
-3.058251704353782241e+00 8.219631091755432717e-01 -1.281983487862379034e+00
-3.258202738507237406e+00 8.140568356868331801e-01 -1.091075151490696227e+00
-2.744873538804249335e+00 7.727315326179323707e-01 -1.042335192250937403e+00
-2.699209092572671498e+00 7.893833349845917891e-01 -1.206981703195433742e+00
-3.015917399501483853e+00 9.966498613520226313e-02 -9.617135366396798446e-01
-3.580007440849338529e+00 -2.421524161688408394e-01 -1.520663259129149347e+00
-2.841919361727482052e+00 -3.580514013177409083e-02 -1.057739162736222260e+00
-2.650012816370141078e+00 5.422616143321183912e-01 -1.127010775571505530e+00
-2.849160844135922410e+00 1.001804953461498782e+00 -1.166266912286613611e+00
-2.500323131832627777e+00 6.146302323359286168e-01 -1.117193542942143347e+00
-3.301953770790477360e+00 2.070763793167566535e-01 -3.319195872397966984e-01
-3.187362780977756938e+00 1.784188083066177988e-01 -7.312901049806530551e-01
-2.998564670118440745e+00 7.095608455082134114e-01 -1.432506214699384994e+00
-2.332657211289792532e+00 9.736282150754401732e-01 -1.035183502718976190e+00
-3.438074638501972480e+00 5.333769867729144520e-01 -1.041136298783126524e+00
-3.239390562609502311e+00 6.255947120883271761e-01 -1.037773980408842611e+00
-2.299496255877902406e+00 6.183587415363968054e-01 -1.202778106114292367e+00
-3.089332958021106190e+00 1.173348245623875574e-01 -1.045583726460362017e+00
-2.647325941952016315e+00 2.621931685503643417e-01 -1.175893851342812546e+00
-2.443786503716308900e+00 5.361206845406786270e-01 -1.112836009209845489e+00
-3.225862872740231868e+00 5.689373573466854905e-01 -1.665983896211288506e+00
-2.527702482247588200e+00 8.686823489374946305e-01 -1.175689611016960123e+00
-2.053776732899985635e+00 3.894374240418686517e-01 -1.374843631265092014e+00
-2.839804039217266762e+00 1.835507674193335437e-01 -2.198674325762718096e-01
-2.597333256924678313e+00 3.846387065805071948e-01 -1.071237156255403278e+00
-3.108403369268782246e+00 2.639433145546432602e-01 -9.951921006801075498e-01
-3.199069261425654620e+00 7.270435175823223295e-01 -1.370671685853539712e+00
-2.289479000545367793e+00 4.952478732504051462e-01 -1.260992784063041494e+00
-2.859501737998741078e+00 1.271728551963009490e-01 -1.372985248066030062e+00
-2.597236004654404962e+00 4.637178914227000903e-01 -1.507938802558220992e+00
-3.215811580226995314e+00 8.009986550470559186e-01 -1.173140231639149489e+00
-3.105438239636273856e+00 6.912399703440370580e-01 -8.674306340660313808e-01
-2.441708896220066372e+00 5.153606697759074429e-01 -9.664837536301850163e-01
-2.308529191972715555e+00 4.775815579475550243e-01 -7.496432406823230199e-01
-2.888481047647573519e+00 2.541602270492527779e-02 -7.882547903349297336e-01
-3.280373703957443432e+00 4.018608576580607328e-01 -7.196362285629243072e-01
-3.424004947114259512e+00 1.162347078359569769e-01 -1.142388003738973090e+00
-3.168223718667745104e+00 6.233907470941304485e-01 -8.727444255382236227e-01
-3.002127986523615011e+00 8.899959021650422075e-01 -6.208185539407887754e-01
-2.830444559406843030e+00 7.461575465266043761e-01 -1.126083765025328809e+00
-3.261946156639169647e+00 6.066897127653653188e-01 -1.022204613833888276e+00
-2.109303605170238516e+00 8.709295723150647373e-01 -7.856210250655036864e-01
-2.819566342995474262e+00 -3.372342086539598799e-02 -1.072714249678818010e+00
-2.226086130978135902e+00 7.584190106152725042e-01 -3.722134137950495747e-01
-3.050438859374375422e+00 3.582332690392917018e-01 -1.307196956465924709e+00
-3.188700826366229091e+00 2.275183809631155796e-01 -1.129757663556450797e+00
-3.382776219256990569e+00 5.310878601045806446e-01 -1.052521195292357215e+00
-2.248181025284392565e+00 1.452044719656260918e+00 -5.239669081288212960e-01
-2.969613822438207595e+00 5.274149640269254480e-01 -1.278974674565869885e+00
-2.375520553621261133e+00 7.449167374229826999e-01 -9.210624953879844590e-01
-3.263572576969687500e+00 1.002859430954046838e+00 -1.280295243321962984e+00
-3.246595087808091584e+00 1.428116320955216678e-01 -1.287712678458666105e+00
-3.108136971399411141e+00 4.118742495057883812e-01 -9.140866907294920019e-01
-2.496480673089209290e+00 6.912573744376718787e-01 -1.041311262568094698e+00
-2.802585312574940257e+00 8.520233444316727134e-01 -9.825486205005348195e-01
-3.125198663999364967e+00 7.779709680521033066e-01 -8.499842904200722860e-01
-2.791752982223028479e+00 3.715581730429388663e-01 -1.257343215473777365e+00
-3.349237423615718523e+00 3.055959813081604581e-01 -1.366210525052748981e+00
-2.533066387444072642e+00 6.101187903732657736e-01 -6.595493083192299766e-02
-2.764222407924329161e+00 4.564994389399094632e-01 -8.498159361997575934e-01
-2.971732975708284208e+00 2.856415962109516427e-01 -8.221034712302147662e-01
-2.756774857340898333e+00 3.349566854693946660e-01 -1.023389479270555125e+00
-2.702518008476499478e+00 7.365089637553090540e-01 -1.007579732327977151e+00
-2.407778179245894545e+00 5.859487712931683578e-01 -1.175115798085669461e+00
-3.942172517890700778e+00 9.373498824700147170e-01 -1.302739488037238935e+00
-2.818999307734222359e+00 -1.705705227453880798e-02 -1.675356467819080875e+00
-3.001225171909128520e+00 6.484511719434833399e-01 -1.520578198277869664e+00
-3.065246797958169456e+00 5.080062975313887064e-01 -1.089264241076576267e+00
-2.525047850118281367e+00 6.691518854821458806e-01 -8.243135724714438783e-01
-3.055830799605484760e+00 3.627760957485303139e-01 -1.143666473307247688e+00
-3.220848509148920513e+00 2.124425050542701754e-01 -9.021050828510143171e-01
-2.901036723990893851e+00 2.088119752797999995e-01 -1.052670133119576690e+00
-3.042052186297235394e+00 1.508318665217945054e-01 -2.580001795062100367e+00
-2.832223419917879959e+00 7.736153017901731266e-01 -1.160777215260275108e+00
-2.956583826033161611e+00 7.952243228730064839e-01 -1.163669323599753058e+00
-2.519630301470754397e+00 8.381569881739091565e-01 -9.221335269794324052e-01
-2.538441956905476804e+00 4.063523934493305512e-01 -5.310573810053025312e-01
-2.480288302886374474e+00 8.407918971520486062e-01 -9.938289698651349147e-01
-3.017541557674749964e+00 7.080591480254508907e-01 -9.966223993545550996e-01
-3.049875226624554347e+00 3.825546429266528659e-01 -5.372537981331492185e-01
-2.925286100319149263e+00 6.665440766746947299e-01 -1.022941868110460284e+00
-2.849231598347346406e+00 4.367981867597125339e-02 -2.242169822369030285e+00
-3.304094148664469266e+00 6.362059369572016232e-01 -1.272417374597328621e+00
-2.659584473842692365e+00 1.342252134451554502e-01 -1.251290676624372988e+00
-3.502570767459427969e+00 6.083010950123353133e-01 -1.219763814697757853e+00
-3.424480502590124598e+00 1.032715274372015601e+00 -7.933613999210128442e-01
-2.764383047478175648e+00 4.404215832542775488e-01 -8.338682365620185832e-01
-3.348400995747176978e+00 5.191874470457163993e-01 -1.158136615819290283e+00
-2.751068628453263720e+00 1.108442315765904240e+00 -1.132449424794748305e+00
-2.841997349748508928e+00 8.267376601659003066e-02 -1.094581894386232657e+00
-2.258117464559632026e+00 8.296029134275930694e-01 -1.134908591958024626e+00
-2.748106815024781380e+00 4.844952754386802618e-02 -7.512962780566000420e-01
-2.982043033252289810e+00 4.309535417762723752e-01 -1.013826677622187367e+00
-3.145565950053140991e+00 7.483232577408474029e-01 -1.062667099784301517e+00
-2.814021221735852230e+00 5.868645889739654287e-01 -1.144883909147713430e+00
-2.843641017408538474e+00 5.288756792745544777e-01 -9.677787222020763913e-01
-2.645128016623030209e+00 8.482984152019978907e-01 -1.095782975165971118e+00
-2.542376091732661436e+00 3.757238161965092971e-01 -1.060354506366536942e+00
-2.990905317495862192e+00 1.110850328061504522e+00 -1.366958054806600931e+00
-2.554148728621439268e+00 6.756175234838881494e-01 -8.517731804386919903e-01
-3.088683199375163557e+00 6.636735332960913558e-01 -9.999755982030293922e-01
-2.508040743900660008e+00 7.963691136029418249e-01 -1.237262639051051494e+00
-3.793868126178580269e+00 8.199365500705727561e-01 -4.775033304479686103e-01
-3.292100976483261388e+00 7.279494465861841013e-01 -5.865185069976933674e-01
-2.493443927461314935e+00 1.959046306667157622e-01 -1.089505334956961002e+00
-3.043568562587598780e+00 3.901722569849961353e-01 -9.521756147541301507e-01
-2.410802933732059117e+00 2.803301666016558835e-01 -1.016306992752377569e+00
-2.219745177385932244e+00 -4.442516141426187670e-01 -8.717479719753465917e-01
-3.401351216353796225e+00 4.471060758998209872e-01 -9.353791717511115156e-01
-2.565994106305436784e+00 6.417475117727111655e-01 -1.232223993698191133e+00
-2.819378351926618897e+00 2.313879739469448249e-01 -7.097300574077197721e-01
-2.638010432496299629e+00 -1.163787589907774173e-02 -1.038247750541084313e+00
-3.062535698123398653e+00 7.092884197823110526e-01 -1.101188061729701850e+00
-1.557843039176407629e+01 3.838007829148433814e+01 -3.091649241597513864e-01
-3.061407022514977871e+00 7.547854722329930821e-01 -1.333729980288755890e+00
-2.946286004581687212e+00 1.604523298752304761e-01 -8.511783798931650269e-01
-3.282364617488455316e+00 9.673805028978499365e-01 -1.352797233637016872e+00
-3.324167667831909423e+00 2.864817416703104858e-01 -1.030585837316557729e+00
-2.629471979850867225e+00 2.690256011582103368e-01 -1.047918191737020166e+00
-3.106368959372346694e+00 9.923653227791708886e-01 -1.381127227920987410e+00
-2.679336264648059629e+00 8.360581777087691124e-01 -1.183777426024810175e+00
-2.828049488720373983e+00 1.146105649232359802e+00 -9.782122580404740697e-01
-3.105592501379772497e+00 7.690663449101848848e-01 -1.004773212517593439e+00
-3.079105929733458424e+00 7.877946968424002216e-01 -1.020311907979095656e+00
-2.739105813431767178e+00 2.263806540345887353e-01 -7.946929871330780104e-01
-2.481949637446580148e+00 4.667996104067008156e-01 -1.217644057975490579e+00
-3.412103656530631746e+00 8.936777504340553957e-01 -9.254134998430779691e-01
-3.011939095437467184e+00 9.811946965182645197e-01 -1.138750310109761354e+00
-3.102865850123450731e+00 2.212874262444959952e-02 -1.177304671114955514e+00
-2.616754902247377057e+00 8.909154835381506432e-01 -1.043569138981749411e+00
-3.180685508521772231e+00 9.524457536654892253e-01 -1.479306662828878460e+00
-3.211941346388251350e+00 9.088218796197600202e-01 -1.061963937401841696e+00
-2.313028987536480674e+00 7.997035575906368265e-01 -1.194136168356344507e+00
-2.480107365208523262e+00 2.538616012066664540e-01 -8.873281486751374292e-01
-2.927538628729760006e+00 5.396643096580923116e-01 -1.266007165470328433e+00
-2.603674145353731539e+00 5.658018802785617085e-01 -9.646470261220663200e-01
-3.117179482124363687e+00 1.459810083955603299e-01 -1.193543474056374176e+00
-2.137643128959180849e+00 3.698530801278244740e-01 -1.453060397265582004e+00
-3.369384259199999843e+00 5.953612623340553967e-01 -8.835393249859222475e-01
-2.493772957365600451e+00 2.540660076885049024e-01 -1.148518377551638547e+00
-2.624923903809692316e+00 8.339713501263044115e-01 -1.168114859709005415e+00
-2.803051322073979890e+00 1.056150238831060184e+00 -1.103386347325656658e+00
-2.882933384491534134e+00 3.497860377792378350e-01 -1.190383859626013674e+00
-2.860141448850507029e+00 1.092498218122053055e+00 -1.106564957480802081e+00
-3.005101723954019644e+00 2.315040533051182514e-01 -7.801291741432658799e-01
-2.667782411695742706e+00 5.189971582482877377e-01 -9.930606311447737200e-01
-3.095076868779223389e+00 4.689876912240405482e-01 -1.328208787193936979e+00
-3.585584610449082277e+00 -1.632445501016032141e-01 -6.217700643875900823e-01
-2.618286774926420701e+00 4.380323054217971079e-01 -1.070472265927710165e+00
-2.934925023398741395e+00 3.408091871037544074e-01 -1.053873325843919240e+00
-2.804279494986797072e+00 5.218947658466667194e-01 -8.039823208216834161e-01
-2.466087846905625991e+00 6.452387023376847663e-01 -1.213615785289452242e+00
-2.732121581526722576e+00 7.443173788259597190e-01 -1.115278080119399995e+00
-2.611609493926744907e+00 2.178355704238301160e-01 -1.054122283239480984e+00
-2.421684878852365497e+00 7.072873148631610984e-01 -1.116330580804493211e+00
-2.959884583613638043e+00 3.371472532433359981e-01 -9.989334453566507399e-01
-2.662433359071453953e+00 2.159728223460917196e-01 -1.183844002237954385e+00
-3.567971801275564570e+00 -2.093521131754660647e-01 -1.330915243297920103e+00
-2.744010795273133407e+00 1.293511102663503498e-01 -1.028143577257978336e+00
-3.175026218208288231e+00 1.219789323251355251e+00 -1.147846646877033638e+00
-2.595314375365887827e+00 6.672601505915077835e-01 -1.059135614185358065e+00
-2.893481374926086591e+00 8.935236808542451614e-01 -1.088707288244763927e+00
-2.829158967448789141e+00 2.173577782012769410e-01 -1.017255715541280914e+00
-3.336080315231838789e+00 -2.377195217789392079e-01 -9.989324073175734897e-01
-3.195396075847984019e+00 4.229456493478903623e-01 -8.638626462630520919e-01
-3.345565822032763315e+00 4.442600189837699332e-01 -7.659800291775398229e-01
-2.563893618975957356e+00 5.021139370180979222e-01 -1.473106353794334522e+00
-3.145024668718035432e+00 8.182281228967800413e-01 -1.099931647197362805e+00
-3.097477643704425798e+00 5.358780866511886343e-01 -1.044222425695697343e+00
-2.979008776482218401e+00 1.022186761427933410e-01 -1.106466258007380077e+00
-2.671892296494776886e+00 5.744699684698629794e-01 -1.086955616377700107e+00
-2.697511486584484697e+00 1.176951596252555771e-01 -1.030450955175394423e+00
-3.648819503562321653e+00 6.743806262920216954e-02 -8.220116072704922727e-01
-3.270357962696502696e+00 5.387577452998146832e-01 -1.078017119776732313e+00
-3.118538820576305159e+00 4.921806026186026917e-01 -1.172474248934686880e+00
-2.911068362342573934e+00 9.874014672757276401e-01 -1.063331014109097916e+00
-3.038959505525244964e+00 4.877612879491111664e-01 -1.037163476601852263e+00
-3.190516444074420921e+00 1.150219870203732953e+00 -1.113524431652405111e+00
-3.317439878070309156e+00 1.957175456393180635e-01 -1.113414807887650460e+00
-2.180760929927517022e+00 1.187631753507060184e+00 -7.190339967655081654e-01
-2.952710806877812288e+00 9.636635160055337934e-01 -1.030540870993356561e+00
-3.160040508263206149e+00 -2.540058090543170222e-01 -2.132109823177216423e+00
-3.162103994684494879e+00 9.885300425829605109e-01 -1.241804562977906645e+00
-2.080935867914376125e+00 1.700147342432433428e-01 -1.979111641829817803e+00
-1.986648809864363985e+00 1.061096460090751981e+00 -8.800318805875304573e-01
-2.305192438087797058e+00 2.098578201289935219e+00 -8.080638802299142665e-01
-2.835083169627027111e+00 9.267058910012778705e-01 -1.267469102502394085e+00
-3.398554218145797723e+00 5.934555861524747344e-01 -9.532443078425814065e-01
-2.832230490717833948e+00 1.024111432452035064e+00 -9.866947201301693449e-01
-2.784446572445015367e+00 7.957910266102383723e-01 -1.322207321185884021e+00
-3.353760753972553132e+00 2.779336118311099280e-01 -9.498689499779607859e-01
-2.640516639031031065e+00 7.497278825874217345e-01 -1.118925685332551767e+00
-1.780381119111313915e+00 9.157712870651296688e-01 -1.766143706361391397e+00
-2.511204021512648765e+00 8.153263908057124532e-01 -1.038415840176804883e+00
-3.006438457157772248e+00 3.671984248796159589e-01 -1.206805349975682562e+00
-3.384806042411697913e+00 1.122704221183927320e+00 -1.056252165547789224e+00
-2.559998747788225337e+00 9.005223387175039784e-01 -1.175797461788182563e+00
-3.030251686426595814e+00 2.096176834878686335e-01 -1.230589950603626193e+00
-2.519303091708548159e+00 7.246638605574592940e-02 -9.020659180196641813e-01
-2.905720350464157775e+00 5.591367069323485151e-01 -2.038247439952604712e+00
-3.206814798457908733e+00 3.700300683277394920e-01 -1.214121381121874510e+00
-2.868524508276639740e+00 1.140178124392297931e+00 -1.414625732998288754e+00
-2.641976634776185051e+00 9.924312190121803434e-01 -1.104750076710566908e+00
-2.100129607666811449e+00 -8.175459697892639710e-02 -9.717387843520585156e-01
-3.398739187587862531e+00 2.756437039117563548e-01 -1.487075355693828760e+00
-3.168094143846043931e+00 1.518990969963748654e-02 -8.686016729204796283e-01
-2.443924837391007632e+00 4.303735936719207955e-01 -1.003783421109220919e+00
-3.383346129298754335e+00 6.496170916916136351e-01 -9.777766420152760318e-01
-2.713240927759942966e+00 2.925795919979491400e-01 -8.055763903547339400e-01
-2.872664066191004117e+00 3.564772013477130463e-01 -2.444660112081541659e+00
-3.040387577938571173e+00 4.678821612132453844e-01 -1.101888711339413129e+00
-2.714535413247043838e+00 8.584061313237724145e-01 -7.204691904733897534e-01
-2.582548475537737698e+00 5.736800136264458283e-01 -1.006342493574522878e+00
-2.805411774558828952e+00 3.909947261532878415e-01 -1.215786789973099635e+00
-3.213671427930954394e+00 1.148452468638106794e+00 -1.247263091615667507e+00
-3.118930129875712609e+00 2.676883438472174581e-01 -1.063678190644961274e+00
-2.578795810813591771e+00 2.386979382100632985e-01 -1.025831972727988317e+00
-2.974204603421121806e+00 6.119580055570159605e-01 -1.039265162894212668e+00
-2.946770251381478190e+00 4.619442733486816000e-01 -1.012001953510400343e+00
-2.976062961352437419e+00 1.179075296857435173e+00 -7.462483792710729036e-01
-2.362616149538600663e+00 2.965467792390157342e-01 -1.248511143052992489e+00
-2.970867997393024318e+00 9.229037713131618137e-01 -1.032004955982772421e+00
-2.448487547548688692e+00 1.732455006846397583e-01 -9.549356432143693008e-01
-2.429401479143000753e+00 7.812956446729814042e-01 -1.026307109736599887e+00
-2.569594864537167123e+00 8.345802526278358613e-01 -1.404452427723477559e+00
-3.380943876000389370e+00 5.974712746780705963e-01 -1.180770782351466819e+00
-3.528391491350001186e+00 9.269662552992675719e-01 -8.704030058122925739e-01
-3.453549824952580671e+00 8.838524597979409148e-01 -8.991783002468816122e-01
-2.322960871871254440e+00 7.161932438802336431e-01 -1.238980442858258924e+00
-2.718527223104038715e+00 8.089668374102575166e-02 -1.051406040297115929e+00
-3.264224409786459002e+00 1.236932176073386874e-01 -3.930767065337291699e-01
-2.497665597445658303e+00 1.759068782009060583e-01 -1.037807534718964808e+00
-2.452983333878031580e+00 5.886592517977858874e-01 -1.386641868509386866e+00
-3.335632788730999998e+00 6.216922804912015099e-01 -1.135598388562759631e+00
-2.733576897025521646e+00 6.907654310819896781e-02 -9.729991740827563795e-01
-3.170444463808796964e+00 6.997320163395849280e-01 -9.354212172164210193e-01
-2.295176907590023241e+00 5.139923299936300927e-01 -1.105509101534094318e+00
-3.041348825983115400e+00 -2.093163565466838738e-01 -2.321283354419175993e+00
-1.334316359776768479e+01 9.055581324748587235e+00 3.986434790073767331e-03
-2.445318321674143647e+00 3.908729653284730987e-01 -1.133694772490964509e+00
-3.085373811385243137e+00 1.146509962511093605e-01 -8.726928569930757495e-01
-3.269717749464634782e+00 7.865620782958240298e-01 -1.285820849424131440e+00
-3.096778499120183881e+00 4.889543637657555175e-01 -1.068192055946878272e+00
-3.480978767588095213e+00 -1.679907544667112451e-01 -1.121474610324493248e+00
-3.207174129286383568e+00 3.298820419178246088e-01 -1.272321941615187857e+00
-2.570494722779149921e+00 5.297219310052619923e-01 -1.305935810719571766e+00
-3.367763713409380966e+00 4.686509649418281187e-01 -9.443742903049505699e-01
-2.642216392044776985e+00 3.277125341207091092e-01 -1.243931276503610794e+00
-3.278060877378731863e+00 5.994513245165551396e-01 -1.643298708424950627e-01
-2.884730985832633543e+00 7.782450517721725136e-01 -9.169954294035300713e-01
-3.095870328454932707e+00 1.138109781046340085e+00 -9.340200188120716396e-01
-2.755015381492538218e+00 4.900836261429442620e-01 -1.020549551688974654e+00
-2.929654823552214182e+00 -1.731404813944246168e-01 -1.342464506319109629e+00
-2.936633714679776741e+00 4.346503787340330049e-01 -1.055688629893762664e+00
-3.638833705869857216e+00 1.298201101651849543e+00 -6.940296356711017634e-01
-2.828284700976313015e+00 9.699987144070557621e-01 -1.302339975640441905e+00
-2.643414139020244136e+00 1.858530405167297950e-01 -3.876700115104936284e-01
-2.716913098812244520e+00 4.504001498396850711e-01 -1.046011435909359077e+00
-3.435046858080406551e+00 -5.993634804021512608e-01 -1.710340358205859390e+00
-3.099509322566998737e+00 2.660725141990324394e-01 -1.124461304036581177e+00
-2.916508294153350000e+00 1.043295984182904812e+00 -1.323138837450506422e+00
-3.287830224379061583e+00 4.768134604555629985e-01 -1.033881616285633021e+00
-3.117308886366588094e+00 1.009599731645850262e+00 -1.092526458859695682e+00
-2.650902325432102913e+00 2.384506829557628826e-01 -9.351482589517473576e-01
-2.929723074171670660e+00 1.097088559640085004e+00 -1.284777079322709792e+00
-3.059406773889626674e+00 4.641177632071266657e-01 -9.364643201897182578e-01
-3.293450815242617846e+00 2.227153340675084858e-01 -9.688686081701343156e-01
-3.559525575587116464e+00 6.017256481150421443e-01 -8.942606609298104914e-01
-3.053409399214729092e+00 3.660386184983779878e-02 -2.510661206672093915e+00
-2.991031242093668663e+00 2.838597159042639539e-01 -1.004282099756102165e+00
-3.015746907651325692e+00 -3.226488901346630245e-02 -1.061495115452976368e+00
-2.498944467049859064e+00 5.193310816873173419e-01 -7.950408567900232315e-01
-2.803108612288383927e+00 8.611940580510863974e-01 -1.030953845287979176e+00
-3.019825688513910311e+00 5.022670682299846812e-01 -1.183536385491647192e+00
-3.245657138227906469e+00 -1.756738693443454236e-01 -8.558383791853289013e-01
-3.299603780269616315e+00 5.993848388202712707e-01 -1.273291842141593078e+00
-3.152940168105298646e+00 8.626160388893171910e-03 -6.362028438985154466e-01
-2.552293557705415772e+00 4.234110570419234443e-01 -1.045501340238217836e+00
-3.521803764546211468e+00 4.616577994973259380e-01 -1.053438266205306117e+00
-2.266183156059737858e+00 1.525541663386029700e+00 -7.660059024064904687e-01
-2.699549494266712202e+00 1.039122828695272727e+00 -1.147147586592632162e+00
-2.544901256023239355e+00 7.234198662698437809e-01 -1.090769669669333863e+00
-3.146084088999201889e+00 4.012844267860015135e-01 -1.324917160594591081e+00
-3.250236017623407303e+00 1.661764741368063625e-01 -2.023173400534607147e+00
-3.196976237831131495e+00 1.752732872382281315e-01 -1.039903819657655326e+00
-3.510124866920072861e+00 6.630065413688964737e-01 -1.988408750258075841e+00
-3.207211842502921684e+00 3.679486997237721990e-01 -1.033373276218385151e+00
-2.316254554453563763e+00 8.671010758467971868e-01 -1.114513551977815542e+00
-2.826168300263902644e+00 6.119791344579847969e-01 -1.077964773878105298e+00
-2.952152943238480542e+00 9.898675010820014997e-01 -1.121336397615062319e+00
-2.536761015554014342e+00 4.949999260283721170e-01 -1.064254379691374153e+00
-2.255004177817633071e+00 5.645310276525072890e-01 -1.227613266002453685e+00
-2.668899263870998961e+00 4.720107222152100102e-01 -1.091227558465386327e+00
-3.129352747388797873e+00 2.362007949083007874e-01 -1.022817286748848531e+00
-3.321409393963387302e+00 6.198629560727044741e-01 -9.482773166505085172e-01
-2.654097193783518271e+00 4.062896252318112800e-01 -1.013133656656499459e+00
-3.331907129673224333e+00 2.898691304554379400e-01 -1.255204564701227099e+00
-3.112154616141757035e+00 8.429058610033717258e-01 -1.002803057241662854e+00
-3.150394756576169186e+00 4.490660869998846505e-01 -1.489173337769258865e+00
-2.870299370153368113e+00 -5.191783648087675701e-03 -1.089253092395780165e+00
-2.877230254379746555e+00 6.288485102562704210e-01 -1.128541997188509338e+00
-3.372957275291950552e+00 2.172590310152114068e-01 -5.547743366057097392e-01
-2.780365651084536260e+00 -6.820120372832880196e-02 -1.426537226409995140e+00
-2.653653147774939658e+00 1.094819882425009938e+00 -1.048534424035291623e+00
-2.383199022188510430e+00 9.870889061113226337e-02 -1.298350043086039518e+00
-2.608973205840597664e+00 4.001514499031134653e-01 -1.383006373179523685e+00
-2.744013353006827138e+00 1.047532994837401477e+00 -1.108051939443613243e+00
-2.989201288807088019e+00 3.170809896374465059e-02 -1.686650596342963881e+00
-3.074407450226249061e+00 -2.539821723064525361e-01 -1.031346843274744796e+00
-3.194975635964023564e+00 6.948184564808548291e-01 -1.035673311957742371e+00
-2.826041884153442041e+00 1.475516480152545995e+00 -1.144827976865249841e+00
-3.447461268527364009e+00 2.541685887828829538e-01 -1.069343434491260014e+00
-3.174264182756306063e+00 1.081009136967308049e-01 -1.180269185376861873e+00
-2.973138193912618021e+00 3.092453705885047088e-01 -1.001637754365430455e+00
-3.072677030206425464e+00 6.220466352941045329e-01 -9.083212951862799089e-01
-2.460695901817735898e+00 -1.676583856651706061e-01 -8.094270437870327850e-01
-3.039619820748459489e+00 5.992885928520685912e-01 -1.085049787913002550e+00
-2.847507108341956084e+00 2.732522908239838344e-01 -1.207575480093931786e+00
-2.534134453827520339e+00 5.729160695432813366e-01 -1.001981624268122761e+00
-2.920265560229528656e+00 4.442413557808705393e-01 -1.108860344209224857e+00
-2.426222792142629814e+00 3.599135756761692728e-01 -1.165787237300068613e+00
-2.557159696537298910e+00 1.410359469283846978e-01 -1.230165334380441289e+00
-3.334029429268894784e+00 4.971984797544392043e-01 -9.106769522922988358e-01
-3.015366985591136029e+00 1.362099559096287826e-01 -1.278609219500316252e+00
-1.888353413219357124e+00 5.225056483455439160e-01 -6.506905335460031470e-01
-3.078476301429155182e+00 7.575086336185691271e-01 -9.243641993357384345e-01
-3.160779365955106002e+00 1.569936751234410066e-01 -9.238900325298676774e-01
-3.182455390658468719e+00 9.724647849886692841e-01 -1.349379625213729117e+00
-3.045185117272066311e+00 4.989839520739963175e-01 -1.076513999599107096e+00
-3.234288507032502924e+00 2.354651453410421258e-01 -9.493825237175734788e-01
-2.405217816415785137e+00 5.507004482199306938e-01 -1.073137340036420584e+00
-3.166690652242156290e+00 5.903499892487044098e-01 -9.742844534039046822e-01
-2.695192238926721995e+00 5.877365401026163338e-02 -1.030393463209233973e+00
-2.539432644258984961e+00 1.136482341541972529e-01 -8.455205044881992649e-01
-3.293691305360031851e+00 1.213521967351915282e-01 -9.794770127370278079e-01
-2.883029140253754452e+00 -4.475445152912642388e-02 -1.588491987438841679e+00
-2.931575120205478502e+00 6.645488818776376649e-02 -9.634116987516684327e-01
-2.917025411597887530e+00 5.099779962064278083e-01 -1.158281845489337991e+00
-3.178165333794728653e+00 6.561869372610967810e-01 -8.589851302079535289e-01
-2.753105438978306729e+00 8.008922295020934889e-01 -1.140155547323409513e+00
-2.797407531689180438e+00 1.096685344469352508e+00 -1.046682238565631806e+00
-2.881458236844639753e+00 4.781178400645117454e-01 -9.046565646654851633e-01
-2.611689350998360304e+00 6.942044470252161092e-01 -1.114275364984071315e+00
-3.113200264114579952e+00 1.553793340157768876e-01 -1.005531973151568836e+00
-2.664474796140173130e+00 2.574572228820394826e-01 -9.207455248647018475e-01
-2.577294874436141470e+00 8.216504686624245268e-01 -4.158359174206085473e-01
-2.580089352145557235e+00 -1.827554052729395972e-01 -1.025366391284377343e+00
-3.329045266532101532e+00 4.911157207187648033e-01 -1.103783531759491954e+00
-2.123665421838638601e+00 5.333347006990005745e-01 -1.828259788971251520e+00
-2.763232903029071430e+00 2.204696228796340640e-02 -1.060821667543238034e+00
-2.994215192647100121e+00 5.925999962824617384e-01 -7.311182740457673468e-01
-4.128231333725366881e+00 2.885281067652055720e-01 -1.932784957508129065e+00
-2.737414783277305030e+00 8.106521033241105290e-01 -1.014837089516974933e+00
-3.414616380286743524e+00 6.903972025206147611e-01 -1.284700319286745884e+00
-3.070343935514699751e+00 -1.401598427576690627e-02 -1.278171059096629314e+00
-2.911839444787327036e+00 7.046783786568222574e-01 5.488741199104064661e-01
-2.563803796073868657e+00 1.109804804451298477e+00 -7.975003293303902785e-01
-2.460805526781438601e+00 5.596877311648335018e-01 -1.384896161368258438e+00
-2.809729054054584729e+00 1.059859487661957589e+00 -9.170865739815309281e-01
-2.955672085203860711e+00 4.787599234330859321e-01 -1.162487799003904865e+00
-2.591611257203804364e+00 4.042994474657233273e-01 -1.124961433119303411e+00
-3.295798533763935723e+00 8.619424932296181341e-01 -1.049401955685020038e+00
-3.652075824231063361e+00 1.364421378995885059e-01 -8.989394143794520176e-01
-2.868197163380003545e+01 9.566413298448836144e+00 9.802534769534720915e-02
-3.431071242858811043e+00 1.180284615810507587e+00 -1.157285959270898612e+00
-2.282347254204371012e+00 2.092485620671807323e-01 -1.300000600614291901e+00
-3.236933390053355009e+00 7.650407935307007579e-01 -1.095549270239108086e+00
-3.116580606484838700e+00 8.410485212090321738e-01 -1.002464807157317450e+00
-2.198318265749080958e+00 8.617996218577077538e-01 -1.298733826651617074e+00
-2.547916867751552683e+00 1.078068194029289772e+00 -1.300390814937085748e+00
-2.984024987998556977e+00 1.319410091422243525e+00 -1.002212573088447467e+00
-2.437534662899829119e+00 3.841246006947710567e-01 -9.946847505459591732e-01
-3.287761141375654006e+00 5.611111150539144221e-01 -7.683663830805317341e-01
-2.669593417676115354e+00 7.773564743348659878e-01 -1.224427685299055879e+00
-3.153620871268780324e+00 5.038362877074705759e-01 -1.051533455544513496e+00
-2.898688696116826335e+00 9.904415133044134345e-01 -1.059876150697639297e+00
-2.885754639936407795e+00 9.256273051756519488e-01 -9.912155533234372484e-01
-3.092542717056799173e+00 5.142127829214786505e-01 -1.080830947540797338e+00
-3.196818537553067774e+00 2.651591191124573199e-01 -8.536405276532218478e-01
-2.467781491759248436e+00 1.261757794293947521e+00 -1.226880785695190212e+00
-2.791586991295768705e+00 1.599055358367369728e-01 -1.483267445379662153e+00
-3.101715117527801713e+00 -2.068912143726182873e-01 -1.343529705360239968e+00
-3.031000207410953440e+00 4.978307469892869208e-01 -1.164927540902645164e+00
-2.442593346363848728e+00 1.864172544092560779e-01 -9.114465796131111519e-01
-3.072953662191934665e+00 5.978013852274244311e-01 -1.195544740460854793e+00
-2.315379890247222239e+00 5.273190608146897107e-01 -2.990491232883195627e-01
-2.549408243955600284e+00 2.777085844945504922e-01 -7.630201241812579749e-01
-3.334819150253797382e+00 2.328435013055287217e-01 -1.172847706262804435e+00
-3.399931818875892020e+00 2.780962285539909651e-01 -1.746234009632170014e+00
-3.282495459462615894e+00 7.688561887270826123e-01 -1.011848131410281404e+00
-2.994041584823480040e+00 6.225015258128552276e-01 -1.095181263500854874e+00
-2.948029554847558131e+00 8.744567463149492959e-01 -9.914604524718824141e-01
-2.755336848914402559e+00 5.019649754147345044e-01 -7.948227425784437639e-01
-2.806961138067620265e+00 3.089949870115962227e-01 -7.777840540540529313e-01
-3.182844783243294007e+00 4.062912964341806599e-01 -8.967157202017647100e-01
-2.158447914539400436e+00 8.295594341186525167e-01 -1.482518544763651747e+00
-3.304645812255069259e+00 2.991849949022221122e-01 -7.760050709975300220e-01
-3.328525056327347631e+00 1.095098064734639109e+00 -1.035723349387626779e+00
-2.532785117270715869e+00 6.713378389718462902e-01 -8.744839574905478585e-01
-3.754600918278325317e+00 2.082668620771237558e-02 -9.655506649170212397e-01
-2.890900819269579092e+00 1.231997184832260006e-01 -1.012684415801307081e+00
-3.545099171223818235e+00 3.040751819403138545e-01 -5.522696970730136545e-01
-3.595098499990817320e+00 -5.780775497058562168e-02 -1.250599614543324467e+00
-2.877186942876825970e+00 6.666678908020687855e-01 -1.070165120421937122e+00
-3.564578480536321425e+00 4.869180828729680610e-01 -9.224917145347160119e-01
-2.874459585053959820e+00 9.165087380732946931e-01 -1.208463122974378301e+00
-2.717981670186799370e+00 1.475481002247004958e-01 -1.078036662333075046e+00
-2.492163834781710552e+00 3.177522301068426702e-01 -9.671792248786126311e-01
-3.432754298654779657e+00 7.833365826442106883e-01 -1.382905975978575563e+00
-2.048270596661509568e+00 3.383769686001665833e-01 -4.914929478199604462e-01
-3.009981824729771827e+00 8.548597279331789922e-01 -1.083223915947069127e+00
-3.244635000907660771e+00 5.864444420132449709e-01 -7.373235838883287485e-01
-2.784289459391267929e+00 6.078647167368649296e-01 -1.467982915106988084e+00
-3.181235756741809695e+00 6.113529093223170063e-01 -1.129114516339933427e+00
-3.204468269217536136e+00 4.187314427416661267e-01 -1.351126816501735162e+00
-2.330093330143387043e+00 1.189361622446112321e+00 -9.000384306773034915e-01
-2.398876917070368986e+00 6.762068479728576831e-01 -1.112875317239116368e+00
-2.693175466409483132e+00 9.111345956761619513e-01 -1.184290291611539425e+00
-3.637898975346613994e+00 4.300696909393468825e-01 -1.170703622750676853e+00
-2.497064024216105071e+00 7.424575670136310812e-01 -1.053382640690284866e+00
-2.497570314271086556e+00 1.014859012322420595e+00 -1.081372970224616870e+00
-3.479280113471475921e+00 1.037697019325461323e+00 -9.228329913493034109e-01
-2.874953888934648205e+00 1.821448686780865744e-01 -1.268887942622420661e+00
-2.362867828729279474e+00 5.576193388791936822e-01 -7.075612034074277856e-01
-2.281282179215481154e+00 7.077017635685628472e-01 -1.018275948695948063e+00
-2.326456484137197300e+00 1.588155166435276933e-01 -1.266938272650952158e+00
-3.210380793630204899e+00 9.196236742568576483e-01 -1.063312934687068667e+00
-3.368688017226912468e+00 7.542165638599682698e-01 -7.634262552123021184e-01
-2.946023095425421179e+00 1.042449722560771619e+00 -9.672557545252197242e-01
-3.351611394920209985e+00 6.396912018967958469e-01 -1.031083547788964605e+00
-2.164272222634594733e+00 1.116550352215885944e-01 -8.370295056119493315e-01
-3.083634862191377835e+00 4.412322600850312471e-01 -1.113723794068869122e+00
-3.087095759023660513e+00 2.721327781138765944e-01 -1.039804390031492831e+00
-2.915443683692878096e+00 5.908047591208248628e-01 -1.311084122440951516e+00
-3.338195306461045231e+00 8.426958173255197915e-01 -1.071821241887573439e+00
-2.854215235266133632e+00 7.841207138703700785e-01 -1.109524374698494631e+00
-3.035737309976065834e+00 7.778194649047681652e-01 -6.793534841901311960e-01
-2.789987042412396256e+00 9.798638962354193627e-01 -9.100696824094567372e-01
-2.678859990848995398e+00 4.133063680991851396e-01 -8.796871669699717344e-01
-2.957076265007634319e+00 -5.057479004217583229e-01 -7.145889227050067349e-01
-2.953460101495168022e+00 4.661025929343093899e-01 -1.098533878182086365e+00
-3.272304368167940236e+00 7.824836156121497410e-01 -8.219672070237417083e-01
-3.071425082753334479e+00 1.307430994378842470e+00 -5.213164971376141876e-01
-2.880601025215613564e+00 1.034611748580945623e+00 -1.132714366097468117e+00
-2.424305742351195114e+00 8.146230554883873154e-01 -9.594911983170237857e-01
-3.118288846700356665e+00 9.956822438429542288e-01 -1.189079549945693870e+00
-2.462597344209443762e+00 7.244123253089553849e-01 -1.128826975393044441e+00
-2.898001872599388129e+00 2.637354512159212350e-01 -9.026310334188961670e-01
-3.375383495704793013e+00 7.546128351287925140e-01 -9.509412592328744251e-01
-2.962186834580393224e+00 4.758072259197729803e-01 -1.145163201481643522e+00
-3.315739500720910726e+00 4.668521631264081484e-01 -1.143010565039524584e+00
-3.102552753292274534e+00 7.911327332141113722e-01 -1.094865502152478021e+00
-3.194703457486939513e+00 -9.975630157508691420e-02 -1.259663562305357143e+00
-2.595550231939938168e+00 5.760885227954927190e-01 -1.052259929982448439e+00
-3.037559651879991662e+00 -1.173691772542134575e-04 -1.159464551281813360e+00
-2.908145229477197446e+00 5.961311257568882027e-01 -1.025952676520796469e+00
-3.062802883402777177e+00 7.062168644211778146e-01 -6.427069880186236928e-01
-3.236736288229897340e+00 7.803445421744571453e-01 -1.064622457077188500e+00
-3.004622887295927747e+00 4.761758424082011554e-01 -9.772093204959638735e-01
-2.493750700243656748e+00 2.663453328826131394e-01 -1.058446443296933159e+00
-2.426567289286281515e+00 1.049245173052061997e+00 -9.471899029174623008e-01
-2.684155499940857670e+00 7.427380252518780424e-01 -1.098907788970606036e+00
-3.431147406748022100e+00 6.143339522728338276e-01 -4.628075427334500946e-01
-3.292125531498519830e+00 7.615945927365930235e-01 -1.341717357929903542e+00
-2.564558609718726068e+00 3.490913289764582816e-01 -1.138223081005595327e+00
-3.158040207183936854e+00 2.145293299753002481e-01 -1.114777223980998988e+00
-3.096573790832052975e+00 2.329439493389244276e-01 -1.655251443899090624e+00
-2.239078326870318492e+00 6.068408787971520946e-01 -1.205207402665673833e+00
-2.929409332296541990e+00 1.848427179808647958e-01 -1.216469024769175178e+00
-3.255449914489838115e+00 5.106488989550340696e-01 -8.109348118158222762e-01
-2.933553016867535224e+00 9.344725450811749434e-01 -1.184399522701351071e+00
-2.533433329022316993e+00 6.539943632046321120e-01 -1.064962850372520586e+00
-3.274301376917064577e+00 8.331347390512499063e-01 -1.183277965289379674e+00
-3.762074312675094845e+00 2.819479633864966361e-01 -1.636568132466172387e-01
-3.029981169130701257e+00 3.209461733817510765e-01 -7.623575036217511425e-01
-3.074429182400322702e+00 3.007954469462795766e-01 -1.104151909660416431e+00
-3.408708170281638861e+00 4.277849814931830030e-01 -1.177300649542591504e+00
-2.617906971417369721e+00 5.793460484427189611e-02 -1.073864886384948480e+00
-2.952443486103159653e+00 9.694661032100687637e-01 -1.225570659784834593e+00
-2.227733667721774058e+00 8.105841751262236050e-01 -1.076150598122074253e+00
-3.428002678844039863e+00 6.636077832289073442e-01 -1.019909902916760203e+00
-2.850084813486103652e+00 2.856437072451832870e-01 -8.607485052272436654e-01
-3.441672063805417014e+00 -6.544939806007142591e-02 -1.018450877065365301e+00
-3.377262708388042434e+00 5.514528504286686506e-01 -1.005608290088273460e+00
-3.097259019162450944e+00 1.245968623270455655e+00 -1.160468956639579829e+00
-2.554211045261738366e+00 1.336311350507908058e+00 -7.780444817479090780e-01
-2.248969646006418355e+00 1.038427579367142473e+00 -1.232758005487471387e+00
-3.228791741659560177e+00 8.355128865514254155e-01 -1.179946058580016999e+00
3.891875480548598887e+01 -1.575969040583456326e+01 8.908644216163974505e-02
-3.050716965850736706e+00 3.006071996140829983e-01 -8.073205118088270238e-01
-2.703923905525796645e+00 4.540043553210355853e-02 -9.850522736680269453e-01
-3.212295578556616515e+00 6.027782329280575446e-01 -8.352874511528186607e-01
-2.532853159105604934e+00 -8.326285508184806672e-02 -1.041429467993449265e+00
-3.399817746032366195e+00 8.696578197148673028e-02 -1.114738467974115910e+00
-2.958317968257040409e+00 4.379572925203237821e-01 -1.303278071990511711e+00
-3.120511136688485454e+00 4.207162233866602041e-01 -1.125381270765671404e+00
-3.193234127797829558e+00 4.356886789341586907e-01 -9.969413480844754316e-01
-3.571459041862622197e+00 -1.696672625408348345e-01 -1.608494238179524416e+00
-3.621531829273734626e+00 8.634599214815688040e-01 2.351407396469014366e-01
-3.096904990296312832e+00 4.753564943125103692e-01 8.935749123772949998e-02
-3.122013100228183013e+00 1.088120425345646014e+00 4.961594462719796095e-01
-3.030020511277921713e+00 2.340207358625919498e-01 -2.162773684513678685e+00
-2.666028230224116502e+00 1.097502770891594759e+00 -1.124447271124752179e+00
-3.160573147898296575e+00 2.506650631306373556e-01 -7.161453484294033611e-01
-3.210053191676824014e+00 8.482854010021885216e-01 -1.071428782663174761e+00
-3.130831051120043451e+00 4.676981395054192192e-01 -1.082563870355798707e+00
-2.579130600366736026e+00 9.201762726129930625e-01 -1.101997289780276557e+00
-2.572425024567194907e+00 9.807703453030693908e-01 -8.230505713553846192e-01
-2.911455743496605297e+00 1.094934371920627703e+00 -1.185933254894079525e+00
-2.933657679589697587e+00 2.557580863100255564e-01 -1.098204189781707862e+00
-3.207105326308404170e+00 7.613128215660516229e-01 -6.762186225012679630e-01
-2.992536828382840852e+00 3.761681598395546500e-01 -1.221151528654215612e+00
-3.038863450641671626e+00 6.746313715591714111e-01 4.288981645351865879e-01
-3.036986013609137114e+00 1.375595264065459178e+00 -9.735244549655853730e-01
-2.398872701231051341e+00 5.176593303621386255e-01 -1.102625768766384962e+00
-2.829108692099231881e+00 -1.246788383599734679e-02 -6.618668711363624446e-01
-2.820533955629406897e+00 8.955295940998544424e-01 -1.054900985939073443e+00
-3.101654579446768256e+00 1.898786657195057626e-01 -1.020735787397810235e+00
-2.407721914812777086e+00 1.348203176646919355e-01 -1.073932364107014203e+00
-2.893804531975442185e+00 1.695898746317702210e-01 -1.343827382629055656e+00
-3.029791082872937302e+00 7.080881126018931937e-01 -1.447328483752259753e+00
-3.043262130528815224e+00 4.631953153946470891e-01 -9.486235123958881577e-01
-2.635862590656390836e+00 1.939881540130918625e+00 -1.412249886246454533e+00
-3.120024632661601238e+00 2.358789057752541385e-01 -1.060909886631261401e+00
-2.601718211953685245e+00 9.840269433122005305e-01 -9.850593364736847102e-01
-3.061535277630242469e+00 6.529705806411805202e-01 -1.168795751652309534e+00
-2.699619770494287252e+00 9.713360646792883468e-01 -1.044226696847408986e+00
-3.030742900019020691e+00 7.245351268144015755e-01 -1.582047200270852327e+00
-3.116476874272659625e+00 8.098093602041162020e-01 -1.277092450098326060e+00
-3.267317821485293816e+00 1.016464580362395759e-01 -5.566649023544453095e-02
-3.358677359623672309e+00 3.648385411342586759e-01 -1.241214750111008236e+00
-2.885072582413695130e+00 1.034032924146696120e+00 -1.099038922713909905e+00
-2.873210798727218407e+00 4.678073784430222815e-01 -1.208798809912299266e+00
-3.117592884935298514e+00 6.288339088192902437e-01 -1.249194997136805041e+00
-2.841466675742807091e+00 7.647515059752956201e-01 -1.432095343340114901e+00
-3.451395746783271878e+00 2.346578347836620893e-01 -1.547912983480146609e+00
-2.823835453064337031e+00 1.686296502962169319e-01 -1.072442662241482436e+00
-3.334817573317527817e+00 9.556073447722664982e-01 -1.271192381384757208e+00
-3.010893492614285627e+00 1.038862072289723049e+00 -1.238213646322964490e+00
-3.124881812732431374e+00 3.198334364409022856e-01 -1.024865614343827724e+00
-2.776633276643134085e+00 1.448196033717617792e-01 -9.706910864953772755e-01
-3.150082960149082734e+00 5.542774523177905754e-01 2.907365166157280245e-01
-3.199421948875286414e+00 1.903626407081035754e-01 -1.013444399325824197e+00
-2.627742724954446718e+00 5.952514500152951138e-01 -9.493901897221772579e-01
-3.038004141593966256e+00 5.863189691548326143e-01 -1.063484576010711224e+00
-3.017933061203804002e+00 9.562121059562632697e-01 -1.119332626257805829e+00
-3.463235761910135935e+00 6.232180719377817812e-01 -1.093449682414870727e+00
-3.024186905239792722e+00 2.981461727002273632e-01 -1.128268880465203905e+00
-2.554983430876404338e+00 6.399172170433456985e-01 -1.405017886195174315e+00
-2.369238539840227364e+00 6.327327233404064777e-02 -1.826902988547648710e-01
-2.715870966249047669e+00 9.275864988547170009e-01 -1.468392928018880772e+00
-3.458972551100214954e+00 3.670944471794093111e-01 6.547210624291185943e-02
-3.813228746598563479e+00 4.830179082800878376e-01 -1.411450239446722543e+00
-3.445367644351437608e+00 -3.219794067606023269e-01 -1.566349758298412942e+00
-2.283308491066645907e+00 3.225933953068929050e-01 -9.198498073820569054e-01
-3.059277905370421546e+00 1.046645673168114854e+00 -1.179476654325781304e+00
-2.850492424973696703e+00 9.132454712357400695e-01 -1.497460097563899861e+00
-3.358683172269651518e+00 5.158943684132345497e-01 -9.880761853584651977e-01
-3.287982263686613837e+00 4.374229882372374090e-01 -1.127442594118868158e+00
-3.581362616438718227e+00 -3.839474246664143497e-01 -1.364823764644842674e+00
-3.049623632849461696e+00 8.740848898995781102e-01 -1.327874808831567277e+00
-2.462557944099779572e+00 5.056806012401142691e-01 -9.907816385034565743e-01
-3.041523400791172005e+00 3.358186109235162253e-01 -1.170400073694025433e+00
-2.404884698231709361e+00 1.080978907361739988e-01 -2.076986688631240696e+00
-2.967711356597255268e+00 8.113460330293823519e-01 -6.679376281491009593e-01
-2.715666287102744381e+00 1.348137380450206979e-01 -8.065594292261850651e-01
-3.097934797248237615e+00 1.167376211692937815e+00 -1.067970195433448621e+00
-2.615867944719316274e+00 -4.096450925421518119e-01 -1.106308501543598943e+00
-3.005973293611832187e+00 9.873935269190619035e-01 -9.542908884019667415e-01
-3.103902275514653919e+00 3.567819929623498587e-01 -1.163426762261220215e+00
-3.510962644637497299e+00 5.809702254903316154e-01 -9.049186639462800663e-01
-2.410949173250722222e+00 9.219130168666667124e-01 -1.154114440292761445e+00
-2.715008067362998379e+00 -2.703268306803693899e-02 -1.080114118315940619e+00
-2.860396530006479754e+00 1.054870242657527823e+00 -8.236159182555810032e-01
-2.503563944377444006e+00 3.635726815502596243e-01 -1.103624201947970507e+00
-2.497903569634019050e+00 5.270401053095504773e-01 -1.153462492701753828e+00
-2.394353116772735213e+00 5.425004725929655214e-01 -1.105988029059715494e+00
-2.441748478522260069e+00 8.270043667157788159e-01 -1.062247874799300940e+00
-2.907341141991234945e+00 7.324726353760407926e-01 -1.086684479308616336e+00
-4.105317209420203284e+00 9.197390001138584514e-01 -7.830414558810826209e-02
-3.132954379713577264e+00 6.550824575962734819e-01 -6.579944754353730385e-01
-2.882253366207300882e+00 6.747821140851080202e-01 -7.796983672720724234e-01
-2.799455593751840166e+00 4.438559188254527221e-01 -8.305035228955270910e-01
-2.814754173188509068e+00 3.990342950351789542e-01 -1.037884764876506161e+00
-3.216998159198349416e+00 7.883301766959326384e-01 -8.652020659459417340e-01
-2.239626108374220159e+00 7.988906670241621155e-01 -1.006472674434798487e+00
-3.057386231541783239e+00 7.952470563787950031e-01 -1.200161338576984704e+00
-2.881627445736562709e+00 5.502646727389540748e-01 -1.126732641802375756e+00
-2.275363894243096485e+00 3.637316094654642340e-01 -1.134321626222231538e+00
-3.041770896168837446e+00 1.487172250832764220e-01 -1.105374493173439499e+00
-3.106548895582632586e+00 1.580411218716467336e-01 -1.224573184972319373e+00
-2.992487642552569493e+00 6.403677706281090121e-01 -1.080172806242458705e+00
-2.461326061708849711e+00 9.392279922546793447e-01 -1.274781841023655993e+00
-2.961655957486581947e+00 4.188535199946159526e-01 -4.567282483839748553e-01
-3.316484253028099349e+00 8.226243111636937222e-01 -1.103991013801031151e+00
-2.995180920870160968e+00 3.310784521267139402e-01 -1.111224148260388622e+00
-2.992369376493649646e+00 7.617954762221198495e-01 -1.046818932356118337e+00
-3.261482373974888826e+00 4.660185814441901719e-01 -9.776727141951531141e-01
-3.060655018118426884e+00 9.394345142840279106e-01 -9.278127948098926492e-01
-2.998961924857367567e+00 2.247931902395561843e-01 -8.032478132971661022e-01
-3.216050205487170022e+00 8.616600331529020718e-01 -1.274051466557805767e+00
-3.237482901349106879e+00 1.008335232646371038e+00 -1.226853284689304546e+00
-3.202081650943391367e+00 9.397312666442952933e-02 -1.099340662678141012e+00
-2.952307404498220045e+00 1.172360509244054771e+00 -1.289703978083350799e+00
-2.869699042835431868e+00 8.648810083687058503e-01 -1.304544280651507293e+00
-2.820900055357254299e+00 3.257608956750310814e-01 -2.005785321820163780e+00
-3.381439295363731112e+00 7.184473992092926808e-01 -1.092341183955853667e+00
-2.644497791563282796e+00 2.527833479700605235e-01 -6.687017674147033297e-01
-3.283569067167051436e+00 -9.185826303165660345e-02 -4.474406764886719179e-01
-3.312215275184380303e+00 3.753972882985447956e-01 -1.677679049709701831e+00
-3.445797850867705403e+00 6.056659728269007115e-01 -8.342907763917893904e-01
-3.134506715869410876e+00 9.457320099989047213e-01 -9.736432753361329295e-01
-3.043110645085755461e+00 2.915154079039734003e-01 -1.191996599179204752e+00
3.898926323301622432e+01 -2.095141900449773686e+01 -7.117917041970271974e-01
-2.922224555357213482e+00 1.089943133841028811e+00 -1.103031843083066121e+00
-3.258085961030189104e+00 9.738856958979352774e-01 -1.132008945064021166e+00
-2.637537063423575301e+00 9.342269990396926405e-01 -1.076916075222721147e+00
-3.299238733680808888e+00 7.006412642509018962e-01 -1.057924789841083513e+00
-3.086805239844822690e+00 -1.548390821080143642e-01 -1.013364659090416842e+00
-3.213553823198236348e+00 9.921975390861929034e-01 -1.051938608509803474e+00
-2.661905372803964998e+00 3.578890499713810458e-01 -1.361401527699804381e+00
-2.590908895673305512e+00 5.696775022468453242e-01 -9.977643233130659706e-01
-2.439401895179909907e+00 6.246030789803529437e-01 -1.082689535409329107e-01
-2.680279338236183584e+00 7.652540289111847693e-01 -7.688149468967734323e-01
-2.679868442582320931e+00 9.467474998331709690e-01 -9.152292676589665055e-01
-2.470559335217612951e+00 1.803005931502477566e+00 -7.042687784474958024e-01
-3.045465381895699597e+00 2.647409586302754136e-01 -1.055850974406602916e+00
-3.062744652431796943e+00 -3.585325474000620755e-03 -1.105090763802817344e+00
-3.177052797673299622e+00 2.968070890467282563e-01 -1.074787570173246998e+00
-2.210490180578930541e+00 6.573936073252788503e-01 -3.517466739815732768e-01
-2.224595611030442122e+00 4.149374808398917924e-01 -1.188749049570162031e+00
-2.847150742152856573e+00 2.526218627184130261e-01 -8.538287040846503917e-01
-3.072999407346284073e+00 4.271175481039515276e-01 -1.005077551051820617e+00
-2.874722447565458694e+00 5.990808846813547861e-01 -1.152862337350948119e+00
-3.000430432243471834e+00 1.074406670003108522e+00 -9.801861429996944208e-01
-3.275109648513347516e+00 9.720968355919901160e-01 -8.342151912077159226e-01
-2.867519184348151118e+00 9.906800322545805670e-01 -1.117233893364717900e+00
-3.306658188419699052e+00 2.671215187657602907e-01 -2.144201660842203427e+00
-3.277228629394654646e+00 1.191576933074223632e+00 1.341120120514570635e-01
-2.606446640831500794e+00 3.855171860150298224e-01 -1.028503503949347309e+00
-3.167112605353655574e+00 2.959766649661114690e-01 -9.249099566852909682e-01
-3.079422276342125731e+00 8.617920957844523722e-01 -5.235735069677074360e-01
-3.086588985340249280e+00 5.337238570918863001e-01 -1.016522959104357859e+00
-2.498854232577537360e+00 6.038724392864556201e-01 -1.464230746754075607e+00
-2.972213012888271333e+00 7.658040458108822390e-01 -1.110535490528373082e+00
-3.073765683696833673e+00 1.157157065585878941e+00 -9.880986368541443410e-01
-2.528829414526713837e+00 5.539888748609993474e-01 -1.292694346496361391e+00
-2.440206503761471968e+00 5.385425524497302607e-01 -5.457643407609379382e-01
-2.488380395633848607e+00 1.865784679734506790e-01 -1.602414175891018644e+00
-3.317862869754105493e+00 5.785462258265076096e-01 -1.095120799010139923e+00
-2.515773702327981365e+00 1.743036211001378344e-01 -1.098385603804135302e+00
-3.196132951334714534e+00 9.968435783332907363e-01 -1.097046909523443636e+00
-2.870302054850083273e+00 1.040172973258850497e+00 -1.164725890011080622e+00
-2.901396863343221888e+00 9.032547262182027970e-01 -9.581016235662873637e-01
-3.202798196970488398e+00 -2.836536567483476795e-02 -1.225404604777818651e+00
-2.538710016488542554e+00 6.085335058720093837e-01 -1.126989204998435135e+00
-2.591152210309176862e+00 9.242261257677837349e-01 -1.166539367055562826e+00
-3.141342449827818850e+00 6.328329275357893469e-01 -6.374903983147122144e-01
-3.391385114202809969e+00 7.391813160406746075e-01 -1.046298995338760918e+00
-2.323531826137464229e+00 4.984559719340677653e-01 -9.189933644583078154e-01
-3.186483048503271576e+00 9.963330620241114266e-01 -1.048888416807957080e+00
-2.616834529678668364e+00 8.935167153974860055e-01 -1.041230145903399240e+00
-3.249082555056137522e+00 4.297787757020929411e-01 -1.127515188112104827e+00
-2.596202253062556142e+00 1.611408247202644473e-01 -5.876379404785124771e-01
-3.165562490839907372e+00 1.086660546059976307e+00 -1.080749335376876896e+00
-2.989200090054407344e+00 6.974172007674558360e-01 -9.658693611426147907e-01
-3.090880669509827428e+00 6.520136188340370786e-01 -1.014295860609976119e+00
-3.111577904306232600e+00 1.268769432832622224e+00 -1.116117227127864764e+00
-2.681489827580556984e+00 7.842287174311072251e-01 -8.358346460688831359e-01
-2.963796070847131592e+00 1.146898260068250908e+00 -9.548401128802819215e-01
-2.821897135139288082e+00 4.338272755751076959e-01 1.631912722091872492e-01
-2.523421409555921979e+00 5.273219447633969992e-01 -1.396259156275257318e+00
-3.404849532652770794e+00 6.338894348116691502e-01 -8.614758459208844421e-01
-2.803773749582655128e+00 6.326982004149746264e-02 -6.828252945186794598e-01
-2.719992921498084026e+00 2.625261582007670791e-01 -8.674577410156567581e-01
-2.730702033654814898e+00 5.126384920800365619e-02 -1.135788010896242151e+00
-2.348314532318767967e+00 5.856099011061614013e-01 -1.848432270231351815e+00
-3.845832508246190162e+00 7.902352153081886321e-01 -7.862307354280722027e-01
-3.266685609125216772e+00 3.829349383578349864e-01 -1.661580927350716219e-01
-2.551346433765261157e+00 1.100108125097827294e+00 -1.289229353965744451e+00
-3.388222737349098956e+00 7.014384278833754038e-01 -1.050157655718205518e+00
-3.130864966311542208e+00 9.861517674414480572e-01 -1.152414313671816792e+00
-3.291945871700735715e+00 6.276251314116957358e-01 -1.223537062848149226e+00
-2.387129642518877048e+00 8.285274820221122383e-01 -1.373481156883216814e+00
-2.612736262586381475e+00 9.798980149080249724e-02 -1.153596761171275853e+00
-2.830761994766714640e+00 5.316634073900803337e-01 -1.013686576837304010e+00
-2.278003568008942104e+00 1.047314575543065951e+00 -1.259041520415745685e+00
-2.792640309905288554e+00 9.802763919827295336e-01 -1.050747952111727557e+00
-2.317749223020342253e+00 7.685546727120903254e-01 -7.763830442534885856e-01
-2.626286815711647904e+00 2.495876146880552648e-01 -8.310127477955365771e-01
-2.921295492124917015e+00 7.983162751573683602e-01 -1.068943274338270299e+00
-2.760573046880009596e+00 1.194226136849076275e-01 -1.090942005162233164e+00
-3.032399209339706747e+00 1.440262466693027488e-01 -8.101695003599741485e-01
-2.330200292807423690e+00 1.274172440438650078e+00 -1.204204418162112766e+00
-2.170820145528285838e+00 7.362112371183713311e-01 -1.330645551782139391e+00
-2.849180021052788891e+00 8.371741873674445333e-01 -1.061327213196002761e+00
-2.847416826393909250e+00 3.124829144115625623e-01 -9.496560054486704594e-01
-3.582070714993659699e+00 8.544609364690666231e-01 -8.232788582094608953e-01
-2.376178203987941995e+00 4.649372344862281459e-01 -1.014125947896419966e+00
-2.663292384660809642e+00 2.643426755700590269e-01 -9.294781645359944111e-01
-3.563047708394663005e+00 3.681775969004847937e-01 -1.596471275164059067e+00
-2.755368866881546808e+00 3.881570492391494542e-01 -8.899417003064652443e-01
-2.641239136570763257e+00 1.008428453987967766e+00 -1.331364647476037444e+00
-2.844260118193705722e+00 6.345798849380053230e-01 -7.110951560923383097e-01
-2.697243515917278511e+00 2.247337173168567626e-01 -1.409386024328265208e+00
-3.214199269272121295e+00 3.449962353316845531e-01 -1.252569794643565881e+00
-2.850190578741111924e+00 1.196729675993982722e+00 -1.160713082422154763e+00
-3.194539786945750137e+00 3.894051642649399292e-01 -9.539626347673748619e-01
-3.076865566332906532e+00 -7.025372340350181932e-02 -1.075443599099109138e+00
-2.796124545997273891e+00 1.174825382289245226e-02 -1.016845878466376751e+00
-2.749135040312952860e+00 6.760177635038624455e-01 -1.220423287681259295e+00
-2.914506105431510896e+00 3.605298769894541566e-01 -1.120195853332242697e+00
-2.460639671368526571e+00 2.881642237029558018e-01 -9.950519470983143488e-01
-2.860080255054934462e+00 6.085712431183624149e-01 -1.362205180810122318e+00
-2.662756629965965072e+00 6.583973490038774745e-01 -1.048489328862087344e+00
-3.355925991963292443e+00 8.294953914008194040e-01 -1.042263760280718321e+00
-2.449005132535325480e+00 1.071978122522352139e+00 -1.203939846383546897e+00
-3.265816883966247364e+00 6.525449017867553936e-01 -5.872624510667027176e-01
-2.552446053994545494e+00 5.049036182607284928e-01 -1.086675740984581529e+00
-2.828474935796669421e+00 6.978762680899770476e-01 -1.522360518787499561e+00
-2.420111375725588765e+00 8.709440459245171295e-01 -1.126242952532663377e+00
-2.806393289612488129e+00 4.384877329527660517e-01 -1.188106208457338830e+00
-2.730854695203008387e+00 1.233336273743792066e+00 -1.051765585533253722e+00
-2.400587627976661587e+00 6.223605455230341033e-01 -1.078178618847068115e+00
-2.622324322704872035e+00 2.181293323057143796e-01 -1.062185634596219064e+00
-3.286452954385964187e+00 7.834387173322194808e-01 -7.322779581442582231e-01
-3.208816517490354681e+00 6.015233415941206863e-01 -9.952160404455121512e-01
-3.059647129545991273e+00 2.533539736421486777e-01 -1.327442869075181830e+00
-2.666350685660130893e+00 7.201550484826626519e-01 -1.099370919740026098e+00
-2.806232898897828676e+00 9.950714240544714095e-02 -1.037742281852944704e+00
-2.187028441316307248e+00 9.844602758698297595e-01 -9.800485332110497882e-01
-2.169440213246164539e+00 3.840599748011473413e-01 -9.659399764088427709e-01
-2.850462414790262855e+00 1.265056129947925267e+00 -4.884437528220457181e-01
-3.425102548521429036e+00 -7.818494808742745272e-01 -1.221334419255618586e+00
-3.217650019941503459e+00 9.371359757206546570e-01 -1.180303171166746656e+00
-2.532070318558957922e+00 5.719927944640990081e-01 -1.071355905725081437e+00
-3.038360375729475926e+00 4.440549282437948886e-01 -1.083001070491771411e+00
-2.731736492104400060e+00 -9.471477747941553504e-02 -2.534261602537033919e+00
-2.007801410663418196e+01 -4.395890127943885517e+01 -6.600355811607616641e-01
-2.475674021288337023e+00 8.888321738406912420e-01 -2.282769492683591750e-01
-2.448215970732549707e+00 3.702805093165880135e-01 -8.426082263996592658e-01
-3.081951459857126263e+00 1.129194654605209847e+00 -1.146367379634590788e+00
-2.605709430385709791e+00 3.026416316769500181e-01 -1.367949074099421125e+00
-3.196666847830120783e+00 2.872056996561105913e-01 -8.372983274086296390e-01
-3.256182908404173126e+00 7.302388150350132001e-01 -1.057979050071435667e+00
-2.760735584239049967e+00 3.705274971586136612e-01 -1.140989472200728549e+00
-2.792029081655360123e+00 3.625822131704160567e-01 -1.093535608874643517e+00
-3.105175229632855860e+00 8.114050214529000549e-01 -1.020259823285636136e+00
-3.076600996977326918e+00 6.694745894836322542e-01 -1.298282783554917330e+00
-3.059303674013138519e+00 5.858005729715207721e-01 -1.210615013391848738e+00
-3.447015335299819405e+00 5.402607624518568352e-01 -1.242388900346278469e+00
-2.494652045342781399e+00 4.251803264035359381e-02 -8.326772584743050709e-01
-2.880895102738932234e+00 5.632098575907739102e-01 -1.154363915629672332e+00
-2.909007824207739734e+00 4.856696636194249815e-03 -9.066393253226481264e-01
-2.614009141570024841e+00 5.780664436399371997e-01 -1.209296316807689120e+00
-3.118791360724253892e+00 2.766709169591121675e-01 -1.161617795272449571e+00
-2.545002227764149083e+00 7.209992308655526205e-01 -1.266232194087020480e+00
-3.075916841490654363e+00 2.499004048154032376e-01 -1.063920386138736296e+00
-2.967508401077415314e+00 3.481149300722024553e-01 -7.182716054026720975e-01
-3.185028324394094223e+00 9.730958825950689617e-01 -1.152140674229779282e+00
-3.442058004244243907e+00 5.078142363364916978e-01 -1.106445332365094902e+00
-2.776678893771332035e+00 1.098779406413245896e+00 -1.177279349420746302e+00
-2.809800536530852710e+00 1.034400464721955348e+00 -1.209300947211929600e+00
-2.730369739109421712e+00 -1.229404162326069722e-01 -1.180814593489091457e+00
-2.296232371099343084e+00 7.215170068531254755e-01 -1.320665748431157915e+00
-3.592514711368565816e+00 4.391891537668898282e-01 -1.219405594204500565e+00
-2.105866859881663000e+00 5.913390422609390157e-02 -1.303065082812916664e+00
-2.797567964876108260e+00 7.774993011095296946e-01 -1.158190266842978877e+00
-3.016334436325518897e+00 1.169557802774030542e-01 -1.066435621934061828e+00
-2.784940017993625894e+00 4.203315625530074651e-01 -1.065280102911570381e+00
-3.031293155801856987e+00 1.149292246711260124e-01 -1.261893422898903716e-01
-2.719167620045156664e+00 3.819279415299877689e-01 -1.050060147720826897e+00
-2.752244517034719617e+00 1.568321789141587097e-01 -1.035871711939096107e+00
-3.063263914748711070e+00 1.369699593904122104e+00 -9.550577304552665403e-01
-3.183216308991836829e+00 1.136380605195031590e+00 -1.037718441231914923e+00
-2.387751951006932938e+00 -1.248548493933358955e-01 -9.183565997966541827e-01
-3.348727374885994479e+00 9.694392239645662768e-01 -1.065417115800863401e+00
-2.510933956701834280e+00 3.891348844292468745e-01 -1.215907032776112340e+00
-2.877308723770544141e+00 5.240697871875118485e-01 -1.049903834297850835e+00
-3.799032815587462419e+00 8.099048134816120292e-01 -3.480169183515250397e-01
-3.014062639367360408e+00 4.656067954125409081e-01 -6.326118106653727535e-01
-3.177867559779201656e+00 1.167835805094353585e+00 -9.656760635361384404e-01
-2.890451857847406103e+00 6.071476804028670404e-01 -1.050086977906440344e+00
-3.391895881095750909e+00 4.990411648263416433e-01 -9.250761825796417481e-01
-3.067722636123177082e+00 5.026023965979652397e-01 -1.097351043585713226e+00
-2.950322833867631278e+00 1.085382721547608620e+00 -9.344804462346802953e-01
-3.505528877338423666e+00 1.457418636535820378e+00 -4.464446296142526305e-01
-3.435882464304094164e+00 3.131464107601830693e-01 -1.054217042641690805e+00
-3.026149096362074076e+00 8.603016565883232492e-01 -1.632525091239678483e+00
-3.368058658625839197e+00 6.112488669703703970e-01 -1.054219724577163175e+00
-2.120764909044229984e+00 9.488135243897645177e-01 -1.071967619795912485e+00
-2.634534199732754711e+00 1.553599951450717054e-01 -1.269564777295142388e+00
-2.697058761800301241e+00 -3.531617247928360293e-01 -9.020263841847475650e-01
-3.141365060261374520e+00 8.515579246147608750e-01 -1.043814845454142270e+00
-3.287907133794354397e+00 9.750694776683574982e-01 2.918411500370415509e-02
-2.433474496997399594e+00 9.181762620367269756e-01 -1.032378635000810618e+00
-3.244758112889950752e+00 9.895241377506853730e-01 -1.098857916967697079e+00
-2.803040439294475217e+00 3.213346963487507812e-01 -8.143625911074904300e-01
-3.032445111298936791e+00 3.774394584800164210e-01 -1.139815745077581655e+00
-3.174663054664253359e+00 4.196077770072654811e-01 -1.050335677265477496e+00
-3.088956403012371510e+00 1.097182573116043391e+00 -1.002761106029426585e+00
-3.354074457612728821e+00 4.214213794726893170e-01 -7.956105780518167858e-01
-3.292193366914208941e+00 1.060686434641694653e+00 -1.122571288823691837e+00
-3.925139332405705339e+00 1.246765357272666963e-01 -1.150120492977620978e+00
-3.190993998720579761e+00 5.858825518781460850e-01 -1.030135288035320285e+00
-3.418499311470715618e+00 7.125968036429596308e-01 -1.042426286605252717e+00
-3.411037408496693679e+00 4.140339338763337484e-01 -1.120942162201335579e+00
-2.167299936080327782e+00 1.033079842761729372e+00 -5.388764762654070228e-01
-2.768972616467368031e+00 6.277679963028302002e-01 -1.070340546210193367e+00
-3.700590426890423057e+00 2.434427808065442456e-01 -5.315119076593211034e-01
-2.422634041228913571e+00 2.412831053555421768e-01 -1.970390180665827495e+00
-3.647288447645293363e+00 3.300365493852207011e-01 -2.150043667940207293e+00
-3.173473507486762379e+00 1.067730572300297082e-01 -1.001544385501844436e+00
-3.047789038001654127e+00 8.839161932500861907e-01 -6.531570199640982510e-01
-3.262185371475911033e+00 6.152899080550421340e-01 -1.083337212823293427e+00
-2.509769670660692675e+00 2.782783068683739591e-01 -1.141675008911306799e+00
-2.391005765099754488e+00 5.795339026725410125e-01 -1.165024425128393437e+00
-3.030308580112559103e+00 5.230582608047643633e-01 -1.122452449579930400e+00
-3.230794427916269917e+00 4.204579450998539580e-01 -1.650538555208120872e+00
-3.141900438920732785e+00 -7.213756694409483895e-03 -1.152434839423903012e+00
-3.158967387953115491e+00 1.094809359055026077e+00 -5.965787626561563917e-01
-2.071537641683143693e+00 1.186969095091482407e+00 -1.664151202681562358e+00
-3.242373992260890070e+00 8.998866648627813492e-01 -1.039084836397547562e+00
-2.680356143066433106e+00 9.777084824065351842e-01 2.474831138828930410e-01
-2.972141698294099132e+00 9.634851461512319304e-01 -6.184512509679168657e-01
-2.933264157319201093e+00 2.574930122118787579e-01 -9.999495398442856953e-01
-3.370812193482638275e+00 5.902359093645949129e-01 -1.094590285250426787e+00
-2.968582284117070369e+00 7.093159572657699030e-01 -1.064064833157999379e+00
-2.668194422551102729e+00 2.102699374099415430e-01 -1.006989122434059025e+00
-2.465990824491835820e+00 1.215748180040179705e+00 5.379142410573600763e-02
-2.983756108318071032e+00 5.201023281155637834e-01 -1.101499134696434012e+00
-3.200798860037811888e+00 9.153057248075885388e-01 -1.087739562603133203e+00
-2.450440743691864487e+00 8.713030822267416875e-01 -9.883521231042496913e-01
-3.144673187634457800e+00 4.551233506257588712e-01 -1.116497834932729694e+00
-3.880793092602429883e+00 3.596969412615474426e-01 -1.662606759873724860e+00
-2.618291322886435069e+00 5.426365787690345943e-01 -1.232467429642856382e+00
-2.703385306675999189e+00 3.755375040754812543e-01 -6.298882128205788300e-01
-3.320692768788976235e+00 3.308981603559171258e-01 -1.107232660088850906e+00
-3.042474217000459280e+00 3.766043709994466582e-01 -1.094185388970663642e+00
-3.102147316115483999e+00 3.709874149703363266e-01 -9.898192134511214491e-01
-3.523725597424072653e+00 1.950591714818636080e-01 -1.099589708121472942e+00
-3.143759684637227991e+00 3.263382334862125478e-01 -9.443934294401835627e-01
-2.853269495010983370e+00 1.094016027261083046e+00 -1.155389175894208975e+00
-2.305039348133027133e+00 7.811776306180624463e-01 -8.393205822134048866e-01
-3.216245369210853244e+00 4.253153736954913833e-01 -1.273145213725967340e+00
-3.690100852583679814e+00 -2.287623948332416501e-01 -5.948923323512066430e-01
-1.846093951081418494e+00 1.663229907994129286e-01 -1.154795547795095745e+00
-2.679087728170086447e+00 8.643668730575400083e-01 -1.288410979302049286e+00
-3.426556694426371674e+00 7.916887852766146816e-01 -1.090078366379158892e+00
-2.829418593921912528e+00 9.146680996494198634e-01 -9.557983387374902051e-01
-3.023486444036944665e+00 1.295497683866053511e-02 -1.063196875986825329e+00
-2.791191006592678825e+00 9.138874310409836887e-01 -1.562455820857097999e+00
-3.029642039518823271e+00 9.820906466184883277e-01 -1.057387192275377252e+00
-2.114929957716295661e+00 1.092592661767939122e+00 -1.398462073101461201e+00
-3.333780387487399466e+00 6.495296093992576347e-01 -1.203129378578753350e+00
-3.110538116348095627e+00 6.005237138761306825e-01 -1.031712501839811225e+00
-2.785943871632328150e+00 7.154628846142296883e-01 -1.028512815677357972e+00
-2.584137491928754748e+00 3.893508159345456243e-01 -9.633137348931007926e-01
-2.845992531375282297e+00 2.755920431888160826e-01 -9.399605631601346545e-01
-2.666528432880943100e+00 7.234381424386920889e-01 -1.045800913060343396e+00
-2.938920329091945671e+00 -1.408505216860044540e-01 -1.454166400871036657e+00
-2.948853264451134937e+00 5.982405029626857162e-01 -1.106349082295257524e+00
-2.999089882544943464e+00 -4.086838285567191698e-02 -9.405089070617380642e-01
-7.783695448895673330e+00 -4.996202428722470046e+01 -7.523885692792182667e-01
-2.112330625089896330e+00 1.501037261607796713e+00 -2.340183739021329049e-02
-3.262965482085286695e+00 1.134576775649786429e+00 -6.748600497381538332e-01
-3.436106202032287005e+00 6.334354383662650356e-01 -9.467486331715543324e-01
-3.214421814826378121e+00 1.075743522803609187e+00 -1.065114531317005619e+00
-2.744162227115242381e+00 3.220141036302816007e-01 -9.472688532310226117e-01
-3.490151356215566825e+00 8.466987931411167345e-01 3.547942409102656236e-01
-2.716816519377283523e+00 6.599023642603674134e-01 -1.072558084883661778e+00
-3.182733584327125165e+00 1.024300543252064655e+00 -1.016146037746323394e+00
-3.187520734077622375e+00 8.267604611253928093e-01 -1.093142572859459483e+00
-3.290572282173032548e+00 1.068693864130134230e+00 -9.076477327420896524e-01
-3.308389264779298511e+00 3.114302209119299003e-01 -1.050868873249303448e+00
-2.688003869679317592e+00 4.091054569652949335e-01 -1.125806050870348018e+00
-2.297301189547915623e+00 1.208219190813404759e-01 -1.155016905960845275e+00
-2.909144313078047883e+00 4.331032530737308206e-01 -1.310966757166646346e+00
-2.632981117393502046e+00 1.148238030003411181e+00 -1.070957534607172468e+00
-3.432825636281263915e+00 -2.138770291495890041e-01 -8.841324536200307893e-01
-2.924891497721674671e+00 3.315663824384681435e-01 -9.913792039233001452e-01
-3.463639986762453216e+00 8.413504512751442954e-01 -1.251063954018417634e+00
-3.084368456382193813e+00 4.842673156726635675e-01 -1.071863426353099724e+00
-3.242501033503353280e+00 5.333448708607807509e-01 -1.397942526082421200e+00
-2.424199113676103856e+00 6.720041746625728951e-01 -1.136726393007723157e+00
-2.947939842817755451e+00 3.729077237067054407e-01 -1.148575206113768177e+00
-2.816164560076884094e+00 1.073581084890623538e+00 -1.542295861029070903e+00
-2.771125726186062899e+00 4.237165234008360426e-01 -9.763999795718293351e-01
-2.912022998917362049e+00 -2.218312422277456397e-01 -1.125126979891020396e+00
-2.633508863414915968e+00 5.921588578305004846e-01 -1.133673156355724965e+00
-3.247847470338799170e+00 3.781024900239896569e-01 -9.156014657573150473e-01
-2.561301458542381670e+00 4.480988785335470737e-01 -1.150765260721463346e+00
-2.899865233354640637e+00 9.883863857637939510e-02 -9.927233495849934197e-01
-3.117395108351562527e+00 2.902758615225005112e-01 -2.120588038201272951e+00
-2.763229972452248884e+00 8.669872114628588422e-01 -1.511988296549234390e+00
-2.037977567482632590e+00 1.226560296005237305e+00 -1.047232084779936567e+00
-2.394747876318620516e+00 7.527554415120736309e-01 -1.095223291465071913e+00
-2.827576360418256218e+00 4.512364449462807348e-01 -1.619677204926331937e+00
-2.789019883674876965e+00 3.609907044457737468e-01 -8.992229087762081408e-01
-3.044299234048814196e+00 1.017087570219965986e+00 -1.225042099703572251e+00
-2.363371623803240951e+00 3.233972470312600489e-01 -1.032249996023151706e+00
-2.839489802302169519e+00 9.601922257501249724e-01 -9.642507309732966103e-01
-3.429835867354241952e+00 1.163481774888736470e-01 -8.482321606233476086e-01
-2.996539849027701763e+00 7.201618107980699568e-01 -1.334582267176054993e+00
-2.419044907708152170e+00 7.594055750878900835e-01 -9.364882502318603308e-01
-2.540265001626583086e+00 6.522830591349603191e-01 -3.699571436947916570e-01
-2.615866182406388685e+00 1.008615384729305120e+00 -1.133202632534956233e+00
-2.768521970798616394e+00 8.254181216915785768e-01 -1.429728177601330197e+00
-2.749703475807205422e+00 1.044068440514253737e+00 -1.101030953503753462e+00
-2.882676951359689710e+00 8.577220551263994297e-01 -1.072740656018125405e+00
-2.747073308958045690e+00 8.943886501786120213e-01 -1.050641162727429023e+00
-2.808398386035703798e+00 2.723091550931705518e-01 -1.109641163317899970e+00
-3.131119459636912961e+00 4.536273744312345202e-01 -8.764570858537628073e-01
-2.572499062268417624e+00 6.680752077456961757e-01 -7.178883666081304904e-01
-2.433843602634973902e+00 -2.319945825176127907e-01 -1.051352955102582865e+00
-3.005353731843480425e+00 3.290150331362818453e-02 -2.488755734807665654e+00
-3.570289208040440254e+00 4.446362732155945130e-01 -1.193191644689609587e+00
-2.250705601098360820e+00 1.882865635057495046e+00 -6.642297417900764334e-01
-3.165004180716968207e+00 1.194117082236756167e+00 -5.664017035214689022e-01
-2.584733855622092236e+00 7.827143401011117385e-01 -1.104354463498588013e+00
-2.800793146996442662e+00 6.278876769765270316e-01 -1.192647145295828937e+00
-3.015737295177757904e+00 7.976108368020556894e-01 -9.082773788198852394e-01
-3.634314961947967770e+00 -2.591614882161381028e-01 -2.209725265110646375e-01
-2.906511273143902674e+00 8.250630802192984170e-01 -8.523115058790101672e-01
-2.469321945312376254e+00 2.219628574319775227e-01 -2.049996450829860706e+00
-2.024369771896711967e+00 8.755681261772946256e-01 -9.754145684083775913e-01
-3.153606599794088527e+00 1.081855883676239527e+00 -1.321400844670005625e+00
-2.779907188781823191e+00 -1.307487991523458293e-01 -1.408894405844695719e+00
-2.508386744402177904e+00 7.664442757015097474e-01 -1.143809742443058663e+00
-2.924592842694363704e+00 1.059741117805193422e+00 -1.163260363534396991e+00
-2.916841431844091836e+00 7.727648118690719770e-01 -9.168459221503870715e-01
-3.111583018626232544e+00 8.705978818194244351e-01 -1.100234415470523475e+00
-2.849330246742699302e+00 9.354310292873850852e-01 -7.490218661631135033e-01
-1.583768719518095391e+00 4.600296177743987136e-01 -9.007412331592163923e-01
-2.537240419638256750e+00 6.064335482969253066e-01 -1.212231388915411046e+00
-3.526580154380941412e+00 7.019007647939055072e-01 -1.084707843765160717e+00
-2.773475982089478986e+00 5.915185903422072178e-01 -1.112138117009951577e+00
-2.657634261868414338e+00 4.249140154837965366e-01 -1.169147347790616465e+00
-3.259478559282186438e+00 9.386231329753632613e-01 -1.111380905644771877e+00
-3.589498074300079278e+00 9.680438020183640413e-01 -4.121514045151930539e-01
-3.048642886963717658e+00 5.225146496663820583e-01 -1.128418773726590940e+00
-2.963676939956984668e+00 4.402784972052292134e-01 -1.044190277762282681e+00
-2.623226709199552698e+00 8.334107562557770965e-01 -1.742807276709677167e+00
-2.701827051835597793e+00 1.289551951998963775e+00 -6.693481001113552598e-01
-3.135317189375842251e+00 9.540231003303653035e-01 -8.586527807770671927e-01
-2.593395307174497511e+00 3.731061079382472223e-01 -8.235024100487248200e-01
-3.268352985876479266e+00 5.601119522669604223e-01 -9.344681640570596803e-01
-3.694898569355647311e+00 5.067585880650697927e-01 -1.097405940033111982e+00
-3.212004164764121761e+00 6.037823636610912814e-01 -9.346252550788296531e-01
-2.913876478781968427e+00 9.255732818203360468e-01 -1.056204163152154374e+00
-2.962140503705814609e+00 1.607374977169309660e-01 -1.368713102217730793e+00
-2.789412032317581058e+00 6.071402743186484763e-01 -1.271321017346008109e+00
-2.971795070026529206e+00 5.002991754799198665e-01 -1.085025532780203861e+00
-2.567693075787405022e+00 1.100124082591397157e+00 -1.133111885825756504e+00
-2.874090099928054975e+00 -4.001394542088107173e-03 -7.960368690701693506e-01
-2.428289285401559638e+00 6.717176614609515761e-01 -1.015978779373103880e+00
-2.835827916473868893e+00 9.320446260171195707e-01 -1.131484853967918536e+00
-3.208468525992953957e+00 5.744862944856233833e-01 -1.375021708465158587e+00
-3.306210832701369284e+00 6.418639038164039023e-01 -1.049353589116387875e+00
-2.818209104679952226e+00 1.832691806154942635e-02 -9.513327434789498049e-01
-2.664926597485365090e+00 4.758115058548776366e-01 -1.139383182686596330e+00
-3.480089863467393574e+00 6.109214787809550407e-01 -9.807104169034671637e-01
-2.812815033994904734e+00 9.934677675652394679e-01 -1.066358038145964304e+00
-2.576996621948485888e+00 4.491270549787379496e-01 -8.654600426070695462e-01
-2.561318062719257771e+00 1.124049177621867068e+00 -1.021683869207423268e+00
-3.145162813022079007e+00 7.625195794133095006e-01 -1.055483596912480504e+00
-2.458509193404971427e+00 2.640338502378510865e-01 -1.110262513905802217e+00
-1.992316508833137600e+00 6.061464459006327132e-01 -1.497136605017126643e+00
-2.581433775682903331e+00 1.847858414068613009e-01 -1.229907224431093793e+00
-3.001283983216029849e+00 6.805193220503349405e-01 -9.130192593318868788e-01
-2.999230579084915416e+00 7.811253977738480403e-01 -8.569577152170605450e-01
-2.853414077020070216e+00 1.531561483884710806e-01 -8.323788637008261437e-01
-2.875430037076821765e+00 1.763706920981343018e-01 -1.262514030705482959e+00
-3.000825622738402476e+00 6.937876014326472829e-01 -9.849865080568095399e-01
-2.924153884961368632e+00 3.492486507764619996e-01 -7.310027172117169458e-01
-2.398337911514039522e+00 6.355553651572114493e-01 -1.322364759456256200e+00
-3.311203414351485907e+00 9.741931698939512163e-01 -1.216228922941003487e+00
-3.501163888788795475e+00 5.265596695380830167e-02 -1.003132892943295218e+00
-2.891558989206012065e+00 1.018454087503165351e+00 -1.253570103103890609e+00
-3.314408144901440867e+00 1.192102198330557083e+00 -2.438030970414647669e+00
-3.006327284504437092e+00 1.469209996060591439e-01 -1.006589867892538459e+00
-3.194170519765675120e+00 6.361079612199013189e-01 -1.012253003640243287e+00
-2.539924654174628760e+00 5.229581207907911811e-01 -1.433929664263678516e+00
-2.685444274765193207e+00 1.236020566394626430e+00 -4.682172875434771897e-01
-3.699618151430264401e+00 4.209408083622560581e-01 -1.289559660060967561e+00
-2.685907573134519222e+00 1.440132500205109634e-01 -1.145190336377497786e+00
-2.933616705425057702e+00 7.848428355949316204e-01 -1.058197879115770457e+00
-2.894198895730709431e+00 4.711975618209147121e-01 -5.753771420521717195e-01
-2.297541759557587771e+00 6.009727659295379709e+01 -4.083708600627724561e-01
