-1.198180944575731433e+00 3.467927597065739720e-01 -8.403720125628959536e-01
-1.873524354792466484e+00 -2.119790360224745596e-01 2.168185341232846657e-03
-1.143893551251710772e+00 5.515130066720924651e-01 -7.888672104873841739e-01
-1.067814814454553840e+00 -5.226330331776677385e-01 -4.334820913431335909e-01
-8.056197365041808389e-01 -4.805778157550735785e-01 -6.088499053596839738e-01
-6.918929946610360426e-01 1.366304748869462682e-01 -7.395389535458490871e-01
-1.724597365700185403e+00 3.020725473225997493e-01 -8.974056145964252051e-01
-1.236085160334990274e+00 4.489822904059473929e-01 -7.705472255641474533e-01
-9.508631164802605618e-01 3.732956170177503807e-01 -4.288152520218994068e-01
-1.396785273228263069e+00 4.200255645629371593e-01 -7.378697335426712689e-01
-1.069143897352858419e+00 -3.575469029564223161e-02 -8.797067666088860260e-01
-1.854475999460698299e+00 -2.719056510765530676e-01 -6.143495202970354896e-01
-1.185054115784818451e+00 5.118919800372487838e-01 -8.369584162403979066e-01
-1.600189779793576905e+00 1.430874580159222642e-01 -6.275146945624908712e-01
-1.031148347211781502e+00 3.323916065815439858e-01 -3.896155733865037107e-01
-1.464312752005589857e+00 -2.051811276109462845e-01 -9.198512714794593315e-01
-6.369850424283881596e-01 -9.301444186705606909e-02 -7.880154773685639213e-01
-1.077745868180397970e+00 -2.060524198377967908e-01 -6.962816025009019860e-01
-1.252941664598106852e+00 -2.544345234745715723e-01 -7.543480362268127903e-01
-1.060968001757313761e+00 -4.445956610801804487e-02 -5.800668449590097309e-01
-1.248633748934869558e+00 -8.604991198183438439e-02 -6.691539945295127412e-01
-1.631315464891970324e+00 -3.442914216749750622e-01 -8.937366779128822492e-01
-8.898955427430601528e-01 6.855924362294048280e-02 -7.872337606593977632e-01
-1.187694232444982401e+00 9.202187399898195119e-01 -1.968975363825340719e-01
-1.139572059271561910e+00 5.698768928496593666e-01 -1.063050781588317006e+00
-1.687896493045250246e+00 -1.628300991212065785e-01 -7.853036807322552049e-01
-1.344491172383192046e+00 1.977469846551037358e-01 -6.617717213980732760e-01
-1.962029527026941889e+00 -4.576033592962164276e-02 -7.850091570194642765e-01
-1.353265898084145880e+00 -3.717011956734700973e-01 -7.214452961782837903e-01
-1.019743484035494641e+00 2.204857483753324202e-02 -9.765015109265844373e-01
-1.159343059096780593e+00 -1.490626346387753653e-01 -7.908271866470576450e-01
-7.597373353156009479e-01 2.079608219198689559e-02 -1.239973772746004954e+00
-9.289485728518661611e-01 -6.803606242993566477e-02 -8.432735729703824124e-01
-1.424910472159216956e+00 -2.085233086345907871e-01 -8.936708798052507285e-01
-1.631961360887025814e+00 5.992424277692158796e-01 -5.472935842785846550e-01
-1.463692887139744769e+00 -2.415355141664245475e-01 -6.559742911653893005e-01
-1.739762377687601669e+00 8.167119489352678632e-03 -5.766240175597340256e-01
-6.191969001162453967e-01 -6.763268680342087169e-01 -1.036097112646789276e+00
-1.441515254502656163e+00 5.506146984135784628e-01 -8.732303238804006718e-01
-1.574340192278177231e+00 2.891209134772019240e-01 -1.110980054637708214e+00
-1.236359591481452691e+00 -2.080253672437371582e-01 -1.162834223536110961e-01
-1.223778528835573809e+00 1.246724587370466042e-01 -7.960075551567541430e-01
-1.734304169085672198e+00 2.495687541860591441e-01 -4.316889627904059168e-01
-9.493572502556225645e-01 -9.744514721748864794e-02 -5.811752014580207071e-01
-4.457990018120996378e-01 -5.552142202418516304e-01 -1.299388839285758213e+00
-8.291665337336414643e-01 1.141662413753930516e-01 -6.511181977767411810e-01
-9.840488122964413664e-01 5.472226734536854709e-01 -4.565538948512304351e-01
-8.578248833884511981e-01 3.755852400435510385e-01 -9.419742530751922249e-01
-1.371705208610819904e+00 2.429883520356254933e-01 -8.802374069593124073e-01
-1.737241752281968976e+00 -1.164621615515034764e-01 9.811159365984367664e-02
-1.366289051273529287e+00 2.093477272362316288e-01 -6.955242284910909678e-01
-7.728578067871164636e-01 3.805648591176101214e-01 -9.252819846474888976e-01
-1.299769930752317837e+00 -6.995310429135624952e-01 -2.834233994868958773e-01
-1.755108794584700815e+00 -2.556971742880936871e-01 -1.104450918545064386e+00
-9.919908959850564090e-01 -4.259702014483905674e-02 -1.443371632862632703e+00
-1.406364036416128505e+00 -2.344002243389483875e-01 -9.199753877158923787e-01
-1.554111953251887668e+00 -2.100056523873808367e-01 -6.234075434846199082e-01
-1.049167683272992591e+00 -3.650458653815034649e-01 -6.725877612356544466e-01
-4.074642271529785309e-01 -9.917302077329462895e-01 -7.963953493295933272e-01
-1.525755217040092981e+00 3.412664638388047122e-01 -4.058862744015963586e-01
-7.344577337065545386e-01 -2.402920701132475224e-03 -1.104757900658059455e+00
-1.358615996777748469e+00 9.337591998260207360e-01 -6.241267354767252584e-01
-1.289664697450324748e+00 1.339893441589442347e+00 -8.334052075134490423e-01
-1.186461582979006835e+00 1.822295144262418842e-01 -5.989337789546647084e-01
-1.306429753189239040e+00 -1.733947316226365845e-02 -7.472763585024669863e-01
-1.323266947310199226e+00 -1.732270213786983870e-01 -7.024648315553415623e-01
-1.072533596514409382e+00 1.382238853900482067e-01 -4.877057491264762956e-01
-1.395592955770979193e+00 -1.655083007929866457e-01 -7.888826822075166723e-01
-8.688292660013825497e-01 1.509686345715553490e-01 -4.833134279587315008e-01
-2.704124218105944943e-01 -1.503641273860784056e-02 -1.402518863107796721e+00
-1.573272437560832016e+00 1.789678679604602141e-01 -6.067341589445233163e-01
-1.443717142597214620e+00 -2.636394965350719599e-01 -9.788731962311326695e-01
-1.641220269608208771e+00 2.836754827365693954e-01 -6.618597884990368163e-01
-1.319469457418340985e+00 -6.845252072781697616e-02 -8.606357270133903059e-01
-9.315692936615210806e-01 5.035798564500186814e-01 -8.767884085325770016e-01
-1.723483398605282879e+00 3.370352730177479383e-01 -8.454513522418855009e-01
-1.192896409014299275e+00 -3.636553244960708531e-01 -8.876087404899901667e-02
-1.284649777760094702e+00 7.839374300091246639e-02 -1.061338147489013561e+00
-1.188170095105484103e+00 2.226434954551247680e-01 -7.038153987900226394e-01
-1.283122444243881111e+00 2.419828177239233616e-02 -5.332342682222603880e-01
-1.327141315460077520e+00 1.753648229062625963e-01 -6.732478508500920888e-01
-1.504822019333654559e+00 5.309877640624921513e-01 -9.714265547409273172e-01
-1.554672519640359685e+00 -5.992094167684052647e-02 -5.674199685203809018e-01
-9.036635601363085524e-01 2.930876901699867587e-01 -1.826028886303568965e+00
-1.595860622504211124e+00 2.411364840894034411e-01 -8.961788161425434662e-01
-1.511797527817633435e+00 4.232636708129067227e-02 -8.945773427106979980e-01
-1.026552288368526744e+00 9.293150122699282700e-02 -4.572868680242757611e-01
-1.425197980238700701e+00 -2.070404490371581252e-01 -4.252030713922497207e-01
-1.023260384025324488e+00 4.110667089780133954e-01 -8.867727548047513730e-01
-1.180654853698893669e+00 3.268496329892959795e-01 -7.818283560888823480e-01
-1.009852176120202394e+00 1.110148768302211958e-01 -3.526126953738853986e-01
-1.464574856336192221e+00 3.489423249007422290e-01 -8.257368867588045225e-01
-2.254483746751293760e-01 6.949967550196292643e-02 -1.864133629552243487e+00
-1.741854254633630195e+00 1.185681421620452813e-01 -7.153984665345762828e-01
-1.299793331759381942e+00 5.171046906652023711e-01 -5.471810522492109863e-01
-7.348472386969120418e-01 -7.791462772005671930e-03 -4.798795941509856888e-01
-7.118256816005560372e-01 -1.112821318578233742e-01 -6.696923375962845482e-01
-1.576473215801627470e+00 1.863204405313020548e-02 -7.733045395633740826e-01
-1.018285808915174950e+00 3.404041846585212361e-01 -4.313723529064630302e-01
-1.120745527095792671e+00 5.756134683367363225e-01 -6.607962358531608293e-01
-1.360848021192517798e+00 -3.807134883247764168e-01 -7.069976611566713975e-01
-1.771607465025495820e+00 -6.513769465641719436e-02 -8.310648609137402110e-01
-1.584828480567814113e+00 -6.171942178002364221e-01 -1.097134502207128159e+00
-1.045886130307611239e+00 4.108865968946834868e-01 -6.456417512347731869e-01
-1.464819044878260534e+00 1.936338870595281925e-01 -6.994410268780804074e-01
-1.144353832159647366e+00 4.102133156313539364e-01 -7.411063091681130421e-01
-1.442377768574302443e+00 5.138259751690641419e-01 -8.113572328834610659e-01
-1.305241479127383863e+00 9.325002259260357640e-01 -1.249618234962713181e+00
-1.338940961389125217e+00 -3.086030349326266409e-01 -6.947609536937979779e-01
-1.306445590281042568e+00 -2.294704647384021856e-01 -3.097490490235420002e-01
-1.738129879877583495e+00 4.746926371823843027e-01 -7.682383919366582159e-01
-1.218465303578132097e+00 4.659629641460487082e-01 -7.713903167807012462e-01
-1.103077186159284961e+00 4.983752557630138913e-01 -6.282187185912576632e-01
-1.556628881300831990e+00 -3.016217889494214877e-01 -1.006090741547231104e+00
-1.057563938582709140e+00 4.943353043951355663e-01 -4.046064851582609756e-01
-9.502532258686594568e-01 3.880923362781844022e-01 -5.203953310149919131e-01
-1.520106361418043228e+00 4.573829872745449054e-01 -7.664484008165044493e-01
-9.334964939013832286e-01 -1.067769445966212094e-01 -6.440320109979086327e-01
-1.490007003109567130e+00 4.803136616578073670e-01 -6.548949699761256182e-01
-1.022340180981422542e+00 -2.390368507988498703e-01 -6.168350652899551312e-01
-1.312812918701902642e+00 -3.412148846298116572e-02 -5.966656645864020225e-01
-7.750698995338445307e-01 1.460159446903547542e-01 -7.017316636286520248e-01
-1.374863098320934451e+00 5.818024907334984341e-01 -8.705639195527286045e-01
-1.415868646377276496e+00 3.249260517000726600e-01 -4.707797305575160407e-01
-9.609154776947438137e+00 2.426721673161330273e+01 -3.091649241597513864e-01
-1.896998455674230089e+00 -2.886529748032495291e-01 -1.231726257949059961e-01
-9.430015021623213700e-01 -2.413406037686749786e-02 -3.769737550457565312e-01
-1.302499915040670420e+00 -2.836902727593915707e-01 -2.681717017517659118e-01
-1.069018771501057730e+00 -3.322284400838549367e-01 -6.830767340285014422e-01
-1.392608953585347864e+00 -2.868371442698489093e-01 -6.660666225428596432e-01
-1.214165884496243297e+00 -2.914137389848378557e-01 -3.105529114394972590e-01
-1.136077267296786264e+00 2.403224757223129671e-02 -7.601051109569917363e-01
-1.623760500800272011e+00 -3.748871328659248991e-01 -6.259721183787682053e-01
-1.502723221554589150e+00 2.246425207338187124e-01 -6.444036246873643403e-01
-1.296833396749571543e+00 4.567321887785160128e-01 -6.985812420127940348e-01
-1.735396818915664330e+00 4.150781761602966857e-01 -1.873201637024704658e+00
-1.319682626120343372e+00 -9.452771051057416718e-02 -9.208183859843861452e-01
-1.375994408108301092e+00 -4.407884312314891417e-01 -5.956947830335760363e-01
-1.473249582067529539e+00 4.193497482740976556e-01 -8.118535928422843106e-01
-8.753007163304057370e-01 -1.077637427948684723e-01 -8.156644464643229009e-01
-9.853639509155167620e-01 -7.859586043939451039e-02 -7.394309048633583847e-01
-1.017493324068015070e+00 -2.831564525310207858e-01 -4.214017542632822466e-01
-1.077445610361006390e+00 2.402435034374504619e-03 -7.203051022860895714e-01
-1.432252212684352655e+00 5.650149353765367977e-01 -8.396690528184391766e-01
-1.082802300447522681e+00 -1.198610363422460967e-01 -8.029125602941905582e-01
-1.405238707288519295e+00 3.738647957804602240e-01 -5.190199302329774333e-01
-1.444199468623928340e+00 -2.085599616976263060e-01 -7.776365444147878003e-01
-9.227923206166434023e-01 -3.421576868080056233e-02 -1.020599186347637355e+00
-1.795146185936850491e+00 1.255609877718577294e-01 -1.084419721727353680e+00
-1.385653444342197504e+00 -3.785483763515831157e-01 -4.868398441932575427e-01
-1.133729379925687120e+00 -2.255045924463766338e-01 -7.292450785598805219e-01
-1.115365731455737031e+00 -8.534070544150175464e-02 -6.242551360614495559e-01
-8.703304465092618347e-01 6.492373951838477895e-03 -7.138673710214141765e-01
-1.176964506497268914e+00 -5.218967288060841203e-02 -1.096456659186432425e+00
-1.000525171038058936e+00 4.900181228540833045e-01 -6.954906774183632345e-01
-2.070237572900529788e+00 4.635307424256729369e-01 -2.039151542608537981e-01
-1.620417122305707336e+00 2.590041231852726611e-01 -7.190301061113020253e-01
-1.590674063328538335e+00 3.716484142587833661e-02 -5.918338962279612314e-01
-7.443276901430591064e-01 4.705299215962658876e-01 -4.767901105564119613e-01
-1.507196144885583733e+00 -2.476164213819645465e-01 -6.825339532259547815e-01
-1.226031593221591942e+00 -1.689152051866858739e-01 -4.337246087848979914e-01
-1.587632031958550183e+00 2.692885942264132693e-01 -6.879052790057369471e-01
-2.479988461599627048e+00 2.711589763940175923e-01 -1.211622690060728313e+00
-1.521220858237869455e+00 -3.825350916806545326e-04 -8.298475710752136747e-01
-1.007247158089104699e+00 -2.393404166803717037e-01 -6.639303934833532539e-01
-8.612059746777634972e-01 1.596085032735920783e-01 -7.199511866196426357e-01
-1.090031309438363127e+00 5.290394713423973716e-01 -8.023554980574675310e-01
-1.256666718035255759e+00 -3.539600717422103360e-01 -6.891301987435684007e-01
-1.419287894498970359e-01 -7.748239883585424093e-02 -2.653762880021975357e-01
-9.091631097543119155e-01 -2.865285775482471209e-01 -7.281463542304278391e-01
-1.419059273230754981e+00 -3.815469279960677085e-01 -5.932006741051727428e-01
-1.604842127610388358e+00 1.467723275832340524e-01 -7.811737238349670820e-01
-1.423917967166203891e+00 -5.090946810688468105e-02 -8.221408088969694994e-01
-9.582124882842717462e-01 -1.329071229237135943e-02 -8.941750033729110037e-01
-9.973864072928328994e-01 6.231925683613079858e-01 -1.300500633536112227e+00
-1.193738580965091556e+00 2.609339631812154225e-01 -8.988861035781392506e-01
-1.304126731576274345e+00 -3.145143070101878990e-01 -4.546851435986114520e-01
-1.117738332860582995e+00 2.185661831384230758e-01 -1.066580438282272114e+00
-1.063332778493430775e+00 2.309563852133948714e-01 -7.165414243560472851e-01
-1.187146776481678767e+00 3.636972559871872734e-01 -7.195438900589761211e-01
-9.057036125883242139e-01 -1.816665778248342800e-01 -6.555683243957141082e-01
-1.538440362507819126e+00 3.150997326773125051e-01 -7.359053166960259906e-01
-8.802933259599615701e-01 -7.749840547323152973e-02 -8.318135210280012126e-01
-1.172546456920094293e+00 -4.184151739673618864e-01 -9.192684794150565164e-01
-1.003090929826125022e+00 -4.278192851051439843e-02 -7.447946970906174080e-01
-1.226274680514125581e+00 3.878280778766600712e-01 -6.802707783093031590e-01
-1.373107029571254190e+00 3.423903999718436175e-01 -6.365593067455170839e-01
-1.223084087609634052e+00 3.181020165050901793e-01 -7.944731835260473440e-01
-1.107398961693308204e+00 -3.988068138785792471e-01 -7.259874434662043630e-01
-7.829559552421390123e-01 1.190281863829149439e-01 -1.018469798497536383e+00
-1.012904391073784716e+00 -1.974850817019330185e-01 -7.924141327280146418e-01
-1.088064597566353875e+00 3.056960717964112284e-01 -4.596086834812150301e-01
-1.636693212056357982e+00 4.944704358245843312e-01 1.642498892717921266e-01
-1.575311211754031770e+00 -3.310115641762952921e-01 -7.120243140359866496e-01
-1.967715392765839733e+00 2.565871965918726239e-01 -1.465657881572437260e+00
-1.471652079640319188e+00 1.054981983176607407e+00 -8.781480563419121754e-01
-2.067515160656333784e+00 1.427956752062108814e+00 -6.735231889432463648e-01
-1.381924031321071444e+00 1.596444042928021334e-01 -9.581820463062236115e-01
-6.498646046272444909e-01 8.961420597307211133e-02 -7.875260255680345267e-01
-7.551587993091297690e-01 2.181858616930691941e-01 -3.982373828282458339e-01
-1.348281361371328035e+00 2.667358615548153788e-01 -9.240842045360526669e-01
-1.010715611804265279e+00 4.323122482352397267e-01 -1.063199950991476905e+00
-1.522112583785625972e+00 -9.310048587031835576e-02 -8.351610286727768617e-01
-1.377210567086392778e+00 -7.124270242609100912e-01 -7.234592237917789603e-01
-1.209731420046841421e+00 6.811119046000886287e-03 -8.035169380547660944e-01
-1.542243309539565566e+00 3.732664681251768868e-01 -8.143587415172840460e-01
-7.996766455028989640e-01 6.056760930251227082e-01 -7.263537391069447846e-01
-1.190263328757116712e+00 3.983202160793577334e-02 -5.957372597495059763e-01
-8.945335836459028522e-01 -1.754503941663993483e-01 -8.622006921883861308e-01
-9.559459050227564481e-01 3.702228899340428425e-01 -5.654698230608803389e-01
-1.360750195439331067e+00 1.408770619406714275e-01 -2.158766015916512071e+00
-9.885931721603698208e-02 -1.274510883401942241e-01 -2.981317592189839383e-01
-1.471131327970020664e+00 -4.423105757012856243e-01 -5.250801866459375855e-01
-1.560515066291077169e+00 5.269519815313964406e-01 -7.790481294327569195e-01
-8.997282685709337979e-01 -1.547477228503873203e-01 -7.409906678832425264e-01
-7.535194381264292973e-01 -4.979240693547375834e-02 -1.026230383095030563e+00
-1.112998888349203908e+00 5.543780739167962768e-01 -8.867677834042750895e-01
-8.666595986563669918e-01 -9.943117746162896675e-02 -6.877060059530822889e-01
-1.507856671073505073e+00 5.173885707686183277e-01 -8.302551320551628811e-01
-8.107742736572149944e-01 -1.227407423583691537e-01 -5.440738424871439660e-01
-1.688045639039494894e+00 -5.334523561346727893e-01 2.090701510776550032e-01
-1.198955869516567629e+00 2.663999949810244017e-01 -6.938161495550738689e-01
-1.147576572769146264e+00 1.871633602293757970e-01 -9.973441986897989553e-01
-1.365552860827385695e+00 -2.445480566081197904e-01 -7.103141581625730394e-01
-1.207852179898927014e+00 5.631162356060315233e-01 -4.016529791264010218e-01
-1.739746850830149683e+00 9.165349528323980532e-01 4.090027963980399361e-01
-1.758059659149040943e+00 2.225947962571354632e-01 -7.900294678980737118e-01
-9.507243928024861068e-01 -2.160895419762926817e-01 -6.605844218537426649e-01
-1.062908377656567538e+00 3.800139412682363993e-01 -6.468234931275528288e-01
-1.059268504989592241e+00 2.356453249961056595e-01 -6.244708581283792137e-01
-9.900618027254387554e-01 2.874636390733051883e-01 -4.112792338863857644e-01
-1.924689301049366641e+00 -1.388570507627997219e-01 -7.868855950061174331e-01
-1.369935151020743591e+00 6.944448050883006429e-02 -6.162981561436212674e-01
-1.093091430203043668e+00 5.323569022525073136e-01 -9.958322831847706835e-01
-8.382172607450332213e-01 1.839942833692015667e-01 -7.641369599737086737e-01
-1.212668563844424341e+00 -3.483259616612842113e-01 -1.248595184260897772e+00
-1.166137135124277524e+00 -4.211083747254359966e-01 -8.041167682736573008e-01
-8.213591070176380349e-01 3.926216036569358803e-01 -5.585733839887806473e-01
-7.952581162260975445e-01 -1.913051010059363954e-01 -5.933752681485513492e-01
-9.674896136515934719e-01 4.712390464679147017e-01 -7.425877092393674550e-01
-8.172486196652268831e-01 4.110147364901469702e-01 -7.512809250491055968e-01
-4.534913106255198945e-01 -9.041973296268966676e-02 3.391191222378826114e-02
-1.081267537504448484e+00 -2.432800774121136878e-01 -6.474293874722885089e-01
-5.648757455381208104e-01 6.016261960665749697e-01 -1.234466469805386435e-01
-2.029072794033823790e+00 -1.148517295149405065e-01 8.236178852217153346e-02
-8.081969365014404216e-01 4.335649543866335748e-02 -6.510890138911931135e-01
-1.335730818604771164e+00 3.049861665919662013e-01 -7.846347571947791533e-01
-1.842674572411696632e+00 1.252391514851504961e-01 -7.681060202559800709e-01
-2.196688611093948307e+00 1.522507698793466591e-01 3.427612125016603617e-01
-8.352977603853808830e+00 5.786880114513551554e+00 3.986434790073767331e-03
-1.164772955629952866e+00 -6.318656871095046368e-02 -4.920266060958045640e-01
-1.504945959087392593e+00 -2.415780014525182040e-01 -8.610799267563726822e-01
-1.544932917804597627e+00 -1.262365520582736655e-01 -1.101797021241364805e+00
-1.175958115305140828e+00 3.430520022436757133e-01 -7.548438366823618795e-01
-1.597811111918380211e+00 3.385641873749068442e-01 -4.192179957102227794e-01
-1.583679646573938227e+00 -3.688044819101411742e-02 -5.690198850690838528e-01
-8.929391078457621367e-01 2.054705642044161451e-01 -5.838959280892326298e-01
-1.241636568575460231e+00 -4.421933260870630211e-01 -6.533167490840200431e-01
-1.261607554652310670e+00 -2.825120340652780282e-01 -5.368585962524435873e-01
-1.173373818895760090e+00 -2.075927539848509626e-02 3.228173080495198577e-01
-1.595507185545480100e+00 2.351934238535473287e-01 -6.677632140677880468e-01
-1.614857194797750140e+00 -4.116392207053083951e-01 -8.490053886558129870e-01
-1.470971518721379656e+00 4.438016420740760748e-01 -7.557960567102868232e-01
-1.060874464659995464e+00 -3.531502861938971005e-01 -6.369180233915351375e-01
-1.052699148178365185e+00 4.062448761998281865e-01 -7.067204481347680867e-01
-2.116202777345262742e+00 -8.987890063438889188e-01 -7.809477643924696011e-01
-1.413937510763205507e+00 3.179160894770942103e-01 -1.151975366229721631e+00
-7.513889617512309327e-01 -6.090053589954923519e-01 -3.152213829367048747e-01
-1.654858940432075265e+00 1.067265907491032617e-01 -9.290713789990990845e-01
-6.482474707960602656e-01 -1.083887467172707231e+00 -1.551963800099263269e+00
-1.418472274729194460e+00 4.954849939313807350e-01 -7.770197489764415488e-01
-1.512800268146220928e+00 -3.071243904043111650e-01 -4.290173465942919151e-01
-1.038867193868832084e+00 5.388454180611130379e-02 -7.124492222996476887e-01
-1.095404456580071129e+00 5.499484375733679764e-01 -6.502335465982649332e-01
-1.097824077504395701e+00 -3.352275068757303855e-01 -8.273114303438021677e-01
-1.590934094506827101e+00 -2.723645942330765735e-01 -5.033391406974352389e-01
-1.486898867235953547e+00 5.569436794710905247e-02 -1.087553679897071968e+00
-1.589904240394512724e+00 -2.119656619785177110e-01 -8.466855271563715757e-01
-2.396662969278820388e+00 7.282626664606326461e-01 -5.974835682868939735e-01
-1.692384713595305623e+00 -1.505703117276331049e-01 -1.248160711478748963e+00
-1.590120735354334292e+00 -1.784476832677328040e-01 -7.849709871737402533e-01
-9.213515257462159269e-01 -1.430271779799746068e-01 -7.047549187086256106e-01
-1.225784167224008403e+00 -4.086066733621303293e-02 -9.719602754050197246e-01
-1.500498899879103565e+00 -6.551815449364886343e-04 -8.194237651531329769e-01
-1.200750198369946453e+00 2.427384577217081008e-01 -7.805145756508904409e-01
-7.897678766734925748e-01 2.349550659265015884e-01 -9.070992598329984391e-01
-1.066101814234637013e+00 2.026474214437216093e-01 -5.844099772403585913e-01
-5.787540150742626066e-01 5.095457014526722644e-02 -6.771032373828471673e-01
-1.388341921336472939e+00 -2.396438810302478628e-01 -7.254322460432713893e-01
-6.474555987623500375e-01 2.348930189535175794e-01 -6.845424408273461658e-01
-9.953882727282505893e-01 3.740948340711644504e-01 -8.553198869507522284e-01
-1.701604058461604119e+00 5.716699711807828044e-02 -8.984620501056548303e-01
-1.020312586744194228e+00 -1.502931224495464291e-01 -7.687707872040084878e-01
-1.287818845380556354e+00 2.923899491851773003e-01 -1.070489509061413047e+00
-1.447125686745523776e+00 2.427270160589424797e-01 -2.656798546922934379e-01
-1.610417529314957186e+00 -2.576962191417808135e-01 -6.979434940972059076e-01
-2.065225070202294955e+00 -2.534129410612549482e-01 -1.666373829382252203e-01
-9.675935835662767825e-01 1.991018705596880323e-01 -7.427063751849413142e-01
-1.691377868510336224e+00 5.228838392432485493e-01 -7.306059941043142603e-01
-1.477920755224968241e+00 3.127066396739218712e-01 -9.824310570031254963e-01
-1.384209099637545570e+00 2.787649860111089672e-02 -7.096689969830837219e-01
-1.222076697182675087e+00 -3.224575692465176946e-01 -6.653470952685646145e-01
-7.945644189520920664e-01 4.285762496360955298e-01 -6.481482629456327693e-01
-1.483613064710882279e+00 4.828682299402370370e-02 -5.431397640131598870e-01
-1.093869764094032249e+00 4.252803061191927081e-01 -7.466627984539486729e-01
-1.577855041213484411e+00 1.414074064121410568e-01 -5.881736376222845841e-01
-1.525889078296891466e+00 3.047649877207712216e-02 -9.344812850387131942e-01
-1.018154910256993562e+00 -2.090314903433617699e-01 -9.777735168505081731e-01
-1.424895880288285843e+00 1.294358804967761789e-01 -6.712786296377510897e-01
-9.090265493411070485e-01 -4.843167491332163455e-02 -5.692920962403702489e-01
-8.618887299273025882e-01 2.894388428768099319e-01 -4.962298988161126245e-01
-1.083868891339215379e+00 2.985739894373721781e-01 -7.096862842323404807e-01
-1.323160336764974465e+00 5.380964810288104694e-01 -5.246219922478541076e-01
-1.423113833937814432e+00 -2.842090137615185808e-01 -2.650864304805722327e-01
-7.905903706936794340e-01 8.125513712250060916e-01 -6.134580553644289891e-01
-1.679236697162497460e+00 -3.327363749994527442e-01 -6.669557383591878663e-01
-1.652465163472649268e+00 1.402389095236944438e-01 -5.050488594332456227e-01
-1.503017635778523431e+00 -4.198304577130425597e-01 -8.323558470523787500e-01
-1.043462473105451371e+00 3.628522747988341957e-01 -1.180267059396881590e+00
-4.103959932414476541e-01 7.222047375661692081e-01 -1.093236220700890549e+00
-1.397758539873698913e+00 2.286709698967528959e-01 -7.102433018883788085e-01
-2.040172624906304577e+00 2.203480898104606123e-01 -2.682136515509800367e-01
-7.102841583619807775e-01 5.463029491414509442e-01 -1.011997653286013793e-01
-9.734302917843919989e-01 -2.627494260787099911e-01 -8.379139721116181105e-01
-1.636378959615729434e+00 -1.470086069542692227e-02 -7.416181897775209197e-01
-1.457725006601630735e+00 2.692064860934048065e-01 -7.404000967393907784e-01
-5.808968165854541121e-01 7.138696663064493519e-02 -8.301267957810273268e-01
-1.360874429797128693e+00 3.915982881674249239e-01 -9.048098883700401718e-01
-1.033150757622118832e+00 -2.165697111514893192e-01 -4.558795404151175235e-01
-1.332336777951441231e+00 5.542004401945515440e-02 -5.569887075104339447e-01
-1.056671550840294627e+00 2.807773020805972575e-01 -7.346847419932479584e-01
-8.012736320912984267e-01 2.390233596279307815e-01 -5.691715219616536592e-01
-1.489908710213159404e+00 7.931455022476852079e-01 -1.505559897922927881e+00
-1.326344149212935308e+00 5.351338811163494080e-01 -5.277190324060291315e-01
-8.261575572245076771e-01 1.248223614662969522e-01 -9.053901343216677056e-01
-1.322158017194505764e+00 -1.350362029937790309e+00 -5.527129038859190935e-01
-1.297823753149104586e+00 2.891743576667223370e-01 -5.392603528308866911e-01
-8.154096915273459922e-01 -3.534958666997060905e-02 -5.166028162121439893e-01
-9.729262775726087165e-02 2.075221108596892183e-01 -1.460435413056083043e+00
-1.149650013008889360e+00 2.780764109799033768e-01 -6.666106663476354388e-01
-1.108088347925960671e+00 -4.179217401286139388e-01 -6.088656794989160126e-01
-1.130479324969666077e+00 -1.538101463987435191e-01 -7.417004953949057899e-01
-1.463108671904613800e+00 3.183228671034062374e-01 -1.067755693680965567e+00
-8.355104697914401690e-01 2.019598781122613259e-05 -8.182259053612751520e-01
-8.636465315520061026e-01 -1.700549469684503254e-02 -8.134912761200395748e-01
-7.755083632639701019e-01 1.256243203175750334e-01 -6.342286784531278032e-01
-1.277393938793459194e+00 -5.866118925891200542e-01 -4.953007570174631224e-01
-1.067239851686835550e+00 -3.454308300111079699e-01 -7.399220661310166314e-01
-1.469119909649506894e+00 4.378701374791022505e-01 -7.360568703944471158e-01
-1.395880543713635902e+00 2.463431092083595564e-01 -9.378572280840659081e-01
-1.609152535040707654e+00 1.948878151803944692e-01 -8.525197029992728215e-01
-8.632428994287643098e-01 6.309435585322352713e-01 -6.551342673886135781e-01
-1.741552944894412924e+00 2.995118453371126144e-01 -8.173460120133725360e-01
-1.223084910060051822e+00 -2.272895042038331481e-01 -5.146161788179901553e-01
-2.098903016808017497e-01 -2.193603277764376025e-01 -1.179821142816499302e+00
-1.539899744608516974e+00 -2.049037489604489948e-01 -7.081318434318701893e-01
-1.703414467814997613e+00 -2.473710080384180776e-01 -9.448740889173001811e-01
-1.469314768682974393e+00 -9.395913026054357742e-01 -4.259827053321096901e-01
-1.744046407869681570e+00 5.023980806668115751e-02 -7.680570306668044189e-01
-1.124431728178195034e+00 3.427273157731773323e-01 -1.058963387686890911e+00
-1.038487033809738502e+00 5.976738286785144849e-01 -8.578948995521170628e-01
-1.548394569029036161e+00 4.126926047564196676e-01 -7.712280098667795292e-01
-1.726695518002277829e+00 1.213411831327119716e-01 -1.014868072515541897e+00
-1.322842571406766199e+00 -1.946495318678763964e-01 -7.073002089353450650e-01
-8.464435947240599445e-01 -9.560256897929965414e-02 -4.227396786621488434e-01
-9.219823611491081428e-01 -2.325883651064809821e-02 -9.330759105679067300e-01
-1.954004592341091140e+00 9.301059041265009875e-02 6.592149757452441250e-01
-1.886233405645789452e+00 -5.249531496900008420e-01 -2.998278510056641699e-01
-9.852165837367289347e-01 2.943920930727262353e-01 -9.862516839720850692e-01
-1.538806345994234714e+00 -4.129313714023465365e-01 -6.894759275283591782e-01
-1.494739618668722514e+00 4.409758771360813290e-01 -8.607485705715426372e-01
-1.129547977510769741e+00 -2.461406655080827233e-01 -7.830096730401371330e-01
-1.009371771322821854e+00 4.639620202500485679e-01 -6.484225885057638417e-01
-2.200214554074121143e+00 3.065768391127240422e-01 -1.762895185868746939e-01
-1.801620799489377944e+01 6.198165237344129608e+00 9.802534769534720915e-02
-8.467700806543889680e-01 1.412496810651202028e-01 -8.030273483602322626e-01
-1.591584072029412322e+00 -4.917752956809771092e-01 -7.860321937308712981e-01
-1.005525463672389375e+00 7.026061851949465253e-02 -5.995412183167304621e-01
-1.432949189622563901e+00 1.276264379855945041e-01 -6.664883168907000943e-01
-1.517735546129743263e+00 4.940761924645880598e-01 -6.574720312057446003e-01
-2.269884517883789421e+00 -8.755696813032370907e-01 -6.748036664660159722e-01
-1.206110006726970330e+00 -3.739086223592612002e-01 -6.471288575023796952e-01
-1.067239288267951780e+00 -2.028812380777175739e-01 -6.507282725268661583e-01
-1.273233079776488808e+00 4.415583210126491354e-01 -9.011979398394966978e-01
-1.401634772529474215e+00 7.776785187925734470e-03 -8.562075667125736977e-01
-1.435386160628297603e+00 3.543784316817991664e-01 -6.993617048039982853e-01
-1.597507165584469035e+00 -3.034338335746343263e-01 -8.373101941649118141e-01
-1.177194646562933489e+00 2.281277537900331526e-02 -8.525801158213117681e-01
-1.168399687155291966e+00 3.369019007165973689e-01 -7.704561896959100098e-01
-6.486258322619112837e-01 7.582923879794178923e-02 -6.313290058299645402e-01
-1.831203618064202177e+00 1.013024005700213337e+00 -2.291476026194042004e-01
-9.956845252256816270e-01 9.417861946206422530e-02 -4.680945198232427384e-01
-1.480252997276935156e+00 3.793084580005628981e-01 -5.453201863552146200e-01
-1.213230614000664787e+00 2.510170573693768503e-01 -7.904765261153992029e-01
-9.431667145100186556e-01 4.844340381613620461e-01 -6.172682810157551492e-01
-1.139619048695509784e+00 3.041814055397337180e-01 -7.071039771528513374e-01
-1.544557529237042370e+00 -6.442090670314724044e-01 -1.676274646863586959e+00
-1.239308014424794102e+00 6.086736969828602239e-01 -9.375673307899963227e-01
-1.601701541080053026e+00 4.736772403715116403e-02 -5.154594326621897427e-01
-1.641574177361077913e+00 2.736146252505047283e-01 4.308613369340336813e-02
-1.514674353046619570e+00 5.407158186246934228e-01 -7.689449361338539513e-01
-1.146556913246034926e+00 1.945539077588529786e-01 -7.819802528459987023e-01
-1.418494524283070657e+00 -4.386734376090604959e-02 -7.000322880109454138e-01
-1.212347977689069767e+00 -2.579331691276270377e-01 -7.251706307775748206e-01
-1.087364818079731288e+00 1.222316692366973850e-01 -4.672106769435371287e-01
-1.044974231818395216e+00 2.339532951689656526e-01 -9.017932771403314174e-01
-1.636049043448565499e+00 1.446640807856217070e-01 -1.093255562558017813e+00
-2.074515638208621393e+00 -6.048590970339374762e-01 3.407762598643123142e-01
-8.239193405316141972e-01 3.878115456469281574e-01 -6.589844038173048313e-01
-1.508093723880348014e+00 2.736869949257814683e-01 -7.461592870078167516e-01
-1.200286490666167216e+00 -6.680564046807399015e-01 -9.564878813129892299e-01
-8.504933041456864684e-01 -2.487209152117717259e-01 -7.247097400717850135e-01
-1.063849226828198713e+00 3.580331771664302942e-01 -1.300837266238784595e-01
-8.088922716746765884e-01 -1.518557229335193437e-01 -6.430352966680721316e-01
-1.447755195757135960e+00 2.013496165632778778e-01 -3.966263033449191067e-01
-1.014676631486864045e+00 5.998797459169683544e-01 -9.108113308599458113e-01
-1.280009746341358001e+00 3.861116605879043040e-01 -8.369234969042407268e-01
-7.873276575677562450e-01 -5.015278729554762949e-01 -9.780441378126002450e-01
-1.115561336046511531e+00 -1.926053163600352502e-01 -8.408640986955990826e-01
-5.316498764451902392e-01 -7.202130937651876064e-01 -1.205405944622108594e+00
-1.939620754041743833e+00 8.342869062902867894e-01 -6.165060416431854540e-01
-1.415507763611479453e+00 -8.594661740257998617e-02 -7.515705704666172382e-01
-1.058564449326933277e+00 4.709621421085931625e-01 -4.663646845322210188e-01
-1.339932570572823556e+00 2.551910754202073028e-01 -4.159516538566863653e-01
-1.512102718764638976e+00 4.371682494111625017e-01 -7.066300254230730715e-01
-1.069512918852540961e+00 -1.370228779415356424e-01 -5.298851340432004786e-01
-2.130861381386907283e+00 2.820061640550876048e-01 -9.864916850061797859e-01
-8.104935493989668949e-01 1.973477392245793771e-01 -6.189790574060739514e-01
-1.250997168564340400e+00 4.419381142516791150e-01 -6.152460123212879495e-01
-1.464196885378016066e+00 6.209109484604310447e-01 -8.642442372417457053e-01
-1.110162849468594226e+00 9.754831774880784456e-02 -9.781150369648505816e-01
-1.399412625684549605e+00 8.197834724225581127e-01 -8.644365906300999214e-01
-9.974970134899786567e-01 3.225363577763116218e-01 -6.011455157700580365e-01
-7.437216411268400273e-01 -7.179421442536081110e-02 -9.968415178588292402e-01
-1.021953276143433786e+00 2.380353093763657446e-01 -1.065115737889432479e+00
-8.811151856351518985e-01 2.674487841699286772e-01 -7.717141596387451230e-01
-1.713912037078278106e+00 -2.234992854041453203e-01 -6.740097902374658778e-01
-1.739295557142685800e+00 1.179436776425144412e-01 -6.719758368664854320e-01
-1.236592821650004392e+00 -9.157336640568323194e-01 -5.730313345166573313e-01
-1.141596510044310842e+00 5.101063890159258929e-02 -7.239027674409883595e-01
-1.705972394217353250e+00 -7.961563367756004095e-02 -9.034140122460995181e-01
-9.932328625924915499e-01 4.295085159947990561e-01 -1.049707858777469527e+00
-1.289631464580527354e+00 3.745783138733142503e-01 -6.424123209970487025e-01
-1.756653431855796033e+00 2.253564087836862351e-01 -7.535262267920800339e-01
-1.451719603523872193e+00 3.324838537003190209e-01 -1.009052808336834639e+00
-1.720465464520639642e+00 1.788149498974646590e-01 -7.879298174437182611e-01
-1.498131983187966476e+00 -5.281613260672064075e-02 -6.127559514495243276e-01
-1.457124855374141159e+00 3.546046109579815697e-01 -4.744675684905586555e-01
-1.121307346509687219e+00 2.004021773465418654e-01 -8.978324394118556429e-01
-1.383618139357098542e+00 -2.454253866274471174e-01 -5.668649505547784795e-01
-1.886760062270861127e+00 -9.154402907924008570e-02 -3.981469955865855059e-01
-1.058052062895540768e+00 3.447182456787826199e-01 -7.416696490191256874e-01
-1.391743749746311876e+00 4.892532482949863981e-01 -4.341065016144791122e-01
-1.812799680807387182e+00 9.446077332654849723e-01 -6.371563602029636231e-01
-9.109755643587386098e-01 1.743427733522417145e-01 -1.085184546589752497e+00
-1.305139978241956822e+00 5.475038860458747436e-01 -8.435192654133998325e-01
-1.711026618592683013e+00 1.499300864199897831e-01 -5.981783393627356782e-01
-1.144080171171184990e+00 -7.603222660379529985e-02 -7.556176233688433053e-01
-1.619569897686749416e+00 5.727968424875786585e-02 -5.956030887475174396e-01
-1.768859433609663911e+00 -5.305638806902942574e-03 -8.084549789053900870e-01
-1.059270970523497502e+00 1.115338146077435033e-01 -7.558299560948577023e-01
-9.999164034218064323e-01 8.763098020394233245e-02 -6.884114371984688674e-01
-1.493668688484070195e+00 1.210158590892825015e-01 -7.016309038812421628e-01
-1.711538104480604616e+00 -1.786113697253838839e-01 -1.038598881223404158e+00
-1.295452634730304364e+00 2.619389037500620132e-01 -1.112402318857113714e+00
-9.159208652580063115e-01 4.270156595518628806e-01 -7.901132307817051448e-01
-1.170758431404244071e+00 4.323921499721156692e-01 -7.808889006312798031e-01
-1.557048372006219150e+00 2.144199153385095424e-01 -9.640807384264163948e-01
-9.574121580244420171e-01 1.782753227104911520e-01 -7.236609568593658226e-01
-1.166984804341339110e+00 3.523068776042646011e-01 -6.326449587508263805e-01
-1.125509331703809401e+00 -3.152191679120482926e-01 -6.428312375342796203e-01
-1.289147339015789706e+00 5.711721394574350574e-01 -9.567534483992705674e-01
-1.297174377128638589e+00 -8.426116641028320864e-02 -7.805171973388650430e-01
-1.436766088281312914e+00 -5.522509471975349804e-01 -7.745481860375744709e-01
-1.190018038949483437e+00 -3.461311511557527143e-01 -5.550184850144321835e-01
-1.662636798439444563e+00 3.080378574905461297e-01 -6.031728460688440263e-01
-1.475175808723029336e+00 -2.813548403763065919e-01 -6.422303902261476960e-01
-1.059878057411165697e+00 1.034097041628398161e-01 -1.669164857460690543e+00
-1.705318288761371148e+00 4.142363647215407396e-01 -9.428558272950260388e-01
-1.622823079086110454e+00 -6.946121524284941395e-03 -7.909142616932095526e-01
-1.664433876140766877e+00 2.628854466682974955e-01 -9.736932630993817561e-01
-1.511885808457196889e+00 2.766582950608771907e-01 -4.872023390442971058e-01
-1.281240441879818004e+00 -1.005258086539677215e-01 -7.704189262680104511e-01
-1.703969392454165899e+00 1.996203360100313930e-03 -7.507615665963536244e-01
-1.417059398478786036e+00 8.092344179832282602e-01 -1.812366380414561329e+00
-9.798305979573298519e-01 3.593660307317006475e-02 -1.007366118044460412e+00
-1.695347260858616201e+00 9.991976528736709606e-02 -5.626189393198416377e-01
-8.260723804189435970e-01 4.780079026991093105e-01 -5.941521225778003679e-01
-1.065612487739260317e+00 -5.374791482806489523e-02 -6.595994735232437733e-01
-1.325662271513403656e+00 1.578009045162177548e-01 -8.185230069859777968e-01
-8.297321954436268632e-01 -1.414133969316499206e-01 -3.792597350416465063e-01
-1.237587519297826733e+00 -4.333416669399242083e-01 -6.817326350575303451e-01
-1.589936497020076445e+00 2.791063994943738802e-01 -5.904183827289860576e-01
-9.411454644665874225e-01 -1.814402827694513443e-01 -6.440213622994030995e-01
-9.481544317770436159e-01 4.730858822797458507e-01 -8.089731205385130020e-01
-1.419017326274419233e+00 -4.124948645435538297e-01 -6.732438002345562111e-01
-2.038994420039377253e+00 -1.030135822806353962e-01 -1.137403501393417837e+00
-2.223160916475037663e+00 4.546267025242795579e-01 -6.596746407715595728e-01
-2.254713496710849086e+00 6.018350143496996596e-01 -6.574955901452619322e-01
2.442882017276473050e+01 -1.016411488364863835e+01 8.908644216163974505e-02
-1.672389614153980020e+00 -5.704688351898273835e-02 -1.012850086601963850e+00
-1.064887023285378431e+00 -1.923743399693336464e-01 -6.705361312504904969e-01
-1.299029579941667567e+00 4.105434205436080952e-01 -4.468879032263170514e-01
-5.554342240715726131e-01 -5.708777473032015104e-01 -6.962871489050652674e-01
-8.897780659950568216e-01 6.035109076869882294e-01 -7.761158080608718812e-01
-1.376978898074558977e+00 -2.431931910601699276e-01 -4.438938416800483622e-01
-1.263688698360941665e+00 3.488900152805423649e-01 -7.263194832520809552e-01
-1.415557238094468318e+00 3.014488341592928000e-01 -7.568735975435548768e-01
-3.025885046079658802e-01 -6.526304406533129931e-01 -1.046535577242385218e+00
-1.682106308502730352e+00 2.712792833077752874e-01 -4.357328931272446693e-01
-7.089000063895763981e-01 1.682377880137256587e-01 -1.891535427832283567e+00
-8.703420375631272243e-01 -3.166018872853824662e-01 -2.122606572903502631e+00
-9.787068794644275815e-01 -2.162172103403577628e-01 -1.823510346245846181e+00
-1.568698261753688650e+00 -3.137813383269000278e-01 -7.814173054481519110e-01
-9.981792186088424002e-01 3.769361318949251416e-01 -9.987910803756507860e-01
-9.006533159903941099e-01 6.469315398755247359e-02 -7.337091584970524272e-01
-1.326258248440905563e+00 2.143899248616097097e-01 -6.509016396222633283e-01
-8.708971620471377406e-01 5.810771279906996878e-02 -8.021003643502380154e-01
3.071561044192657255e-02 -2.354232104689103419e-02 -1.034628947563365653e+00
-9.944100690043602420e-01 4.508881598581261363e-01 -6.025281408528360139e-01
-1.638538183578993390e+00 9.151065867656864306e-02 -6.477419880134449581e-01
-1.979953254983942257e+00 -2.335818163816132664e-01 -7.322411846751630815e-01
-1.546875438198808350e+00 3.731623987403173692e-01 -8.201234096941999452e-01
-2.272500504050028791e+00 -5.654224031476852153e-01 2.701371370600988853e-03
-1.772066820650894714e+00 -2.501708763104393274e-01 -6.217466343491814262e-01
-9.735311687335658215e-01 -1.908876837970686913e-01 -7.468109560164172267e-01
-7.018435065648702675e-01 -8.462890973245486281e-02 -8.721894998864201387e-01
-1.387610795801225816e+00 -9.461850055746262589e-03 -8.169641043314087581e-01
-1.664504793874010069e+00 -1.384811619713821607e-01 -7.766407493895035596e-01
-1.782146987177977149e+00 1.838471292819980063e-01 -7.060322199610891136e-01
-9.810983515027370538e-01 4.053241622058514904e-01 -9.379033297688665893e-01
-1.664745205818000340e+00 4.153675018934278595e-01 -7.614060518918490672e-01
-1.230751366761350329e+00 2.493734485613647300e-01 -7.668609826055003964e-01
1.404964327606253172e-01 8.802865798553575691e-03 -3.486128511421184850e-01
-1.125072450160341742e+00 -8.072181977328795055e-01 -9.599252343552892031e-01
-1.783972818473098298e+00 3.908002032597272524e-01 -6.423476339921042610e-01
-1.171988675435190475e+00 3.534105855012218966e-01 -6.400731172605385044e-01
-9.384269458146557996e-01 -2.398319626141110633e-02 -6.426442716819675827e-01
-1.515469129360704992e+00 2.702889069656436161e-01 -8.319193990644485615e-01
-1.259739817036631404e+00 2.702351457561372183e-01 -8.830218794401679672e-01
-8.635509014766548086e-01 5.230583073228353141e-01 -4.558821651592148694e-02
-8.672968440518515898e-01 5.465425662195999568e-01 -1.285171947080746779e+00
-1.063674344508653169e+00 -2.985465654164840693e-02 -6.764504487817383227e-01
-1.323594869186941247e+00 5.083486990663893534e-01 -6.766179449604241558e-01
-1.312161978299412057e+00 4.747626477449839455e-01 -7.593126943742194435e-01
-1.239987163181087704e+00 2.901286792293958916e-01 -1.090219881207339592e+00
-4.845363241671706844e-01 -7.072169726735112461e-01 -1.284929810371302716e+00
-1.601714793978767704e+00 6.661218863962915099e-03 -7.904702699590852033e-01
-9.783785893053972282e-01 -2.051607369551485538e-01 -5.516904045383989041e-01
-9.925581505614080591e-01 -1.900553771548355586e-01 -2.396713527468061489e-01
-1.055066883681458956e+00 5.819495215189236792e-02 -7.570943169308620435e-01
-1.529199529015186521e+00 -2.193411616747971971e-01 -7.798972864396612747e-01
-6.999332814352061671e-01 2.469626664966362573e-01 -2.218559016238384363e+00
-1.530783425121391650e+00 -2.175405919980916980e-01 -7.742796851283438864e-01
-1.401766952497227825e+00 -1.872629080211923036e-01 -8.019498508787469282e-01
-1.222073222488945010e+00 4.064349947862171963e-01 -7.343208802373515365e-01
-1.357896084216540622e+00 7.807690509999486161e-02 -6.603018195130617718e-01
-1.665454787379241797e+00 -9.723592189315556633e-02 -7.401709387903141479e-01
-1.082351006313205355e+00 1.246781198204765656e-01 -7.196454711425844808e-01
-1.464956419852400105e+00 5.685954053292636701e-01 -8.244651320621990687e-01
-4.248761494781472803e-01 3.760785491200597797e-01 -1.124583953848790063e+00
-1.379070760582862043e+00 5.365198530485874029e-01 -1.632750261392622582e+00
-2.157337128853674679e-01 -8.813695606792286419e-03 -1.041100179360374967e-01
-8.681635607702677115e-02 -3.481294632841834824e-01 -1.045175701712428351e+00
-9.528516430509712531e-01 4.750328962449306691e-01 -8.715477266538262935e-01
-1.554159607945771127e+00 5.641731397481258847e-01 -6.544021297379735147e-01
-1.501048661771645643e+00 -1.916105344097832064e-01 -4.163108071081692008e-01
-1.384672371137179780e+00 -1.116119237759033017e-01 -2.870854961257746085e-01
-1.725403028388261539e+00 1.846929899390710450e-01 -8.275262412505136611e-01
-1.043728754268023806e+00 5.842476516302010092e-02 -7.534728721729497813e-01
-6.703070673352524711e-01 3.602801630673790334e-01 -9.243250242905262093e-01
-1.533633554090576112e+00 3.735071288982784177e-01 -4.190180773612299236e-01
-8.441176841576015777e-01 7.678202746990080152e-02 -8.585608491714216139e-01
-1.449682889046122192e+00 -1.125885004431586289e-01 -4.748433754170403032e-01
-1.722043883483754589e+00 -2.062007107454820742e-01 -1.066030627825568899e+00
-1.384928773365168730e+00 2.464557545949405404e-01 -9.438567674788325146e-01
-9.777641564836994093e-01 2.557822437826589024e-01 -1.076576064562343005e+00
-1.239164521135841079e+00 6.273044476094928878e-01 -2.172269179692020824e+00
-1.514182370930770682e+00 -8.566587009350790094e-01 -6.597064861816780423e-01
-1.252785267224082899e+00 1.462388877010677157e-01 -8.348390737428840191e-01
-1.258414372704360185e+00 2.053665779185707141e-01 -7.531422202130853005e-01
-1.769670561982335411e+00 -4.282758441115968595e-01 -7.689898179525268551e-01
-1.722238634794467815e+00 4.400377442075453782e-01 -7.856851310661401300e-01
-9.758553526418651813e-01 5.734092839407056719e-01 -8.566867768053421095e-01
-4.147213620841241344e-01 -7.605416110425468057e-01 -2.269342744747011864e-01
-1.146705551503826026e+00 -2.246101790893644534e-01 -7.549930511543955225e-01
-1.268993543941584479e+00 -8.233271466648481307e-02 -6.311501446066947185e-01
-1.155589098160609840e+00 -9.920697455959806565e-02 -7.231613154302281021e-01
-9.172799428898888996e-01 2.893107102498626015e-01 -7.983513334759527735e-01
-1.109226911447687369e+00 4.224910372913391887e-01 -7.214578940341159763e-01
-2.276851225670130763e+00 4.262882822074648970e-01 -1.231725395330188766e+00
-9.312858898635814064e-01 7.344577202557043272e-01 -1.139116207118558322e+00
-1.492777505052415021e+00 -6.335054192215033853e-02 -8.849042477549696750e-01
-1.506074488552450186e+00 -1.625388381080867251e-01 -5.652136230150839324e-01
-1.495722263488861614e+00 4.265307956173868265e-01 -7.930300845760629436e-01
-8.684666553237464504e-01 6.100014613881902248e-01 -7.299842734495770591e-01
-1.960660280017861412e+00 1.463342592150283610e-02 -6.599645246861525205e-01
-1.397429458004932901e+00 2.510610304816816019e-01 -6.796087931301145746e-01
-1.182947609627855501e+00 5.103292748972737547e-01 -6.460012402503612083e-01
-1.838496532564094066e+00 1.098630591280135710e-01 -6.744849394938510212e-01
-1.019842948395519144e+00 -6.248953091840788593e-02 -9.400423274717449873e-01
-1.491961038745154067e+00 -7.280038440458357074e-02 -6.186223507446694247e-01
-1.142576799404467769e+00 3.980207631366287080e-01 -7.410288467308630000e-01
-1.915395880372406268e+00 -4.150834027739812304e-02 -7.370500184411968858e-01
-1.423168124767552722e+00 3.909099782312251414e-01 -1.477520080692433568e+00
-1.748952604165128211e+00 -1.169829923724132331e-01 -8.696123558261386055e-01
-1.085210822636129224e+00 4.993556459320810381e-01 -8.207096541880982699e-01
-1.517354285953735893e+00 1.647600748170764962e-01 -6.957711681617110289e-01
-1.169566656521968673e+00 2.145067089503562563e-01 -7.935049616354405977e-01
-9.548921494123817633e-01 -2.093729390683121000e-02 -8.068480276680570773e-01
-9.489012704472667981e-01 -6.897193146388452822e-01 -3.967522829450872424e-01
-1.132035173411516604e+00 9.412577614415473803e-02 -7.856581660528528799e-01
-1.026069101823436691e+00 -2.810818104498642445e-01 -4.095266675825939839e-01
-8.446544491274762256e-01 -1.144747279935445367e-01 -5.492802002155451335e-01
-1.254388701081541102e+00 -3.804178708755442950e-01 -3.872452394539177001e-01
-1.387506500538215226e+00 5.511589829637450477e-02 -7.978166886903460542e-01
-1.760285162965847361e+00 9.280140246528160997e-02 -7.446488916606772701e-01
-1.040604794249793796e+00 4.569535336364188294e-01 -6.117997638194361265e-01
-1.591978846890307997e+00 -1.460274265427053131e-01 -3.048034659982842287e-01
-1.294296468646845888e+00 4.220559481046344819e-01 -1.003768038043316491e+00
-1.041070138273092693e+00 -2.523751680828529298e-01 -4.557267708502824033e-01
-9.471807824708405876e-01 5.294620459189539607e-01 -8.570115857186991759e-01
-1.210472211091432548e+00 1.295995455971088450e-01 -6.283408466529258884e-01
-1.552560534301808737e+00 -9.034695917514763697e-02 -5.980512128665027571e-01
2.454053580956340141e+01 -1.324393647586165557e+01 -7.117917041970271974e-01
-9.293616912232596228e-01 3.712528295471321377e-02 -5.962121958900954422e-01
-1.459286673180303140e+00 -4.182553401255175163e-01 -6.942998547251952868e-01
-1.175542438077639806e+00 5.096947552169457385e-01 -9.447749706900527844e-01
-1.205223130067127668e+00 -4.318187064851098378e-01 -9.722323333577804760e-01
-1.371033856515847971e+00 4.668698780620179623e-01 -7.336581031555233778e-01
-9.822117157970792212e-01 -8.456291651232640538e-02 -7.252808946673073853e-01
-1.384157898475394832e+00 -1.952077537566108689e-01 -4.065968880616584458e-01
-1.551163453582668383e+00 4.785572471527421712e-02 -7.233869845265836762e-01
-1.027618558910615043e+00 1.014804051524346440e-01 -3.009914040004809666e-01
-1.162567763479711358e+00 3.313213476486374098e-01 -4.382898745711784616e-01
-1.226523040004700693e+00 8.037957371093105985e-02 -5.400252171667814238e-01
-2.022030353216611065e+00 -3.888993174130881969e-01 -6.629847205409408195e-01
-1.664941291791117495e+00 -2.148009892823389833e-01 -7.388521899718719643e-01
-1.483773033763023497e+00 5.972429902957886449e-01 -7.144076920362021355e-01
-1.242017488971780326e+00 2.332555075076003515e-01 -7.430370044777432348e-01
-2.281062408325302826e+00 2.746218371503361677e-01 -2.495829003980833405e-01
-1.843710400371478153e+00 -1.602825457527292108e-01 -7.589596631846562413e-01
-1.490588921664133482e+00 -2.708381688733026427e-01 -7.338807492976459068e-01
-1.468811519745061522e+00 -1.282900842193880342e-01 -8.797603436969591018e-01
-1.277223161251270778e+00 4.571478458779706378e-01 -5.104700494952848500e-01
-1.038153613379112716e+00 6.289230780828652945e-02 -6.183614091345410735e-01
-1.654061378395376369e+00 -4.903956125236181435e-02 -6.769089180147250806e-01
-1.268651696524333516e+00 7.613197511123397099e-02 -7.573402162584410569e-01
-9.284036439388732020e-01 -5.928535874234492908e-01 -1.129205434132660058e+00
-2.056358139168241284e+00 5.864668022358947574e-01 -1.029654246294600117e-01
-1.541420184008643446e+00 9.670005644095450159e-02 -7.133990772988868523e-01
-1.565485511680789754e+00 -1.196992638903213307e-01 -9.437857028901220913e-01
-8.497836649463343939e-01 1.583657489097081358e-02 -4.730541426204050715e-01
-1.132118564774913905e+00 2.965213812834298635e-01 -7.121337321106175899e-01
-1.583905337370402844e+00 3.875879829318170655e-01 -9.982327137618158819e-01
-1.433665145433932420e+00 3.115715730774623049e-01 -8.181921488739954951e-01
-1.423793195563389347e+00 -4.807919463057939158e-01 -5.912117337555877761e-01
-1.193458776417073874e+00 5.182929839654277712e-03 -9.026867072094794109e-01
-8.500849562540498949e-01 2.457822880272391708e-01 -1.175078395617377702e-01
-1.792037811333939690e+00 5.052522666629201131e-01 -1.455141101188774932e+00
-1.048622393339458725e+00 1.985568626389489777e-01 -7.197626488490667107e-01
-1.160670062133987601e+00 -2.334257785452390210e-01 -7.360956727215367534e-01
-1.347939240919300508e+00 -3.975136876080105908e-01 -8.570061920192786342e-01
-1.018386515261125336e+00 2.385116007295284002e-01 -6.285079084057560994e-01
-1.329849875615900290e+00 1.408421568859781758e-01 -7.173093465308859606e-01
-1.038652518453607509e+00 4.953436760489851598e-01 -6.000128926899620518e-01
-1.188172281390078799e+00 -2.696188477592858512e-01 -6.921386698651862401e-01
-8.907606000933584456e-01 1.204696614102103436e-02 -7.473168403811663030e-01
-7.701339963974590530e-01 3.316674742938845177e-02 -5.630285493173250444e-01
-1.644885531704935122e+00 -3.838989174547887111e-03 -6.391531016783184027e-01
-2.004084813339440885e+00 -2.934369059070345356e-02 -6.969461860851798862e-01
-1.120046172550779318e+00 2.081600118702296720e-02 -7.489671491332087205e-01
-9.862325561843502397e-01 -7.725135979424729848e-02 -7.365593709108082532e-01
-4.262506236389376202e-01 3.294143901256899598e-01 -4.813042181899787608e-01
-6.835748295077825887e-01 -3.094199726162389918e-01 -5.961983912123356433e-01
-1.806086292229617918e+00 8.286714538000793107e-02 -8.123939385976500782e-01
-1.241286859043726265e+00 3.853788352330247413e-01 -5.895112654951896181e-01
-1.430995273306138849e+00 1.979073599900549596e-01 -7.499450857407750082e-01
-1.319276083682448641e+00 2.373958437715675829e-01 3.710402180832068630e-01
-1.410775861628927874e+00 1.316909001496469056e-01 -4.640880358345790269e-01
-1.042765462749604577e+00 3.361382112264940658e-01 -8.545383573513614106e-01
-1.569100000139591611e+00 -6.015899023398627032e-02 -7.958878086162286813e-02
-7.700712106255205303e-01 1.882685443559486693e-01 -1.157058362678396346e+00
-1.420765841015792397e+00 -4.048818481045279305e-01 -8.284075210430379421e-01
-1.210232526484558147e+00 1.302060551226372986e+00 -9.309614594114599129e-01
-1.479719105237324417e+00 -2.087540745503930206e-01 -6.327944793994746409e-01
-4.084880608528597690e-01 -6.746774692273646012e-01 -5.158859504101113158e-01
-5.711957743551543398e-01 2.065295443454983060e-01 -8.223985250527177104e-01
-5.174047493689185595e-01 6.790688599504788314e-01 -6.599981186295298397e-01
-1.815986129322636922e+00 6.412596993516553878e-01 -1.862679199445013367e+00
-1.190331305855888644e+00 -4.274437416359295194e-01 -1.064732630402848601e+00
-1.739772685041814482e+00 3.443859872505433128e-01 -7.544183364807641734e-01
-1.278002773995726482e+00 3.468797424940891494e-01 -5.586765419411038325e-01
-6.282853713198077727e-01 2.236391145913229350e-01 -9.405221854082874700e-01
-2.340258088390279045e+00 5.240564222297823260e-01 -5.042931574399204253e-01
-1.191357525795796013e+00 6.336177090400175738e-01 -9.794446154241155389e-01
-1.479889140241006373e+00 -1.879922124355097868e-01 -5.661963752640364334e-01
-1.609382800935434066e+00 4.274282901396326273e-01 -4.357266059585739315e-01
-1.088729659355713641e+00 7.889548696409653950e-02 -6.394362562730850907e-01
-1.846765789865027818e+00 -5.934093420923406415e-01 -8.452086498093168421e-02
-1.043604024636695993e+00 4.066978080276854035e-01 -4.351625756758638608e-01
-1.506292854113970403e+00 3.508006903625573991e-01 -6.892088044489144139e-01
-1.281738172445763047e+00 -3.752495607365644581e-01 -6.422502182111297087e-01
-1.248078243112178631e+00 -2.815889097117877382e-01 -6.913188686101217062e-01
-2.248968387905870614e+00 9.090264349134412336e-02 -4.681846537303686606e-01
-9.913017629372317119e-01 4.570440171866764767e-01 -3.771606901102542153e-01
-1.428873313745751661e+00 -6.613715746045643884e-02 -8.065119945540143442e-01
-1.589511954037575725e+00 4.502101939901183569e-01 -6.706141608150694156e-01
-1.665437980152874475e+00 3.376811898144627122e-01 -7.173364147281809933e-01
-1.014126831597315981e+00 5.259860916218226379e-01 -6.350122335104891880e-01
-1.576231118887595484e+00 5.138463986132142391e-01 -9.463364469970201309e-01
-1.382747049511888981e+00 -3.319258866353689275e-01 -1.451396798289941614e+00
-1.619655362856170067e+00 2.420678746360077349e-01 -8.467477503644642578e-01
-1.669063115517939178e+00 -1.646056161696983489e-01 -5.114425409603942096e-01
-1.410614714828275718e+00 5.976113193728966461e-02 -7.026260234696102280e-01
-9.935692507218890634e-01 1.037708698715076178e-01 -1.065217380932906632e+00
-1.080803832719837043e+00 3.428649536968865208e-01 -4.942524545631586386e-01
-1.422268885171302122e+00 -7.896982664617724357e-01 7.178895715573342384e-01
-1.275022670423281435e+00 2.691497832163680659e-01 -6.406078835872790478e-01
-5.707807816518880584e-01 3.941072850253635185e-01 -5.691515997222900136e-01
-1.007142229858145166e+00 -2.827846088985010997e-01 -7.138707398836405815e-01
-1.504691201174660931e+00 3.292900357406614020e-02 -5.854467089203430064e-01
-1.158949347869129509e+00 5.543568224847378323e-01 -5.787567965681917892e-01
-1.023799366847692571e+00 -2.004305926096212331e-01 -6.613546119982176563e-01
-1.497942121652295233e+00 5.973568101995351681e-02 -7.181692761664172364e-01
-1.283227007541904774e+00 -2.569353279951873126e-01 -7.071127491314838087e-01
-1.727073804242651445e+00 -1.315454493557876026e-01 -7.795123949256352880e-01
-2.166384774842339045e+00 3.673023791424310236e-01 -6.299443328014076027e-01
-6.922620547131381752e-01 7.153971996663620325e-02 -8.752537215143404992e-02
-1.192843746354750767e+00 -2.550057616369085234e-01 -6.811553378290726712e-01
-1.346609289416303756e+00 2.311530421206754726e-01 -1.129757009253466560e+00
-1.171484730861807710e+00 2.562011264721610337e-01 -9.070876729296856178e-01
-1.621826343648002489e+00 -3.890354424033728997e-02 -9.150084927079834562e-01
-7.611164978063211795e-01 3.448757284243570559e-02 -6.549190729979275094e-01
-7.027800617319573950e-01 2.181398242277491351e-01 -1.701697192208482701e+00
-1.010391579015671670e+00 -2.433686435460661046e-01 -6.677496177504936847e-01
-7.075772325917641936e-01 -1.098352760762100200e-01 -3.040035876410294713e-01
-1.218160415955039211e+00 2.110665988260262971e-01 -7.251374492923902126e-01
-1.845450283487761300e+00 2.472838955357608559e-01 -1.178035923709489285e+00
-1.327184225491523817e+00 -2.052762479541924978e-01 -6.867255125674156524e-01
-8.415857249538430951e-01 -1.619066628334816516e-01 -6.075779070547513427e-01
-9.503121295177169303e-01 4.383298616584108132e-01 -6.795923506928163160e-01
-1.287025532183519783e+00 3.759958176725422541e-01 -8.776692839436506244e-01
-1.079721477328630108e+00 -4.597975062545379132e-01 -1.785661198060994881e+00
-2.324380511741364952e+00 -5.091996954588526303e-02 -7.806828072890280579e-01
-1.665798662225194349e+00 -4.031275770367925143e-02 -1.091053995408886035e+00
-1.249723476973703340e+00 -2.752083895171605343e-01 -6.733913356807582629e-01
-1.103687700625987977e+00 4.450629487841533116e-01 -5.822859962037174597e-01
-2.065634763885458580e-01 -2.507653920724018382e-01 -1.453391739424450657e+00
-1.279688379485196492e+01 -2.762935339142343238e+01 -6.600355811607616641e-01
-8.861676908818691967e-01 3.316544305815142812e-01 -1.301157173266430878e+00
-1.220961892866050835e+00 5.045915474587143734e-01 -1.026029418558273676e+00
-1.069418887303819954e+00 -4.652842969377803395e-01 -5.292767007593067730e-01
-1.151865174083656074e+00 4.243598792284656307e-01 -5.313645067904519959e-01
-1.481544589749567820e+00 -1.487685659067769506e-01 -8.346897760440519232e-01
-1.624458652122890756e+00 -6.873492337945491526e-02 -3.941976077582911020e-01
-1.572743785580996256e+00 2.326320057940544084e-01 -5.797155081698386336e-01
-1.389019339603350556e+00 -1.390357470416946073e-01 -3.874195047837683537e-01
-1.404315629245485697e+00 1.753661272013392336e-01 -6.740022021734073387e-01
-1.341862118021115879e+00 3.074059622243301981e-01 -3.591981875670882673e-01
-1.160214783298668451e+00 3.574843070923670596e-01 -7.180435404100705687e-01
-9.609127213302861570e-01 -3.448848775726953142e-01 -8.561602690807980087e-01
-1.735052725708955412e+00 3.928070451838413524e-01 -8.429350155759384178e-01
-1.083714617459291096e+00 4.840348523215955434e-01 -7.725080844621894371e-01
-7.603086908795688714e-01 -1.596226466115750753e-02 -7.160467992871879517e-01
-1.250657905310098128e+00 -2.100948550591802411e-01 -6.056691889952851016e-01
-7.845470340193799741e-01 -4.004209754442682179e-02 -5.453500853896574574e-01
-1.166325549147812835e+00 1.183656867197826756e-01 -4.090933732169580450e-01
-2.292659849251189819e+00 -4.586781402539834018e-01 -2.590500582219510406e-01
-9.933332090228943478e-01 3.687616339015837436e-02 -1.063068238051735115e+00
-1.687874756632074646e+00 2.340975241969347753e-01 -1.059455550980979543e+00
-1.325786779990676623e+00 -7.354886638131202803e-01 -5.907665377493636072e-01
-1.344266562379464736e+00 -4.614397421339570537e-01 -5.424460320390975809e-01
-9.843101410626784453e-01 1.077915638275401405e-02 -8.317863134944469827e-01
-1.691738603401188978e+00 -3.055873565452572604e-01 -8.663668342713030102e-01
-1.240243069259693964e+00 4.045274487799682128e-01 -9.439975773351678701e-01
-1.464874280084030200e+00 -9.281336149728413032e-01 -1.240879510395730634e+00
-1.949177951615700843e+00 -7.986959959469970283e-01 -7.803413386573606614e-01
-1.384421396798856785e+00 -6.057813696084070332e-02 -7.417010075583387874e-01
-8.851622760791234557e-01 -2.928110893693444128e-01 -6.592212661857159706e-01
-1.595487405811881310e+00 3.389788315319133827e-01 -7.786938924518955751e-01
-1.254214098995834137e+00 -3.321320914036942074e-01 -5.675958499797395529e-01
-1.645810222163751169e+00 2.633724624072683040e-01 -6.943116839678167285e-01
-1.143017481026296522e+00 -2.920323135343487753e-01 -7.073299420460429365e-01
-1.962949029978037885e+00 3.916755332520430177e-01 -9.429592720676629458e-01
-1.603578934040223558e+00 -3.931484203040048198e-01 -7.060285965150313592e-01
-9.926462981797954388e-01 -2.065403266718159048e-01 -5.799125384680656747e-01
-1.323561018634377806e+00 -4.032801215886948620e-01 -6.931775608936201483e-01
-1.199598278174005106e+00 4.971748091369119216e-01 -9.756935798045736075e-01
-1.089083881724724368e+00 4.486769222699316106e-01 -6.502087676131395044e-01
-1.096872373366913456e+00 -6.583248710385610769e-01 -4.049717679548567872e-01
-1.202190442659334613e+00 4.309666989985069252e-01 -5.365481898890686052e-01
-1.563025679255952261e+00 -4.591081096647720017e-01 -7.972924750246118686e-01
-1.181502294266224107e+00 4.121980713253481365e-01 -6.643787380852667068e-01
-1.305517683966312958e+00 -4.241696873788187716e-01 -6.975506402420577068e-01
-1.230219313139521820e+00 2.764439864872272890e-01 -6.831643382387612151e-01
-1.665693948805199165e+00 -1.773301307326126397e-01 -6.878145026348508884e-01
-1.424132498137786307e+00 -6.084199859684388256e-01 -1.781521660452572431e-01
-8.379298911432291330e-01 3.824486386941087224e-01 -7.234820073444648836e-01
-1.442776990631244427e+00 4.569474317599495627e-01 -2.165263665656010361e-01
-1.724199022320919816e+00 5.859905637578102094e-02 -7.436271641758150919e-01
-1.191127807309464881e+00 7.241345217197336925e-01 -7.396570445475276756e-01
-1.027081489425915262e+00 2.603267262615940325e-01 -1.021774910715041784e+00
-1.595968269503504233e+00 -9.258729876924382332e-03 -7.615834083199808369e-01
-1.454463251675395918e+00 9.503926257277006684e-02 -6.893147132302038793e-01
-9.219584381479893898e-01 -3.134223706174920077e-01 -5.676138360709219732e-01
-1.593753403013060677e+00 -4.069718610905138645e-01 -7.880273219530720130e-01
-1.569654307439172225e+00 -3.355097640069089060e-01 -7.668024711236762769e-01
-1.589170414729759173e+00 1.578186168874130546e-01 -5.987365083043857394e-01
-1.226893841382259653e+00 3.361689953077764970e-01 -6.672310864370986083e-01
-1.125110162862887897e+00 -7.368737764759345499e-01 -5.926385906326876452e-01
-1.181573020349172998e+00 6.767379959393135525e-02 -6.999210134812411388e-01
-1.080232984569911459e+00 4.023526162242446746e-01 -3.572434594468881230e-01
-1.468101429913756029e+00 -3.703312709067490549e-01 -7.645949101187593522e-01
-2.154154241176267082e+00 5.456099762737590814e-02 -7.903399207634511647e-01
-1.438818605366468661e+00 3.586410558454408704e-01 -7.704555716905522322e-01
-1.641120099326396131e+00 -1.847241822795863964e-01 -6.433870327858293159e-01
-8.995888736664909846e-01 -2.703620375568758782e-01 -9.492889277593073993e-01
-1.149544329567974810e+00 -2.169145647592689574e-01 -4.672910378621364935e-01
-1.488226614544415183e+00 4.663941463920016073e-01 -7.151186919799110697e-01
-1.102455299733581029e+00 3.654057335842128551e-01 -3.942304288659812528e-01
-1.825010997973480986e+00 4.687956076332651656e-01 -1.642816178065478416e+00
-1.032466556285366766e+00 3.468399422063046522e-01 -5.304292893634035000e-01
-1.920292412427835327e+00 4.018489217303349292e-01 -7.709339811313843382e-01
-1.063244668291222439e+00 -1.717093989888605898e-01 -3.926028282574635098e-01
-1.131479560122046868e+00 4.444691653459903469e-02 -7.023202411833595615e-01
-1.018603530743758201e+00 -9.301571812189238231e-02 -7.256964386336959283e-01
-8.178353237338965576e-01 1.162413586268619542e-01 -6.839087708760280826e-01
-1.451524526819646388e+00 4.622721842841474027e-01 -8.287513219071314108e-01
-1.798911898201077442e+00 3.743221155348607221e-01 -4.236870449785914428e-01
-9.846844861144613548e-01 -1.944754450820260494e-01 -6.790643519119833327e-01
-1.556152720207027773e+00 -2.047559213852154780e-01 -8.205120414029124509e-01
-2.272314074270258555e+00 -4.529693467169777499e-01 -1.149380768203510872e+00
-9.306194484021513835e-01 1.708712628834244407e-01 -7.030269737687105946e-01
-1.391705945448847404e+00 4.363159444600752668e-01 2.055025975254695936e-01
-1.323900640255318173e+00 -1.991807734906073934e-01 -1.292858798375702056e+00
-1.720597469643465161e+00 2.960205767705585411e-01 -7.248699386183347082e-01
-1.507935230522438941e+00 -2.936393763005147317e-01 -7.310727795126436002e-01
-1.374866630623649888e+00 3.899029901603828785e-01 -7.667003381505713699e-01
-1.532100129864454985e+00 -2.183633787402934345e-01 -8.119657884588878938e-01
-7.443986788230635421e-01 4.447388076199059737e-01 -1.882472786245914298e+00
-1.102945834652235835e+00 1.848256850989464517e-01 -7.893877819128110040e-01
-1.069743509570247220e+00 -3.212646558546126963e-02 -7.332620635550176624e-01
-1.616927392501333882e+00 -4.567455050504221070e-01 -8.696883552013416896e-01
-1.351097247423126202e+00 2.662489575645835549e-01 -6.726788378869940077e-01
-9.978586561380387021e-01 4.675883365373894041e-01 -1.341648673283781790e-01
-1.022320459666227421e+00 5.913223804531699684e-02 -4.475602002199569052e-01
-1.263550967503356492e+00 3.015100977498237356e-01 -1.125315971041410235e+00
-1.639767815322817235e+00 -1.328500981231089395e-01 -5.842929517464275913e-01
-1.303408438823064008e+00 2.215604235466691052e-01 -7.497640596940392532e-01
-1.087767776795915520e+00 1.650136236604719253e-01 -5.983097354088225961e-01
-7.416392341213789985e-01 9.325614688496024207e-02 -7.295790172745056923e-01
-1.466867750008313154e+00 4.742429392690303280e-01 -7.593378495903458925e-01
-9.319668363628653696e-01 2.888081426278198416e-01 -7.963874767155705303e-01
-1.691117212199801934e-01 3.811180173070880667e-02 -7.606185795989820475e-01
-6.848619097355002072e-01 -1.262729690712559305e-02 -6.135758256237476838e-01
-9.302898180269798534e-01 4.600964622977546936e-01 1.016920889166899739e-01
-9.454951517133459715e-01 3.005923109973081542e-01 -3.286653867040251198e-01
-1.018743155090986674e+00 2.234464004576324769e-01 -4.349196411327191369e-01
-1.242001825413312055e+00 -4.546814556886444869e-01 -7.487624481003800625e-01
-1.459655077040962645e+00 2.424251689774772622e-01 -4.929753844649998329e-01
-1.205012224329812254e+00 5.336740124974392874e-01 -4.432660234560455992e-01
-1.755972043415324091e+00 3.341443929241378341e-01 -4.482678770743387942e-01
-1.288850620405737057e+00 6.446986996489494082e-02 -7.946934231788115310e-01
-2.238568174067436523e-01 -3.921323239969902730e-01 -9.377182382671741534e-01
-8.692596747795872103e-01 -1.451786037236526827e-01 -6.913256641632170574e-01
-1.128197052727080818e+00 3.596334268887362295e-01 -7.746680301184922790e-01
-1.501093412790784232e+00 -1.743389606968549777e-01 -7.435012782107177642e-01
-1.234101546633092683e+00 -2.933728988207574551e-01 -5.726613244074252318e-01
-1.362909894721948012e+00 -2.968862469072690025e-01 -7.215736110948379745e-01
-1.476885205588539751e+00 -1.097084403295172372e-01 -7.574797836760245318e-01
-2.005123925522610318e+00 6.143063123002052706e-01 -1.400345277634132080e+00
-1.072598283532577357e+00 2.840559316244877230e-01 -8.086290428280816789e-01
-1.670351557365821860e+00 -2.141400853105109858e-01 -2.651541918679189980e-01
-5.030085540920654630e+00 -3.145835228762124913e+01 -7.523885692792182667e-01
-1.274555843073124750e+00 5.151212416596970822e-01 -6.774363715146344278e-01
-1.066331006323192998e+00 -2.864989583520581862e-01 -3.438839420074552566e-01
-1.700041054472355428e+00 -5.565083285496704585e-02 -6.822170498235254898e-01
-1.314599195869275983e+00 -2.550557739179344918e-01 -5.758222742222469659e-01
-1.602543562168321944e+00 -4.320811952328278138e-02 -6.167147317361199033e-01
-9.498785408972465483e-01 -5.107713943391486433e-01 7.534657611634453245e-01
-1.535972035385672285e+00 5.149966691916854633e-02 -7.068321739613219190e-01
-1.060348111606207899e+00 -1.452624639441133132e-02 -7.035255503175689151e-01
-1.321226419390921780e+00 9.732027504160913056e-02 -6.682420446426370342e-01
-1.251201766390545700e+00 -5.162777160464188109e-01 -8.359314902579497719e-01
-1.402664454713099973e+00 -3.407729583626634695e-01 -6.051310280572914646e-01
-1.420883723752969230e+00 -2.994487304482313927e-01 -9.107099222141865624e-01
-1.699033171344343840e+00 3.638479849685469225e-01 -6.180741356597969638e-01
-1.335914090231015816e+00 3.113581579618825979e-01 -3.337216665847507757e-01
-1.816711334416113877e+00 -1.113021433805733845e-01 -7.157517182914940879e-01
-8.152676979790941525e-01 1.187962404186853754e-01 -7.580150184720956252e-01
-1.314510127015128038e+00 -7.587181919653314399e-02 -1.385906913885261993e+00
-9.528053669216893784e-01 -3.858065932111179874e-01 -5.572043548926214340e-01
-1.200168531774201464e+00 3.716859343855994924e-01 -7.597062745185220178e-01
-9.741150582204385344e-01 -7.722277529866553025e-02 -3.276790335974352208e-01
-1.112645595894533601e+00 -1.528375406800819292e-01 -7.312339250518680167e-01
-1.732778408641275192e+00 2.052908085202757582e-01 -7.041325006199834480e-01
-1.038894286311669024e+00 -3.213992699908612138e-01 -8.272623886692048734e-01
-1.321523475137858616e+00 -1.907886191537367382e-01 -6.155834405556461775e-01
-1.810699255133718433e+00 4.322003588218821801e-01 -8.021726196382092944e-01
-1.293307482559966859e+00 -2.715137664901041692e-01 -5.825554181667619291e-01
-1.622454699232996678e+00 4.356696674660675596e-03 -1.007455632554020486e+00
-1.127460971704237203e+00 -3.844753283549534606e-01 -6.659954744002041238e-01
-9.308689549095423565e-01 -5.267459174464111937e-01 -4.548397276452651461e-01
-1.258595528972369371e+00 -1.349693241731996229e-01 -1.499639330592061448e+00
-1.702610065895574065e+00 1.410674251939383061e-01 -1.170879888002156699e+00
-1.806496807003548755e+00 8.272751682697204734e-01 -4.775714433000604053e-01
-8.689052305522519948e-01 -2.061651480826746236e-02 -6.734699603520173383e-01
-1.759295883768335234e+00 3.544779380930298401e-02 1.170655379758343828e-01
-1.613167456680271616e+00 2.644034825696843782e-01 -8.099093657624473197e-01
-9.916983214952133086e-01 -4.873096128772191338e-01 -4.773699264915799434e-01
-1.692960973252100931e+00 3.734203027928171825e-01 -8.133232323424309795e-01
-1.240025953840521389e+00 3.391488587761996853e-02 -8.043479905472058489e-01
-1.300627184383655210e+00 -3.094282793221870276e-01 -6.501699362823268880e-01
-1.516666571135700803e+00 -4.186394779633755697e-02 -1.044164948289695083e+00
-1.293162586824741167e+00 -3.529909924984435121e-01 -1.225059964636071363e+00
-1.529003909785714432e+00 -1.576966490067453208e-01 -1.007349766875356156e+00
-9.714680673403257583e-01 -5.984420025036235602e-02 -7.977882279345765992e-01
-1.139368298567455584e+00 3.510913417254398206e-01 -1.019888050449368144e+00
-1.016890456506032381e+00 -9.703151281180343035e-02 -7.171777867732866962e-01
-1.347239724701157604e+00 -1.289129791402011949e-01 -7.835924556781580508e-01
-1.098916954078325015e+00 -9.645691584677873465e-02 -7.259794363515329474e-01
-1.684167617296134623e+00 1.309919790329851785e-01 -9.000963413959770509e-01
-1.140226869295864809e+00 2.521941373120561436e-01 -7.339969874645509984e-01
-1.213019483972349821e+00 1.815602000834629359e-01 -5.526305324278633080e-01
-1.756393083785644516e+00 -4.006391828097735086e-01 -5.674207324693943955e-01
-1.895711495070311559e+00 -1.090613394981364143e-01 -6.241404758167546918e-01
-1.947417947193330834e+00 -2.042929749415257346e-01 -7.782950228994987008e-01
-2.620920202166068247e+00 1.117454040784717773e+00 -7.167854367783189629e-01
-1.636815659854669258e+00 5.004631871068042637e-01 -7.713834548640582378e-01
-1.219952565845957793e+00 -3.104660001959716475e-02 -5.267798825488853032e-01
-1.530313023398947703e+00 -1.035877398456413745e-01 -8.260172096045335088e-01
-1.509116668973063957e+00 7.395734777168122553e-02 -1.070780662896031910e+00
-1.752805874479034687e+00 8.967984257212970878e-01 -9.030264296803320878e-01
-1.496268421688681460e+00 4.629936814257407801e-02 -9.877488024357314877e-01
-2.502510041803372998e-01 2.936131692252949565e-01 -1.401932389929234857e+00
-4.195451048782063985e-01 -5.152958859036422812e-01 -3.516232962847103405e-01
-1.429040872512381766e+00 -3.335966092290612028e-01 -4.509931381698767394e-01
-8.401004325181892218e-01 2.768119581279935848e-01 -3.879031472595312335e-01
-9.940315353266746534e-01 -9.673365105323972202e-02 -7.159722370789413093e-01
-6.854592634534584228e-01 7.115996297370799639e-02 -1.045027865167110992e+00
-1.470630165396563660e+00 1.648811019522467836e-01 -7.540544220462996883e-01
-1.365628685661147035e+00 2.002383706475906466e-01 -8.337100906192388416e-01
-1.380613371872279282e+00 -2.591076469972954377e-01 -9.995777263050378281e-01
-1.536111523498852049e+00 -2.362793275510098878e-01 -8.780598614524748324e-01
-1.441778563769769983e+00 -5.074417679984590812e-01 -3.367673023607836713e-01
-1.205880126323381374e+00 7.234729897022262879e-01 -8.807425114583755654e-01
-1.147993714908983387e+00 4.063337423629328482e-01 -7.786358629927228048e-01
-1.157106940346916524e+00 -3.412590177627992660e-01 -7.447312520786839585e-01
-1.491824190500094183e+00 4.961928425712084922e-01 -7.556064972123620604e-01
-8.938627587061113156e-01 6.359292362590055481e-01 -1.395041817837771703e+00
-1.192210252073195198e+00 2.746366585518783543e-01 -6.841997087966661395e-01
-1.605146991168765691e+00 2.652245831212035609e-01 -7.726696747615815486e-01
-1.135491038170410638e+00 -3.712771075793724340e-01 -1.211674152794459003e+00
-1.228533502345781514e+00 -3.017254325951163607e-01 -1.610163098726213882e+00
-1.059494259509850433e+00 3.745914407711694594e-01 -5.253520508041104042e-01
-1.194724054742871022e+00 -1.312609809620034484e-01 -7.992727910427296356e-01
-1.378569849838165107e+00 4.627527013039040016e-01 -8.458141668372093358e-01
-6.930060717374501023e-01 7.671555939181626815e-01 -8.340918958925251925e-01
-1.711141830153433352e+00 3.943987999777398001e-01 -9.168628619548885306e-01
-1.423324986653166979e+00 -1.429887740227881454e-01 -7.404553838014816813e-01
-1.156989561885515494e+00 4.095303061951018897e-01 -3.759163216114330686e-01
-1.585803339320275285e+00 1.465473000622155852e-01 -8.161759871887325213e-01
-1.171101211257020935e+00 2.212345015495548461e-01 -7.745555255023828245e-01
-1.817874454935565876e+00 -1.455638418476956630e-01 -7.565288808556070999e-01
-1.038124117416097114e+00 4.966934627633495802e-01 -1.004679354717891826e+00
-8.590781446917966635e-01 -1.058115106616102762e-03 -7.879316803941610603e-01
-1.413395839601678361e+00 1.017698498037561405e-01 -7.141789330311290040e-01
-1.094827196121725521e+00 -2.384074223952141469e-01 -1.031029300462601661e+00
-9.435960746291293111e-01 5.216220767918671938e-03 -6.311435950521687710e-01
-9.006304122909847276e-01 -1.547877078133765572e-01 -7.463807406840987646e-01
-1.192931037327039867e+00 -3.058411054761215331e-01 -9.113995342112076736e-01
-1.064869524378921462e+00 -4.023142623086706782e-01 -6.460418227996032048e-01
-1.302877866346726643e+00 9.903889313957874030e-02 -6.264047086026436340e-01
-1.096298543796629721e+00 -1.293229173263297505e-01 -6.556818449027014273e-01
-8.065143957054025092e-01 -2.398981014877895890e-01 -7.104641050761473231e-01
-1.736449499554155285e+00 3.385119191547298345e-01 -7.176299142662145858e-01
-1.002402419834771408e+00 -2.207104023833989237e-01 -7.602835663192021309e-01
-1.289269685340819649e+00 -2.806648554360073877e-01 -1.131528873179571848e+00
-7.790887721854095060e-01 1.943078669342749587e-01 -9.800107377670230768e-01
-1.505849665847041718e+00 2.304584647678950826e-01 -9.689269241983811121e-01
-1.486669555629541950e+00 2.505704287523357054e-01 -3.630037485439093214e-01
-7.849513739349092134e-01 5.227352786205531621e-02 -6.053518985284259690e-01
-9.179177175913149078e-01 1.362344196871368429e-01 -1.042480998569042416e+00
-1.168102828068162458e+00 3.241834685294242013e-01 -8.040721232114571571e-01
-1.281773907264843526e+00 -2.228135579341823380e-01 -9.707379660965254065e-01
-9.690426205481690314e-01 -5.800417399604820279e-01 -9.000345063763547371e-01
-1.682060530769639017e+00 -5.989083564810873672e-02 -1.320797880660952606e+00
-2.172893582650564426e+00 8.200687134451183358e-01 -1.123305888649351880e+00
-1.170660065160134211e+00 9.344278382096438129e-02 -7.117527161180421391e-01
-1.503729455308956409e+00 -4.820493076090279216e-01 -2.201344036233296553e+00
-1.612144850583977274e+00 -1.057775497545867804e-01 -8.097479208738522782e-01
-1.367893562102694416e+00 3.172599330226132386e-01 -7.835000441160513418e-01
-1.510811750009494414e+00 4.861319454218974156e-01 -7.140719952179460650e-01
-9.350682025716228196e-01 8.192049737508065865e-01 -1.739254283105513110e+00
-9.610795342025931776e-01 -5.728853203489833179e-01 -6.228117062484138655e-01
-1.606187269328478440e+00 -3.509165285171822468e-01 -7.697984893991686173e-01
-1.402650461822651851e+00 2.976914487138710430e-01 -6.946834622094739675e-01
-1.202660383263329580e+00 2.573765230280526950e-01 -2.248657463466034734e-01
-1.116613752378083246e+00 3.788014270769765091e+01 -4.083708600627724561e-01
