-4.787743030568835323e+00 1.406887880236010080e+00 -1.388462572083143165e+00
-4.426796592290574317e+00 8.810198521644964087e-01 -1.305505166673710304e+00
-4.455252076758210222e+00 2.184784748186288539e+00 -7.232685277890279485e-01
-5.228986141316635639e+00 1.430077030146201578e+00 -1.453346023024956635e+00
-5.261248109373720006e+00 9.956208213629526016e-01 -1.662859519815164111e+00
-4.967253233421942582e+00 8.045527921304750363e-01 -1.288018597707277113e+00
-4.514584454455159879e+00 1.485685279174704387e+00 -1.263510444149784195e+00
-4.649417720554073874e+00 1.024943675134239784e+00 -1.027098085119324100e+00
-4.963650087333220107e+00 1.651250283357801107e+00 -1.140200752237339854e+00
-4.584542155901718985e+00 1.132554345414650721e+00 -1.413498460591182004e+00
-4.452125151468935726e+00 1.617667645460577175e+00 -1.216149052579498901e+00
-5.608163860663875511e+00 5.714853506975197117e-01 -9.707567234810496881e-01
-4.893766110451680085e+00 7.908865351803703314e-01 -1.253595125822261735e+00
-5.051163656482168030e+00 1.108920009694163156e+00 -1.165966193887354452e+00
-4.311723674328443501e+00 1.284368997412342228e+00 -1.508491412806132193e+00
-4.559093068872406285e+00 6.939865529327240434e-01 -1.297836649844629875e+00
-5.113878302010645527e+00 6.220815280457933083e-01 -4.722646767124887845e-01
-4.565803325473924090e+00 1.905333353288822362e+00 -1.363029115365383515e+00
-4.869938918970852626e+00 1.164841878542945741e+00 -1.444425744152244340e+00
-4.970811917623530363e+00 1.560155167101992424e+00 -1.291691542287813466e+00
-4.329172253229759626e+00 1.461856420962432068e+00 -1.408989182242234017e+00
-4.252317642066197223e+00 1.620529467848152327e+00 -6.912583312886508846e-01
-4.549667092201476137e+00 9.292680963117263548e-01 -1.439479923623846691e+00
-4.948292941755988217e+00 9.601470620632885922e-01 -1.443395991283033197e+00
-5.234430409887824709e+00 1.072866817605695910e+00 -1.502470494182758465e+00
-4.548270217478266986e+00 1.215908108236448237e+00 -1.259134937239284824e+00
-4.512101861214953047e+00 1.397419109654890246e+00 -1.327925579840963488e+00
-5.337811756045701017e+00 1.862625728214163612e+00 -1.095741896002040638e+00
-4.738402288430176412e+00 7.405459267183304162e-01 -1.231670025905926114e+00
-4.901573205923982712e+00 8.924499837083883502e-01 -1.550622878372490909e+00
-4.352157056140304014e+00 7.603096735340517665e-01 -1.243991235950089091e+00
-5.012327855869893156e+00 1.319190029888467564e+00 -2.040457405409699554e+00
-4.902938554710188690e+00 1.568301381273724537e+00 -1.248494836938113917e+00
-5.236124423396546490e+00 1.332211325595985096e+00 -1.354282876539042224e+00
-5.452632966324682862e+00 1.508967436038329613e+00 -1.078032827281059980e+00
-4.668394654737592298e+00 1.664728740180368760e+00 -1.226566559789316058e+00
-4.664267342068052713e+00 1.275324957759266020e+00 -1.213309743140009722e+00
-5.230190139565769947e+00 9.790545028325043919e-01 -1.259750094185198455e+00
-5.048230979238017113e+00 7.746704578673140329e-01 -1.158766802100984927e+00
-4.845873812938850556e+00 1.489784130655626759e+00 -1.690360826707492325e+00
-5.162257555975806156e+00 9.708252204835045029e-01 -1.261764464496618388e+00
-4.828658834375088027e+00 8.516819215119486586e-01 -1.289785466353353227e+00
-4.885447368873169438e+00 1.690401457260595208e+00 -9.928564623436011427e-01
-4.318036651049795616e+00 1.114297588901203007e+00 -1.353596618652325612e+00
-4.471074199085656176e+00 1.927499172236857738e+00 -1.423408677750411799e+00
-5.191021556216210087e+00 1.476599226626117867e+00 -1.547119877520962694e+00
-4.915559927224564696e+00 6.155929375003617032e-01 -7.847343920240440474e-01
-4.721053961521781694e+00 1.723743383221464365e+00 -1.194046380620658265e+00
-4.554167468830284449e+00 1.315257226830001347e+00 -1.306843929062557974e+00
-4.386653784751097795e+00 1.702026710439308754e+00 -1.167100027471040580e+00
-4.727994149470122309e+00 1.347225480107355766e+00 -8.825868380931807256e-01
-5.121027719943413103e+00 1.147397147787739380e+00 -1.429796859084142557e+00
-4.168218890724921799e+00 7.009682959748352316e-01 -1.594958973860580942e+00
-4.615581533523893221e+00 1.778864051977607774e+00 -1.479679151380288493e+00
-4.595090636925279526e+00 8.581240378144237013e-01 -1.923767698027888162e+00
-4.575160120464629721e+00 1.176402984456137002e+00 -1.158990821547798200e+00
-4.588790183144877410e+00 8.357994995080049172e-01 -1.089171034518228609e+00
-4.488572665932202277e+00 1.083756073190569769e+00 -1.281892488589052137e+00
-4.053104322486135835e+00 3.873446313115262996e-01 -6.458923009402115500e-01
-4.736549161415148035e+00 1.027877768966750649e+00 -1.588364089144040925e+00
-4.766040014614682185e+00 7.557873020891506810e-01 -1.175981921855438372e+00
-4.582328713489352445e+00 8.537970174553572988e-01 -1.045235160387348872e+00
-5.430547581127407319e+00 6.130558722322645426e-01 -8.592676060123233261e-01
-4.741942042954806702e+00 1.297194040798072212e+00 -1.208478965323259269e+00
-4.806004778393908161e+00 1.586215972912851990e+00 -1.183412721285897362e+00
-4.946781120478200400e+00 1.142711589795417426e+00 -1.171811866794244539e+00
-4.810026382875426165e+00 1.338467056963669854e+00 -1.469742072864402838e+00
-4.704093404151950431e+00 1.140276205101800944e+00 -1.191085591466371385e+00
-4.732804372312044983e+00 1.630683000364087976e+00 -1.082421266150171313e+00
-5.800193430076746814e+00 1.658138085884817592e+00 -1.770301618200357252e+00
-4.832626815229545514e+00 1.219252207567667945e+00 -1.522449412532858037e+00
-4.470134631807271219e+00 1.332187195074417740e+00 -1.230789506761299723e+00
-4.906115023678651710e+00 1.110401468256449808e+00 -1.243193427509966087e+00
-4.861480049514010027e+00 1.080225323638161372e+00 -1.114535871133680800e+00
-5.035000725269011213e+00 6.498980742660802612e-01 -1.426915669863318747e+00
-4.236353329442134275e+00 9.561483879941446995e-01 -1.510918283793819317e+00
-4.010059275741218343e+00 1.800445977633328587e+00 -1.082694048789504038e+00
-4.798867319550142341e+00 8.117790552866112064e-01 -1.415213278636682004e+00
-4.765897093799079443e+00 1.244284360662100797e+00 -1.295209870490184434e+00
-4.463589224622436014e+00 1.572990256988202828e+00 -1.340585948647563974e+00
-4.667612980064952843e+00 1.177748087764844964e+00 -1.427811105753530541e+00
-4.722050148349360654e+00 6.325877736643735760e-01 -1.519239961198522781e+00
-4.551155706220671782e+00 1.343717807588520552e+00 -9.629712516983567339e-01
-4.353291326382381143e+00 1.746061375583473740e+00 -1.107070304222750101e+00
-5.101949512992484337e+00 1.018030776671739357e+00 -1.397951967861201572e+00
-4.772975544309288054e+00 7.881431891684248514e-01 -1.147284888226000943e+00
-4.717052576834719346e+00 1.672397229048951273e+00 -1.517517446612068666e+00
-4.977844447871826894e+00 1.049122909481237764e+00 -1.102835353779304528e+00
-4.291002908135128635e+00 1.156644003577325108e+00 -1.173026085674549135e+00
-4.820419118863338070e+00 8.886535970896972669e-01 -1.396618182371430761e+00
-4.867219658760254752e+00 1.465282988651115392e+00 -1.152777638060556997e+00
-5.032636499928545781e+00 8.401410911708323548e-01 -1.113724392413249387e+00
-5.288563052634177808e+00 1.777183264123211703e+00 -5.880489460136584245e-01
-4.862743566073668866e+00 8.141766601603659392e-01 -1.050944501280466792e+00
-5.163510002988340730e+00 9.865941930121105985e-01 -1.090567942242894217e+00
-5.036548273320084590e+00 1.681092672123461140e+00 -1.386525381776616994e+00
-4.197251888112089269e+00 7.938104518196824610e-01 -3.443380901486189360e-01
-4.738947703033989711e+00 1.219211945704580247e+00 -1.001188561364190432e+00
-4.886370500399620731e+00 1.576326264313721692e+00 -1.018095841551254210e+00
-4.471489919439140870e+00 1.715508518887444600e+00 -1.294514950694821476e+00
-4.430404139650492290e+00 1.378629955545792374e+00 -1.428077051235031814e+00
-5.346344680881719214e+00 1.283695939781361206e+00 -1.353651053500224855e+00
-5.518144241835039487e+00 1.712873470147494359e+00 -1.132496508160667936e+00
-4.627611688144416924e+00 1.290551764895350617e+00 -1.362866882578689598e+00
-4.505746215926154541e+00 1.152493534611630732e+00 -1.328638521706170250e+00
-4.919793463708181491e+00 8.334925903529929458e-01 -1.210177403228200443e+00
-4.733480253249805259e+00 1.079516556007708683e+00 -1.516964423799487482e+00
-4.330394106179075386e+00 1.444502610979884638e+00 -1.048594904519862592e+00
-4.394069312857502574e+00 1.646101221836426376e+00 -1.360275126616534269e+00
-4.451475764758778375e+00 1.130794940686239647e+00 -1.102807519521852297e+00
-5.027290969234874396e+00 1.075830655165153305e+00 -1.288516842099918680e+00
-4.507691175811084250e+00 1.091190999057369604e+00 -1.301253206838284271e+00
-5.229688729016596760e+00 8.763582305296531150e-01 -1.148301441503918552e+00
-5.132802360628471838e+00 2.201285302556932777e+00 -1.637813552306463416e+00
-4.349567188893440850e+00 9.911764636506075199e-01 -7.628212599129943206e-01
-5.103755890682394991e+00 9.983538657518883364e-01 -1.432788413659443316e+00
-4.667031854019736414e+00 1.117739380751725298e+00 -1.284039997117048415e+00
-4.435991307007514095e+00 6.446603180820832391e-01 -1.248227869951068936e+00
-5.709239182218874831e+00 1.639671837995109405e+00 -1.094477132146154164e+00
-4.607187673076931667e+00 8.867864491253242276e-01 -1.191295713754814134e+00
-4.917093540271938679e+00 1.020525154036092674e+00 -1.213477340700210405e+00
-4.435535940957305634e+00 1.185485423547524064e+00 -1.558247627745821040e+00
-4.024892500740018697e+00 1.582553467002111747e+00 -1.357890265917658157e+00
-5.147545675974074086e+00 1.074666649191161172e+00 -1.304289827922834544e+00
-2.089961322554347944e+01 5.096068631059974052e+01 -3.091649241597513864e-01
-4.376137871347737018e+00 1.741354680552160916e+00 -1.012056303634487175e+00
-4.579370998049711261e+00 1.087206001754250861e+00 -1.043821255033132500e+00
-4.344110023155298705e+00 1.147132558233616040e+00 -8.987118129252978926e-01
-5.340477061415096038e+00 1.260055050655263686e+00 -1.220808123868272865e+00
-4.482083544664896557e+00 1.582486209121982457e+00 -1.380673346747200991e+00
-4.898429199410822221e+00 1.554807856664621513e+00 -1.509318250671894956e+00
-4.904954910344310193e+00 1.521564325804568130e+00 -1.407025331306751781e+00
-4.322801520162194322e+00 1.223885565997728575e+00 -1.596960613724531575e+00
-4.571901605187854045e+00 1.292060342888656344e+00 -1.271904969655451856e+00
-4.615795225991203843e+00 8.329022451735768051e-01 -1.301233872272183900e+00
-5.265501282038027142e+00 1.182428675951955888e-01 -8.144800022150853192e-01
-4.514110025193881270e+00 1.270830636797654289e+00 -1.593491348163363908e+00
-4.298624240640775085e+00 1.433561655098684717e+00 -1.442253890119048254e+00
-5.208769977343395752e+00 2.897811046104999955e-01 -1.257008094718546687e+00
-4.955499292091288588e+00 8.493490767361113747e-01 -1.345003917208597022e+00
-4.989711694771150619e+00 1.322405739754842990e+00 -1.189869754403690694e+00
-4.312505531741602560e+00 1.236870485023374489e+00 -9.852392511239356221e-01
-5.278709970436933574e+00 1.308284116211813952e+00 -1.302314247965034033e+00
-5.154676449272734828e+00 8.678494438214375828e-01 -1.213527023753399048e+00
-4.594213264158324428e+00 6.337743275268060694e-01 -1.244040696765451592e+00
-4.645486819974978587e+00 1.126495590537235802e+00 -1.391632985810858480e+00
-4.864783895775127043e+00 1.097542985439973862e+00 -1.305589691514283723e+00
-5.059259181766587510e+00 1.654056252353789613e+00 -1.402860245319150545e+00
-4.268377109831678951e+00 8.565174486243237739e-01 -1.078688393412722268e+00
-4.786637812289761484e+00 1.588323943031751506e+00 -1.608440776138802875e+00
-4.421475982797627324e+00 8.474803515880483529e-01 -1.172654380043928413e+00
-5.004401959222858132e+00 1.243896810884134174e+00 -1.225591136179610574e+00
-4.296477112004541965e+00 1.445367518123646278e+00 -1.395745632548395676e+00
-4.565930983553963429e+00 1.035210136820613247e+00 -1.628429945169466153e+00
-4.728862738802868115e+00 1.657944243464220868e+00 -1.367385715672952751e+00
-5.144833829069258790e+00 1.437272289238913814e+00 -9.680185729941935824e-01
-4.704051526915910664e+00 9.754295079794765844e-01 -1.318006078860995300e+00
-4.718716407319944572e+00 9.807505558459380657e-01 -1.538263107156750520e+00
-5.911363669668243226e+00 7.268765507034522511e-01 -1.725178380131239475e+00
-4.953204822825249209e+00 1.384196347172593766e+00 -1.291147131271424886e+00
-4.610787343990961240e+00 1.489913498294677119e+00 -1.116859997055150044e+00
-4.866477893820270850e+00 1.041401433469562043e+00 -9.842751153653066520e-01
-4.978341954364007726e+00 5.881086033524521861e-01 -1.443356843543332602e+00
-5.055431605681753204e+00 9.929558200435839588e-01 -1.281618432135263941e+00
-4.512173899209106942e+00 6.913435502614498906e-01 -1.189647676108408048e+00
-4.207695863508327250e+00 1.089473296250516476e+00 -1.328234828544267332e+00
-4.583569216789352474e+00 1.125642548406384558e+00 -1.232854012102600150e+00
-4.477291474944324001e+00 7.477829523185102190e-01 -1.275414394200822255e+00
-5.017454430685295286e+00 9.374908980711310624e-02 -9.123178656468088343e-01
-4.691425870767472972e+00 7.035854871239876074e-01 -1.226694905448819872e+00
-4.255846543408960514e+00 8.171144592294053988e-01 -1.294794554565756650e+00
-4.854319761084278539e+00 9.621168229802584682e-01 -1.366998626619732926e+00
-5.141508888346367101e+00 1.249494309951409532e+00 -1.270903786148620762e+00
-4.409325540642955232e+00 9.246452991028965007e-01 -1.513989133106163010e+00
-5.497547490884657329e+00 1.446317880723410054e+00 -8.450863863874495951e-01
-4.682298350110031038e+00 1.487732866898824557e+00 -1.489595533646224101e+00
-5.072482367451241814e+00 1.013584069894633677e+00 -1.322238642319662816e+00
-4.524131197185856657e+00 9.705695099320997832e-01 -9.449989359113399878e-01
-5.133144961175260867e+00 1.311514247690982238e+00 -1.549789800006051932e+00
-4.823440639678426400e+00 1.278491653580038578e+00 -1.157415429951637043e+00
-4.463138358441943510e+00 8.424112067649552893e-01 -1.314774544781799559e+00
-4.840675599558002418e+00 9.822859807498630635e-01 -1.395395047612519868e+00
-4.800928966110072693e+00 6.637001359825035474e-01 -1.268595807325912261e+00
-4.341129050394597400e+00 1.155335585769586171e+00 -1.315010614435890179e+00
-4.627819008687995783e+00 1.489753514975116433e+00 -1.406485522485167117e+00
-4.920321575857553142e+00 1.191124362502547607e+00 -1.254182064308982936e+00
-4.533198286181484349e+00 1.629497393927209936e+00 -1.014302739324997704e+00
-4.684175930700101631e+00 1.196255347318594842e+00 -1.389777840811315057e+00
-4.357300754190342573e+00 7.870343308213419986e-01 -1.348085315121384298e+00
-5.113146259130396665e+00 1.118815273728981374e+00 -1.423861703251199984e+00
-4.695624290506177800e+00 2.091257516664403848e+00 -1.667300143093514153e+00
-4.979591961199207439e+00 1.573958594560895818e+00 -1.049031293517325603e+00
-5.030235804652800624e+00 1.188020321833165305e+00 -1.729484676473752369e+00
-4.706891569958160382e+00 1.702068733844855686e+00 -1.427535422324841985e+00
-5.023288886698616729e+00 3.723594852453221971e-01 -1.531863489229668973e+00
-5.165507899163288563e+00 2.109172585514370812e+00 -1.486873453268133805e+00
-5.850104949916534736e+00 2.426362190985664746e+00 -1.631805431078440893e+00
-5.103721727907481132e+00 1.286975955651356252e+00 -1.245343193766929923e+00
-4.664318384957732100e+00 6.348515098191278572e-01 -1.227900559975472428e+00
-5.287363316651211953e+00 8.559525039448819816e-01 -1.303025391524392118e+00
-4.709057685827057860e+00 1.370922999985251467e+00 -1.720087494712809750e+00
-4.320181882482585500e+00 1.273160301184355303e+00 -9.891335583788190000e-01
-4.983080001794717440e+00 9.767854417217781693e-01 -1.326250563193968501e+00
-4.793407986450892722e+00 -9.381320519990948847e-02 -1.748272007456715738e+00
-4.235885170970687952e+00 1.304531528757136405e+00 -1.456198878884693571e+00
-4.697861192717966539e+00 1.237032956997035305e+00 -1.339514222232307983e+00
-4.282086477585496098e+00 6.517423392043802943e-01 -1.294442134898966756e+00
-4.933715759847027371e+00 1.540589816439814852e+00 -1.321935985914746814e+00
-5.011519808555396693e+00 1.456769716580974761e+00 -1.160481254653335181e+00
-5.294340194436018443e+00 1.211208308360322006e+00 -1.385742739672534363e+00
-4.324348600438668200e+00 1.402024350728101165e+00 -3.953467058874756690e-01
-3.794569377458435255e+00 6.394006228731307084e-01 -1.164245553330823135e+00
-4.630518785020021788e+00 8.639490459855044824e-01 -9.719165656847535972e-01
-4.287524045986945254e+00 1.243773369148508667e+00 -1.318481568056872888e+00
-4.261188709654726736e+00 6.258946127216290511e-01 -1.560399658633380815e+00
-4.964533366256925540e+00 1.189433785638796648e+00 -7.968292846189235501e-01
-3.992075497271679652e+00 1.310071706606612540e+00 -1.287051419700923960e+00
-4.773265074671645181e+00 5.232182570881781514e-01 -1.197251833379922692e+00
-4.913330435988357614e+00 7.922887062077544895e-01 -1.096012382528810614e+00
-4.680094033525564967e+00 1.515030592296053191e+00 -1.159735687969994489e+00
-5.691711674086395334e+00 2.719316568886589458e-01 -9.378602047301859423e-01
-4.724514470448967884e+00 1.236307221394712164e+00 -1.347126987857063085e+00
-4.470409740967013157e+00 1.467339296745124200e+00 -1.133914321982984363e+00
-4.890484797736192490e+00 1.571101508554186843e+00 -1.253172324702865437e+00
-5.663470931161884714e+00 1.576939618805489829e+00 -1.544213521226155628e+00
-4.438470214658570612e+00 8.474870695868157444e-01 -1.865445544123984500e-01
-4.616533065907559852e+00 1.109988338577011291e+00 -1.492321852161225593e+00
-4.323924273567026688e+00 9.788147080905863495e-01 -1.349017238686647024e+00
-4.639828534203989108e+00 1.145982757233892535e+00 -1.258843285802592415e+00
-4.609078362212573055e+00 1.266857169557458862e+00 -1.322728123639346665e+00
-4.451057897033375177e+00 1.475500877851115611e+00 -7.042718091978680262e-01
-5.035558038012698745e+00 8.071454587853132967e-01 -1.364996749120457320e+00
-5.126155728983432525e+00 1.269002514221170941e+00 -1.285399785625792379e+00
-4.946298248463834035e+00 7.957544368626996434e-01 -1.082126394606145015e+00
-4.252371590918435196e+00 9.473148737465559854e-01 -1.373070018488953714e+00
-4.926908973628523647e+00 1.253491708208629207e+00 -9.587695389580975780e-01
-4.979247704892329374e+00 1.620691228292596486e+00 -1.550969109447364769e+00
-4.992569681631034761e+00 4.770185773039820609e-01 -1.037395101940403741e+00
-4.337560395704955774e+00 8.369330076331230606e-01 -1.599344005346580833e+00
-5.397783953184718264e+00 1.403153082458040268e+00 -1.257572432594343370e+00
-5.166870967823074423e+00 1.488594698986507314e+00 -1.252625879024267253e+00
-5.253153094588546956e+00 9.585894415938901458e-01 -1.534555738270511727e+00
-4.877395653502779815e+00 6.936558837911046549e-01 -1.245834439603864530e+00
-3.797152456119044395e+00 1.192000029527098937e+00 -8.626729058567801367e-01
-3.963498581726772940e+00 6.444495593614361084e-01 -1.301657797381040149e+00
-4.681058824568409271e+00 6.632386909216835269e-01 -1.334804982811493179e+00
-4.840225899173658419e+00 9.032331986072632546e-01 -1.499262423422337731e+00
-4.943618262661428453e+00 1.810159332238892915e+00 -1.419694693194117896e+00
-5.173414073858273454e+00 2.408452746757259622e+00 -9.929148756429204692e-01
-1.779155796949635615e+01 1.196939497501524841e+01 3.986434790073767331e-03
-4.522448257968582297e+00 1.419584060572376849e+00 -1.233486067417734811e+00
-4.518200253406844169e+00 8.592217336093668223e-01 -1.335880243414268476e+00
-4.973720478144658230e+00 1.348700347188588999e+00 -1.564197907391262188e+00
-4.667583508002271842e+00 1.271605673262838909e+00 -1.285193991600700913e+00
-5.278531306437429294e+00 1.705526308904133037e+00 -6.757410238727843410e-01
-4.547578942997162699e+00 1.130770731022935127e+00 -1.094041311613044520e+00
-4.282021506920613341e+00 1.088691570822067245e+00 -1.436466315426973894e+00
-4.900332249249509609e+00 8.223203295413608060e-01 -1.322452134337195995e+00
-4.618051522322438984e+00 1.580798564006140383e+00 -1.502934275874289627e+00
-3.965197023164642065e+00 7.644105771294190665e-01 -7.361559207045489384e-01
-5.086408827701511370e+00 1.032091050701008150e+00 -1.116299530672581808e+00
-4.204731174903293400e+00 8.982262568525229973e-01 -1.412925564404383882e+00
-4.805555452805194250e+00 9.304880987179229290e-01 -1.431292336680135557e+00
-5.573486317895207875e+00 1.381393768684800571e+00 -1.001847157411555056e+00
-4.738236095085205157e+00 1.347759204556326029e+00 -1.345928219463897513e+00
-4.965832884761751664e+00 9.366298111848586627e-01 -1.352805130771608910e+00
-4.588506028306651885e+00 1.577785002386644653e+00 -1.541286297332861599e+00
-4.396923589872388405e+00 4.035795724228876669e-01 -1.397251247398663132e+00
-4.867178679265325769e+00 9.665810425002738793e-01 -1.200897725108635461e+00
-3.895293814737939453e+00 1.022924772011950534e+00 -3.293267873266902401e-01
-4.876903489202815578e+00 1.186218384012988514e+00 -1.336829575087711275e+00
-4.594657703529444248e+00 1.619190612448205391e+00 -1.519381410746376782e+00
-4.368574841614199400e+00 1.054624493853429268e+00 -1.257104987367297477e+00
-4.887234161163446444e+00 1.706962046854453741e+00 -1.299415063053178665e+00
-4.478721072885435639e+00 1.594241738391553254e+00 -1.301246443245344553e+00
-4.506872620570297805e+00 1.677383569602052038e+00 -1.458258678007521070e+00
-4.630987162337036445e+00 1.222305211639909794e+00 -1.220189420419711901e+00
-5.042763706412239699e+00 8.897430729123368964e-01 -1.162670072014079237e+00
-4.108283607935442561e+00 -1.400428912529890109e-02 -1.184093040343237480e+00
-4.071158847903481259e+00 2.292575987517775082e-01 -1.857205877829190666e+00
-4.865074987462223888e+00 1.410607455579408365e+00 -1.224401763940757615e+00
-4.511294220794041188e+00 1.736960321635966142e+00 -1.353111328601467322e+00
-4.457850985151691425e+00 1.338981103699528719e+00 -1.378692783278742118e+00
-5.065761930474301344e+00 1.199079156999206086e+00 -1.172126179985014893e+00
-4.748095661616813956e+00 1.240341736992217614e+00 -1.231684547844831945e+00
-5.379574029937682411e+00 1.659027187727535990e+00 -8.663879005850497750e-01
-4.816113852992729427e+00 9.395177639811416181e-01 -1.221438666175812759e+00
-5.397465961347614360e+00 1.196846900946270775e+00 -7.717728397247657357e-01
-4.824317947834606990e+00 1.596907091265982181e+00 -1.251257975902110520e+00
-5.558741153223945908e+00 1.063050696158000186e+00 -1.140722308910478100e+00
-4.791598471341020904e+00 2.090874829446292438e+00 -1.561872016088168280e+00
-4.318792684857647224e+00 8.226894157902719940e-01 -1.146694201644005595e+00
-4.827235536887751088e+00 1.541297632507366622e+00 -1.314586425396019775e+00
-4.835962656570142570e+00 4.473656208865024464e-01 -1.732580781207716969e+00
-5.508233315674742947e+00 1.170535701799614081e+00 -1.630892598613184363e+00
-4.418504459693291864e+00 1.170363599518642994e+00 -1.355661814907722640e+00
-5.269580097713856048e+00 7.815590051516856374e-01 -8.154975518630942499e-01
-4.357239230286983123e+00 1.217146637658858221e+00 -1.388569928011967880e+00
-5.706137996494480724e+00 1.561135841659870183e+00 -1.225977625224265566e+00
-5.009903782268844807e+00 9.220846374647639898e-01 -1.147824270220328957e+00
-5.228343080659531239e+00 1.372312159001898291e+00 -1.355704615829161686e+00
-4.779757475027998304e+00 1.553652662970746112e+00 -1.292366864479439936e+00
-4.655502991205972663e+00 1.643971181674126036e+00 -2.354246205459718411e+00
-4.870954925712312367e+00 1.066711397834767983e+00 -1.524734957554083836e+00
-4.786993640791352256e+00 1.520473038984526681e+00 -1.355571637872714286e+00
-4.537646025748435896e+00 1.506878903641088341e+00 -9.633080597652606825e-01
-4.993369320886463569e+00 1.174054941726657253e+00 -1.194236603288177045e+00
-5.024001045943180088e+00 1.545316239190630991e+00 -1.011541600055026358e+00
-5.080675365875844562e+00 9.348556534652354699e-01 -1.415399188629847371e+00
-4.496758558252773597e+00 1.652519176290194514e+00 -1.260973378220650254e+00
-5.014359703907990351e+00 1.705601055627130380e+00 -1.005824040220523630e+00
-4.667717211232687902e+00 9.484575946180754391e-01 -1.190264311824821064e+00
-4.291129519935462433e+00 1.271811607583358095e+00 -1.347796006311298811e+00
-4.583054910594954734e+00 1.512029953640173341e+00 -1.846842550569227415e+00
-5.168235328132054995e+00 5.731201553748680455e-01 -1.308666612657473971e+00
-4.713889014988326132e+00 1.820568888697666532e+00 -1.563084079924242031e+00
-4.780211099518202111e+00 1.627683863205858561e+00 -1.704064987850254287e+00
-4.204586322499002549e+00 1.210292070089572736e+00 -1.102131673712184012e+00
-5.086600345718048644e+00 1.245927575122202091e+00 -1.726175993430170141e+00
-5.399053153119695025e+00 6.542848045439272342e-01 -1.088505595528259873e+00
-4.563216352918446184e+00 1.445456449137423771e+00 -1.341574556859392864e+00
-4.335140813154437112e+00 5.685370763932847682e-01 -1.604885963076832400e+00
-4.530496173314575437e+00 1.233670328816275141e+00 -2.369317139001866579e+00
-5.209223898914053130e+00 1.015725884805514845e+00 -1.339205131787150060e+00
-4.876826757560770886e+00 1.549994179302041974e+00 -1.321830984536127351e+00
-4.758279401179296819e+00 1.022602513888129838e+00 -1.073645985533338676e+00
-5.518071716676883121e+00 1.126659692551530645e+00 -1.024758448348336959e+00
-4.853782272231125461e+00 9.766072382860859769e-01 -1.570338619803844926e+00
-4.547928152452466399e+00 1.435295689659946250e+00 -1.121124189499340895e+00
-4.482835875374616919e+00 1.603231422338220691e+00 -1.299752125894716670e+00
-4.588999816691494260e+00 1.294384953565523855e+00 -1.272019552420613264e+00
-4.503983413537043567e+00 6.294626146473394357e-01 -1.421287672144902814e+00
-4.420997816809621561e+00 1.840270036525464059e+00 -1.589725543637666494e+00
-4.474016286586031121e+00 1.201723369594658530e+00 -1.117342799171533230e+00
-5.158501258079382090e+00 1.613504400457745236e+00 -1.076252876236254652e+00
-5.494534665351449298e+00 1.352779153969699277e-01 -7.453544218402626820e-01
-4.995285318030559196e+00 1.230785972658512195e+00 -1.585765565796951826e+00
-4.593725300501485087e+00 8.685986083638133071e-01 -1.118849039703935233e+00
-3.922370737612642433e+00 1.824570983168213756e+00 -1.912131621171605511e+00
-4.720710249750474929e+00 1.282036021980738516e+00 -1.152365400979492582e+00
-5.047305793444839317e+00 7.663846732793334615e-01 -1.348660894696780632e+00
-4.330548172593456258e+00 1.186996849669165632e+00 -1.345533598076248172e+00
-4.963180801537532716e+00 9.451881495062374183e-01 -9.301535600370114398e-01
-5.074288734506071208e+00 8.233541187081319102e-01 -1.621629881686944774e+00
-4.913548175839815180e+00 7.071191872293609570e-01 -1.337745196083683474e+00
-4.625933251261749035e+00 1.765756357295458434e+00 -9.238306278295441709e-01
-4.571865658529728371e+00 1.662683899381883990e+00 -1.757301689469947581e+00
-4.369404765760590337e+00 9.766564238024340039e-01 -1.260866382770805982e+00
-4.606885350003909529e+00 1.061801124521945194e+00 -1.427278192690795144e+00
-4.909409456239091085e+00 9.325855314687226949e-01 -1.041518533069270891e+00
-4.976632497114440667e+00 9.524604034361315863e-01 -1.239350999522231822e+00
-4.177415526749882702e+00 1.413545049391099484e+00 -1.305716750151261429e+00
-4.708236535022486180e+00 9.778397967802313628e-01 -1.396014294107960740e+00
-4.932771960446744153e+00 9.770106157065133745e-01 -1.457378969640482858e+00
-4.484835904441239585e+00 5.817080424879718104e-01 -1.327507908747064702e+00
-4.487183805891069355e+00 1.541702940776989772e+00 -1.302163791907869461e+00
-4.554125745536219405e+00 1.100082222657363246e-01 -7.192000771950504134e-01
-5.286367727252377691e+00 1.499716704833735870e+00 -1.202183818248533820e+00
-4.603581017386014551e+00 9.750659434846036255e-01 -1.441761603841540840e+00
-4.640808333130888030e+00 1.378105562581362298e+00 -2.354406007814022317e+00
-5.294969097236524647e+00 1.295609945418021214e+00 -1.227282664814897117e+00
-4.605548636571465515e+00 1.145554770173169867e+00 -1.252878478562408304e+00
-4.637124406033407809e+00 3.017538868982992950e-01 -3.118611559921352083e-01
-4.941369763756885192e+00 1.154603932267271205e+00 -1.145147606078367630e+00
-4.789339513837824747e+00 1.745284659382110970e+00 -1.343824653144645387e+00
-5.098856565528288698e+00 1.457270135528909050e+00 -1.225980139769913269e+00
-6.051715866345849903e+00 1.071553308561376650e+00 -9.942515896499672934e-01
-4.554078443180474167e+00 5.164089000334269874e-01 -9.709380196472818803e-01
-4.836938730231390871e+00 7.867403142316949927e-01 -1.137497989758936123e+00
-4.200888531904538148e+00 1.214825712670136948e+00 -1.332222792061000805e+00
-4.630919329089764780e+00 1.135895196351343284e+00 -1.421367265216248787e+00
-4.442545316900017305e+00 1.501098980920016590e+00 -1.475000534183282141e+00
-5.211811635372909812e+00 1.471317832762704780e+00 -1.416468727976827102e+00
-5.169639051345195746e+00 1.306895470658639757e+00 -1.222051764649968675e+00
-3.818973807758896299e+01 1.256896585578387260e+01 9.802534769534720915e-02
-4.554797191280108848e+00 7.210452922433266965e-01 -1.156992715617290335e+00
-4.450014539233879240e+00 1.727583976544750932e+00 -1.478934546976809150e+00
-4.568641258175211384e+00 9.959420668637964935e-01 -1.234996666440743240e+00
-5.081050783446139363e+00 9.351549658573602430e-01 -1.418224405648367492e+00
-5.555190313147291725e+00 1.759041062738444960e+00 -1.556505019161081416e+00
-4.420359540967060852e+00 6.727324704452419812e-02 -1.702624884451956033e+00
-4.417923210265158218e+00 7.287577279374709560e-01 -1.375558783893279902e+00
-4.328047552683130128e+00 1.169452391292138849e+00 -1.369118454334984580e+00
-4.911894004242552292e+00 7.602769457748714821e-01 -1.361486134393437464e+00
-4.905357871353524857e+00 1.214975479473223263e+00 -1.065766927632301408e+00
-4.830350164958854720e+00 1.529963365407596365e+00 -1.266902729123230431e+00
-4.237313830194286979e+00 1.089323253754131082e+00 -1.144920197979492515e+00
-4.900520783732130070e+00 1.460620710071923289e+00 -1.431710382231238032e+00
-4.647202078514245827e+00 1.210730134880227293e+00 -1.435117505213369338e+00
-4.856244146850319687e+00 3.619834952298057185e-01 -1.405532824653610291e+00
-4.665293447938524629e+00 1.832236757751424916e+00 -1.460236838790643032e+00
-5.074876607788462834e+00 1.030079351806330035e+00 -9.140189788598215292e-01
-4.755485755178574969e+00 1.448322532540216034e+00 -7.048534146221678842e-01
-4.715002453848416764e+00 1.249198826419299913e+00 -1.210420208402445574e+00
-5.250010636723226654e+00 9.059184056052589362e-01 -1.414995208048904551e+00
-4.819755751185018866e+00 1.342224762839421270e+00 -1.416916070461591071e+00
-5.659057201578961305e+00 1.173544684784481706e+00 -1.288251801422483966e+00
-4.791252503908123295e+00 6.547746043645724656e-01 -1.163837191494998757e+00
-4.990494832809945436e+00 1.546738863699059108e+00 -1.016717041753741446e+00
-4.858555623516780386e+00 1.561368923189635494e+00 -6.356583846405341465e-01
-4.830896360926232092e+00 7.629339528342031773e-01 -1.208258881936199458e+00
-4.736346896435078335e+00 1.441944308000001840e+00 -1.337153427535455519e+00
-5.149335605068406707e+00 1.006579527657875728e+00 -1.189957813681703058e+00
-4.780746399180872075e+00 1.272089733769306008e+00 -1.123505808848922038e+00
-4.622529237389349177e+00 1.391079813450018854e+00 -1.075620041652075143e+00
-4.686185504230120813e+00 1.530129041840058823e+00 -1.234733562614384716e+00
-5.266284872478598444e+00 6.656023621380171562e-01 -1.398822748130430726e+00
-4.796679440805926120e+00 1.049028680050796858e+00 -2.025549165274546315e+00
-5.303097343516667728e+00 9.022037596603474929e-01 -1.254712804956013672e+00
-4.626911456614161366e+00 1.027391120271008873e+00 -1.007931030027366059e+00
-4.434115089050962411e+00 3.840411371968491250e-01 -1.376127647298709622e+00
-4.489886036151831128e+00 7.602357792324795360e-01 -1.255275161056933042e+00
-5.123516969690641076e+00 1.288050053851973242e+00 -1.413252118380360134e+00
-5.392188151279475150e+00 1.365826917128022400e+00 -1.191124014543861298e+00
-4.908866467179709758e+00 1.122192104722715023e+00 -1.089421055361522006e+00
-4.951068588660849201e+00 5.508384872400330368e-01 -1.214747524512360899e+00
-5.531640277792976512e+00 1.051720653181066112e+00 -1.266882682849553854e+00
-5.209799747237344292e+00 1.375370913000486750e+00 -1.415541368729203553e+00
-4.373102804798707055e+00 8.463403774048193773e-01 -1.448097405120547299e+00
-5.143654470966516179e+00 1.730320203383081346e+00 -1.016986334131158687e+00
-3.733327617125143494e+00 1.166812556962598890e+00 -1.952051897373695555e+00
-5.129898593117816041e+00 9.434241685310966741e-01 -1.268028394455268826e+00
-5.005454403664576724e+00 1.051678338823081038e+00 -1.388217695968221532e+00
-4.617211615036286076e+00 9.803826361014993385e-01 -9.636248552029089698e-01
-4.986294913475773249e+00 1.301401948429809607e+00 -1.729566894404731769e+00
-5.043420413095066834e+00 9.627709647482045607e-01 -1.462021435599517583e+00
-4.503477179250160667e+00 2.053656054659325214e+00 -1.201322770081758806e+00
-4.302887663670305507e+00 1.040758051477497448e+00 -1.358578483094184497e+00
-4.375677233557729195e+00 1.025778009412015912e+00 -1.395487036388414204e+00
-4.123543878728836987e+00 1.269041966859726811e+00 -1.212072731654092905e+00
-4.365834169184585001e+00 1.087928065720205506e+00 -1.369084285949775825e+00
-5.142402432896849618e+00 1.912444094966130992e+00 -1.330888710620605320e+00
-5.019979491369690905e+00 6.264806718228030924e-01 -1.473690840561255655e+00
-4.745249720982963382e+00 7.761796165024090755e-01 -1.614680114780141951e+00
-5.277153330270854426e+00 1.467477300380246596e+00 -1.139819144148974006e+00
-5.293480286733628581e+00 9.533243791183441118e-01 -1.354944025389232642e+00
-4.123983077025869193e+00 1.389161383847205222e+00 -1.268301139655759080e+00
-4.601145051138285424e+00 1.632838732043249808e+00 -1.677427826242037678e+00
-4.612321772184984958e+00 4.638318192179112232e-01 -8.857670176502980830e-01
-4.906002525647683576e+00 1.603183538998311120e+00 -1.486240644973996883e+00
-5.272270195350516886e+00 1.099224042778654820e+00 -1.158387289796009023e+00
-4.181769746845028557e+00 1.638058650607560285e+00 -1.404414315259301604e+00
-4.708043969418425512e+00 1.227970046646433389e+00 -1.287115301416669855e+00
-4.437079428576801376e+00 1.239477467001649291e+00 -1.287784649143684179e+00
-4.749340470147307869e+00 9.304258385614934124e-01 -1.481167137236685027e+00
-5.286975101824352485e+00 1.562189438939509012e+00 -1.282208324341970407e+00
-5.072326778397330038e+00 1.099644725928183853e+00 -1.347742603597902544e+00
-5.083398987164675198e+00 1.341207158315976589e+00 -1.558748078222160105e+00
-4.355511509792141744e+00 1.297781251121231660e+00 -1.119836152693385323e+00
-4.845201284298951805e+00 1.373377114290797119e+00 -1.155342817406264544e+00
-4.624170033684750436e+00 2.185559275800527779e+00 -2.432805023026127500e-01
-4.822070624066975952e+00 1.258899368441535715e+00 -1.262071694414330869e+00
-4.803709496652813549e+00 1.402151734773475544e+00 -9.833422154070099452e-01
-5.491187317556319947e+00 1.528098812286410757e+00 -2.195268129882840924e+00
-5.083045768948784016e+00 5.552116192249868520e-01 -1.739050648208154470e+00
-4.964484957513707108e+00 6.967878867601654536e-01 -1.410597478045696684e+00
-4.591083379403088749e+00 1.875172440328170431e+00 -9.021143865400478301e-01
-4.405311741282077698e+00 1.528585570549039874e+00 -1.440035129202396735e+00
-4.746038515846249695e+00 1.504664528290547976e+00 -1.173926384861189831e+00
-4.772796415754418931e+00 1.737941802557913418e+00 -1.244092681176334203e+00
-4.799384745585790313e+00 1.338215739890398437e+00 -1.204173739519731612e+00
-4.399914496103399131e+00 1.080760910190454727e+00 -1.425687832467285254e+00
-5.035602849087990052e+00 7.630946736499303329e-01 -1.274253782293187198e+00
-4.134285772135352310e+00 7.463330483710173269e-01 -1.148087713680151056e+00
-4.435336813644099152e+00 1.341769379527471662e+00 -1.027193919982252845e+00
-5.167294265725052682e+00 1.177158187449819371e+00 -1.384783904277648414e+00
-4.645201424191448325e+00 1.284533350679793351e+00 -1.184524568455937343e+00
-5.054980834412563517e+00 1.141235270554604053e+00 -9.988947803871618403e-01
-4.581766871007459940e+00 1.045944204684922552e+00 -1.287796947908740552e+00
-4.817332864883579369e+00 1.315581202121445914e+00 -1.228055770606746977e+00
-4.333127889417808909e+00 1.134373040482777428e+00 -1.298382857471987561e+00
-5.491260111197341587e+00 9.808183907226782905e-01 -1.033627139822493213e+00
-5.004854982830582166e+00 9.640125803938711657e-01 -1.336539311909244354e+00
-5.219156816742541061e+00 7.169509722148252884e-01 -1.660425585427658834e+00
-4.468522518326795812e+00 1.678636590515818039e+00 -1.243127054449169266e+00
-4.567061717719835379e+00 1.578738669342364176e+00 -1.181690325017608068e+00
-4.568813598827249578e+00 9.023064864958865172e-01 -1.206214443553915716e+00
-5.571329929554228677e+00 9.418637137795814462e-01 -1.657866474665017575e+00
-5.243594600897756308e+00 1.076794659422544598e+00 -1.332879404429921699e+00
-4.804065776841058621e+00 1.365683653825945587e+00 -1.225170806309505478e+00
-4.572160788456135272e+00 8.814937586177441498e-01 -1.122157531617915982e+00
-5.554003985653114484e+00 1.268753854084774702e+00 -1.259878665413749710e+00
-4.926847236607723168e+00 1.106203049810195349e+00 -1.342756641904269355e+00
-5.237888124235666076e+00 1.324658959766781052e+00 -1.145591318475675191e+00
-3.673319831545490910e+00 1.940134554019233182e+00 -6.926570342772552236e-01
-4.542841066218045398e+00 9.509917994428690458e-01 -1.552785703787443961e+00
-4.527284371384050488e+00 1.467206976120735806e+00 -1.433400104441285627e+00
-5.329296629917344319e+00 1.410709260075086346e+00 -1.418259429780970748e+00
-4.704328306601780696e+00 6.641411929830243199e-01 -1.401539376358692968e+00
-5.083811510715436022e+00 1.331595928076379609e+00 -1.163709459733981877e+00
-4.347622513320612114e+00 1.573444700341840807e+00 -1.698736331150862311e+00
-5.022183455755379278e+00 1.707101464048210948e+00 -1.288032200286332030e+00
-4.794553577682614254e+00 1.366876504702441153e+00 -1.378709629689884419e+00
-5.629486971445285981e+00 1.365595392364538752e+00 -1.461985208390876867e+00
-4.340472865706931138e+00 1.343362500255257608e+00 -1.376859413763088735e+00
-4.303825760927032285e+00 7.890913512563382248e-01 -1.218330644038422728e+00
-4.441128742468887225e+00 5.481291866479709451e-01 -6.974217598323144696e-01
-4.488112850799815590e+00 1.026107516697420952e+00 -1.245822070363270972e+00
-4.562367245268034388e+00 2.762756508387798071e-01 -1.375126191907853013e+00
5.183549653519712308e+01 -2.074774629989744312e+01 8.908644216163974505e-02
-4.399686889076273921e+00 1.110439554081885660e+00 -1.283742623150627260e+00
-4.577235464579712421e+00 8.205140158506841752e-01 -1.301085503594656467e+00
-4.498133534053676996e+00 1.231642890480382224e+00 -1.167467872974747634e+00
-4.588612376152322980e+00 1.883257919380556533e+00 -1.322924432050961663e+00
-4.355529261914708350e+00 9.057467526900681021e-01 -1.467079079885804216e+00
-4.743840022807201073e+00 1.284260119926393884e+00 -1.607772144312219709e+00
-4.621359879846891339e+00 1.243334181811587946e+00 -1.246194865379817829e+00
-4.835204333134000443e+00 1.165792831723304168e+00 -1.183149709708149366e+00
-5.325570055105182554e+00 1.665000684224291705e+00 -1.658589011005479952e+00
-4.816750392216018639e+00 2.272558983067504979e-01 -1.860753658487987794e+00
-3.530447606231402524e+00 1.726263655829222587e+00 -1.596884466911335565e+00
-5.122514741226806834e+00 1.588184546860975432e+00 -8.229801269364972471e-01
-3.998984509598558112e+00 7.659351269116834171e-01 -7.449598749883621362e-01
-4.530553784239796933e+00 7.478510424678143087e-01 -1.116378428724629002e+00
-4.854440439910868932e+00 1.611581102846707081e+00 -1.634085046696875265e+00
-4.619913649314384863e+00 8.330246735057490470e-01 -1.301862609445742613e+00
-4.758572941973898018e+00 1.420797258150600317e+00 -1.315574137015327327e+00
-5.006367443609716084e+00 1.304027519370098753e+00 -1.270598215488605520e+00
-5.485216593474370406e+00 4.988552105282677007e-01 -3.967176015917976417e-01
-4.894604938009863737e+00 1.665842652316152028e+00 -1.266285014702895229e+00
-4.648621100683910434e+00 1.150537645789434960e+00 -1.241905036907586801e+00
-5.270178390386901057e+00 1.607705896685282632e+00 -1.750844921956450140e+00
-4.664617659452524379e+00 1.228026741329635962e+00 -1.465006502150947298e+00
-6.170692496046837228e+00 5.982447816635018123e-01 -9.143283623679090422e-01
-4.481233653806143025e+00 1.385542163980009178e+00 -1.428575238378185785e+00
-4.971393609188084817e+00 5.919191217483058542e-01 -1.208431437535601560e+00
-5.658825035306260354e+00 1.287235687959163322e+00 -1.178181387564419813e+00
-4.974615385808599299e+00 1.240343206465854387e+00 -1.135461759835351137e+00
-4.627162776216571238e+00 1.549719674527480606e+00 -1.411596022645446924e+00
-5.361713915382972928e+00 1.512517401430609087e+00 -1.215651571505654616e+00
-4.839679732963716674e+00 1.662958184131557493e+00 -1.285481181411350260e+00
-4.675983412724417754e+00 6.213401263664225516e-01 -1.585053870909080675e+00
-4.635259994301362596e+00 1.472109069413417570e+00 -1.275202410781868689e+00
-4.677567679527099287e+00 -1.386461165862434841e-01 -1.762226712222054958e+00
-5.324655607546904257e+00 9.245871247046756336e-01 -1.057272612867135919e+00
-4.196943255492285196e+00 1.232888829165048383e+00 -1.232636773442313594e+00
-4.643109245532238027e+00 1.359337841265679581e+00 -1.207702515627970596e+00
-4.849121672843639708e+00 1.582606025252370374e+00 -1.255786914208885774e+00
-4.683969842447068821e+00 1.414728406773059888e+00 -1.223731000406000691e+00
-5.240123583507583227e+00 1.295484459663748922e+00 -1.258993461766270361e+00
-5.422064936284908043e+00 1.027549770622492087e+00 -1.992783744881672925e-01
-5.555575505614762655e+00 1.457721147784307947e+00 -1.211884384388336899e+00
-4.932598267135849923e+00 1.631492540922823586e+00 -1.382859877996850173e+00
-4.605366555655040273e+00 1.158943234539049350e+00 -1.250418542334459815e+00
-4.657012640231812384e+00 1.221029108827460741e+00 -1.282451618135557414e+00
-4.353290079783725730e+00 1.203938408004915805e+00 -1.504033610657193654e+00
-5.280519205467909316e+00 2.023920879544219620e+00 -2.162022588776355558e+00
-4.595013914897613461e+00 1.578607663027947305e+00 -1.397456323017786106e+00
-4.294078820008645714e+00 8.380686585607131089e-01 -9.083600524867728732e-01
-4.269696750595320722e+00 1.505792683499456830e+00 -9.716346966426047116e-01
-4.836638629681733192e+00 1.203460687383341998e+00 -1.237689164497170369e+00
-4.474941664072145997e+00 1.434822551055183970e+00 -1.317627477923972501e+00
-5.843554276789665103e+00 4.107629715838789775e-01 -8.136232477279191633e-01
-5.233000828787003122e+00 1.275004485132551935e+00 -1.455267449262200641e+00
-4.872531590396103063e+00 1.117858482574759726e+00 -1.381449291385255629e+00
-4.797389474540327825e+00 1.498148324317374547e+00 -1.317843316599184300e+00
-5.189530485671313365e+00 1.437829052712434663e+00 -1.415112115306486285e+00
-5.170904374882383081e+00 1.524078677032555396e+00 -1.248283720556008447e+00
-4.563883808035344103e+00 1.140495092336603067e+00 -1.409870924071993992e+00
-5.165660522572074420e+00 8.282465200905115843e-01 -1.014146359626566518e+00
-5.597197275141603257e+00 5.683327353016208727e-01 -8.630069399293606169e-01
-4.074182056554636944e+00 1.940128061160464545e+00 -7.128791438698300897e-01
-5.758648279589103858e+00 1.059471415433818731e+00 -7.162159450576626174e-01
-5.177446605850739125e+00 1.436969826457015653e+00 -9.752004321681088106e-01
-4.438532644965492047e+00 3.220115025601412162e-01 -8.304468111767551175e-01
-5.095771938047277239e+00 9.051461917252691114e-01 -1.377923328654514723e+00
-4.831510937500074654e+00 1.831121010916028080e+00 -1.952580802657096326e+00
-4.672971007562395585e+00 7.348790761106095415e-01 -1.066890769283924012e+00
-4.484777053285201376e+00 1.175561521866453019e+00 -1.245918459685397384e+00
-4.412946301738246646e+00 1.250735157386593910e+00 -1.337313185977522023e+00
-5.248010818045139914e+00 8.905283965094565879e-01 -9.924771986253636546e-01
-5.178344310812128093e+00 1.299376797039883957e+00 -1.523245715530420874e+00
-4.392295618628748066e+00 9.718015660902860064e-01 -1.139861659088833967e+00
-4.651691036697189752e+00 1.424888867452378749e+00 -1.013382221080909140e+00
-5.974688568467562355e+00 1.893485179522382600e+00 -1.486362411504759562e+00
-4.789661986653045211e+00 1.508792796564051963e+00 -1.034992528969888914e+00
-5.274072507372210339e+00 1.180994099899418615e+00 -1.481131073581993363e+00
-5.318563198628091016e+00 -1.746618811583175446e-01 -1.296067297593706202e+00
-3.946779068820315484e+00 1.809582758716121731e+00 -1.035381256183643961e+00
-5.120161939704797049e+00 1.373772440530485861e+00 -1.527483676745063690e+00
-4.910630596447816743e+00 1.233927806402988603e+00 -1.303680285938844108e+00
-5.305954395696758752e+00 5.887339507558914109e-01 -1.489019779852260861e+00
-4.774500469717626316e+00 6.345980614272579423e-01 -1.280029657468592985e+00
-5.263636725730477472e+00 9.174701136709143556e-01 -1.216076755877750770e+00
-4.435491618147023196e+00 1.815337743281561389e+00 -1.152340171163287463e+00
-4.406108586434920760e+00 1.467059790203237402e+00 -1.413471045411153870e+00
-4.312907652767762556e+00 1.344609199979090564e+00 -1.299598871155962954e+00
-4.245398188912592019e+00 9.698712223807118837e-01 -1.286447674675338382e+00
-4.277369042166809798e+00 1.372415221638066507e+00 -1.404960342138562579e+00
-5.189137983987624381e+00 9.127108187683047325e-01 -1.247122078500988662e+00
-6.218827507455691794e+00 6.944307532212573575e-01 -1.248809513594868248e+00
-4.048684744069166008e+00 6.735673565360358328e-01 -1.730780816835788993e+00
-4.911254632409029597e+00 1.216083810051005853e+00 -1.346495352802774770e+00
-4.750151246769510394e+00 1.145163525615997990e+00 -1.042650262526506610e+00
-4.537674041441560391e+00 1.169419875042740031e+00 -1.270972630870252029e+00
-4.994594197917607836e+00 5.044657991241076056e-01 -8.339485078318745748e-01
-4.501526240343261875e+00 2.044645914276167709e+00 -1.280641037194005794e+00
-5.263575354992979349e+00 1.333045564729119281e+00 -1.186334605884115545e+00
-4.627547039909990723e+00 9.399911545610912800e-01 -1.346967374219028457e+00
-5.011434367019455216e+00 7.544706928848761152e-01 -1.360060952400698797e+00
-4.466463520806136067e+00 8.957254402799620374e-01 -1.430112662453380867e+00
-4.593825005733769729e+00 1.333148527604685718e+00 -1.405674295778480243e+00
-4.703852568644232512e+00 1.463086966921920862e+00 -1.391001448466966828e+00
-5.337393904347480955e+00 1.080542706051470070e+00 -1.286999552063231134e+00
-4.663382064137200800e+00 7.123613224351319495e-01 -2.504671754641815684e-01
-5.047148302801593545e+00 1.717343090514959592e+00 -1.275225098488182329e+00
-4.723644744897514514e+00 1.245412182133006862e+00 -1.356409420435053859e+00
-4.816120403209820822e+00 8.188269776193358718e-01 -1.310899194102208565e+00
-4.387192469657760441e+00 1.181348170557863009e+00 -1.224342926100627338e+00
-4.801805517458221928e+00 1.794400942395005361e+00 -1.244426116650382719e+00
-3.944278341438289814e+00 1.033234738902763405e+00 -1.838960682525523138e+00
-5.028036363623917815e+00 1.488456599204903696e+00 -1.229240652205130013e+00
-4.821549685668260921e+00 1.716623165484167268e+00 -1.456057690442541297e+00
-4.861365450678608369e+00 1.755326376102468000e+00 -1.003167987406776929e+00
-4.349526171886420656e+00 9.032870681651050671e-01 -1.067379998508027228e+00
-4.975465792212886207e+00 1.231297644511890166e+00 -1.179973051778568260e+00
-4.685846599391885192e+00 1.324462005755159710e+00 -5.066392537361730231e-01
-4.499839097124626264e+00 1.191007472394346234e+00 -1.237658919410445701e+00
-4.722002534742475888e+00 1.855682716562134793e+00 -1.569424124929743591e+00
-5.212854973640808964e+00 4.676031636959976923e-01 -5.049677183477080389e-01
-5.520540028369430807e+00 1.262528040408472885e+00 -1.437278529923668113e+00
-4.262625900202818841e+00 1.315260554481051836e+00 -9.077193706428553499e-01
-5.194346329800985984e+00 1.439288823783616333e+00 -1.401470562620156901e+00
-4.812827535163619608e+00 1.281236020509051832e+00 -1.100346439658873132e+00
5.186927167906559788e+01 -2.782208914430056268e+01 -7.117917041970271974e-01
-5.028486853425046199e+00 1.552839595705962861e+00 -1.260667940732266512e+00
-5.037567350753013429e+00 1.559591222170440883e+00 -1.177031932654541979e+00
-4.588090553994117471e+00 1.653432431884363174e+00 -1.151917153713103437e+00
-5.005367777138420848e+00 1.512916144774151039e+00 -1.172928461716568949e+00
-4.832665556130936402e+00 1.836700061135024153e+00 -1.446933766299004498e+00
-5.226247553929092682e+00 1.475528734964418831e+00 -1.355802565784180791e+00
-4.878107946814133733e+00 1.245175432498426327e+00 -1.437861864699829351e+00
-4.852787753356814449e+00 1.023862565728451912e+00 -1.372176503448440554e+00
-4.483596248041498811e+00 1.687851420754659326e+00 -2.100999879088033762e+00
-4.418015930961900928e+00 1.310170463037449329e+00 -1.072722372650618317e+00
-4.539236733442070459e+00 1.554306338064265880e+00 -1.484728024534249347e+00
-4.471140098931624784e+00 7.158471183704695484e-01 -8.669277076962943474e-01
-4.505969813727658924e+00 1.489495647585309834e+00 -1.411778453521395083e+00
-4.537573689393964216e+00 1.807583609140497316e+00 -1.303719260218961784e+00
-4.864145544903255569e+00 1.132448610847100579e+00 -1.271608082112721805e+00
-4.912243581604179177e+00 4.367343105304302697e-01 -4.515940254778082474e-01
-4.963088452267805373e+00 1.904192951332158490e+00 -1.414662135449307190e+00
-4.626017182301565001e+00 1.332083262714356175e+00 -1.136170517239656785e+00
-4.496251617122074329e+00 1.401266935845529193e+00 -1.219865057557269372e+00
-4.959849386919350067e+00 8.556860476472517574e-01 -1.082247742738568164e+00
-4.972535171374828700e+00 1.457377031488058305e+00 -1.444043104403825328e+00
-4.197874525157287096e+00 8.892798936926374909e-01 -1.291775352645378572e+00
-5.180621850753745150e+00 1.428261081766325713e+00 -1.297736851885045617e+00
-5.125516959106364290e+00 7.318006181930628573e-01 -1.167444927348689099e+00
-5.418652159188703799e+00 1.517099416404472434e+00 -2.470234692185719449e+00
-4.949553736357289679e+00 1.253948679575023872e+00 -1.359846522041986638e+00
-4.484436249953400733e+00 1.113361364311670432e+00 -1.373031583891673790e+00
-4.961583444024380007e+00 1.693708597257603810e+00 -1.850358550752881914e+00
-4.841633495277709365e+00 1.214892320966556749e+00 -1.301503606120462342e+00
-4.878288407153696049e+00 1.598225411004746244e+00 -1.623856986118169754e+00
-4.876441679583912503e+00 8.064499632789887684e-01 -1.101863675388649710e+00
-4.293918957843401607e+00 8.665330791847514202e-01 -1.411740567709401484e+00
-4.344387252991502635e+00 1.230633569571348396e+00 -1.271382615303995989e+00
-5.405797567389492464e+00 1.839389515619958670e+00 -1.113169238614078127e+00
-4.815717606849008625e+00 2.911397824791422395e-01 -1.150026147698308243e+00
-4.495669361496477556e+00 1.188473126933457191e+00 -1.245945410079189353e+00
-4.702690469151440844e+00 7.570435982086392013e-01 -1.285589833504460433e+00
-4.413113708808113600e+00 1.689791846087297156e+00 -1.193580350739593232e+00
-4.322648202141313512e+00 1.443603379660012509e+00 -1.300930640770324720e+00
-4.823110331743797552e+00 1.435361851746425055e+00 -1.482291841323121639e+00
-5.066664151287702644e+00 1.634601274510494529e+00 -1.164342325916133403e+00
-4.925565554342787422e+00 1.094825072555812850e+00 -1.315589592114892792e+00
-4.224615947522541326e+00 1.420358465347611343e+00 -1.333014541592179469e+00
-4.923890136403369588e+00 1.372926535756425759e+00 -1.724501113610252379e+00
-5.209786655854286685e+00 1.219180078262398048e+00 -1.356824948894554073e+00
-4.931946090871567101e+00 1.697313052886147089e+00 -1.117231563029509100e+00
-5.186222445108047197e+00 1.489262895657786467e+00 -1.335329340280821064e+00
-4.986597391694086667e+00 1.321938132110351827e+00 -1.187652898030028714e+00
-4.975480694568818585e+00 1.048367542771993399e+00 -1.175648321869467772e+00
-4.394976120897248428e+00 1.910755206006713669e+00 -1.260319342607779447e+00
-4.190878113231921276e+00 1.193517848187852781e+00 -1.342043722616627521e+00
-4.617493528037096340e+00 9.969694616934952069e-01 -1.368013790646876116e+00
-4.608569576226348552e+00 1.237145648708182666e+00 -1.358414659452016560e+00
-4.599081232914201678e+00 3.199288706586065900e-01 -6.052160573792380038e-01
-4.405163976032556938e+00 1.545824460591054272e+00 -1.350597009438722296e+00
-4.347564310189373060e+00 1.346450147527470165e+00 -1.170921647699699975e+00
-5.522003352393062059e+00 1.250872727253752315e+00 -2.541654368319263835e+00
-5.162495628954713922e+00 1.653481202450002074e+00 -1.133956014570850712e+00
-5.002997485680276135e+00 1.619768268552042478e+00 -1.008804792291977614e+00
-5.199337554816203522e+00 8.463649639486182652e-01 -1.059332973247406828e+00
-4.494075444954949816e+00 1.353461525743445026e+00 -1.358033237808839333e+00
-4.872212222159490125e+00 2.046595062910205876e+00 -1.577453752671771348e+00
-5.793312533502591677e+00 8.339917253939854724e-01 -1.642167550999538594e+00
-4.720354504966860709e+00 1.804490267585602714e+00 -1.650627430013065888e+00
-4.503802535493798054e+00 1.779739693365393727e+00 -1.090925478883497668e+00
-5.210459197248523466e+00 9.872397519624521722e-01 -1.028431576527585101e+00
-4.535189402252073343e+00 1.231096729029414361e+00 -1.322040223410138271e+00
-4.920494567180558221e+00 1.354129268881919756e+00 -1.564205005856244668e+00
-4.225389111730973646e+00 2.076855349315753330e+00 -1.106273836895666829e+00
-4.364018025896738706e+00 2.276390491827991802e+00 -1.088854526623239671e+00
-4.926863361406194741e+00 6.620987814074602573e-01 -1.330376227973672609e+00
-4.934169329353379041e+00 1.187851554285964673e+00 -9.832233159200949313e-01
-4.303107775370257571e+00 2.331845813662231759e+00 -1.254988272689772977e+00
-4.915904628553990463e+00 1.523202534117444884e+00 -1.332888891004938792e+00
-5.588695671702065937e+00 8.182462447209710721e-01 -1.250148402439989592e+00
-4.957422641737341706e+00 9.470229089696583502e-01 -1.749496839778403645e+00
-5.100043127862379677e+00 8.591477826874410750e-01 -1.272034099603494894e+00
-4.372389362754011799e+00 1.252545923422996532e+00 -1.422375514370213478e+00
-4.685982104428143558e+00 9.943557548356942721e-01 -1.403984308423745997e+00
-4.466798816540359596e+00 7.345345685448810835e-01 -1.305647610632044930e+00
-5.221873514084516721e+00 1.681047045438977205e+00 -1.036472692621238645e+00
-5.130529887768014774e+00 1.089031577375455750e+00 -1.299782416515342875e+00
-4.683426154040544631e+00 1.187823238161767048e+00 -1.216548414290199220e+00
-5.480441955420346289e+00 9.907647788630411512e-01 -1.060730546697354892e+00
-4.884455182889526625e+00 7.634868256843635459e-01 -1.128425740880894201e+00
-4.631252963986853821e+00 1.045735639223205560e+00 -1.169341541027571374e+00
-4.969024719851110383e+00 7.341073118023804245e-01 -1.615310303854989415e+00
-4.825039873990061068e+00 1.280124674558847042e+00 -1.078775976456168850e+00
-4.477694708602372842e+00 7.516353784373023261e-01 -1.251189359661699196e+00
-4.791508250293264659e+00 1.247416575280323237e+00 -1.442055415122541095e+00
-4.715305454596932400e+00 7.855262598423736753e-01 -1.515321662178226170e+00
-4.582978218016742211e+00 1.185192992854066318e+00 -1.039063584629139392e+00
-4.451916751127036775e+00 2.694159687493746347e+00 -1.551584435446570875e+00
-4.677542480383784174e+00 1.489391063605524090e+00 -1.479127997628661761e+00
-5.062802783108380389e+00 1.523522940357901811e+00 -1.500995134462474345e+00
-4.727171000673756396e+00 8.097302327093763852e-01 -1.259914721081896838e+00
-4.967518437445944457e+00 1.114174137390964159e+00 -1.456722488115294478e+00
-4.634493705613723868e+00 1.198050079586255867e+00 -1.264397471938200512e+00
-4.770209920992345864e+00 6.186302915311083783e-01 -1.229133922374408439e+00
-4.961094945155331004e+00 1.237828692684955545e+00 -1.088116986482354553e+00
-4.954039824263722025e+00 1.003681736735185570e+00 -1.424745385161062528e+00
-5.137313601815700181e+00 1.566971456190251466e+00 -1.330201054133459460e+00
-4.288420168091101381e+00 1.169588639005987973e+00 -1.265479548263392040e+00
-4.103630127187763321e+00 1.415814872212501019e+00 -7.574085979491381737e-01
-4.464676775891036620e+00 1.680796655277913887e+00 -1.356412116610176133e+00
-4.461160454506120310e+00 1.221925117250880266e+00 -8.724831916274652377e-01
-4.797692748870412416e+00 8.138368139442473392e-01 -1.308239674514492856e+00
-4.778690234430890804e+00 1.001035487425105286e+00 -1.187958012779818162e+00
-5.152954863083218484e+00 1.309153045239404456e+00 -1.336759268347383234e+00
-5.123408807540513088e+00 1.491219709325003473e+00 -8.129096133269235747e-01
-4.508033711677124522e+00 6.918617092127476997e-01 -1.188215074380728264e+00
-5.304201098193883190e+00 1.391719541071117616e+00 -2.016077710889836450e+00
-4.472462566653797822e+00 1.181007793945899831e+00 -1.071416754679603622e+00
-4.341605001407160103e+00 1.067918297246849058e+00 -1.362885649229375495e+00
-4.938895348792792461e+00 1.068554181939667114e+00 -1.122368160468236509e+00
-4.382213797509021624e+00 1.187781553766634524e+00 -1.152119884574357433e+00
-4.381784254380980848e+00 1.228363880588747126e+00 -1.515411083239803558e+00
-5.557930260252028631e+00 1.788024579955751703e+00 -1.178345316474874283e+00
-4.462405021470443600e+00 6.420815480666379749e-01 -1.067484106122087023e-01
-4.707115173208255676e+00 1.852702758164583186e+00 -6.704607134078246489e-01
-5.013242510839246435e+00 1.303312265959798211e+00 -1.556114617749510654e+00
-4.827100411440662597e+00 1.575438179987863174e+00 -1.260475504453343776e+00
-4.672150594437817439e+00 1.366363317187659465e+00 -1.251891874217264000e+00
-3.734435249177062932e+00 3.202279912743649648e-01 -7.371664302742531039e-01
-2.656862169886366232e+01 -5.851552682531205818e+01 -6.600355811607616641e-01
-5.783549204143595190e+00 1.142205819489056751e+00 -1.502864061882636548e+00
-4.653369989648298954e+00 7.437696266864277650e-01 -1.035870046897862773e+00
-4.607657437979556292e+00 6.799861299906109213e-01 -1.205768044386942295e+00
-4.644479633320203860e+00 9.738258429818223982e-01 -9.190685173126527108e-01
-5.349825205296269814e+00 1.167243235032888515e+00 -1.467395076541062604e+00
-4.614867424010244967e+00 1.618786826121938471e+00 -1.271235364519690547e+00
-4.760155493508793967e+00 1.081667379177973842e+00 -1.238433156689000114e+00
-5.010127509515651667e+00 1.259295133653672183e+00 -1.597011470887031770e+00
-5.125267694230049464e+00 1.089137360245096664e+00 -1.291967933121396683e+00
-4.944702753890241276e+00 1.438785410734025882e+00 -1.698166095048412760e+00
-4.631647156691276024e+00 1.440621775612469957e+00 -1.270936023986809271e+00
-5.192766197859675081e+00 1.360350748854901148e+00 -1.380172478955971727e+00
-5.197196452694264224e+00 1.153462176953710783e+00 -1.457749650473334713e+00
-4.616871657385310357e+00 1.209023686672345166e+00 -1.403449934539824362e+00
-4.934726054907042858e+00 6.982028580686060470e-01 -1.287804818343210922e+00
-4.885124697926304549e+00 1.025534175339698928e+00 -1.337057721126250209e+00
-5.007160265531881649e+00 1.753588475440083894e+00 -1.295146780171761103e+00
-4.390495279419418750e+00 9.384154166993937674e-01 -1.653907901199605623e+00
-5.894706639763927392e+00 1.411987530506443544e+00 -5.534336224480546074e-01
-4.689608583788243301e+00 1.255541964668177801e+00 -1.615020342269009479e+00
-4.326451483690171074e+00 1.420255921376484043e+00 -1.400217394300353080e+00
-5.418040152642915608e+00 5.374533907211445083e-01 -1.301073929232603232e+00
-4.189676034005347383e+00 9.975742958804169058e-01 -1.384085954885776681e+00
-4.938851804959444536e+00 1.641472327519419405e+00 -1.270775575769524934e+00
-5.451261613428470376e+00 5.330593462553616657e-01 -1.014870569791898935e+00
-5.027164247450460977e+00 9.625386520680681013e-01 -1.278007984021802157e+00
-4.790388569594497881e+00 3.201298497220177453e-01 -1.213865506915844827e+00
-5.057054056458664348e+00 2.023460315673378140e+00 -1.373239562355639265e+00
-5.194044008009512936e+00 1.017561040480501555e+00 -1.324268160120147586e+00
-4.738390589117738472e+00 7.903380768346806029e-01 -1.167970879933985628e+00
-4.637511376610460978e+00 1.062888566869517160e+00 -1.323752363774397978e+00
-4.108641693007225371e+00 1.559626711008537558e+00 -1.120625978673905454e+00
-4.825366593029170481e+00 1.082712600507357514e+00 -1.394389517631166253e+00
-4.255104771822730392e+00 1.559776278925362192e+00 -1.409879966661654382e+00
-4.298740154579070882e+00 9.486555907719989023e-01 -1.078456618611883577e+00
-4.147869239526798424e+00 1.303171141115737397e+00 -1.315743280647310387e+00
-5.464232136395819062e+00 1.225795700996888948e+00 -1.087910739194258181e+00
-4.066157969836824648e+00 1.201390123885153427e+00 -1.388955112271529790e+00
-4.827197744217194497e+00 9.368121393039379186e-01 -9.934154726611245101e-01
-4.643647450088404405e+00 1.023760853195371023e+00 -1.270907459032441178e+00
-5.281034738693294095e+00 1.056072325185857030e+00 -1.642384995594697861e+00
-5.396612726794273840e+00 8.573787376527758353e-01 -8.527886093320695693e-01
-4.135575113132417435e+00 1.089578269522258891e+00 -1.262016072642246689e+00
-4.774985250372463241e+00 9.425213004034100894e-01 -1.378081000465236405e+00
-4.536864593364669851e+00 1.118732048674975665e+00 -1.195378309249933046e+00
-4.779933796283793335e+00 1.251848042310167664e+00 -1.255217618090304077e+00
-4.166536127770084086e+00 1.365919668214304439e+00 -1.245326583325189862e+00
-4.418144274214876432e+00 1.697893416467102234e+00 -8.487410207119751027e-01
-4.963856161071186435e+00 1.607200830904620403e+00 -1.317082042924210494e+00
-5.172838954435680314e+00 1.439703270755922970e+00 -7.336526254789961232e-01
-4.498620695346190246e+00 1.061635265252728777e+00 -1.166365287411041951e+00
-4.571630103149672664e+00 4.317426674717768087e-01 -1.003910461108694641e+00
-4.835215258234758728e+00 8.221269229215248942e-01 -1.080872595690763660e+00
-4.352230017712107824e+00 1.282517991002373403e+00 -9.840726718797535577e-01
-5.268231559471243663e+00 1.343517889603730087e+00 -1.377214776647998296e+00
-4.854741249788737001e+00 8.244701500154444362e-01 -5.457407837950923879e-01
-5.435842101019199291e+00 1.120237591494382068e+00 -1.229936309296240093e+00
-5.065765533773780582e+00 1.585954591093157617e+00 -1.248967824959953621e+00
-4.893128185172008315e+00 1.338343409386537175e+00 -1.399785524895382327e+00
-4.698495912341031477e+00 1.277770453038366005e+00 -1.252104570783471704e+00
-5.430430024450272342e+00 1.535174294229356917e+00 -1.662377282669630807e+00
-4.460711066616990905e+00 1.588056649637852091e+00 -1.243085123821929816e+00
-4.567142072933986441e+00 1.482504005451847018e+00 -1.672976339282327141e+00
-4.277060415979892838e+00 7.879026661141742549e-01 -1.187564270192289939e+00
-3.938688819965448396e+00 1.389542673425831376e+00 -1.552718012284053817e+00
-4.537609306636473328e+00 1.440552826000572662e+00 -1.348411489785005690e+00
-5.057634324195948494e+00 1.560612607224889592e+00 -1.282646885607689358e+00
-5.226547147756974709e+00 1.349542326522420232e+00 -1.447778384326700474e+00
-5.298443388464024295e+00 2.027157451626983242e+00 -1.773823345668441132e+00
-5.045049129472380045e+00 7.724893519510194206e-01 -1.325424452143708409e+00
-4.847305907832165417e+00 1.437603360749168502e+00 -1.201294497562915398e+00
-5.095660994435953661e+00 2.481157671195043796e-02 -7.431894387668499524e-01
-5.120385197040991265e+00 2.029127281980549924e+00 -1.945769026699418314e+00
-4.325446719555167796e+00 1.796393775477563626e+00 -1.399048326064487480e+00
-5.274651560912362314e+00 2.052158053400007010e+00 -1.278349573831058184e+00
-4.550843941223128297e+00 1.463262162615917239e+00 -1.369514829790638544e+00
-4.430194048486400860e+00 1.456185819471358833e+00 -1.395543644626912050e+00
-4.291424993292400458e+00 8.020794474575816402e-01 -1.401991842329547433e+00
-4.566683874976808610e+00 1.050129633322433476e+00 -1.241611666090237209e+00
-4.165894813561583199e+00 9.708717521832872510e-01 -1.151484357951058302e+00
-4.511849776885541452e+00 1.452805641258806402e+00 -1.517356947248649890e+00
-3.972370423236179615e+00 1.285941874720041067e+00 -9.551996269018684371e-01
-3.642720162485872937e+00 1.238077935401228347e+00 -1.041209003218905860e+00
-5.218105669269156976e+00 1.012888478018351135e+00 -1.272861089497232756e+00
-6.117286624392424876e+00 1.869040339325081845e+00 -1.041775522386548358e+00
-4.800978501184026470e+00 1.014969795375402217e+00 -7.474653048464471317e-01
-4.701941258804193779e+00 1.131647379230008355e+00 -1.224657347624580339e+00
-5.217664131128657345e+00 9.363361649241955798e-01 -1.185412228710635230e+00
-4.547856216416114705e+00 1.013316535108830907e+00 -1.339941548237313595e+00
-4.497989407308493170e+00 1.422939287377201101e+00 -1.325069513260672904e+00
-4.076102004753673569e+00 1.518667245410444622e+00 -2.377079490885214419e+00
-4.806276384186151773e+00 1.232505021496852260e+00 -1.214821976540925164e+00
-5.283376557274204188e+00 1.500674973310287319e+00 -1.307325113768332159e+00
-5.286168624646468750e+00 1.826713188469861082e+00 -1.187594391162905882e+00
-4.724683818226854903e+00 1.399416930212645571e+00 -1.258250869254732729e+00
-5.316044028999080240e+00 1.734256754133166600e+00 -1.450926634968142670e+00
-4.455001717789779825e+00 1.281376167841002944e+00 -1.116155511657937582e+00
-4.401701640499489976e+00 1.093023897729115124e+00 -9.773501497775516356e-01
-4.585070701621180689e+00 8.908362469968946762e-01 -1.118349114562857238e+00
-4.741723312396535661e+00 1.188176650490038844e+00 -1.259831159011070456e+00
-4.769168970026970378e+00 1.209936638366725159e+00 -1.233984740518328627e+00
-5.071549458261977783e+00 8.325855113246634076e-01 -1.293516195259836188e+00
-4.454802575278819177e+00 1.057308160019547971e+00 -1.273094597897314939e+00
-4.796459843501712506e+00 1.707532649654379675e+00 -1.299519542087192558e+00
-4.488341074280693732e+00 1.892074192270864375e+00 -1.630053104271598885e+00
-4.823152476018718993e+00 1.851833720700130304e+00 -1.245473006772464863e+00
-5.338864031730522264e+00 9.794603291822830959e-01 -7.377141468070385066e-01
-4.013037223265299325e+00 1.720387583489902283e+00 -1.789993085765384295e+00
-4.768750089383537727e+00 1.585797895208843622e+00 -1.218189266170793372e+00
-4.093175937236696704e+00 1.239637811278002877e+00 -1.301288929042344611e+00
-5.022444938659924141e+00 1.328443339497634712e+00 -1.387757361886840179e+00
-4.157189447147458417e+00 1.543216412565668660e+00 -1.316228504821415957e+00
-4.572837476828184755e+00 1.012154192040053413e+00 -1.030815380709693141e+00
-5.179456633686722711e+00 1.360866759699291828e+00 -1.218076451173337293e+00
-4.890742799825319231e+00 2.234077246809317963e+00 -1.342771718954854920e+00
-4.986268177410614122e+00 1.536404490542592871e+00 -1.417170891589889736e+00
-4.786839033853555136e+00 1.463358258141072898e+00 -1.225775311575284077e+00
-5.023762974694151673e+00 1.015015376703684025e+00 -1.378592962371278041e+00
-4.456519521327219735e+00 1.633733941294501335e+00 -1.292555954671996910e+00
-4.835204576484999350e+00 1.351748935140551611e+00 -1.107745834244366012e+00
-5.047871195172958458e+00 1.007175269120110128e+00 -1.385290150863258463e+00
-4.984738408036058388e+00 7.480198075625257292e-01 -1.267192309068617906e+00
-4.635711857986546391e+00 1.469630468779665078e+00 -1.286110784646035565e+00
-5.056313856984015587e+00 1.102166020482690856e+00 -1.036281958605098419e+00
-1.023834199543340340e+01 -6.645672618401405884e+01 -7.523885692792182667e-01
-5.910282601771823074e+00 1.677531743455026092e+00 -5.581740027890369493e-01
-4.652611320041708964e+00 1.898693954159068609e+00 -1.947351121774183236e+00
-5.093256922994096492e+00 1.594405365130765917e+00 -1.206530233087776294e+00
-4.303348792399220635e+00 1.499006291916411771e+00 -1.158606879428057068e+00
-4.854802910521722303e+00 1.593041833927070661e+00 -1.383391061234158004e+00
-4.832852052719895042e+00 -1.203117894226479606e-01 -1.221643087914815462e+00
-5.019001701683539984e+00 9.297863667911816510e-01 -1.292299172219814940e+00
-5.050901774925583787e+00 1.599454209263956095e+00 -1.374203110504551573e+00
-4.437958375910155517e+00 1.161160860947807905e+00 -1.326769977558198699e+00
-4.286409772160118870e+00 1.316432903125073883e+00 -1.263917693979215828e+00
-4.571977148471653152e+00 8.110534981979354852e-01 -1.189938548837850218e+00
-4.820084077521902266e+00 1.127209594280152771e+00 -1.249245455143104255e+00
-5.301068010125479901e+00 1.212759681106667431e+00 -1.315809841432685534e+00
-4.733569515266388805e+00 8.024098076336466656e-01 -1.131046165350768629e+00
-4.316495123197406691e+00 1.215016306123912315e+00 -1.310090081118092664e+00
-5.544754717650678622e+00 1.543479439556586064e+00 -1.526314242244409147e+00
-4.817135790703880538e+00 1.634789395425291003e+00 -1.218040443992244537e+00
-4.129663088047426989e+00 1.178968842296750585e+00 -1.078380605196666009e+00
-4.686734519887735040e+00 1.265179557995928850e+00 -1.318223800141704594e+00
-4.933178337503019151e+00 1.470414577496410580e+00 -1.094573072197706276e+00
-4.677789868156590813e+00 6.521897866737411675e-01 -1.255218913242250434e+00
-4.625267666131716915e+00 1.140142003049501085e+00 -1.426569368310270258e+00
-5.138245822772386617e+00 1.068418639102779455e+00 -1.594551977412482779e+00
-4.843467419478394653e+00 1.057315086861563502e+00 -1.489452691873973889e+00
-5.280708382758183106e+00 1.689975152801759251e+00 -1.263276337768846513e+00
-4.793822761946644029e+00 1.015161664693908783e+00 -1.319440333830157241e+00
-4.447832862867247883e+00 1.041426692008718291e+00 -1.476343690205107473e+00
-4.740757149584310604e+00 1.561598937274972343e+00 -1.271038337857203659e+00
-5.243541808575447938e+00 6.290891933722386753e-01 -1.689528735589532760e+00
-4.622328416550065988e+00 1.326108523885734802e-01 -1.298931289827932156e+00
-4.548040296044635333e+00 2.332524492541018013e+00 -1.038942984887438525e+00
-4.503263062499287095e+00 1.720455307199419526e+00 -1.301745461313146723e+00
-4.277271133927945002e+00 1.163131091743172085e+00 -1.383008206889962510e+00
-3.978142445130737670e+00 8.347937407859066239e-01 -2.033711005452206511e+00
-4.623666356801987121e+00 1.177578376250679959e+00 -1.463978828482531691e+00
-4.205245589386756855e+00 9.551335751271562424e-01 -1.213772935050842827e+00
-4.709697013651445552e+00 7.639414468650896906e-01 -1.134730740956558570e+00
-4.566354330403150641e+00 1.726464480597988072e+00 -1.473757479259769632e+00
-4.217345610626073160e+00 1.467160223368100258e+00 -9.451895443039239897e-01
-4.929883819687893798e+00 1.555567855169059488e+00 -1.660435529746321359e+00
-4.703552930001483112e+00 1.882384633178603384e+00 -9.764564126944370592e-01
-5.249639951940145544e+00 1.307166714975446453e+00 -1.573301484124208116e+00
-4.534474153416918618e+00 1.681789938256362804e+00 -1.361041205078973304e+00
-4.292158091681453236e+00 1.217492127156166504e+00 -1.389508006088023828e+00
-4.891221014422436397e+00 1.652439544834983343e+00 -1.292056793462300401e+00
-5.120987344360032445e+00 1.166429455903577050e+00 -1.269668729021919740e+00
-5.007081249920742216e+00 1.393419827132422073e+00 -1.371630212053855047e+00
-4.952622394231931402e+00 1.214886379254731530e+00 -1.237084167173150506e+00
-4.643225834177002298e+00 1.461518918605733131e+00 -1.072183425162047010e+00
-4.508935452996936988e+00 1.293963750560299886e+00 -1.066669460287591686e+00
-5.753959881977296575e+00 1.172829232845847169e+00 -1.130800569207325301e+00
-4.546075695658047700e+00 1.232857338411661230e+00 -7.294651226703297020e-01
-4.119733785844249319e+00 1.451225462372150110e+00 -1.184727967857464703e+00
-5.478908948697500669e+00 1.429456155250968807e+00 -1.595055545032272759e+00
-4.502316238833063089e+00 1.535503260797216774e+00 -1.754556963535152336e+00
-4.701216999228158500e+00 1.574925971520891199e+00 -1.179407751142835359e+00
-5.001121974519533886e+00 9.357521363318878072e-01 -1.287475009383643343e+00
-5.011852633249999300e+00 1.186085284223016956e+00 -1.644428517363100362e+00
-4.587706536509060129e+00 2.280959765430296660e+00 -1.510284285355082634e+00
-4.558214717277743411e+00 1.549907862041967066e+00 -9.515357045781994705e-01
-5.584968352800306235e+00 1.613450566798795727e+00 -8.601876749149769408e-01
-5.346421690393843740e+00 2.063691119096432214e+00 -1.561249898162700767e+00
-4.283527405281394529e+00 8.618459039709269742e-01 -1.033790059446767051e+00
-5.311140727140662321e+00 1.725551629489766148e+00 -1.378525095101742926e+00
-4.467575859120825221e+00 1.681452535326035225e+00 -1.325450203814435568e+00
-5.007224280945022699e+00 8.429255794799067614e-01 -1.131484625814599188e+00
-4.717634698158348350e+00 9.726190173767629288e-01 -1.368846124986684787e+00
-5.239491290780007304e+00 9.988935797137729056e-01 -1.120363648922120925e+00
-4.641916989516019498e+00 5.800811972838887387e-01 -1.442371864648792634e+00
-5.722259491945343335e+00 3.936429518848890141e-01 -8.322460613831147436e-01
-5.031914384039779087e+00 1.418302198919497492e+00 -1.492817178161643499e+00
-4.872768556306132481e+00 4.772406897887112587e-01 -1.120542263711982400e+00
-4.970096741191474266e+00 8.737104459526026101e-01 -1.365422488560563696e+00
-4.618684846977750169e+00 1.613363184147168505e+00 -1.102656772723567213e+00
-5.086836799193237724e+00 1.554567236220852022e+00 -1.147007430071520284e+00
-4.001579958941439585e+00 9.142927288677789033e-01 -6.606949316213528434e-01
-4.750250380681078965e+00 1.265666588420138794e+00 -1.343670014231555854e+00
-4.638777331109793067e+00 1.039509645455154230e+00 -1.343053465009373948e+00
-5.134070842479067309e+00 1.374814967580666236e+00 -1.791779251793511385e+00
-5.351456233070845059e+00 1.013197091407172845e+00 -2.030296551406646888e+00
-5.037365077756828846e+00 1.500326753958652892e+00 -1.217127899955665615e+00
-4.848543470015606260e+00 1.345691204793960205e+00 -1.138309225810112402e+00
-4.522979657845999313e+00 1.148818205366772816e+00 -1.357275761257302094e+00
-5.376915602241737702e+00 8.028286295022137864e-01 -1.515013206698706316e+00
-5.011692320291636804e+00 9.291587089059960558e-01 -1.280334899966119711e+00
-5.121352209187774562e+00 1.047210679811260592e+00 -1.280560645288231436e+00
-5.100028486395557614e+00 1.203607757905707842e+00 -9.541928574711476818e-01
-4.928419425530872644e+00 8.744964518257904995e-01 -1.326185755806128075e+00
-4.828737067851116116e+00 1.249532383042034844e+00 -1.195854335470596830e+00
-4.675764697724149599e+00 5.434558652416353608e-01 -1.358427120896651186e+00
-5.033086343829026532e+00 1.669752866565301419e+00 -1.148448552416551305e+00
-4.411374729481452484e+00 8.607146610794303987e-01 -1.342031159217230707e+00
-5.006006558388152783e+00 1.241823918626931089e+00 -1.212794094929855904e+00
-5.147151238522772232e+00 1.067809344233715318e+00 -1.691378138886137528e+00
-4.505614566558298506e+00 1.303930366015097819e+00 -1.341205182893970616e+00
-4.365695278054329442e+00 1.824585068100612384e+00 -1.424922706479455403e+00
-4.861048341519641269e+00 1.140139494203898707e+00 -1.245901207735403249e+00
-5.333542416709442513e+00 1.474193903569834818e+00 -1.292853877005342156e+00
-4.991296566179371119e+00 1.397096663285836815e+00 -1.337578195542648674e+00
-4.534534227173049992e+00 1.536608037897582157e+00 -1.450913989452216502e+00
-5.204063626193744518e+00 1.313603933167914128e+00 -1.131523395694295608e+00
-5.282648910072304638e+00 1.120186325178633480e+00 -1.222446164720327522e+00
-5.005417359923913345e+00 6.129198186812481186e-01 -1.305992853151235922e+00
-4.884418069351051273e+00 1.598594872545161971e+00 -8.881861836101456742e-01
-4.723919460858907016e+00 7.965256730003669183e-01 -1.565650160305452676e+00
-5.098724565186295798e+00 8.785920338744088731e-01 -1.341468855099854141e+00
-5.130769823169438304e+00 1.124104623529925462e+00 -1.481950091123620972e+00
-4.308249993488675322e+00 1.065089953122360766e+00 -1.400441644415772124e+00
-4.796788928931059459e+00 8.199039684761909585e-01 -1.324648967344661310e+00
-4.640694789254686370e+00 9.077371742601231253e-01 -1.334557837224685795e+00
-4.699322061167210407e+00 1.361582307517186230e+00 -1.048820217023216372e+00
-5.458156944256839616e+00 1.382319725453529990e+00 -1.189019540058642299e+00
-4.619025794930656126e+00 7.738748813445498476e-01 -1.383012195631136532e+00
-5.066247919233282992e+00 1.509208139514053526e+00 -1.439295127402164365e+00
-5.070814265531366161e+00 1.307736402793620911e+00 -1.261481544628222151e+00
-5.107614721345626663e+00 9.325530844484524184e-01 -2.075250761509896957e+00
-4.460069709555128270e+00 7.579901113753929609e-01 -1.217427558623596306e+00
-4.577536467952211474e+00 1.410093043926468503e+00 -1.436330229189248797e+00
-5.365632804066698291e+00 1.284408780088035495e+00 -1.157694828640241536e+00
-5.698541103731836088e+00 1.500974817376352355e-01 -1.054513498750454303e+00
-5.105415582326871871e+00 6.782922509368465303e-01 -1.383823393178192029e+00
-4.674982952163687422e+00 1.864930902413549418e+00 -1.686550676121056913e+00
-4.987155230727079669e+00 8.498029937890321239e-01 -1.149615715883634426e+00
-5.012980308423714781e+00 1.101638205972345963e+00 -1.796750245429854953e+00
-3.350254725957603430e+00 7.990226451352499737e+01 -4.083708600627724561e-01
