-7.434381854428299963e-02 -2.522737635092153763e-01 -1.219762381652992733e-03
-3.391198807212691402e-01 -1.975855997463008829e-01 -2.737240293135596164e-02
-2.600892184476570335e-01 3.730621464078147098e-01 -3.919250776442571166e-02
3.857268890889678503e-01 -3.327644685893002552e-02 -8.269966850524236232e-03
-3.012389332689159316e-01 2.601698533101454713e-01 -1.675616832785683727e-02
-3.045888241009046538e-01 2.262657310299900082e-01 -7.725157970018900998e-03
3.154221774384921018e-01 -2.437696054505328891e-01 -1.301420151723926312e-02
-2.364326441017420566e-01 1.881926781131982584e-01 -4.077844477139131590e-02
-8.173653757957122235e-02 3.061834326412034568e-01 -4.135785720528505072e-02
-3.033856394513129717e-01 1.359912099528698404e-01 -3.737359800340453453e-02
-2.658556847695326408e-01 -8.109244951766896026e-02 2.385776992024811818e-02
1.742728151153933799e-02 4.371160355618263216e-01 1.385368664223443624e-02
1.138406244981155918e-01 -3.965177709797539363e-01 -7.208221479069310380e-04
2.381197240078723187e-01 1.800278990618025821e-01 -8.991703886087346271e-04
2.500376466055874158e-01 1.420552669201116947e-01 1.084468338102404124e-02
-2.228525332902580591e-01 -2.571063646752688725e-01 -2.615807727379853079e-02
1.523320223330558443e-01 -4.374261290781888967e-01 3.259192272278218366e-02
-1.783288397262134672e-01 3.972316494259980901e-02 -6.482496104760972211e-02
-2.703287227548579752e-01 1.067359935353062173e-01 2.764219155089753938e-02
-7.074188715811879913e-02 1.310566517837644385e-01 -7.454059373081151074e-02
2.775867446903822477e-01 -1.660379795678482429e-01 -5.225371394961239417e-03
1.420549805619472361e-01 -4.121641636365901973e-01 -4.372670103374974582e-02
-3.465581462506835131e-02 -4.068240777832279886e-01 -3.057689947683030207e-02
2.741293320039231984e-01 -3.365743778541807063e-01 -4.359760949037119054e-02
-9.987894709999967091e-02 -4.421059384615220744e-01 1.291293825821065652e-02
-3.399826257608685176e-01 -8.064780623595704800e-02 -1.374764102381081585e-02
3.232873118886491204e-01 2.050155139757005585e-01 2.871851940464857384e-03
4.046501871769740410e-01 -1.738581184216713704e-01 -1.778819803511166864e-02
3.231239859175379786e-02 1.618183574741625663e-01 -6.570772360256371507e-03
1.294596331954822321e-01 2.628909669522567216e-01 2.152246354377235563e-02
1.094600784322627141e-01 1.278520533722033170e-01 -1.894945386883785041e-02
-3.253447719234212610e-01 2.729533973020584203e-01 -1.378750792256982702e-02
-2.596039578556642580e-01 5.382461228880808940e-02 -2.784789359387773722e-02
-4.676690447809541129e-01 -8.366665798391696718e-02 1.375911542778622543e-02
3.739678570020745774e-01 1.548444950930127628e-01 -4.347586211955360019e-02
1.963875120538659258e-01 -1.107740301334279344e-02 -9.591765575256224960e-03
-5.440445286812008868e-02 -3.406434167683521919e-01 -2.827237306619486204e-02
6.035429694573605369e-02 -4.123889160512754781e-01 -3.138000425881751904e-03
-6.839580283278060002e-02 -3.066077565545182737e-01 -1.250363465851900627e-02
2.070047663760567896e-02 -4.114963374602584323e-01 -2.439550149129384241e-02
1.201405726203687990e-01 4.293990866092138314e-01 4.960313400283677260e-02
-5.334112511130319895e-02 -1.924722257799498237e-01 4.498671530198319890e-02
2.030750504014947888e-01 3.047499933321548560e-01 6.379764272899850729e-03
-2.557940133552381035e-01 -2.916785612213049911e-02 -4.629962767300073445e-02
4.233665697373010239e-01 -1.330771836166179667e-01 -3.389366787193010683e-02
1.966222803025903798e-01 -1.438808326858319608e-01 3.551394476231986563e-02
3.337212461323007529e-01 -1.891907052065557038e-01 1.047369041324299702e-03
1.413209046828005355e-01 -4.056849063277189193e-01 -2.762342881311120879e-02
-2.658880707881221550e-01 2.122428162528242901e-01 -3.785072688837301524e-02
1.622498172472374434e-01 -3.851068258140750711e-01 -3.553008676007748945e-02
-1.248580437613936063e-02 -2.982318982278517328e-01 -6.359262396661244376e-02
3.772606772181539836e-01 1.331666661990939422e-02 -3.527534663059124671e-03
2.175039808913511452e-01 3.306919353720906285e-01 2.100872072576032493e-02
-3.133284306069575309e-01 -2.409071544967367473e-01 -1.928242148585724777e-02
-4.923466911575168775e-02 4.477999965912530245e-01 -4.816010773876506362e-02
-2.568038649541830309e-02 -2.475074386331330978e-01 -7.519616035536198784e-02
-1.444735793125418062e-02 1.956779830109127982e-01 -4.525160376393463912e-02
-2.191915901665532178e-03 -1.245500566614248135e-02 -2.762124803822647856e-02
-1.236880284770972560e-01 4.590765432004427216e-01 2.411992313243742012e-02
3.192034476588523351e-01 1.302542724443227495e-01 -1.701068981070769440e-02
4.326604058166362288e-01 1.046402487019539029e-01 3.012534209979833913e-02
-3.493325356111062763e-01 -2.653860167143725635e-01 4.196366792192832151e-03
-3.434036544526636869e-01 3.481778809489666782e-01 1.666639033958433949e-02
-9.712949762151274619e-03 -2.570776400417227325e-01 2.660652600274541688e-02
6.605239749011582173e-02 -3.034426472425442722e-01 -4.706034103291304761e-03
1.465137405351312760e-01 7.892269946108997070e-02 -2.379665824028730572e-02
2.566960495467531800e-01 1.570088564964455813e-01 -2.644312919385075067e-02
-3.039600836546616502e-01 -9.383577536477628878e-02 3.300410645520730768e-02
2.291151848491732035e-02 -1.624999454060804815e-01 -6.684663386617248348e-02
-4.701912685955633164e-01 -1.212439564925279489e-01 5.103803653912623167e-02
2.256105334825754538e-01 1.382750737238688798e-01 9.187384598134134064e-03
-1.350365979783209325e-01 -2.692532820399706761e-01 -3.826842889879068788e-02
2.357526608438890448e-01 2.150575889751627032e-03 -5.152159798508944635e-03
-2.106746538357419374e-01 -5.688760699952696148e-02 -7.835438369332532738e-02
-3.613154326686977003e-01 1.514220050517284810e-01 -2.052275781191777518e-02
1.896137824436496810e-01 -4.360553708243895543e-01 1.731496793723445032e-02
3.158435729537565906e-01 2.507890411648374673e-01 2.695809871623731924e-02
4.032078247942848942e-02 -3.834382365192144926e-01 -1.729940723426511527e-03
8.271142818843751909e-02 -1.801244544608226750e-01 9.861755739660891390e-03
2.634821010817614551e-01 6.063906786284004036e-02 -3.219079113981725832e-02
3.879150936256495763e-01 7.224130889085143836e-02 -2.016292681787393726e-03
3.620908170177391527e-01 2.169295817434597692e-02 -7.786030691324269740e-03
1.908402777514922044e-01 -6.286418261608629071e-03 2.270660412109351545e-02
-1.909448412350569276e-03 -4.958708221791863213e-01 6.939706162988036608e-02
-2.891427524739606514e-01 1.783290975432820502e-01 -4.207318034653423355e-02
2.651740764607870005e-01 -5.798049765237384134e-02 -3.422050372639302146e-02
5.218838071217807989e-02 2.800435066120326444e-01 -3.368930887908587468e-02
-1.947770650682052185e-01 -3.416090878658315511e-01 -1.383470090291293725e-02
4.525839679110968405e-02 -1.611390726897142522e-01 -4.320927333210346916e-03
7.133052392297817464e-03 -1.350120566922455578e-01 -1.765894237855796314e-02
1.026376419286171154e-01 -3.369343574958273413e-01 -3.624569351574637166e-02
-2.893306635118332859e-01 2.050040350252146648e-01 -2.572952301367792058e-02
9.081979164984092801e-02 -4.822841580684286145e-01 4.439104555529450880e-02
2.567527028225763952e-01 2.766079314543599121e-01 1.179888265776074703e-02
3.500784285828417164e-01 4.221312665715296064e-02 -3.809202501798945525e-03
1.745111874395735563e-01 -4.007254665979172459e-01 7.021267178574005716e-03
4.414545129885207309e-01 -1.995391410363508283e-02 -5.930507878761125812e-02
2.135250442044232810e-01 1.068544383254332042e-01 -3.235107797856026646e-02
-2.219835922549735774e-01 -3.207355723461526864e-01 -1.029620424474930913e-02
1.649742533383171395e-01 -3.545937525568528259e-01 -1.065786380442420092e-02
3.726770373962123850e-02 1.589728612295356613e-01 3.506107358543535633e-03
-1.882073037953892192e-01 3.437872774674418097e-01 -2.014204515920680824e-02
-2.309460416325491705e-01 -3.775397769273715065e-01 -3.962042986768238295e-02
-2.118361658612311904e-01 3.464951784534741480e-02 -2.839618412404998956e-03
-3.192016524260843369e-02 3.034011505910609308e-01 -2.855392969582979182e-02
-4.450280156361829942e-01 -3.843396027870882997e-02 -1.903088910220814001e-02
-8.862084861807166536e-02 2.747070531004899840e-01 -1.701077970129593123e-02
-8.163556869563667884e-02 -4.356709854728223474e-01 9.292318663957674363e-03
2.055253368943881498e-01 1.042239399638877489e-01 -1.898932884336094248e-03
1.049001127243185671e-01 2.891866799890092654e-01 2.306386794580451288e-02
-2.238931964434750232e-01 3.286637059608301104e-01 -1.306738895603351200e-02
3.000680442525317515e-01 -3.155908928702179650e-01 4.771333179272453217e-04
2.107120105283387113e-01 -3.598386625576943110e-01 6.647701142884474002e-03
3.627788915701046779e-01 2.542501331873144310e-01 3.743962455085712154e-02
-1.162474335347890853e-01 -4.199484697671049260e-01 -4.606899877932167653e-02
9.026833835594788580e-02 -2.281985884858831748e-01 7.864196869660017991e-03
-3.810973821295898234e-01 1.192932917463931236e-01 -1.228748535883842849e-02
-3.003502296320247344e-01 1.096968784805269770e-01 -2.137936742268000973e-03
3.219635229523913345e-01 3.482686874312664327e-01 2.208833981480055886e-02
-9.586643880463105449e-02 -2.323816440685241014e-01 3.147728908087212701e-02
2.310404928171538586e-01 -2.105535170824206215e-01 -1.130449315528100560e-02
-4.009232018364212724e-01 1.143206651369035043e-01 -5.494931348191307158e-03
-8.677467036866307049e-02 -3.263400487858716947e-01 -1.124318208119642892e-02
-3.925600053545912349e-01 2.935129019993214933e-02 -1.735725741853140491e-02
3.510079632202334210e-01 7.188991574674107321e-01 -3.091649241597513864e-01
7.691356296304259488e-02 -4.144952102446244346e-01 -2.486085492038259386e-03
1.429781579314416129e-01 1.614374883901360525e-01 -6.466865199069601888e-02
1.029307263373322179e-01 3.005048798506499419e-01 2.583432475225086802e-02
-9.747285850841365396e-02 -1.202582096080356266e-01 5.719133094221498168e-03
-3.333998034457063414e-02 2.126392009431432584e-01 -4.447291114929910472e-02
-3.214764973975248186e-01 1.833895810023216111e-01 -4.166659550609416035e-02
2.323443114768603546e-01 -3.955129932883633126e-02 3.444628566393599656e-02
-2.093446502759749583e-01 -2.888145290249908848e-01 -1.754344508606901776e-02
1.620659162384271296e-02 2.528111213136539637e-01 -9.871232208544468770e-03
-6.235842115145641407e-02 2.935403630428113919e-01 -2.335617715638860920e-02
-2.689915200278829577e-01 3.643561915766786452e-01 1.508810508406206209e-02
2.053866242017134691e-01 1.659893126257196427e-01 -3.434540033524597497e-02
4.486351556584749350e-02 -3.398589393490360488e-01 -2.263670228430247899e-02
-2.367614282562625905e-01 4.007660489273295323e-01 -2.082986380472880844e-02
2.972365839589296010e-01 2.975049748894179613e-01 2.210451073550330839e-02
-2.367768754655289187e-01 -9.216179646893098154e-02 -5.033158833864960491e-02
-1.832077879151552402e-01 -3.847519187408746100e-01 -3.255071350389317913e-02
-1.953862216227954807e-01 8.867670424458690137e-02 -9.613479826219573088e-03
-3.232633446167528790e-01 -2.322080683903065546e-01 -2.446142468611098297e-02
-1.554225224330109678e-01 6.967322019255225984e-02 -4.203012238614535490e-02
-3.811306577311602828e-01 -4.391821113938187970e-02 -1.521707637458538480e-02
1.764310428229405037e-01 -2.988372192847454575e-02 -3.579147709664235594e-02
1.685080362440061208e-01 1.952772431067616443e-01 -4.445639989883341109e-02
-5.045560580932155481e-02 4.173987587877246996e-01 -3.415953169157123770e-02
2.767409638430943283e-03 -2.710856586090115150e-01 2.183595295450104293e-02
1.656060405416405479e-01 1.321516283128160163e-01 -2.275553691602059947e-02
-1.417861571327956940e-02 8.959725748199492967e-02 -4.223624372996503951e-02
-2.719466239801123231e-01 -7.304352900211703858e-02 -5.595818793534313579e-03
-1.278419554272014202e-01 -3.697141377498123771e-01 -9.965619696192612453e-03
-1.876104399839520209e-01 -1.659425040086985603e-02 -2.715903131275545709e-02
-1.421591277967919620e-01 3.872486465081564910e-01 -8.796831778300869681e-03
2.776388778679677594e-01 5.341996263984176430e-02 4.782619205925304909e-05
3.002389249504845703e-02 -3.130061425579935275e-01 2.472472233969828445e-02
1.530782771371844500e-02 4.587100810504350368e-01 -4.404989007846551313e-02
3.507421166949633434e-02 2.122192923109706419e-01 -1.743012124946812305e-02
1.298632371725592094e-01 -2.819820491357703518e-01 2.823877042594158740e-02
-3.946071899287414975e-01 -2.958179988427970045e-02 -1.157002015765279737e-02
1.973047285329140171e-02 4.460978961199362214e-01 -3.670717380881046571e-02
2.439309036640338324e-01 -3.384139259297876123e-02 -3.636589247951456383e-02
-2.927861528170436212e-01 -3.666670405917302200e-02 -1.430093445662753218e-02
1.339182098755647699e-01 -2.303426713898169484e-02 -4.626246990654998142e-02
5.328684272085407181e-02 -4.358078994220900837e-01 -6.210439325616985522e-03
-6.688575776358297864e-02 -3.223589008879753637e-01 -2.468573533709692014e-02
-3.243471128618328342e-02 4.356908043577146783e-01 -3.475677834728581328e-02
-1.916185839806626712e-01 -1.494947247826906023e-01 -2.651091548243239820e-03
-1.298111270578960752e-01 -2.826500000353457942e-01 -2.525982299077297183e-02
2.871122122049603598e-01 1.307414269190095846e-01 -7.712195466041366770e-03
1.885003469570843970e-01 -2.319703303649889303e-01 -8.277602914463898925e-03
6.338186350584701367e-02 2.962186029539939369e-01 1.505258856415020094e-02
5.821818609681879420e-02 -4.299296863363716859e-01 -4.037569833761479876e-02
2.694884850494012052e-01 -1.049836962699746273e-01 -3.081886470458835084e-02
7.831558291224417767e-02 -1.421690754761286701e-01 -7.714536706200932070e-02
4.723657176673022595e-02 -4.188106900832360147e-01 -4.081578273574676397e-02
1.286233513824684427e-01 1.075659627653035161e-01 -4.091267048540542239e-02
2.388953163799723695e-02 -2.134398912219808986e-01 5.247509965953931627e-02
-5.652030527056814413e-02 5.150962967777910489e-02 -1.684756236579942890e-02
-2.507187694196360561e-01 2.131317605575980823e-01 -7.652233283554309845e-03
-1.349851981037697088e-02 6.939380246601727087e-02 -5.567795377881938797e-03
3.819437798831862296e-01 -2.588353858284763165e-01 -3.124136273248244444e-02
-2.750683686479860057e-01 1.755031212478586899e-01 -2.349408960300526997e-02
-3.474484203250370329e-01 -1.977995725538148064e-01 -2.485551622165159402e-02
3.422983770562169070e-01 4.458339074638891647e-02 2.584200269946229037e-03
5.780143960829639549e-02 -2.764754700944870303e-01 1.639711251667739719e-02
-3.760171360324612300e-01 -2.032630553475894275e-01 -3.018594040578888305e-02
-2.831157519960506019e-01 -2.604437576174702951e-01 -4.941306290900617307e-03
-3.070158173367916743e-01 -3.167309475105316019e-01 9.013235683854623620e-03
-3.976659025424457705e-01 -3.107175671089910940e-02 -1.305750302476268998e-02
-2.442089829599094208e-01 -4.220004492760317527e-01 5.053360617372360669e-02
-5.689887926221968983e-02 -1.735615839354177348e-01 -6.073673912766684724e-02
-4.380810724305759796e-01 1.889763930587046170e-01 2.156558147964368968e-02
-8.931073882067497305e-02 5.014793443319441879e-01 1.469563814218513044e-02
9.784262544922961435e-02 4.982585870145931350e-01 -2.444379766145039767e-03
3.736066236206735808e-02 2.996994998174385416e-01 1.484982063948281361e-02
4.391191983865828652e-01 4.678523159872711307e-02 -1.421635900061355177e-03
-3.540633565826870055e-01 2.361296789087572456e-01 -8.928566656528543963e-03
-2.081993271173240290e-01 -2.802019595587076362e-01 3.177712987785256959e-02
3.555096400893098529e-01 1.240833856524926337e-01 5.211410554547947147e-03
1.759608222542043410e-01 8.838771385485987009e-02 -4.709635727526539223e-02
1.744616781159505706e-02 -4.762058196834867974e-01 1.920421582561288032e-02
-5.607603394485186077e-02 -1.863716917470095435e-01 8.477193168641089863e-03
1.507827478957274314e-01 -3.642950333366249960e-01 -1.174081714240718215e-03
-1.903629318147066485e-01 3.720267663577356276e-01 -2.705656613956821874e-02
2.498267381899003381e-01 -1.616134421842091440e-01 1.065799798259487938e-02
2.302861417082821549e-01 -1.301352428362060609e-01 -5.364994217881922933e-02
1.517955501669293883e-01 1.117442920526815625e-01 3.237314374319625460e-02
3.949404693054555660e-01 2.505351381594606575e-01 7.635078652163457269e-02
-4.580570741529492729e-01 -3.456628821854907524e-02 2.175607028824293881e-02
1.844239733953688953e-01 -2.442045013010729626e-01 -4.262845520128314553e-02
-6.897878707708682278e-02 3.479219255238507613e-01 -1.723701499814848589e-02
4.621284501548004742e-01 4.564966040951311255e-02 -1.043494033557275727e-02
-2.363346986831063867e-01 2.912495244058185273e-01 -3.380846972865563654e-02
3.307987503046851824e-02 3.664055865920254340e-01 -7.990043908107948706e-03
-1.564923755223274482e-01 -2.011956516461196054e-01 -2.612192918190364005e-02
-1.165755329630879245e-01 2.066271169126607521e-01 1.424263259769231911e-02
2.417706988660281997e-01 -3.983026311323201174e-02 3.973193260369015795e-02
2.151772832504492416e-01 -4.158940512696830405e-01 5.055850864119678517e-02
8.386693281030899172e-02 -2.022336952796837672e-01 2.997710746812742508e-02
3.285619348018790076e-01 -2.844778808413503390e-02 -3.612241442771522981e-03
2.178625371956430801e-01 3.954358920879805922e-02 -1.643367914699829513e-02
-2.692686222714701372e-01 -2.730871627110759148e-01 -1.309883901612844681e-02
2.869278435794629378e-01 -3.655150479077008407e-01 -7.630451395806595039e-02
3.380216844824052713e-01 2.053110343737780674e-01 -2.138222199563505690e-02
-2.551665531100511530e-01 -9.497647752348829797e-02 5.010138465180319529e-03
9.553195150038620853e-02 1.228688182140692253e-01 1.229520539253623097e-02
-2.070650256532289568e-01 3.883910685951866455e-03 -5.700353395762319114e-02
1.908412170448223200e-01 -3.945172358030897275e-01 2.044362973032015987e-02
-7.759272219509534552e-02 3.979449614207293817e-01 -2.444376982258815792e-02
-1.651849579370195942e-01 2.794462828690255085e-01 -3.397556674494860152e-02
-8.695413107134065955e-02 -3.557244880407793852e-01 -2.042738440283564660e-02
1.077392623994918447e-01 2.605293784351311523e-02 -1.510114290274943219e-02
3.770426094152117824e-01 -4.306637350786573365e-02 -9.753465866571189163e-03
3.536045671155758074e-01 9.887387479599633877e-02 -1.474811444205578487e-03
1.157192832995900672e-01 -1.980861254058879917e-01 1.486679736363439794e-02
-1.956700328462587790e-01 -3.574634388928284445e-01 1.975829114041955693e-04
3.188992516766273044e-01 1.908065991679252504e-01 1.450695226725001079e-03
3.759192881223095695e-01 2.005799115274151390e-01 -2.460438705083543148e-02
-1.635535571043555264e-02 4.240874233589650433e-01 -3.512363417829236084e-02
-7.563016656499050097e-03 1.569451234584057220e-01 -2.161861464213966563e-02
-9.332259763529968111e-02 4.253771229427538714e-01 4.037043496038800888e-03
9.255467457000424170e-02 -4.206101144897996802e-01 1.476321674875572844e-02
-5.537173697952691570e-02 -3.857580285565913036e-01 -1.907659215925075133e-02
-3.059778160628029986e-01 1.546327749887876912e-01 1.161319387723915540e-02
2.677925581159968857e-02 3.979229845434545387e-01 -1.599209532975973342e-03
2.487845131671755916e-01 -4.162032132128583584e-01 4.807838235573189123e-02
-2.649583112696904733e-02 3.328186665805010769e-01 3.986434790073767331e-03
1.710155520209333535e-01 1.160290278248737733e-01 2.004494611159933840e-02
-3.689138577241691808e-01 1.843588772547827270e-02 -5.931596623332653639e-03
2.689160302410232850e-01 -1.191416592325513502e-01 -4.668954796795241752e-02
2.548418952968536239e-02 -1.748455213184592627e-01 2.580290542157382891e-02
-3.648503984577146642e-01 1.942857957154044968e-01 -1.596041772536176823e-02
6.537323349783967508e-02 2.425955939401872319e-01 6.004330918851964564e-03
2.888513323827769930e-01 -1.405819218148011279e-02 1.527658661463236062e-02
-2.129863135036572097e-01 -9.464906409275075649e-02 -5.916852574103280762e-03
-2.913675050827302382e-01 -1.213523144967583456e-01 8.741753315104041494e-03
2.263336239748919287e-01 3.461107568874172702e-01 3.133230518230065847e-02
1.668730942928502992e-01 2.146232349325408739e-01 -5.757498269020491430e-03
-1.160114803157934193e-01 -2.472906053206292976e-01 -1.636318282406147833e-03
-3.444870249282493413e-01 1.742063073057536771e-01 -8.470723941000991852e-03
7.935386338382961757e-02 4.198953026865672733e-01 8.708940821313614425e-03
-1.989687818314359036e-01 -1.049061613603414697e-02 -4.436278181848562346e-02
4.616023231916811520e-01 5.805996862438490835e-02 7.414212697670394432e-03
2.799105658417717080e-01 -2.032158854759306965e-01 3.306802766286831910e-03
3.093333382221206129e-01 -3.878325956036010047e-01 8.800418034922166677e-02
-1.657062580693289544e-01 2.231861976599530950e-01 4.079014734387975682e-02
-3.592636888871634793e-01 -3.364486701815965208e-01 3.824894881229551347e-02
-3.367238803599595931e-01 1.685247821225476228e-01 -1.472141261729256745e-02
2.960825913874401416e-01 1.368653797438991737e-01 2.377911640850221327e-03
-2.248840920989627623e-01 1.273289930752024290e-01 -2.999913151532707795e-02
3.285485860794331026e-01 -2.432462873154151994e-01 7.316816772626586265e-03
-2.385650785356434878e-01 -2.139018979119363950e-01 -2.694135837133741426e-02
2.176559335323809408e-01 -2.199994442705365816e-01 -3.967567112542805946e-02
2.450912557506765843e-01 -1.875828065517322063e-01 -4.905082406406580803e-02
1.079187498839345866e-01 2.295374969587493930e-01 1.865965818168901710e-02
-9.592647986043947861e-02 4.700164901165791442e-01 2.271477910359238558e-02
-4.575377538535266853e-01 -2.276811056976601466e-01 7.804452383771280644e-02
-3.797149032948569647e-01 7.406272067814503868e-02 -7.457179338394357218e-03
-2.253403085095976033e-01 -1.782516486305550096e-01 -1.832130221887192517e-02
2.091887431625007732e-01 1.002263662313134102e-01 2.953344562092936887e-02
1.457957275508601769e-01 -2.684595852227567581e-01 -8.166525220573863861e-03
1.063657742037440457e-01 -7.358672945235180188e-03 1.585297868409578717e-02
8.086649565185197175e-02 3.459527119313521304e-01 -9.242300964053240184e-03
1.223522166321217020e-01 -2.386817262807804929e-01 -4.274573111788454449e-02
-3.388149536095478309e-01 1.938254010068845568e-01 -3.319912475256471540e-02
2.359834063036162222e-01 4.107362054476848545e-02 -1.440185048715295329e-03
-4.968345045498175072e-02 3.360533093821060913e-01 -2.931186130914212665e-02
-1.659027519265066919e-01 4.366805961152520066e-01 -2.751341034096915078e-02
3.327884530231082771e-01 1.921232494329207785e-01 6.826741731320089442e-03
-9.119934944692353884e-02 1.207282677026427636e-01 9.579202228243878861e-03
-2.615183309365162190e-01 -3.265991035834748257e-01 -3.352419260039657487e-03
4.226746595352011693e-01 2.250371763463495690e-03 2.201817630861234096e-02
-3.762679224920852938e-01 9.195480486433119105e-02 -1.521278169452966803e-02
3.974618533428196931e-01 1.654654333890975548e-01 3.411121494240337143e-02
-6.281159079610881824e-02 -4.633802408805133555e-02 -4.297651573418043852e-02
-6.965570452868924400e-02 -4.545423575404137218e-01 -1.264490493642973432e-02
-2.421293338575175036e-01 1.688834057783460407e-01 -3.832292249347882263e-02
-2.416632618075001404e-02 3.045110168426122810e-01 -2.161530985299905255e-02
-1.119685719924650713e-01 1.849198260370287228e-01 -1.080417910676748604e-02
-2.758385835668624164e-01 4.245399359928488936e-01 4.094246784631594416e-02
-3.798150353605493548e-03 2.763039872304088318e-01 1.930588618571342854e-02
-1.591650651053340138e-01 -1.402969476378692071e-01 2.878461217670573100e-03
-1.028620053426826803e-01 3.004822272693034590e-01 -5.212984868801549820e-02
-2.961188253900226552e-01 -4.569574744666053678e-02 -4.999984921214868649e-02
2.536753136012280807e-01 1.367001656538240628e-01 2.073272899922569065e-02
-1.767062063382384210e-02 3.050435120415387891e-01 3.407704873750513463e-04
-4.223493580338837927e-01 6.105273311206844272e-02 -5.106897577179282666e-04
1.192826761066158175e-01 -1.822228365416157236e-01 -3.399757516771769600e-02
-1.747650412696489242e-01 1.254951402262555540e-02 -9.615287839229406594e-03
-3.326988350966243457e-01 2.471172944368846824e-01 -2.115505183450753710e-02
-4.065534815720241446e-01 -5.772836899039106989e-02 -1.020007151216976819e-02
3.252054448951510746e-02 -4.304059549363364878e-01 -3.962687126347533458e-03
-1.192840944063435493e-01 -2.685060737255232088e-01 6.550440818286410241e-03
-1.415598437696936884e-01 -4.078166554162950819e-01 6.568398810084032438e-03
-2.081183799652732702e-01 3.166129565005871838e-01 4.241866600006775987e-04
-2.911417358410868794e-01 -2.821235560469244064e-01 -1.416247567316553102e-02
-3.284976027708314539e-01 -3.626996010774992119e-01 1.662901449552940322e-02
-1.793833920737328558e-01 3.108988138003078161e-01 -2.246592625266592008e-02
-2.746912856529345470e-01 3.420776600767801989e-01 -2.971751461580961901e-02
-2.171100634920719030e-01 3.947584187731337235e-01 2.578329345391820390e-02
9.370120609895957187e-02 -1.851466541185058656e-01 -6.260633614473376518e-02
2.590523307579883916e-01 6.352121446038588859e-02 -6.666111707168079908e-03
-7.692680804705769038e-02 2.392068858701922873e-01 -3.738281987929939487e-02
4.109311009354625344e-01 9.055588469515805927e-02 2.182232560472773322e-02
-2.374216304449282278e-01 1.589250570294686582e-01 -5.523725680201704152e-02
-5.511123715457866973e-02 -2.231436182124504064e-01 -6.931414291443380171e-02
-1.185314788478922104e-01 3.018530601831291293e-01 -4.545738430921059114e-02
-2.639095673780412210e-01 4.366195410480520900e-02 -9.429912205788235774e-03
1.643549026200319743e-02 -2.393546939893239911e-01 5.420959045496717005e-02
2.970049315469278084e-01 -2.989888739718500887e-01 1.019546606250579940e-02
2.495731967873646706e-01 -2.922670252111523315e-01 -1.072693156187246727e-03
-3.989408788815707596e-01 -2.045271724693291382e-02 -7.847105193930706615e-03
2.317093088422302327e-01 4.200977356806513408e-01 4.470959986675252656e-02
-3.458006398840703932e-01 1.208114597304691951e-01 -3.545411944425849032e-02
4.904641565860565905e-02 -1.659497825776043711e-01 -4.776737692846545064e-02
4.271220352675507703e-01 1.532132110394844593e-01 3.774461175010372649e-02
1.003213189527494553e-01 -2.741653801439178362e-01 -3.031951028692896066e-02
-1.115059809937918173e-01 -1.406745071630784716e-01 -4.114856737416787424e-02
1.153296608095808334e-01 1.167010619322505077e-01 -4.412845378876806279e-02
6.993116227026517639e-02 -3.371223568852981800e-01 -3.488503301012910868e-02
1.871311511076712286e-01 1.528276370703938181e-01 -5.698825486952863173e-02
2.460661321275783020e-01 -5.923434860399572760e-02 4.403678640593420429e-02
1.068103664206481035e-01 -1.936201064697717633e-01 4.685419286102061182e-02
2.431778831826505172e-01 3.384276953732702764e-01 3.213899353363551536e-02
-1.826129127587947376e-01 -1.329422327685947369e-01 1.849496582959314628e-02
-3.253045380973114686e-01 1.212853797097015185e-01 -2.712181535719166217e-02
-2.129553956019419603e-01 2.167466797289445135e-01 -5.402858802041517194e-02
1.504850836162560102e-01 2.056295117280742546e-01 3.838042503325827907e-03
3.662206272532931850e-01 1.697538664859123969e-01 1.227670303337924720e-02
-3.434235526739563005e-01 -2.352782815272883715e-02 -2.478253882234181943e-02
-1.546500511320798021e-01 1.510251801472147493e-01 3.315423024287699610e-02
-4.492833975785596179e-01 -1.697779276457205555e-01 1.511243763652950559e-02
1.427032554695630007e-01 1.925243792533527232e-01 1.794248298045741583e-02
2.447004778213679177e-01 -4.098198733283612838e-01 4.408872864705108696e-02
2.563628970484467876e-02 4.020784511572116915e-01 -2.643248280100532130e-02
1.756885957605415216e-01 -3.526564524230236253e-01 -1.732649303390577586e-02
2.175650172159211970e-01 -4.011617804890310612e-01 -6.459742085526580524e-02
-4.994536165468719396e-02 3.786560260244841158e-01 -1.471304374559711386e-02
-3.387489400127349781e-01 1.334338100988502994e-02 -2.651856872329512102e-02
2.268663212355889192e-01 4.371938264956515829e-01 -6.888392023285262733e-02
1.761366856501586087e-01 1.938324978826265477e-02 6.946821651935494463e-04
2.798356982503183432e-01 2.066078408564676061e-01 3.970938212156998812e-03
2.605895084893163349e-01 1.336567618810345359e-01 1.710353156372178274e-02
4.093965745010807455e-01 1.985511600945077948e-01 -7.384958155593174256e-02
-3.999495012478176958e-01 -1.753891815330844706e-01 -2.752401795560652925e-02
1.089349129829263879e-01 2.764325259785037625e-01 7.028350794510647426e-03
1.134341129246570212e-02 -3.449525622440130501e-01 -1.701136713365993328e-02
-3.006857014788381077e-01 6.117131662795240871e-02 -4.747125619146720654e-02
-2.739580894098336827e-01 1.099244991075204736e-01 1.769182286443254232e-02
1.495036237565300075e-01 -2.153805491820797446e-01 -3.674063442275240371e-02
-3.001099423271902933e-01 3.306122744662060575e-01 3.980673971200060154e-03
-2.196195231642542045e-01 5.780027582492669458e-01 9.802534769534720915e-02
3.826537713582947031e-01 -1.713539996400268717e-01 -1.889053501720819317e-02
-3.487824545556868494e-01 -2.576233666362287567e-01 -3.269600171209898626e-02
-2.415336075973112118e-01 -3.452242882885298014e-02 1.732953944627744006e-02
-2.159130956152177302e-02 2.953877068958349894e-01 -2.496181254253999893e-03
3.739461422600436763e-02 3.887305034997200481e-01 -2.791724725671981822e-02
-2.280804158079325905e-01 -4.290243908717586985e-01 2.635550633455429823e-02
4.222423432033375335e-01 -9.781448313228936764e-02 -1.405161237640931149e-02
-1.689686778290261648e-01 1.090343332434425827e-01 2.641526862411566756e-02
-2.425453183853184813e-01 -2.675498614622716653e-01 -1.211222863016821888e-02
2.691086086289081747e-01 6.888705265861368165e-02 -2.702775840989781256e-02
-4.504597024106553049e-01 -2.465005358084506118e-02 -1.784662725170161127e-02
1.738642291212678936e-01 -2.703311114234299706e-01 1.093561147388145971e-02
6.433298925157129866e-02 -2.541086362855419223e-01 -4.315919023619605582e-02
1.178701229649633045e-02 -1.895558121439133992e-01 3.812348448128197870e-02
3.883227694132459495e-01 -2.180876170231392519e-01 2.630992913375319181e-02
3.527573148658485480e-01 -3.024038204431565569e-01 -3.418019537216455961e-02
2.223623555538437879e-01 1.555028761731193365e-01 -2.538944666192006691e-02
-4.818178380882290335e-01 -4.537549434483399702e-02 -6.195785307044267970e-02
1.070019983850841738e-01 -3.591855816812675878e-02 1.880674506991432751e-02
2.233090922206364126e-02 -1.881534080347475324e-01 -1.558898458951786352e-02
8.453197728486123996e-02 -1.279101321598133112e-01 3.591097549374087927e-02
4.673482391138429892e-01 3.447691354162549238e-02 -7.189329331937177603e-02
1.921833090119200727e-01 -3.378878276087313171e-01 -2.883516538184564652e-03
4.449236023144061969e-01 -8.499057451378835837e-02 -3.924143916017380079e-02
1.597256477942033681e-01 -4.545834340054712985e-01 4.316977948733138892e-02
2.367114870029382867e-01 -3.046694507652075723e-01 -9.023978008269135584e-03
3.970662645435037857e-02 -2.328053964867312364e-01 -1.329632662374078192e-02
4.133314230462104694e-02 -2.456979689023132407e-01 -2.930569533706879268e-02
-8.666644849586557786e-02 -3.037627623752070516e-01 2.535202295559349159e-02
-2.474918122285380551e-01 -2.461716789615083500e-01 -4.246195351261083245e-02
-1.702651975735219314e-01 -9.429296430697164944e-02 -6.246450387142982869e-02
-3.948912735067846569e-01 -1.627445410747350163e-01 -2.169230276044709776e-02
-2.025465294948293749e-01 4.153694964751918350e-01 -4.633336249658967509e-02
-4.014097102598512476e-03 -1.927802170353939415e-01 1.158457588494907035e-02
2.934843563777392306e-01 1.501526440799114126e-01 -2.640366974051449114e-02
-3.463469974111363370e-01 3.468305632234385816e-01 7.433611493391200633e-04
1.630719665639789873e-01 2.844366381377259612e-01 -1.233319327396624823e-02
2.314810173700647400e-02 -3.871772164919896064e-01 -1.674335899413423659e-02
3.924195333135478969e-01 -8.757508095719204744e-02 -1.529745941227711112e-02
-1.883073750150041081e-01 -2.793982146586024284e-01 -3.798038250056351428e-02
3.770659825518037356e-01 -1.663448771737190413e-01 -1.461076402708418910e-02
4.136052499802012616e-01 -1.384135278796891633e-01 -1.746346190758494427e-02
1.013519378287664335e-01 -4.280358724802518222e-01 -6.971961407220095362e-04
-2.000919445288568133e-01 -2.470414387275747699e-03 -6.768777940743896104e-02
3.824261350068386411e-01 -2.717952067017815887e-01 4.012062365660529206e-02
4.284594142739717171e-01 1.892866048276222457e-01 -4.912662036104865904e-02
2.678205723483491618e-01 -1.877034451204765142e-01 -4.506541564503232762e-04
2.689157047526224975e-01 2.261048124231256062e-01 -1.407790169142101276e-02
-2.767701569378911430e-01 -2.707445062266848890e-01 -2.482285225513682081e-02
1.639387413470598520e-01 -3.127948376781403139e-01 -2.864529022180508852e-02
-3.307832437592654884e-01 2.120857665900093281e-01 -5.205142903468268356e-03
-1.318279782378979081e-01 -4.347862628471690916e-01 -2.405895408555774884e-02
1.362237045662137436e-01 1.023628819663163908e-01 4.035836027920539082e-02
-3.561001513075835456e-01 6.917259159354568858e-03 -2.106316505719876137e-02
-1.773389845336584836e-01 -2.262273748214121694e-01 -2.807136502483786877e-02
2.261883470876317193e-01 8.085233604736404012e-02 -6.119042806131049644e-02
1.762366400413928891e-01 3.739923812374271739e-01 -8.290462045688774123e-03
-2.750189551225925566e-01 2.108034342995758759e-01 -4.871487369271454426e-02
3.342706909755158717e-01 -1.963376438368323318e-01 6.818578714484278651e-03
-3.396453423996027565e-01 2.470571659609428761e-01 -3.014485400240608792e-02
-6.263741404596123719e-02 1.021629865977399104e-01 5.256159467345533631e-03
-1.364617908566682081e-01 -2.518223169524582694e-01 -2.593176914794642282e-02
-2.096637094465960416e-01 2.907357636047392391e-01 -3.740795794602216201e-02
-1.960467529102819240e-01 -3.996717368822200189e-01 -4.346248861442776612e-02
-5.664694902621562889e-02 -2.014597235488294613e-01 -5.285686719537039269e-04
3.326305486134059075e-01 -1.225941400890386002e-01 -3.764580908571882236e-03
-2.386636943218702067e-01 -3.972829535486299135e-01 -4.151276450804886747e-02
-2.092859671486522743e-01 2.674012564487781574e-01 1.260056003655503050e-03
-4.014844942064573624e-02 -3.648025608140545994e-01 -1.443039745758540465e-02
-1.910342947074417930e-01 1.760250928142939875e-01 -5.659067427542074230e-02
-3.608421003081926925e-02 3.416591200014211793e-01 -2.138379591899763205e-02
2.573455352757875181e-01 -8.953435444810932051e-03 -4.681775467112873207e-02
2.818267777525398365e-01 2.127437520373979263e-01 -6.148173006851224281e-03
-3.147604663985053564e-01 2.263615687057898562e-01 -8.953723041767341559e-03
1.415657058320641537e-01 1.886577809579607912e-01 -1.930110058663240136e-04
-1.833503586330092333e-02 -4.663926408734796469e-01 -5.860634605517171802e-02
-2.587774756406160948e-01 -2.156961450162507912e-02 -3.650956978822168797e-02
3.585506323613929514e-01 -7.521842252385199656e-02 -5.734541940635364855e-03
1.463571332065133346e-01 -4.474981698743752401e-01 -5.634797730532701415e-02
-2.623316496327600111e-01 -3.968942666178055245e-01 -4.489653966646520861e-02
2.100194753858559138e-01 -3.351396557777200913e-01 -2.311602084348146798e-03
1.357784755266557286e-01 4.048205173501100429e-01 3.639073131344223305e-02
1.152205811402137181e-01 1.260268466754657923e-01 -1.507594708450961862e-03
1.962122627686450071e-01 -8.649871033017263178e-02 -2.747738576310944716e-02
-2.628631893177660328e-01 -2.100319558538636111e-01 -2.470567617403750596e-02
-2.421785359297092821e-01 3.560759213212829483e-02 -4.276306949764702159e-02
-1.480515687503755617e-01 -1.041661776849959892e-01 2.214509633829915211e-02
3.109934635226383609e-02 2.578537163120391273e-01 -1.967936805285041418e-02
3.596285643883406213e-01 4.275629994121303568e-02 -7.535388480882539153e-03
-1.979970876912757471e-01 -2.768636988644865293e-01 -4.129169779687558162e-02
4.812809384431324111e-02 -4.175368824700150250e-01 -2.269081286746424050e-02
-3.281892931458575968e-01 -2.767284205481845838e-01 -3.577727772587645239e-02
-2.050767571377146437e-01 -3.091256371525997193e-01 -7.998539924800700252e-03
-1.046663301191424617e-01 -5.663470059477900692e-02 -6.313511482278042972e-03
2.580829673746887210e-01 2.390295050090452400e-01 -1.535699737519733050e-02
-3.035688979024400713e-01 3.043561197569532098e-03 3.165832544827112179e-03
1.449623190560465624e-01 -3.604785418307639988e-01 -1.287081745324277805e-03
1.742974197545266446e-01 -1.764148619621248582e-01 8.677671359302968970e-03
-2.872390009922949350e-01 3.250130417522994475e-01 -2.436026216180859835e-02
-1.865502426484938192e-01 3.124594090609956187e-01 1.185528301094210257e-02
-4.703875975510211083e-01 6.396754951882789759e-03 -3.241462017649619082e-02
-7.508623912004418199e-02 1.457393904676193286e-01 -5.864973287202011193e-02
-4.099989827368739070e-01 1.756735885550891607e-01 -3.532041299411838031e-02
-1.185296299237314777e-01 -3.133347465331627335e-01 -9.191525232011818480e-03
-2.852312687639275146e-01 8.463667742847440223e-02 3.760318064082988909e-02
-2.080734718995826682e-01 -2.750598491677633262e-01 -2.190776225800660990e-02
-2.788769291386850591e-01 -3.576177946754610648e-01 1.275686087122568889e-02
1.744102768733634123e-01 -2.353974032240814251e-01 1.412098114674990943e-04
-4.166414752644869574e-02 3.321181401286761314e-01 -1.584063356530376540e-02
2.406399464853522518e-01 3.534558610935629730e-01 3.813184748046113959e-02
-2.550009235277688746e-01 -2.667465906993910507e-01 1.452972388003804897e-02
-2.621355706175572675e-01 -1.952566238920545316e-01 -2.938542205550738820e-02
8.483951984722402917e-02 3.507565072853647270e-01 -1.995735670280376212e-02
-2.070958134496066194e-01 -1.330739689027337913e-01 -6.159776806155258660e-02
2.477635640606677958e-01 1.498693964997143413e-01 2.594051280391388922e-03
-3.055067150191690950e-01 2.518072834561490003e-01 -2.411284519241697899e-02
-2.286566829586155480e-01 -1.691575478098668595e-01 -7.992252743093543332e-03
-2.618167514674688001e-02 2.270729390268828307e-01 -2.705608494747791665e-02
-4.791568892039096417e-01 -2.004917651564201708e-02 -1.865905088488800309e-02
2.690700049905562219e-01 -2.906392447824547864e-01 -1.154793796652941150e-02
1.233213287428669563e-01 -3.436655853299479535e-01 -1.525835464229039450e-02
-1.886892972994505813e-01 3.339455892115475444e-01 -2.521975463136219217e-02
4.233160792862719624e-02 -4.622019163407157238e-01 -7.174003799273418261e-03
3.573045601828399309e-02 -4.722227152397974193e-01 -1.251545856064853295e-03
2.513292426892535514e-01 -8.274974409192044078e-01 8.908644216163974505e-02
-8.260211677728071522e-02 -3.315839317813232268e-01 -4.425118353858888826e-03
-3.720547100455270928e-01 8.885457734789750650e-02 -2.074313738842197344e-02
-3.047806626684664844e-01 -6.188607771299552140e-02 -4.646544692534709114e-02
-7.869636678060340507e-02 -4.129199145421085793e-01 -1.188484412412013115e-02
-3.856787624051375984e-01 -2.295239951274515577e-01 -2.859073181948725006e-02
-1.684685967043896282e-01 -2.957142447947725961e-01 1.088944246971865898e-02
-3.814557601610869819e-02 -7.939694745641401319e-02 -2.564665667600946053e-02
-2.675037024238778316e-01 2.380639941905681178e-01 -2.286027220523880604e-02
3.437659430895024237e-01 -3.359915413453157251e-01 -3.999248971538706121e-02
4.428654944106414915e-01 1.117623551647907998e-01 4.877331682648887445e-02
3.206225927190126113e-01 3.166192480625768524e-01 -7.223073522862437368e-02
4.590428322488987467e-01 -1.188668907213445702e-01 -8.337336464122056812e-02
-2.876521521885704868e-01 3.302181381735638244e-01 -2.229925622559886939e-02
-8.659567835248498102e-02 -1.859200535788491648e-01 -5.208835024467461938e-02
3.791354594971007574e-01 -1.418941557607298898e-01 2.170651974747848587e-02
-2.502920107483512235e-01 -9.064944708255517902e-02 -2.642244128757777547e-02
-4.313036251615592342e-01 1.110583232838616430e-01 -2.219803825578778658e-02
4.225840560521185174e-02 6.165279110642261917e-02 6.700346427580995169e-03
-1.495950648126077864e-02 4.442369112439263912e-01 -5.240919604492460387e-02
9.970214031167759158e-04 1.396819411060233329e-01 2.688033971657335236e-02
8.844882740282522526e-02 2.301466271539217567e-01 7.166230087639952583e-03
3.872213179867283750e-01 2.087707572499766795e-01 -6.256917949868769091e-02
1.428968564109747985e-01 -3.587754122462122885e-01 -1.612044864177184108e-04
-2.604889989752293133e-01 -4.314092005238534533e-01 7.511104336786633695e-02
-3.823474873340272917e-01 1.363499958524440059e-01 -1.405508959511833113e-02
-3.564579401307838014e-01 1.283974023151920607e-01 -1.287256307875028240e-02
-2.399216131112300865e-01 3.202746715534886546e-01 -2.659170787441778386e-02
2.166015185864795800e-01 2.384435836135071190e-03 2.320341731361396168e-02
1.373873128430963819e-01 -8.694915419311881333e-02 -3.392170747659139368e-02
-3.361605048041428345e-01 -2.946411396561517404e-01 -2.779600965218598230e-02
1.670054054996176485e-01 -3.390375710918393515e-01 -1.462437745407210721e-02
-1.074628950222243085e-01 -3.849697752237659643e-01 -2.965370182024949525e-03
1.494902373632112647e-01 2.982120310567852317e-01 -1.702368751761704647e-03
-7.179932452824128175e-02 4.843111454547997519e-01 -3.180807698713083997e-02
-3.319646253125949076e-01 -2.922354416134122501e-01 3.996031608917724985e-03
-3.644830433600605435e-01 -2.401333490930126213e-01 -2.988585446724043027e-02
7.176158676595041641e-02 1.360633022109254166e-02 -5.325936510462573464e-02
-2.816563743833459532e-01 1.095943537070170615e-01 6.803776947574809511e-03
2.158844386573369190e-01 -2.331831712181803573e-01 2.529147820841702587e-02
1.409687951425061814e-01 2.904120486639139020e-01 -1.012294770305526524e-02
-2.650176562116995371e-01 -3.764022575516676183e-01 2.635139033552483939e-02
7.431177715165415698e-02 -4.199249417065721302e-01 3.358079068501663468e-03
-1.906866034460819870e-01 9.105224286819185719e-02 -5.403782193426905078e-02
-3.098565184194824740e-01 2.143196636721913795e-01 -4.858767351149607602e-03
-3.128271249558424727e-01 2.147056043295252903e-01 -2.124821023184270824e-02
-3.477966991070282066e-01 -6.727629072709279123e-02 -3.788682759647918341e-02
-3.869998693960760017e-01 2.690090169679987264e-01 8.295314195543235930e-03
2.086439918139066929e-01 4.866983030998942722e-02 -5.387381862941103411e-02
2.285520949455870088e-02 -9.668580557943015630e-02 -5.672450393962199383e-02
-3.875480968038901297e-01 2.709969975647290308e-02 -1.263518575889040381e-02
-2.765153626242624618e-01 6.619954748309721249e-02 -3.442623356536050894e-02
1.591145983568971189e-01 -2.117619665857392586e-02 1.807757547633204870e-02
7.054564368499359472e-02 4.833162524999585208e-01 -9.077070748649680720e-02
1.413241083297765155e-01 -4.437468887970745512e-02 1.953684766059669495e-02
-1.619173262080813224e-03 1.958759139358572654e-01 2.172427327695083954e-02
1.514441698796051457e-02 -1.577213166457634153e-01 -2.975523332244870908e-02
1.885462312896684367e-01 2.501859724642984117e-01 -4.558999727904747105e-03
1.484759164064471670e-01 -5.750207158271235935e-02 -1.400415932173530373e-02
-2.015156931367844406e-01 1.121284483605858723e-01 1.232075518650806167e-02
-9.272823517715199360e-02 -3.236179811112925853e-01 -2.616378413935871450e-02
3.782323634289875419e-02 4.113793639157390936e-01 2.097847064680477547e-02
-3.130607176371340006e-01 -3.103409121965206019e-01 -2.046294521315760936e-02
-8.799351576904869410e-02 -4.491281794705674346e-01 -4.887058535694719513e-02
3.401694030542372071e-01 -2.918683312602909918e-01 2.874285775074207280e-02
-1.745111823773847493e-01 4.603688619548947925e-01 1.743585047455954024e-02
3.385542777863260744e-01 1.966676271698973300e-01 2.628413485452577025e-03
-3.676407662584874614e-01 1.258407641704698821e-01 7.041434088295348524e-04
-3.786008238355655919e-01 6.903331520469253857e-02 1.375227996718487306e-02
3.836383071311639248e-01 3.572108009218108449e-02 -3.347563327816674428e-03
-2.642642501448549952e-01 6.131593503363570730e-02 -2.008236073593019921e-02
-6.901452792496028110e-02 4.694905960013480706e-01 1.396298756445392766e-02
2.452031853680011475e-01 -2.125060369291569273e-01 -3.953825441043132272e-02
2.930018601964817088e-02 -2.645154016825800314e-01 1.051548005186512223e-02
-2.179475393276175677e-01 -2.856628994662924192e-01 1.802598040256245260e-02
2.382152645008747127e-01 3.961241916390270679e-01 -8.068309864599794434e-02
-2.422049179755207116e-01 1.358296259055043476e-01 -6.922154240264728753e-02
9.758860252116939582e-03 -4.118442403087039239e-01 -3.346170776340223751e-02
4.789780547369992814e-01 -4.356778034668285643e-02 6.762164655943242453e-02
7.149786399425536731e-02 4.039855257206462769e-01 2.208773679971926668e-03
2.426599732904115569e-01 -1.842001202401793991e-01 1.074292694375815482e-02
-8.503770134969830530e-02 3.318229140457150672e-01 -1.640056446900250986e-02
2.478030084140411815e-01 2.996727574140607975e-01 -1.393508779601833683e-02
-7.604250676668204700e-02 -3.249442640318052633e-01 -1.760477018667555918e-02
-1.020914369878892641e-01 -3.587168301424098482e-01 -1.593968525170121053e-02
-2.718847000845678319e-01 4.065816819334215348e-01 2.710833741422890089e-02
1.554539132863376194e-01 1.309743904050525987e-01 -1.250128774714462203e-02
2.721204701354060229e-01 -1.507213903048604531e-01 -1.023235338129283543e-02
2.125887732677779196e-01 -1.922094391737653174e-01 2.237477794591400358e-03
1.185353795045406278e-01 -7.910943786984833692e-02 -5.573280018263920138e-02
7.736672948788837767e-02 -3.642642841365294204e-02 -3.255375929296581983e-02
4.270179486298382732e-01 -2.202040792351182552e-01 -4.743668289069229854e-02
-4.962575813705901728e-01 1.898995730675153565e-02 -6.725171857945531906e-02
-3.128481358433261583e-01 -2.311344021034167709e-02 3.440938985494809005e-02
1.163829301271480654e-01 1.866991933301982431e-01 8.918830503299057799e-03
-1.306264338846404964e-02 2.662139524613952313e-01 -6.103898066330571207e-03
1.531675670226662067e-01 -3.788157268699324232e-01 -2.474081003365161818e-02
-4.568399883088085089e-01 -1.467751178377361132e-01 -2.783499531703547553e-02
-1.471859396608408421e-01 2.460255671047260062e-01 -3.712783112227917293e-02
-3.098795899200948445e-01 -2.780563646669328981e-01 -3.021569072088009858e-02
-2.535808870196766818e-01 3.659912705018265600e-01 -2.155191480743432961e-02
1.878500744844487647e-01 -6.229922210845419139e-02 -6.354527803851335588e-02
-3.009475883543568653e-01 8.657760702497381555e-02 1.769168098406929956e-02
3.662572122975273070e-02 -1.893006798483813369e-01 7.084259023616535679e-03
-5.838039591800088524e-02 3.922874179020391372e-01 -7.465719842019149718e-03
-4.437626021196557358e-01 1.919074836357528568e-01 2.490571458079720094e-02
-3.304199267043994026e-01 -7.471582417452804145e-03 3.262048303591481629e-04
5.635592364567962309e-02 -1.482128501468414350e-01 3.772451341699369770e-03
2.996988306397003199e-01 1.207425211771644413e-01 9.522385512896064125e-04
-6.168986833929707148e-02 -1.399269491633877704e-01 -2.573913508130767566e-02
-2.189562283829747935e-01 -1.039033849232521151e-01 -3.681360325230322028e-02
3.730835146603589947e-01 -1.989428052214327058e-01 1.270581719259381015e-02
2.736455489864287327e-01 1.029272946366649871e-01 -3.889299938437433546e-02
-3.226672988676613785e-01 -1.835759661476785431e-01 -2.056081186572530223e-02
1.269328691415019805e-01 -1.114977291514611946e-01 3.205336449997753245e-02
1.784411280827080115e-01 2.722556552622972248e-01 -1.106154561975612564e-02
2.805964251507959140e-01 -5.154859428907347663e-02 -1.936100345532943204e-02
-3.115125246022870664e-01 -2.784133707065596375e-01 -3.101221121524800999e-03
-2.484109373474441551e-01 3.110994689502419308e-01 -2.123472594727958407e-02
1.070136691658895023e-01 2.858056092953144001e-01 -3.316590887841379398e-02
-4.249986333164462171e-01 2.145583527053622486e-01 2.495413189289900913e-02
3.777215618364548888e-01 1.161154610993333364e-01 -3.365859843779040600e-02
-1.728061455283720349e-01 -3.938370840729144562e-01 -1.294464709368503769e-03
-5.390549013438523246e-02 -2.879954787921618076e-01 -5.040183494656192038e-03
-1.434325698863759269e-01 2.031363576777931168e-01 4.006279712643835006e-02
4.318020515750502497e-01 -3.834513423473868698e-01 -7.117917041970271974e-01
-2.174794565430413773e-01 -1.507489270864872943e-01 -3.924854037974333937e-02
4.206838842577576010e-02 -3.044314894442773367e-01 -3.386709876243925582e-02
-3.887206673899853970e-01 1.174337678936456797e-01 -1.755255630679081191e-02
-3.102765540547288703e-01 -2.269715265097370649e-01 -2.600198311511110402e-02
-4.417298228248728309e-01 -1.221470130888714090e-01 -2.343924117322032305e-02
-1.371340991267499254e-01 1.514138354028282951e-01 -1.627545124761055340e-02
-2.525648685646348368e-01 -9.695774826230632581e-02 5.045409683302189141e-02
2.651781245243665097e-01 -1.680626322203069428e-02 4.601552557607017924e-03
2.108186236372522337e-01 3.495218338963464455e-01 -4.103785491539387736e-02
-3.126137428701298293e-01 1.624604553353746483e-01 -3.990695972588190893e-02
2.564746632853356356e-01 -1.773993203449911182e-01 -1.499224491678011716e-02
-4.153953960672025769e-02 4.487711992632993918e-01 -3.292276053737392544e-02
-1.852756188492991340e-01 1.812445221755304980e-01 -3.663901920704357162e-02
-7.493113935344006271e-02 -3.273430542302349089e-01 -5.651821696318932650e-03
7.981732586180839695e-02 -4.418966635139106452e-02 1.185888009859247926e-03
-3.275531868268142799e-01 3.322082362451341808e-01 -4.822038803686052449e-02
-1.495509000344064088e-01 3.943364484413210969e-01 -2.947702065399628729e-02
-1.908535775705288151e-01 -2.072926552335372652e-01 -4.388611942840569408e-02
-1.527515878676733718e-01 -2.735946927040381338e-01 -4.259446700944698877e-02
3.236903580426039317e-01 -2.083468687040449518e-01 -6.227847229220863541e-03
-2.144349824529241111e-01 -1.696879817410775204e-01 -4.670765449750749476e-02
-2.803569271292306597e-01 -2.794266019772976839e-01 -1.973154934923860085e-02
-2.015926282037993136e-02 -2.915703996324983116e-01 -1.490255159431215677e-02
-4.178765410957628323e-01 1.584230344940741608e-01 1.788393417818677500e-02
-4.840211275516881906e-01 1.623435362905134294e-01 7.981635310913742787e-02
2.748991791161036202e-01 2.274177746589255145e-02 -1.432783469723213077e-02
-1.207719966632692654e-01 -2.940859106993327088e-01 -3.123264112197880055e-02
3.607213403573173993e-01 9.181395740067878342e-02 -1.289995022484217296e-02
-8.597001505884588335e-02 -1.407177517508316211e-01 1.802051018828643159e-02
4.073987229276530009e-01 1.543299301648491662e-01 3.267510049647375653e-02
-4.265947815608330806e-01 1.193270392500445504e-01 -1.306347525199969863e-02
-3.801750835888283164e-02 -3.076070161839220551e-01 -2.844490593460600319e-02
2.584770213085029189e-01 -2.574693162935038845e-02 2.489063334101735553e-02
4.420204973019636330e-01 1.522502586724964746e-01 -9.089772106377257133e-02
4.395165180025032980e-01 -6.528108302103294291e-02 -5.145424726722595821e-02
-1.908479664048228219e-01 -1.334458876354085999e-01 3.158571188241936223e-02
1.853842494794941398e-01 6.552763313691266356e-02 -9.435452834805136899e-03
2.514250946938405562e-01 2.803935001564666352e-01 1.705615043152499538e-02
2.680828575058863961e-01 5.978977300825306929e-02 2.434712135859647131e-02
3.338816180085309449e-01 1.057124509480151103e-01 -5.547246446922267891e-03
-2.134351026882524427e-01 3.672219275276417672e-01 -2.516355058818953508e-02
1.435228049579907184e-01 1.575788786236586581e-01 3.414528972148271613e-03
-2.407042872804132094e-01 -1.095844582836271591e-01 -2.464262545629426759e-02
2.714785562017398290e-01 -2.464061888466645700e-01 -2.131949021249163190e-04
-3.168989672009402125e-02 -3.555799690686999859e-01 -9.390439613839569877e-03
-1.479597503330550012e-01 4.096585898130811754e-01 -2.739939141760645847e-02
-1.215689834925037099e-02 9.131771671663484191e-02 -1.418402328742951468e-02
-2.308772722390964038e-01 -9.604705926017617634e-02 -5.528513400835833452e-02
3.335311015525707634e-01 -2.583554540610218386e-01 -1.996183992257076836e-02
3.117426286332796170e-01 2.352225633401828497e-01 -4.029553670195937243e-02
-1.788652949054547747e-01 3.644876272904822301e-01 -2.397592402485702184e-02
-3.943540924482201171e-01 8.126409356363767378e-02 -7.554032211931304558e-03
-3.237490327564999104e-01 2.567440159607095040e-01 -2.187875442565341208e-02
-2.588378062236853516e-01 3.744248001010699878e-01 3.140537879876968003e-02
9.791148983198723343e-02 2.898107302051368128e-01 -1.718706571374096700e-02
7.355327153425368636e-02 -2.226545396281440492e-01 -2.463330543424272281e-02
3.888683675268034823e-01 2.106288766567817883e-01 5.374258065542694002e-02
-3.915664041517211702e-01 5.586700362183381202e-02 -1.849315891790129923e-02
3.261332296196046143e-01 -9.457325818968295023e-03 9.053438879411512819e-03
-4.036420351992590638e-01 -2.862171413523587060e-01 2.997035542396646671e-02
1.439830336380615583e-01 -7.403534170311958096e-02 -1.684609035642821787e-02
-6.783201944289858620e-02 -4.685852176035416594e-01 -1.667026848331248923e-02
4.689893220867081824e-01 1.201785800039841950e-01 9.363483810526650186e-02
-1.385240564101917760e-01 4.044859316303974217e-01 -4.997230653132150868e-03
-4.516260186271212618e-01 -1.693712139846456910e-01 -5.809303951192438392e-02
2.447656426518754827e-02 -4.343582851733364669e-01 -4.138423395199626598e-02
-3.135003096846512571e-01 2.717368240004413016e-01 -1.979308132263077336e-02
-3.778108940875289368e-01 8.948896839067756181e-02 -1.763261997140764051e-02
-2.461337020290791655e-01 3.294768005779061260e-01 -1.802304258597371353e-02
4.204202727051171151e-01 -1.582520670948151520e-01 3.547586791706069942e-02
4.351714071441052309e-03 -3.930463947143575387e-01 -7.690489457252907418e-03
1.007495906709766631e-01 1.766894832713415131e-01 -4.411278395544774439e-02
-4.471950056123908390e-01 1.324459436015935632e-01 9.989965237644275742e-03
1.984050659316358434e-01 6.102518338912724105e-02 3.539081404657741514e-02
3.827110425806715122e-01 -1.162121202621950594e-01 1.612685810310466716e-03
-3.499162806982888951e-01 4.670065152102719636e-02 1.336499061630119778e-02
-2.384313428522783773e-01 2.319741111829534130e-01 2.748043928654465753e-04
1.030467235270996207e-01 -3.506415496197522463e-01 -1.312413547937927964e-02
9.568470019926118841e-02 -2.159243278073115224e-01 -7.217083828024370429e-02
-2.967758996707856034e-01 3.310957848369691092e-01 -1.527555233933452876e-02
-4.036731668903376091e-01 1.124259108719979361e-01 -9.928982685489721668e-03
6.872683684743925714e-02 -2.861167890601646890e-01 -1.531320315762962729e-03
7.196512073353736674e-04 -3.745057716861628361e-01 -2.242721771142037676e-02
-4.328089501126087396e-02 3.979854562824258757e-01 -2.698154930416655009e-02
3.045476875166802100e-01 -1.786560959953249206e-01 -8.508547483523084404e-03
-4.039618058130197142e-01 -2.145718462976364260e-01 -3.376875349974178125e-02
1.644187626629083632e-01 3.462523885040088567e-01 1.086223069189714424e-02
-1.132405243857706467e-01 2.166102378344887669e-01 3.371892085035999714e-02
3.768404460199977768e-01 2.824030666323728428e-02 -1.299234775208343157e-02
1.629651573080762861e-01 1.879093403276263230e-01 -2.204349852681176947e-02
8.197859738390067541e-02 2.688386925615299794e-01 -3.875208637444343962e-02
-3.418689581719237813e-02 -2.268555583262910902e-01 5.240012487822373610e-02
8.065039012136659968e-02 -4.943081721957638952e-01 7.974826392561937261e-02
-9.563511833855495303e-03 -1.269381674014379846e-01 -6.771001475425494909e-02
-1.440277838486914708e-01 3.693117625149364702e-01 -1.407761768766583634e-02
-2.645465512325471669e-01 1.167174084573759790e-01 -8.215846717253151577e-03
-2.267716636310899425e-01 -3.833721302439142137e-02 -7.546634827070662632e-02
-4.066598084662921275e-01 3.622117825209590549e-03 -1.459484781815371252e-02
-5.243379716122528039e-02 1.659095237241076382e-01 -2.406607745511070082e-02
-3.038911499968374730e-01 -1.526845060748626137e-01 3.783758662704381215e-02
1.947743073856023910e-01 1.215153480049574186e-01 -1.861117104469006342e-02
3.555139200190977067e-01 -1.453622542748586877e-01 -1.445559101085836483e-02
-4.718099871798248079e-01 -1.811547700321832280e-02 -1.637832596011458766e-02
-3.458568334797825217e-01 2.688293266968650452e-01 -3.267356863436289560e-02
-7.188684811081232084e-02 1.263403489141874947e-01 -3.613063330330039402e-02
-2.018494110817666831e-01 -2.806524585689639251e-01 -3.481916673706874493e-02
-3.985864537322982848e-01 -5.624438229662599015e-02 -8.719648612437748067e-03
-3.106127368250087284e-01 3.245077271540349612e-02 4.320689185403117638e-02
-2.980378318513908220e-01 -3.333487248923602264e-01 -3.543988370934247206e-02
-4.089840343544007828e-01 2.240844418481188205e-01 -5.484415473177207956e-02
-2.964320412830028229e-01 -3.208802616316646511e-02 -4.848401293456756737e-03
-4.374848554006406376e-01 6.258588486847027621e-02 -2.246798963928716211e-02
2.258814039595973822e-01 -2.136330510826885964e-01 -1.862580199918558582e-02
-2.063897969534314314e-01 -3.917077352863718165e-01 -4.578898932751292866e-02
1.642397027882536165e-01 1.127190486076552582e-02 -1.095591248269495860e-02
6.704251081386722322e-02 3.993301452992135958e-02 -4.305659295604684356e-02
-2.639854422602812001e-01 3.570526561660677944e-01 5.048911628308167324e-03
-4.344259767977700082e-01 -1.423683680730491730e-01 -3.425879825282582974e-02
-4.457348896401371885e-01 -1.012740193937745753e-01 2.743502386218145406e-02
-4.817948024007520091e-01 -9.462835859221449542e-02 2.442220529147950958e-02
7.091104411098070326e-02 -2.775849336523076305e-01 2.410765214609097984e-02
2.949094455938278125e-02 1.505902830359547862e-01 -3.250023550325827765e-02
-3.926703316899883278e-01 -1.465220951108642533e-01 -2.783758572162423062e-02
4.664984881506417658e-01 2.145061128251316007e-02 -8.450668524960240624e-02
-6.477977889328829786e-01 -3.823363439443336897e-01 -6.600355811607616641e-01
-3.584581295053592132e-01 2.671187868690017009e-01 -3.151580526746349670e-02
3.791433521246232452e-01 6.870612196825090848e-03 -1.406322934987979181e-02
1.707292321152055481e-01 -2.944263508321476319e-01 3.763153040930519591e-04
-2.557696732141047091e-01 -2.786438004896695242e-01 1.639842241484664245e-02
6.329011314250049258e-02 -3.087033731269589465e-01 2.495917101365425703e-02
2.131545726331551815e-01 -1.548801438358085869e-01 -6.642601207843969180e-02
-2.888063799958973665e-01 1.460380792823840479e-01 2.446789047200933001e-02
-2.726489337396019175e-01 -1.651091885512435409e-01 4.562945108957885965e-02
2.636184047243029793e-01 2.312085692064246578e-01 7.096538968120566677e-04
2.592191808359263216e-01 -2.146405571557619962e-01 -4.138795970203560520e-02
5.738256362693108792e-02 -1.766561314423744644e-01 -1.917235016663227862e-02
3.647920338148165076e-01 2.539381763628340699e-02 -1.222477172805513934e-02
-2.629022904822403417e-01 -3.429203392307769160e-01 -3.474142180010929976e-02
8.722879498844229862e-02 -6.474152231408232538e-02 -4.804981566529347575e-02
4.047955312081290974e-02 -1.709863176604385082e-01 -6.231932367034582337e-02
1.921465754029264006e-01 1.397567149312163304e-01 -1.947208468536319736e-02
7.608360674821292025e-02 -1.580973567000461821e-01 -3.745292771104374169e-02
2.789684140385590427e-01 7.001235101124075877e-03 -3.309019191752744782e-02
-4.408658060146888324e-01 -2.043436212265362650e-01 -5.587194563750214754e-02
-3.372329600073008526e-01 -4.595232060053722201e-02 -4.756458474836915834e-02
2.093602082985923096e-01 -2.716726911788595600e-01 -2.004656181162537548e-02
4.170437126297220076e-01 -1.521149225912681591e-01 3.494779285802790229e-04
4.122409313780398682e-02 -3.458434891509000741e-01 -7.421581737983329839e-03
-2.503391593935996307e-01 1.072797878816642569e-01 1.287843217673964938e-02
-2.866822542353060221e-01 -3.805321470830894809e-02 -2.422161038415208967e-02
-3.700030104233847927e-01 9.061270689576633730e-02 -3.254652783986536520e-03
-1.050535474300191147e-01 4.380239665157138473e-01 1.202094420399895704e-02
4.486423104065987433e-01 6.283015753050921401e-03 -7.934307723040937704e-03
-6.903429633666180454e-02 1.672800927649638891e-01 -7.857801975545258832e-02
-8.854866697322777425e-02 -2.397985724417715236e-01 -2.068171299962134196e-02
-2.986156477441433976e-01 -2.567400985563425553e-01 -2.611183713618616190e-02
3.980706740292623280e-01 -9.956213823932695550e-02 -3.501810644106088943e-02
2.220727297299743830e-01 1.428897559180220544e-01 -4.505671178026152352e-04
3.058025852088792074e-01 2.714077077177357022e-01 2.345010775446519993e-02
-1.652068570441630746e-01 -4.168599581308451429e-01 -4.480707130282931411e-02
-3.056733900718614505e-01 1.120983949308385630e-01 -1.548539584089826497e-02
4.095249563270355608e-01 -8.327988400649634360e-02 -8.696765366937857233e-03
2.178717772010155262e-01 -3.038368658334378303e-01 5.834231935255131205e-05
-2.563902291273560397e-01 -2.112081991363913003e-01 -3.463370429288436386e-02
-3.197685598050359346e-02 1.021349637706685243e-01 -4.894459698734359310e-04
-1.937738813010569661e-01 4.044643752182986995e-01 -3.500290291710651119e-02
-4.156176374087656722e-01 2.247843211777094535e-02 -3.439019216144188675e-03
3.719916920574182218e-01 6.462910027993677350e-04 -7.425445973858622352e-03
-4.002533008597741748e-01 -2.494388063296231264e-02 -1.536495764212396538e-02
1.687257750699189263e-01 -3.404114775159148842e-01 -2.724794037073444142e-03
9.555468877012852913e-02 -1.977797111425425303e-01 2.421234456858056133e-02
2.792282255450884154e-01 -2.679573254439026608e-01 -9.096643518244974455e-03
-3.758755246214678936e-01 -2.672835966399338403e-01 1.411121062375376468e-02
7.931520759597689152e-02 -4.367696697908902137e-01 -6.589828175327111168e-03
4.045156236398003702e-01 6.168113318224075804e-03 1.600584736211831810e-02
3.753776896677231689e-01 -4.020501192849281619e-02 -1.860562272470100628e-02
3.593112971991215820e-01 -1.235227974490770153e-01 5.318455576975385148e-04
-1.888467642210878428e-01 -3.691675203782531778e-01 -3.591647616665838427e-02
3.825866801646008453e-01 -2.654805953893881187e-01 -3.378846515903152076e-02
1.125542306626803463e-01 2.984386943456702745e-01 -3.368971398038845058e-03
3.869529861156508210e-01 -2.196254243866219980e-01 4.252640561943775432e-02
-7.650337677987770202e-02 -3.221215515769425553e-01 -2.642096392411279540e-02
-3.315237224816715011e-01 4.898597374007498256e-02 -7.756179133440918236e-03
-1.866934571006227117e-01 1.860454207743936494e-01 -2.584023101158170257e-02
5.996042505831245678e-02 -1.213007707256902878e-01 -3.363994288227942220e-02
-1.658216671538078890e-01 -4.011695053199211825e-01 5.036953034693192159e-03
6.668897111140621725e-02 -2.051294437204017052e-01 5.039904432093669784e-02
3.507540152348778695e-01 -1.433476163960530070e-01 -8.902251002149308423e-03
-3.298284270632946269e-01 4.165638848037470261e-03 -2.062073283638762855e-02
-3.961642267181631483e-01 2.357385869368825437e-01 -8.419618654827774711e-04
-2.108705947479984077e-01 2.840636123768278121e-01 -2.242263685648640537e-02
-6.094083467773680346e-02 2.715270183929315850e-01 1.144546142921953327e-03
3.336120246888639729e-01 5.441890477875534204e-02 -4.190044164258393752e-03
3.737934874772759763e-01 2.136903480440511538e-01 2.711735138806741635e-02
-2.997428480371074899e-01 2.054198370619672587e-01 -1.223939496073890576e-02
-2.637400666505825830e-01 3.091408046541525567e-01 -1.966260949473621830e-02
4.071341610423304114e-01 1.036312303029664032e-03 2.214320925029863302e-02
-2.570302397239740966e-01 3.872033761782132100e-01 -4.736308019543598868e-02
-4.005996598297577593e-01 2.453642978147380915e-01 -1.692903556008666655e-02
-4.707500023314039050e-01 3.810373305969709523e-02 2.387872946911965763e-02
-1.421823100605153212e-01 -7.338838485567050415e-03 -4.437730168793385666e-02
-2.648901323833169896e-01 1.055637834013562967e-03 3.051552313466720026e-02
8.577780846207712362e-02 -1.825029798870890785e-01 -5.714824710388784201e-02
-2.762836434368082794e-01 2.183223160459214218e-01 -2.722338042142127476e-02
-3.189214548097191182e-01 -2.557771970935016070e-01 -1.896750577447551406e-02
-2.941740730679541782e-01 -1.363856065301417009e-01 -2.320647840284541935e-03
3.790797933005154996e-01 -1.102478822701249556e-01 5.899040526456417015e-03
3.691687651197057551e-01 2.370002378657159459e-01 3.294741677193655655e-02
-9.165585829273412144e-02 -3.836241268481211525e-02 -2.700653906376386526e-02
2.542817933975362044e-01 3.929206062040683789e-01 -8.682784052023478916e-02
1.163200839306765405e-01 3.251590550321487583e-01 -1.831559392930011756e-02
-1.730363181801733707e-01 -2.448789300191365481e-01 4.757613082296738814e-04
-3.083995413776804972e-01 5.447150554988648696e-02 -2.897895522466638341e-02
-4.516927148743587472e-01 -4.901508670750800295e-02 -1.822791826631099329e-02
1.387135139456950050e-01 -6.918289431544877299e-03 -3.438899870895891029e-04
-3.078396633301693219e-01 3.600921829218731163e-01 -5.196652585441059735e-02
-2.382067754003283078e-01 -6.170899805500175417e-02 2.179948728040717598e-02
-1.546541474480802314e-01 1.438587932539604208e-01 1.589887380005208101e-02
3.797318044934672732e-01 -8.640984783879217604e-03 -1.120433874195510271e-02
-2.804336717688032943e-01 2.429482935816289213e-01 -1.364737253022305780e-02
2.912849443986900710e-01 3.567925706418287879e-01 -7.566107370175231828e-02
3.457996886483118842e-02 2.616173404899615473e-01 4.174844958257350330e-02
-3.613676667700084222e-01 8.349368058170471285e-02 -3.448609389336398240e-02
-2.204184195719354755e-01 -2.570669819726156824e-01 -1.488360862200099497e-03
3.921094639609193702e-03 3.175014887254352242e-02 -2.643084997552678714e-02
1.335751636744858806e-01 7.864351269105454567e-02 2.107506626245869014e-02
-2.233756185072059142e-01 -3.913035987334925192e-01 -4.016361362517548161e-02
-3.328442380970176306e-01 -1.283252815040676897e-01 1.185469834866734705e-02
1.237805944374455319e-01 -7.533447106893725875e-02 -6.345178538143123048e-02
-7.305115993087155091e-02 4.519269582707344801e-01 -3.158443713026833771e-02
4.130111306361458623e-01 1.501319585154823888e-01 1.213776477024353095e-02
4.470930339562568800e-01 7.978620832918525974e-02 -6.891706193235991318e-02
-4.058737060302837762e-01 -2.160458782315146653e-01 -3.926059872797422329e-02
2.392890602126729327e-01 5.857424540307535482e-02 -6.007347367546847505e-02
-1.583049739973336478e-01 -1.788482585460292873e-01 -2.609424144441562995e-02
-3.281379163948065086e-02 2.046886266460355708e-01 -6.309527146399110387e-02
-5.883089748630774760e-04 3.639637469404485848e-01 -9.761730858748778397e-03
2.522227184555678736e-01 -3.113177637724376390e-01 4.976813197463598494e-04
3.120524053364167050e-01 -7.678259029297063165e-02 -1.244985247635374201e-02
4.656620364362680856e-03 4.462668609536108999e-01 1.095912258524561929e-02
1.341848533138403632e-01 -2.545419030005474093e-01 -4.828369351716045588e-02
8.101498517875188599e-02 -1.064366820572703459e-01 -4.433538287097244651e-02
2.652383781043876620e-01 -1.773394053210956556e-01 -7.180505363559698193e-03
-3.958385121487975611e-02 -2.826040211706188354e-01 -4.145026289369847100e-02
-2.426950847208695361e-01 -2.251481301347048603e-01 2.773036385878188334e-02
1.829213397544846298e-01 7.337623335723349183e-02 -5.423593050051617181e-02
3.334871895765980643e-01 2.928661955319261101e-01 3.553440606309823946e-02
2.254093334024792339e-01 -1.514520857049710123e-01 -3.032421173648163285e-02
8.277419604042590695e-02 -4.240578266380309325e-01 4.145688041539893724e-03
-4.354907230441698029e-01 -5.836538654257711345e-01 -7.523885692792182667e-01
4.756536657417942959e-01 9.988311093195270662e-03 4.409498882232253808e-02
3.898675365973952034e-01 -1.524126904648598624e-01 2.197217910065862867e-02
-2.098332737575678564e-01 1.996180994129793662e-01 1.509484139335410223e-02
-4.210585501701920030e-01 6.612384579319049993e-02 3.066639747842407702e-03
2.068434794599518789e-01 -8.883663215976375649e-02 -1.979823526784497273e-02
-4.800941248030778929e-01 1.125253533956480922e-01 -7.399185165298259592e-02
2.680173495528372363e-01 -1.258349940112771063e-02 -1.844858347064626605e-02
-1.867061636122993862e-01 1.621658689562323064e-01 -4.241053832208376700e-03
2.334600888626300330e-01 2.638999557406083163e-01 4.869391542375292939e-03
1.652263881843755999e-01 -2.568167759291353214e-01 -3.416311490024803721e-02
-9.835879048380634371e-02 1.336355713596858175e-01 -4.818603687522748924e-02
-2.958633423526760287e-01 -1.058338380847118482e-01 1.730896668413807113e-02
-2.139604312187290414e-01 3.210647510887280620e-01 -2.286182959970949752e-02
2.915459402785849918e-01 1.439185181784172762e-01 1.163203136252939120e-02
1.622503643361767611e-01 -2.865954640234827377e-01 -3.885236588838564525e-03
3.990479936646274539e-01 -9.304226742080668258e-03 7.322160582866291123e-03
-3.570928077738529938e-01 -2.095117197309943891e-01 -9.895297491646613125e-03
6.398611491114718219e-02 -2.984769389628377234e-01 -2.400927183498987108e-02
7.155290919922613346e-02 -1.610958983623953511e-01 2.142660325120753287e-02
-2.907639626937262300e-01 2.473557532591994235e-01 1.285315552268334778e-03
9.658914020262945876e-02 1.112362942978869784e-01 -5.499043781769004033e-03
-1.782732295932656919e-01 3.140142653677479023e-01 -2.252034392605145249e-02
3.575578201652945820e-01 -1.802105769991811934e-01 1.039756089137642593e-02
-1.434786514096120236e-01 -2.109428447671963802e-01 -6.350652461524058934e-02
5.238267833966778197e-02 3.940885418492657832e-01 -2.361586706335982999e-02
-1.379993451782709213e-01 1.366288650383522263e-01 -4.570987170849957065e-02
-2.230179753907360063e-01 -3.025880465895338656e-01 -1.221426266274438371e-02
-2.955179364316250501e-01 -9.248102340768935004e-02 -3.158449406417492000e-02
-1.270593706755891172e-01 3.333207481412769901e-01 -3.628356948889889522e-02
3.507677477110193176e-01 2.288789004879459021e-01 -5.116542807618616739e-02
6.796300561487450542e-02 4.227756304085280581e-01 -4.625749801507203496e-02
3.058328984164475073e-01 -3.654871792546023901e-01 -2.990440350167072880e-02
-2.639863923439835780e-01 -9.402637072871938839e-02 -1.243944332618067763e-02
-4.387755083017426116e-01 2.068368918109748655e-01 -7.038376607736991641e-02
-3.982308493179208542e-01 -6.032316505790518563e-02 -1.999087474810439316e-02
1.248271294201759932e-02 -4.457496291337803562e-01 -2.912523748523542302e-02
-3.628629656910443146e-01 2.200077720600153719e-01 -1.073751841482757305e-02
3.203057128341152970e-01 -4.381271949016199777e-03 -1.210703197426621879e-02
3.939347913274897084e-01 1.159934848617160674e-01 1.413510655633295164e-02
2.047057931933893016e-01 2.431405660147562264e-01 8.514294638600058626e-03
-2.201452106862509250e-01 -3.065813679089663402e-01 -2.035902253537421117e-02
-3.773399947294884260e-01 2.368806338817174006e-01 -3.684749726065427583e-02
-1.150707894376929441e-01 1.548220425428043778e-01 -5.613268854976411100e-03
-2.395572370658234085e-01 -2.724027499604572689e-01 -2.583582864439484816e-02
-1.416170334446794354e-01 8.776877161723996290e-02 -1.092879803908822396e-02
1.294566628970967026e-01 -2.603726477460998612e-01 1.342817649164494351e-03
1.161084199078741830e-01 1.519077537343642426e-01 -1.384423438158799251e-02
-1.685101282870563599e-01 -3.732635363222197022e-01 -2.957743271121537551e-02
7.578000429677705929e-02 -2.604443062196668546e-01 3.870048049175133648e-03
4.118020971212597164e-02 2.894504495562045809e-01 6.573070308165005968e-03
9.864493125050140254e-02 3.813704165527323497e-01 -2.144971706821893406e-02
-2.130918688765145452e-01 -4.093504606658725509e-01 4.035757387421319564e-02
4.311191207334014730e-01 1.758049244922099130e-01 8.016863648674774426e-03
-6.140551829762932318e-02 4.971123078029901499e-01 -5.435890666204209500e-03
2.561324122387873548e-01 3.487578185648526063e-01 3.787506643855903521e-02
3.013019480284735430e-01 -1.254850974921671060e-02 5.754669174739186245e-03
3.007983253347319419e-01 3.859183743671217026e-03 7.082555451222750931e-03
-2.440565888296685748e-01 -2.070378131586596282e-02 -8.215556039936697252e-02
1.819171572590696229e-01 4.008708697460190984e-01 -6.244057584128250016e-02
-2.192284571316608088e-01 -3.552983488461936706e-02 -6.954500347649628100e-02
1.636647177620526028e-01 4.599602000852887618e-01 -9.195795563782366289e-02
-4.193651639589395241e-01 2.118650873280494285e-01 -3.525944717915584226e-04
-2.831566960062168944e-02 -1.723721347927975045e-01 -7.409735098899634942e-02
1.132045459237413371e-01 3.377576700158945733e-01 -3.217488660646857217e-03
-2.250185781321512313e-01 1.830317325802009731e-01 -5.517198353152910628e-03
2.424986403599742602e-01 3.276113522173028092e-01 2.213684863830429200e-02
-1.023838405543509439e-01 2.878762051124434951e-01 9.608702256834748129e-03
-4.206924668551425550e-01 1.474319087084219881e-01 -1.729943096744228359e-02
2.426654977782693734e-01 1.895478676405132346e-01 -2.348843211817121940e-02
4.620443668106297141e-01 7.309211429757572764e-02 3.911751648175169210e-02
3.186109489715008847e-01 2.624114016891782031e-01 2.310243818559703718e-02
3.766797453388691097e-01 -4.004021991432263339e-02 -8.635932185994888571e-03
-3.298635420233814175e-01 -2.226101483378035428e-01 -1.584750681641398234e-02
-2.058107365088471252e-01 -2.549357609538803193e-01 1.398505768067942467e-02
2.969921458843917117e-01 -2.211843138037908607e-01 -2.293206444835227571e-03
8.581560147164621344e-02 -4.089912030559703093e-01 6.719202051182413850e-03
1.862915105502991817e-02 -2.070062307154433845e-01 3.230072063801752574e-02
-2.800299564467885749e-01 -2.392147997944561177e-01 -2.651765614580768593e-02
-4.246796407512283822e-01 7.612047608206468086e-02 -5.521321587651683432e-03
3.879898624876627067e-01 6.006019430058865544e-02 -2.517702897051621660e-02
-1.515926526459256130e-01 3.014593963535605048e-01 -2.943776971327480285e-02
-2.241467281948543722e-01 -1.392089495918096831e-01 3.713939161897530233e-02
-9.774063296119410438e-02 -3.753265773775895653e-01 -1.227815342356841297e-02
-3.034381172169138274e-01 -3.404960919123761753e-01 1.394629019156816419e-02
-1.492398452964854572e-01 -3.239701077727857870e-01 -1.938620491223748757e-02
2.268867162183236252e-01 -1.860693439237132984e-01 -7.809157976254188331e-03
3.361749766855976485e-01 -5.635704307357212312e-02 1.176267745795220830e-02
2.115445268527147149e-01 8.176469621061710491e-02 -3.277176542973144618e-02
-1.545508161352664861e-02 -1.104690411887083029e-01 -3.615625343518146656e-02
-1.377822597287048367e-01 3.466910205138860057e-01 -1.433505898459961833e-02
-2.658627444329753620e-01 -2.029504389560243816e-01 -4.405536745611601107e-02
-1.505201004076408555e-01 -9.842107857907764212e-02 -2.521891413004462984e-02
1.512805016275585723e-01 2.806960474603295008e-01 -1.958391782656233523e-03
3.491920168362292465e-01 -1.423978013591279124e-01 -1.271139731358155410e-02
-2.885901056767617989e-01 -5.401980223156792327e-02 9.749374237308870358e-03
-2.603250498846239602e-01 -1.201444580494419184e-01 -2.810823364585791559e-02
-2.312004907680857979e-01 -2.540834878309839451e-01 8.062605572846799976e-03
-1.250747189932986947e-01 -1.193385782535651002e-01 -5.986881926566741188e-03
3.160430841224305953e-01 1.232628457834094582e-01 -1.625953326742559735e-03
-2.243213171682537643e-01 5.223237302136438109e-02 3.633213774659641015e-02
1.216529902740065283e-01 -3.787195631726568701e-01 -1.199502947477157008e-02
2.061963592909640541e-01 -2.538849972745723105e-01 4.264498668100916851e-03
-2.080751520828148238e-01 1.770557714858191078e-01 -3.267313437009135291e-02
-3.561586506695092469e-01 1.386535538956070179e-01 -2.989111164738475837e-02
-3.515031834219740636e-01 1.765876701817106209e-01 -1.547453008016695664e-02
-3.396350294562071048e-01 1.122718118970253420e-01 -4.101149701028510702e-02
-1.051013352874236029e-01 -3.504257367447959903e-01 -4.086917526435395950e-03
-3.173032080577011804e-01 2.562389435174536878e-01 -1.974878475264337657e-02
-3.382736174702629661e-01 -1.945527607227489075e-01 3.852037032670452277e-03
6.232076647989472779e-02 -2.250518845567846607e-02 -1.527874613243339341e-02
2.385364489640925123e-01 -1.956096224921495819e-01 2.642444570671443824e-02
1.179761125920765902e-01 -4.373469975391789388e-01 5.452581287320649658e-03
-2.024687187158044632e-01 -3.442061559579693286e-01 -9.147134429595771624e-03
-2.429625646393105964e-01 -4.139494823874161900e-01 -5.555383901312875572e-02
-5.939228603640846899e-02 -2.119448733547026065e-01 -1.865895483092127813e-02
-4.054059077282472501e-01 2.539473712212633183e-01 3.467398375956823320e-02
2.144893490356739874e-01 -6.089157078837612730e-02 1.781667622222283046e-02
-4.395590228677079270e-01 -1.604019132233850953e-01 -2.782080031212305626e-02
-4.107659480422121145e-01 7.213017830215069648e-02 -1.408506003792003858e-02
1.897265859105919938e-01 -4.329216748517002999e-01 4.880113996351605893e-02
-1.529317680713688787e-01 4.092207766799942914e-01 -2.562199797813988905e-02
2.888240121023492035e-01 -4.173227435935021601e-02 1.870592576614195715e-02
-6.280659942204547264e-02 2.785973555001077240e-01 -1.737671625174572534e-02
2.596107995334682728e-01 -2.336369111610190064e-01 1.168488211531100614e-02
8.538489795990515940e-01 8.092678820091896430e-01 -4.083708600627724561e-01
