-3.905126325072506788e+00 8.879639384599375962e-01 -1.336635687260304017e+00
-4.735746524906398136e+00 9.943313346043062273e-01 -1.485799256645613742e+00
-2.936459725848465929e+00 7.285195690163346338e-01 -1.658092651777471005e+00
-3.976534041846395251e+00 7.108709159351523921e-01 -1.279335081203553104e+00
-3.234316156420463440e+00 7.458634330540723223e-01 -1.534260147659990858e+00
-4.382366139958735474e+00 6.319652102969800511e-01 -1.201401716576527612e+00
-3.780065656708607058e+00 1.464115964283229321e+00 -1.377773896363976069e+00
-4.186945436107389895e+00 6.012439522692906158e-01 -1.402456253791563467e+00
-4.289651331159968883e+00 1.368499056958595084e+00 -1.520802653636143420e+00
-4.266693201501291277e+00 8.448101974296526873e-01 -1.319277201720556514e+00
-3.720260648993153119e+00 1.175184671261683578e+00 -1.357032071509827853e+00
-3.948775668241211179e+00 1.201714055153265237e+00 -1.414451145587296121e+00
-4.379129712769982419e+00 7.257072856661465066e-01 -1.315073703494018531e+00
-4.297619141364103612e+00 1.166001126962278756e+00 -1.162806922134727694e+00
-3.536618101754342103e+00 9.411442514422987404e-01 -9.417418864529000233e-01
-3.887102778845600959e+00 5.239094301017261923e-01 -1.165813205621871740e+00
-4.714258389527018700e+00 1.108238688522072302e+00 -1.744421979625266683e+00
-4.617797671590673225e+00 1.339937104989615158e+00 -1.218198652409253624e+00
-4.018869167285517463e+00 1.202698915540809210e+00 -1.370223018713870866e+00
-3.931362993193284083e+00 1.467926442354171357e+00 -1.326330537226486861e+00
-3.607243563692642763e+00 1.147564421378932442e+00 -1.161199826968591031e+00
-4.515277176079253607e+00 5.797478873538496336e-01 -1.000989813194009592e+00
-4.028167550392028673e+00 5.777003313729510703e-01 -1.199286371400578810e+00
-4.499600939338765926e+00 1.766355832955526228e+00 -8.209659071493831117e-01
-4.243261368475146789e+00 4.381735199566978989e-01 -1.158173036367636355e+00
-4.173951990006890433e+00 6.005585779994211393e-01 -1.142025353998516568e+00
-3.859887438981948193e+00 7.070357215343823221e-01 -1.202025806933693985e+00
-3.273169035841675178e+00 1.147913749597065936e+00 -1.402844884679885551e+00
-4.351512221407353387e+00 5.520359212459520215e-01 -1.111431670272693406e+00
-4.220874391599902076e+00 4.845966501878627986e-01 -8.763349025520622559e-01
-3.673909060999135612e+00 6.491375081064485464e-01 -1.216720660829136103e+00
-3.751896137194266512e+00 5.431407497817846153e-01 -1.233152493918508785e+00
-3.875385758465918595e+00 1.288842491078885377e+00 -1.330485380386888350e+00
-3.243746077324231258e+00 6.402592754922560303e-01 -1.486412260584000888e+00
-3.561642707694710364e+00 1.100979936991200558e+00 -1.536494892717328309e+00
-3.790833962159751547e+00 1.188443133314422084e+00 -1.206848122232172971e+00
-4.102807794108769279e+00 6.220177863623085335e-01 -1.049279368182080008e+00
-3.919170375562824216e+00 5.818210961150216409e-01 -1.155692907572289041e+00
-4.172316662422548283e+00 3.687441277605234546e-01 -1.155567223675878052e+00
-4.437259285756519844e+00 1.030727242019327639e+00 -1.434263196541504914e+00
-4.727543380606022083e+00 9.334233220973613410e-01 -3.679067620225092150e-01
-4.385214356331103680e+00 7.848636876700536558e-01 -1.062058170506602117e+00
-4.122021737863122759e+00 1.394625503768826214e+00 -1.530629328444899739e+00
-3.668391879258084742e+00 7.160774601931779726e-01 -1.292228461233085657e+00
-4.128419400597273636e+00 5.411833463218251872e-01 -9.086969163054332554e-01
-4.614051308272597574e+00 8.244502265174702416e-01 -1.374795157925178701e+00
-3.554187393056694511e+00 1.101026351234731360e+00 -8.335821490411980950e-01
-4.580355532912982142e+00 1.311698633798340063e+00 -1.287723289630779089e+00
-3.996717593710439331e+00 6.983407088485780179e-01 -1.381699064013687472e+00
-4.454608535370769395e+00 9.332707579513758178e-01 -1.933565351586826297e+00
-4.047718783162321365e+00 9.658259488771527845e-01 -7.380854711294182469e-01
-4.561986998765586776e+00 1.020620729412285765e+00 -8.846703309242502922e-01
-4.201966668665064297e+00 1.540592751212271017e+00 -1.807900486248287697e+00
-4.559096514887969853e+00 1.250526478277712128e+00 -1.259370561278314149e+00
-4.865685443644435004e+00 9.502065409252614669e-01 -2.135063306142331196e+00
-4.010698061891925015e+00 7.825535354555929191e-01 -1.518788197937534834e+00
-4.215553413854774334e+00 4.763285620348459148e-01 -1.199682168333544352e+00
-4.241455327264443298e+00 6.108394981120259803e-01 -1.190390213121361063e+00
-4.790472234624288284e+00 -3.726868232192843272e-02 -1.735036186068933839e+00
-4.200735615071787166e+00 7.549125150759600222e-01 -1.145298424834037876e+00
-4.091560167938337322e+00 1.285119647802858978e-01 -5.962266441460941646e-01
-3.434104552985989045e+00 7.903211781840722150e-01 -1.206457050819224497e+00
-4.753119425482221772e+00 1.583159093090550140e+00 -1.775280999289441608e+00
-3.961612757227118475e+00 9.758942124606914126e-01 -1.162384145731487628e+00
-3.818876995016858178e+00 1.280636430963075778e+00 -1.211464855756985148e+00
-4.098611403265972619e+00 1.257343900983791674e+00 -1.186776255792977741e+00
-3.978861410777443819e+00 1.195605469775275820e+00 -1.170662867241970106e+00
-4.114287475264434946e+00 1.144755682114976247e+00 -1.086086498884089480e+00
-4.160648409349683163e+00 1.550701939801041762e+00 -1.307897059503707826e+00
-4.542792180053726980e+00 1.091022164753209234e+00 -1.712767370752975138e+00
-4.047886998441093453e+00 9.625053670522648597e-01 -1.436517642143878559e+00
-3.829134646166409972e+00 7.963264682072864753e-01 -1.043876627909257948e+00
-3.997888889098431431e+00 1.149778262395432016e+00 -1.225121046646756806e+00
-4.109241567033029341e+00 1.197855283772326640e+00 -1.038768862848086671e+00
-3.831716275445544717e+00 4.640220079549899346e-01 -1.102017862278372062e+00
-4.533561242246401335e+00 1.450769210262527587e+00 -1.357942484698748231e+00
-4.242224044765841917e+00 5.030236586187922798e-01 -1.465000826898776642e+00
-4.035602166299368854e+00 7.071324474865731124e-01 -1.704349526311506491e+00
-3.976767420673295472e+00 9.289694073948443487e-01 -1.216858492082280030e+00
-3.698101139933473114e+00 1.203663844591141618e+00 -1.179978584985255541e+00
-4.019680169919781498e+00 1.035358847482068079e+00 -1.189542424060594072e+00
-3.651944947866026858e+00 1.518884421307150845e+00 -1.263360981202707123e+00
-3.909015194971380058e+00 8.128641576899940935e-01 -1.549036108220755770e+00
-3.541984653493436053e+00 1.779900711107084366e+00 -2.657419867386844881e-01
-4.367986659644311764e+00 1.075143455942566773e+00 -1.261304742121935218e+00
-4.302877639256262654e+00 7.154007480352273518e-01 -1.106406694727939177e+00
-3.844167906088344910e+00 1.324646940941723638e+00 -1.201314431534474592e+00
-4.201865059555114357e+00 6.696723476410069154e-01 -6.436062753781595092e-01
-3.623463194274374910e+00 7.767752154843822199e-01 -1.339532888154532086e+00
-4.331092774098986631e+00 8.610700713875691914e-01 -1.256230016943918004e+00
-4.423314269738440885e+00 1.118768406314051944e+00 -7.355089513886235997e-01
-4.409035105454742087e+00 8.194504196929901507e-01 -1.389349248075518295e+00
-3.465771190850843286e+00 1.174805040254033983e+00 1.028986834915045639e-01
-4.318534589907346621e+00 6.889322675532731921e-01 -1.411482978332349258e+00
-4.515965477980316223e+00 6.400076920244920364e-01 -1.194491688381867256e+00
-4.152834654998013519e+00 1.463993463245999882e+00 -1.124709162372753868e+00
-3.670410503434258676e+00 5.524558174761342588e-01 -1.115521280311083219e+00
-4.108206880439164266e+00 1.019410986311854117e+00 -1.204770674312595879e+00
-4.265371675994768630e+00 1.207650344497832151e+00 -1.463340642063980734e+00
-3.743777192635544981e+00 1.240291011348082728e+00 -1.344315279738651947e+00
-3.705276599682471694e+00 8.012949997036016292e-01 -1.264718235375905220e+00
-4.444627689229616152e+00 3.739068916214052241e-01 -1.221877027655359660e+00
-3.390538459156673845e+00 9.567973719963689394e-01 -1.171311480121745463e+00
-4.069218448990661763e+00 8.709264642894266606e-01 -1.175902343667370786e+00
-4.257218086627715614e+00 7.436205533218582797e-01 -1.238158029548475980e+00
-4.349889083394987921e+00 8.922622571041759487e-01 -1.110125836568071511e+00
-4.192148866962303266e+00 8.540216798637942919e-01 -1.423409186563277418e+00
-4.589329673962886602e+00 1.140159176094554416e+00 -8.730146075897629032e-01
-3.628635584891798160e+00 1.086652213120137045e+00 -1.173459950640584504e+00
-3.469658315312924124e+00 1.049872298037985319e+00 -1.494148567581713216e+00
-4.363500782877967943e+00 4.936714721720057431e-01 -7.881275964181749805e-01
-4.143773058924622887e+00 8.083585586763664121e-01 -1.245123512099880259e+00
-3.974177794800581420e+00 3.099108215728287874e-01 -1.102488140171991926e+00
-3.507018854825512566e+00 1.819695703107027773e+00 -6.231986906090817291e-01
-3.761099009810341176e+00 1.361504509922288442e+00 -7.853566153243577430e-01
-4.280834900622413564e+00 6.656969074964821376e-01 -8.461403265941952467e-01
-4.022213739171552227e+00 9.956140283533171376e-01 -1.145147466940138470e+00
-3.809596955530345053e+00 6.159778404572147092e-01 -1.216348730524833055e+00
-4.385388529052829831e+00 1.072054109145771816e+00 -1.012357119352563339e+00
-4.211899201095103962e+00 5.574604748240372665e-01 -1.165830393325407499e+00
-4.056388527060874161e+00 1.190882719432848624e+00 -1.201265922133329500e+00
-3.808148562810643956e+00 7.700885816704508002e-01 -1.093782645523816877e+00
-4.394259833023117068e+00 1.686223089170961531e+00 -1.232894704751017256e+00
-4.440638214346108725e+00 1.028616319820063962e+00 -1.222051085816572291e+00
-1.888711458969101287e+01 4.620263584183173577e+01 -3.091649241597513864e-01
-4.345713636793312240e+00 7.668497504141420507e-01 -9.451993823449994503e-01
-3.990070831015158692e+00 7.070355176401926789e-01 -1.480053718979408739e+00
-3.584679945753883601e+00 7.805581114289383837e-01 -9.077833818246816566e-01
-4.526730448178921229e+00 8.069069858253186123e-01 -1.202550662828107741e+00
-3.629528165583604693e+00 9.968477290781259104e-01 -1.200299723675200436e+00
-3.928501166662105248e+00 1.373202980926831795e+00 -1.035931117372095756e+00
-3.920646776428342584e+00 1.206183177501091830e+00 -1.421930390954074364e+00
-3.550711650971976940e+00 1.083003557591536881e+00 -1.249933880456334911e+00
-4.018197428448001318e+00 7.381850401624990843e-01 -1.153771537285842586e+00
-4.194485975255099142e+00 7.479432652437307816e-01 -1.207278671499288469e+00
-4.563317560359396730e+00 1.443114092886963462e+00 -1.204401737764329156e-01
-3.709107290528786294e+00 1.026478024702775826e+00 -9.530826329971517907e-01
-3.820978179993530066e+00 1.582578094493886534e+00 -1.337384967331135099e+00
-4.457988641082531345e+00 1.295023430615413140e+00 -1.243494741434372219e+00
-4.330948556453504850e+00 7.074647834475306096e-01 -1.057951292729800263e+00
-3.963092987899730524e+00 1.293270005219990804e+00 -1.194763922494624486e+00
-3.642720765474608768e+00 1.381942980786825759e+00 -1.031013098468385181e+00
-4.545386817488317632e+00 1.027912973183505496e+00 -1.183065633333366451e+00
-4.250583504129656021e+00 3.160318616696831118e-01 -1.113166289155008926e+00
-3.808643780410291946e+00 6.039387529545474642e-01 -1.102242472445554400e+00
-4.140316188585068780e+00 7.676395466643018972e-01 -1.115758923152904813e+00
-4.081867857148582246e+00 1.146219483808309958e+00 -1.343577494250067117e+00
-4.263739210795456813e+00 1.231873085427056758e+00 -1.545858521664382312e+00
-4.161024996367844508e+00 1.799747310174125037e+00 -1.554811400045204017e+00
-4.216558313415742276e+00 1.440057136649751213e+00 -1.116200388035978541e+00
-3.743968048143118565e+00 6.524220570229338767e-01 -1.291162324540088724e+00
-3.982280554559760155e+00 1.283091587135275713e+00 -1.212132518788953339e+00
-3.680849491110173677e+00 1.380864807639993863e+00 -1.179586946357364274e+00
-3.964510498438408526e+00 8.571742108236189983e-01 -8.743759721021194808e-01
-3.908652609258443711e+00 1.453541229966941906e+00 -1.259343806508475883e+00
-3.211048677315990307e+00 6.416424632550072893e-01 -1.090225638544447984e+00
-4.139107820110010216e+00 1.060281782471348855e+00 -1.275297642068456527e+00
-4.125504694601887401e+00 7.358692498310103192e-01 -1.367957809499363186e+00
-4.942418195265684489e+00 1.756201054944603657e+00 -9.566686772115087223e-01
-3.935226107250406447e+00 1.237538661082270730e+00 -1.249920241640606333e+00
-3.904523978148777275e+00 9.920054953882018189e-01 -1.276702834783416618e+00
-4.249349682588685617e+00 8.635786536924585644e-01 -1.274806546175470956e+00
-5.203092605760807565e+00 5.915688882373300039e-01 -1.693226648559713610e+00
-4.353647905991013367e+00 1.154098668068764821e+00 -1.211035420727430534e+00
-3.806855813434160130e+00 5.166053643407976237e-01 -1.290948159994195210e+00
-3.595532220503961263e+00 8.300497494909979679e-01 -1.194209337495427903e+00
-4.090094636213231993e+00 1.061310530063180213e+00 -1.099741688843629550e+00
-3.866644555472499967e+00 5.734699002552099412e-01 -1.312411595043630363e+00
-5.103160139841269149e+00 1.111772834346188121e+00 -1.832336510465767621e+00
-3.766440186542564739e+00 5.204512825707469093e-01 -1.259541127957825024e+00
-3.504789206047680850e+00 1.157613530087274745e+00 -1.087179248944309284e+00
-4.144331552659432205e+00 1.190788562910794379e+00 -1.298976439949053763e+00
-4.306298461815063483e+00 1.212137004850097899e+00 -1.123797693114914953e+00
-3.922415458704952229e+00 5.394696458788109661e-01 -9.692432622913713658e-01
-3.535980249783153617e+00 2.679288318545808845e-01 -1.635881454953122871e+00
-3.899760837805988256e+00 8.766147699424347017e-01 -1.407454403819453637e+00
-4.325469886077225823e+00 7.605524311511256963e-01 -1.083945928569620021e+00
-3.874551773247995268e+00 5.545048640938315954e-01 -1.243791897476383967e+00
-4.411305506082137562e+00 1.103317319850656952e+00 -9.963122793311838254e-01
-3.923402676278811008e+00 9.511427105870544629e-01 -1.067059106887138231e+00
-3.892203272528140801e+00 5.826230651277437556e-01 -1.218621127861278630e+00
-4.272251435763021910e+00 1.071905630557986155e+00 -1.280509215503199405e+00
-4.197627561465556489e+00 4.807742650434722598e-01 -1.201918408901428537e+00
-4.843407272946972597e+00 8.576284950713553012e-01 -9.718616119166415546e-01
-3.815169325234634368e+00 7.732919964007057834e-01 -1.282506220034514977e+00
-3.876057188259494524e+00 9.910888739290945049e-01 -1.236373820811252244e+00
-3.837846015014000134e+00 1.289780131120659812e+00 -1.266801453040190539e+00
-4.023957711446608521e+00 9.503517536132188859e-01 -1.226085142114730298e+00
-3.432148973802042313e+00 1.299694974840414075e+00 -1.153294819787648917e+00
-4.291955525568146079e+00 7.489145264401307900e-01 -9.776679525861236009e-01
-3.039737641457176398e+00 5.089066924124850955e-01 -1.297153367466213680e+00
-4.084612975430565562e+00 1.386788511711606775e+00 -1.499844867322303044e+00
-3.877196371937043029e+00 1.348947259026058498e+00 -1.129193872776291796e+00
-3.908397551435416784e+00 1.465598076734894839e+00 -1.195264248652938566e+00
-4.338814510936465751e+00 7.729300456956216259e-01 -6.737476803585331631e-01
-3.380611009409580259e+00 2.007816897088358310e+00 -7.127067561626367898e-01
-4.634028061683742372e+00 1.047022938982030693e+00 -1.302072179179557088e+00
-4.248607461345407899e+00 1.297587140457169719e+00 -1.422503965472166731e+00
-3.517581359726881463e+00 1.105972113519628097e+00 -1.188791212887422954e+00
-3.872295465789120428e+00 3.876639405398698002e-01 -1.087334109432820162e+00
-4.028033612366721528e+00 1.208792966236565736e+00 -8.598713006949020299e-01
-3.790432207563020572e+00 1.497323712600911572e+00 -1.019042610770910740e+00
-4.257584339796493644e+00 1.192079925603253709e+00 -1.245777861615092075e+00
-4.911254679990196159e+00 6.365293224804908778e-01 -8.190780591826125612e-01
-3.603471557299743999e+00 1.011245237049787526e+00 -1.115156418651365611e+00
-4.051442850549321406e+00 9.324116731072928932e-01 -1.311037913707231217e+00
-3.560533574014687286e+00 1.399731898565554911e+00 -1.239575903020536440e+00
-3.930592799517212743e+00 1.336548284257613295e+00 -1.330038405979521166e+00
-4.443541784494444258e+00 8.404909087474318197e-01 -7.643030353203035254e-01
-4.518617462073316382e+00 7.833113138822022092e-01 -9.622544801321770702e-01
-4.704644599096281965e+00 9.032968987503595670e-01 2.220731416301609251e-02
-4.398494068544317237e+00 5.717525113992772967e-01 -1.229094976041458009e+00
-3.536639952617908644e+00 7.895508774149128106e-01 -9.450328118420954215e-01
-3.538924201797241764e+00 1.039489866235792537e+00 -1.314332438468004405e+00
-4.536246086639371455e+00 5.232436926196659677e-01 -9.806985079361711932e-01
-3.790947650815445602e+00 7.042188953996890710e-01 -8.324065948518336588e-01
-4.038102592187393647e+00 1.712772641167451093e+00 -1.136425066747784651e+00
-3.756910963321150376e+00 5.616201018725663907e-01 -1.198360663307717067e+00
-4.406258321126438560e+00 6.704852584929605896e-01 -1.221549520411770562e+00
-3.770934083445705021e+00 1.016217999537144312e+00 -1.095829020382204755e+00
-4.112633355458226170e+00 1.205736140179122007e+00 -3.691633308341304293e-02
-4.040587362726497211e+00 8.885545907063367999e-01 -1.179663881825546712e+00
-3.807003399722101111e+00 1.157604514891135805e+00 -1.555520739690961163e+00
-3.873098251996203611e+00 1.239734298036605287e+00 -1.305241968015364851e+00
-3.657778724134366666e+00 2.119315482330811629e-01 -1.131816551939312188e+00
-3.850083189324205346e+00 3.764731706961820801e-01 -9.412283975478721310e-01
-4.007342443015748934e+00 7.221415049204242820e-01 -1.117206950750938121e+00
-3.752397441549971902e+00 6.552343827976023771e-01 -1.189541974308899741e+00
-3.974001811011496965e+00 7.760426866944954982e-01 -1.130707585828538031e+00
-4.067922981505395441e+00 9.201468981988445428e-01 -1.101198083200388922e+00
-4.950852098753312447e+00 1.005652803900567216e+00 -1.417496681940573655e+00
-4.368599378232975283e+00 5.343762767585928941e-01 -9.937504839646835730e-01
-4.300611153125998953e+00 1.197130480751253723e+00 -1.161130525748682807e+00
-4.300199000581363507e+00 4.668347146881959286e-01 -1.411350733043589267e+00
-3.613270740013522442e+00 6.804857225014060429e-01 -1.139823946366863128e+00
-4.306661419404285596e+00 6.690538568767430139e-01 -6.528364044456993476e-01
-4.220697222887737077e+00 1.405273837837334394e+00 -1.045506406460303461e+00
-3.460235808422408965e+00 8.820899453155974790e-01 -1.059235938175083769e+00
-3.703950299597718487e+00 1.317006653808871386e+00 -1.533546312601114181e+00
-4.460620203637645886e+00 3.625085208232468603e-01 -1.193717825418926015e+00
-4.631248303886461137e+00 6.417944680924624334e-01 -1.258686383924099594e+00
-3.687710689850770329e+00 1.209833041609110982e+00 -1.189087020977522169e+00
-3.976943414702210244e+00 3.772377091767247781e-01 -1.137453049935292171e+00
-3.965465653665086965e+00 2.801111808701384764e-01 -1.590861599402638271e+00
-4.508715469018702571e+00 1.147887145458397651e+00 -1.456130944057277388e+00
-3.978428961967288124e+00 6.521541468803438990e-01 -1.128294317862777341e+00
-4.315247999511432120e+00 8.480614126862268121e-01 -1.031391677787299344e+00
-4.698474979614523761e+00 7.069228909300685482e-01 -1.236238833788065428e+00
-3.428944029240968749e+00 1.289911744603516430e+00 -1.134072991030153632e-03
-1.610915240582348318e+01 1.086737570985029322e+01 3.986434790073767331e-03
-3.750730522458461724e+00 9.422823990020671170e-01 -1.418168728109517884e+00
-3.894182808083187730e+00 5.845653889945094939e-01 -1.189223213906597243e+00
-4.339495787251236969e+00 1.141688802552477178e+00 -9.227658061862522576e-01
-4.026077818692882282e+00 9.832011116960738262e-01 -1.267575501132662152e+00
-3.864240301287712231e+00 1.220825375761459830e-01 -1.421474275768778606e+00
-4.071088905121422741e+00 6.270091153970627218e-01 -1.423538446867885554e+00
-3.624146170731269656e+00 7.560524557073138308e-01 -1.106210735563453396e+00
-4.369590469611697614e+00 7.328147829478942610e-01 -1.098458101572748813e+00
-3.755239136847834835e+00 1.112437420431590551e+00 -1.335947343981912949e+00
-4.455717776820148579e+00 1.157923873742554344e+00 -8.177131930459621278e-01
-4.385551175738631180e+00 1.029713530626278795e+00 -1.241033351111096694e+00
-3.558692050964742837e+00 1.184939483865992349e+00 -1.446765099698576584e+00
-4.241105769515470136e+00 9.230402715794050472e-01 -1.198670300123606314e+00
-3.501244607214934135e+00 1.187998295698645013e+00 -1.285838817487906738e+00
-3.975426812465946202e+00 8.410155553368920955e-01 -1.259338614711076332e+00
-3.939113237726378003e+00 1.929849255079575610e+00 -7.975584905592280061e-01
-3.859223174544266222e+00 1.297434771213735072e+00 -9.770076378909181569e-01
-3.693333986588260398e+00 3.594555372805633975e-01 -2.709941052780700410e+00
-4.259776681310099455e+00 9.975960861208088559e-01 -1.283532264040566639e+00
-3.028687148260271744e+00 1.579201790795337956e+00 -6.201438514631008037e-01
-3.910936726002501640e+00 1.040507024013783699e+00 -1.225231282985843162e+00
-3.847166805479375729e+00 1.349518049496077898e+00 -1.050416959798975203e+00
-3.883061279352167272e+00 5.987076554114971749e-01 -1.261853714233697410e+00
-3.943840321152692230e+00 1.510716546387890657e+00 -1.327830560325295561e+00
-3.631181526282962313e+00 9.835998021891827481e-01 -1.211097551076145695e+00
-3.791576043647570948e+00 1.352819892648557509e+00 -1.204350499649859518e+00
-4.142515800617803556e+00 7.214309984277375021e-01 -1.027398460293183824e+00
-4.319041901455389798e+00 6.541666381637427641e-01 -1.377586493001391910e+00
-4.405306021016244244e+00 2.449446374809621518e-01 -1.725909778117247662e+00
-3.923610898905926181e+00 5.876649295846496646e-01 -1.826943377160453741e+00
-3.883697819828319187e+00 9.420614761946473070e-01 -1.090068458321255207e+00
-4.457703872791102029e+00 1.487857277354503793e+00 -1.276953051332319955e+00
-3.678978416481111680e+00 1.005011450559634811e+00 -1.077467336862553360e+00
-4.268636763520708755e+00 1.241078300252610900e+00 -1.328709333745977661e+00
-3.975271267919115559e+00 9.711970874311055546e-01 -1.320926885881841262e+00
-4.000245494832089577e+00 1.494936799234483082e-01 -9.111472234738214881e-01
-4.346452341715716372e+00 7.400441697165921484e-01 -1.433788294100906358e+00
-3.634635486931856452e+00 4.120051996804228733e-01 -1.398305331133162577e+00
-3.815086337458261312e+00 1.185334381611555798e+00 -1.237017864308576520e+00
-3.729539634032533080e+00 1.795213392521007034e-01 -9.006619108210477398e-01
-3.181796224641152193e+00 9.664247466762257988e-01 -1.126331604736243497e+00
-3.635652790581295424e+00 7.038260544968188981e-01 -1.227364386315560774e+00
-3.793862173894993362e+00 1.290800264259280850e+00 -1.125655807058868918e+00
-3.545007556659195203e+00 1.314138716325575107e+00 -1.701320834204199217e+00
-4.683778872470945487e+00 9.677879875698034429e-01 -1.051770745643387794e+00
-3.806846137027232402e+00 6.232231335862497001e-01 -1.176266823172819276e+00
-4.320503518006790777e+00 1.415819225611477217e+00 -2.161775058227744406e+00
-3.793550121969287758e+00 6.708766764896145762e-01 -1.272931524934879377e+00
-3.262052396051986491e+00 1.471907496820775041e+00 -1.311798562113589472e+00
-4.355289828550903408e+00 9.660594019105973596e-01 -1.094230505396023512e+00
-4.332380410704810281e+00 1.281485486822898867e+00 -1.181233994599712567e+00
-3.765749566483052480e+00 1.155613333072308846e+00 -1.235526714428185846e+00
-3.164487586467082281e+00 7.247440247636164345e-01 -2.119362595910549540e+00
-4.134340285234947565e+00 9.556350835607944072e-01 -1.426060881153939031e+00
-3.790511284511556056e+00 9.383330786104765453e-01 -1.235516165012403578e+00
-4.063927282090815218e+00 1.088565207212622399e+00 -7.766753373937763660e-01
-4.195942263568155361e+00 9.296780274140399314e-01 -1.259934042280811628e+00
-4.503408018794440970e+00 1.082277306793534066e+00 -1.134330809516029381e+00
-4.383325732847252354e+00 9.753000504251653213e-01 -9.945779378783955460e-01
-4.114760865918042576e+00 1.242090961966168638e+00 -1.530904851072569572e+00
-4.538944279230683776e+00 9.132701607918465303e-01 -8.724677164345232550e-01
-4.304298196746378480e+00 7.492254013997852180e-01 -1.156123889321002407e+00
-4.231386785274644957e+00 1.529927413693487948e+00 -1.013390311320935711e+00
-4.080031586581949199e+00 1.156329612941678242e+00 -1.631616439322240097e+00
-3.660715517384824924e+00 4.475496263275935416e-01 -1.141337177823366300e+00
-4.666519478459951742e+00 1.148408987586179597e+00 -1.398636997417734618e+00
-4.554154953702068021e+00 7.960666367590024661e-01 -1.639843146036467303e+00
-3.562127261788560428e+00 8.780337660370152175e-01 -1.352154528010800716e+00
-3.735678819602340717e+00 7.987237241986304692e-01 -6.688520728794491443e-01
-5.101246387295049090e+00 1.400050605410609439e+00 -1.054419068748912558e+00
-3.992705755622317110e+00 7.736713347845396438e-01 -1.189984081250665682e+00
-3.953116685946467701e+00 1.696751732652484579e+00 -1.749980549737113034e+00
-2.873546489672194504e+00 1.593341589930775903e+00 -1.053513206085636700e+00
-4.523421969020304800e+00 7.049825930951382214e-01 -1.079574231846821331e+00
-3.858852970800614735e+00 1.144691624244890793e+00 -1.249769061582379770e+00
-4.229453776615081928e+00 7.636119254216560126e-01 -1.420800778079445159e+00
-3.429978942368017591e+00 1.134044810771014378e+00 -1.467375210362600102e+00
-4.228162201236262518e+00 9.011084548700882824e-01 -1.136201655058644899e+00
-3.807819159540725806e+00 8.693403248398632321e-01 -1.424110679538813873e+00
-3.691831125862688801e+00 1.160420753766448376e+00 -1.292657606117250779e+00
-4.114829478119870210e+00 8.249818613258036448e-01 -1.240779621235795993e+00
-3.753810987103423091e+00 6.167905522032605115e-01 -1.054155985092951608e+00
-4.507054321119817075e+00 1.016367129423749738e+00 -1.364223760812101505e+00
-3.953259886777159338e+00 6.244735922062288891e-01 -1.188287455367157408e+00
-4.503716223674568475e+00 8.435054419016053684e-01 -1.187901775906695434e+00
-4.947008668224659900e+00 1.027729746016547319e+00 -1.548596132600626563e+00
-4.254564487019774965e+00 1.142862199448175353e+00 -9.115701788881145351e-01
-4.235698790262098612e+00 5.655725890440861381e-01 -1.403563263796000271e+00
-3.358005522441674273e+00 4.058846719671477810e-01 -2.228839757360565610e-01
-3.983735842605468758e+00 9.700793364181520273e-01 -1.221953140343105204e+00
-4.459218867971822320e+00 6.980898169696539979e-01 -1.071543232030442550e+00
-3.641189117812756226e+00 7.931442858577938404e-01 -1.107873894432258144e+00
-4.290651586078012336e+00 7.983062395413312862e-01 -1.548583835700099165e+00
-4.419544126824169084e+00 6.531904842872505723e-01 -9.210435677066147742e-01
-4.319323113282839799e+00 4.168943338501961970e-01 -1.245068291497773094e+00
-4.481387737237652047e+00 1.212142621382512164e+00 -7.795758959455756365e-01
-4.204744224940215602e+00 1.164741193204788194e+00 -1.590494036146219203e+00
-3.793381359176544620e+00 6.172324718252890641e-01 -1.160085405726474228e+00
-4.162730087017625813e+00 8.193614269914194503e-01 -1.317210899483158171e+00
-4.379712893827668374e+00 7.534615612775519278e-01 -1.242964962566504905e+00
-4.270328057211083106e+00 1.069147239163341645e+00 -1.183447607426678427e+00
-4.839978402997034301e+00 1.320468686538212255e+00 -1.368479356431230309e+00
-4.025801298208104839e+00 1.089238054350334828e+00 -1.351621098585521263e+00
-4.224240321320483993e+00 1.133226288090257272e+00 -1.343160288588038487e+00
-4.839581497493346873e+00 1.036066668307185301e+00 -9.601005226860823694e-01
-3.664571047180157137e+00 9.794684911190050247e-01 -1.078095709963873938e+00
-4.529500648842346600e+00 3.175207271621614535e-01 -2.287063122994254183e+00
-3.563729707662927737e+00 3.157095933418156974e-01 -1.153103219064550489e+00
-4.228165985588606013e+00 6.293999808521230088e-01 -1.352888375118604491e+00
-3.621888809812379595e+00 4.732763122618685037e-01 -9.441487887851516270e-01
-4.564655692206455839e+00 8.426050688328042826e-01 -1.195011566173110218e+00
-4.044223021070989077e+00 8.824620917628512862e-01 -9.624722112879994240e-01
-4.468385430715291484e+00 3.295017747002634279e-01 -8.475093676922934582e-01
-4.068033507889381006e+00 1.261826556100518859e+00 -1.126252502192250704e+00
-3.999275008587896529e+00 1.534055247640078834e+00 -1.151438632842594512e+00
-4.617364204403868300e+00 8.801381879228933336e-01 -8.903750097635299010e-01
-4.577135894774695402e+00 8.878562316497674578e-01 -8.027680427306435051e-01
-3.733298734425989807e+00 1.607469187746119355e+00 -1.414734879684526714e+00
-4.109666701775005926e+00 3.583310594769174573e-01 -1.030576180948489684e+00
-3.564498483127497064e+00 1.069760917405045308e+00 -1.364030941627000226e+00
-4.038370151398829933e+00 8.915379637851434946e-01 -1.501031458624509485e+00
-3.691523288908130418e+00 1.027237207818154641e+00 -1.155643760320895108e+00
-4.465587166650882622e+00 1.065960442106992812e+00 -1.120086322174298266e+00
-3.741154193337627554e+00 3.629716363195228390e-01 -1.414226032705238278e+00
-3.459385205077867198e+01 1.143338508089433958e+01 9.802534769534720915e-02
-3.752716455612561841e+00 5.856826895029062507e-01 -1.104217323890648972e+00
-4.522931336141512659e+00 1.385725013501326153e+00 -1.365137565565555766e+00
-4.243699656726584557e+00 6.946450676422154524e-01 -1.175790882109384983e+00
-4.373364536624361421e+00 9.725969445983877470e-01 -9.952737286217782087e-01
-3.196816584070083511e+00 1.330148353685542961e+00 -9.970169552938278335e-01
-5.154464390646365857e+00 5.186586335261778036e-01 -1.682569021064477921e+00
-3.605518288172853136e+00 8.777695646281605812e-01 -1.188967584091513263e+00
-3.659893592896183989e+00 7.756858173340147600e-01 -1.079329738076023837e+00
-4.336073392312949970e+00 7.104426233989208361e-01 -9.449135872684161219e-01
-4.051194091040760448e+00 1.173419427313370234e+00 -1.387125918548518522e+00
-3.887228623473417688e+00 9.151333738612302815e-01 -1.179517921962054849e+00
-3.814138302564056282e+00 1.148976898030077853e+00 -8.664725179391695731e-01
-3.937109052037634171e+00 1.291302116759839080e+00 -1.313996121304329190e+00
-4.071171284639013344e+00 9.868716821118547200e-01 -1.217903854098195682e+00
-4.844176420065995359e+00 1.436871546544259415e+00 -8.072773356313626136e-01
-3.008620727408815920e+00 9.591053380187000155e-01 -1.553473926737177990e+00
-4.426849715126545348e+00 8.725290528673288470e-01 -9.336944363715052875e-01
-3.509339707973425426e+00 1.801956013511245569e+00 -6.569784275756498371e-01
-4.014709711523305913e+00 9.697341361387809000e-01 -1.247994515857732134e+00
-4.382781389863681376e+00 5.072995944495353182e-01 -1.150052333118996017e+00
-3.867502496652976074e+00 8.548233676068975884e-01 -1.318071403331003699e+00
-4.878353634527964111e+00 8.379741293241182998e-01 -1.597822276261219532e+00
-4.146001417948650847e+00 5.569984668151436447e-01 -1.379740646602614973e+00
-3.817661665068800225e+00 3.277500970957669124e-01 -8.447351636862787672e-01
-3.153530798306483085e+00 9.646218529352557081e-01 -2.421699468780425801e-01
-4.392457184929646097e+00 6.569480655126271884e-01 -1.281271020411521855e+00
-3.934377422995279705e+00 7.656389960030511865e-01 -1.236222731072663672e+00
-4.431714405922098088e+00 1.094088065140401689e+00 -1.233253485554832496e+00
-4.004924513590545132e+00 9.095373487930008549e-01 -9.368958686473617403e-01
-3.911502832472165014e+00 8.506139682021816029e-01 -1.575485448785728382e+00
-3.820168711875765677e+00 8.954275896972824222e-01 -1.320188574273321036e+00
-3.575073888392826582e+00 1.331970984363053168e+00 -8.857176898746360605e-01
-4.656170576184364585e+00 3.183959795271765758e-01 -2.288187700112741751e+00
-3.872553853587781258e+00 3.654701466272611277e-01 -1.100464083119804926e+00
-4.009567239339175693e+00 6.916330943437819512e-01 -1.588107196252073638e+00
-5.098066756032111790e+00 8.471700827229011743e-01 -9.649068520805708093e-01
-4.134486653778750131e+00 4.710539998801386297e-01 -1.160165523171137192e+00
-3.830541960497128695e+00 9.138378104323533480e-01 -7.880871152123649637e-01
-3.854982533483519713e+00 5.216812209746523044e-01 -1.101831354321800349e+00
-4.216389747357456308e+00 1.062972649769706512e+00 -1.478088542011303463e+00
-3.390082291202886733e+00 1.425531518271562215e+00 -1.087330818267894905e+00
-3.877610313939641173e+00 3.236183406836852794e-01 -1.211866473906124009e+00
-3.081732599449677146e+00 5.921817566228433360e-01 -1.292544655878155035e+00
-3.750131966045962884e+00 6.746272664075676495e-01 -1.039936293746507978e+00
-3.451263493253483805e+00 1.166171631295535249e+00 -1.625471060838638460e+00
-3.944100135421040321e+00 -1.074913811615920214e-02 -5.001076521831252508e-01
-4.432435754676763651e+00 1.047986988432603184e+00 -1.170348067981247908e+00
-3.596535550523121127e+00 5.316536094796426859e-01 -1.367636346203844111e+00
-3.835218538387382470e+00 5.343220602459627377e-01 -1.140375394500964479e+00
-4.377831833018825058e+00 1.039846681529438710e+00 -1.055734005293138100e+00
-4.304750685810507349e+00 8.652096061241086877e-01 -8.244656757411222836e-01
-4.799803409613048188e+00 8.688909391309916908e-01 -9.330081803522439765e-01
-3.650271090956539677e+00 8.188864460817061319e-01 -1.185221452645272899e+00
-3.777890343307500842e+00 1.091870559779760441e+00 -8.705482582291290683e-01
-3.870109135933788469e+00 1.507445785946041505e+00 -1.244806018575198125e+00
-3.704899048477671375e+00 9.670867639314767450e-01 -1.395791545856646332e+00
-4.702225480921668144e+00 5.982086728018314314e-01 -1.096309535216667408e+00
-3.427181688211135224e+00 1.058363270088957142e+00 -1.499148769197097053e+00
-4.143187158749268129e+00 5.897128835619325216e-01 -1.026267205425065221e+00
-4.386201788674307878e+00 6.518369667205418105e-01 -8.296978007467036287e-01
-4.249856294968442860e+00 3.104140082689744173e-01 -1.091934751300960293e+00
-4.201684243074478076e+00 1.581038891938404634e+00 -1.208908882482238489e+00
-3.986180879029291635e+00 1.418771607529297540e+00 -1.095133139199766736e+00
-3.460266785942763157e+00 1.362147567049506458e+00 -1.035467046033524685e+00
-3.934889415804611712e+00 1.406174663446940531e+00 -1.185582165219799755e+00
-4.516624684557950964e+00 8.410596759052803018e-01 -1.189698628942142067e+00
-4.166023260520725913e+00 3.828713786862031898e-01 -1.056838026830068111e+00
-4.051826100981613443e+00 9.405541128296127651e-01 -1.260088493877767002e+00
-3.850363149008143804e+00 7.250068414062076361e-01 -1.322840061469393813e+00
-4.214197710881815162e+00 7.148911888451132679e-01 -1.098099762652806843e+00
-4.461295187819028563e+00 1.082770813635718810e+00 -1.142797971242031085e+00
-4.280069053030175930e+00 1.177480290509320016e+00 -1.057393585834066840e+00
-4.295387085361511481e+00 1.269525027246895199e+00 -1.508817590617019810e+00
-3.667235744813329479e+00 1.077357320978600930e+00 -1.568773329683766482e+00
-3.917264991185560152e+00 1.155215131591992961e+00 -1.249757085263140333e+00
-3.303272012180459072e+00 1.578489963574954968e+00 -1.591710789913096002e+00
-3.937008092785585944e+00 8.798024732897024025e-01 -1.208443177105668731e+00
-4.152828614909613414e+00 1.137208340058909917e+00 -1.465953609949104175e+00
-3.467054955836804453e+00 1.891483670560541563e+00 -7.861971754342115259e-01
-3.883261265757648850e+00 4.636864140868282580e-01 -1.627454082983835759e+00
-3.934519896134996753e+00 4.761762519619585077e-01 -1.382047138043381640e+00
-3.690874406855816137e+00 9.584120635427415547e-01 -1.997855730754616088e+00
-3.685724988851573514e+00 1.221300731327466416e+00 -1.136093193588957995e+00
-3.824505246823193705e+00 1.034038601974819782e+00 -1.033881699795633047e+00
-3.976404462287030483e+00 1.485410997586939841e+00 -1.366075413781074666e+00
-3.937880674808261539e+00 8.639384823142661762e-01 -1.218024821876349639e+00
-3.920268436593354444e+00 5.566780775822026683e-01 -1.189720205858826318e+00
-4.459384508866460095e+00 7.133951773017112030e-01 -1.159337638219256617e+00
-3.724111247762070587e+00 1.654508291928463715e+00 -1.280649609018117419e+00
-3.642433502837109760e+00 9.340912543663005829e-01 -1.158766144292921352e+00
-4.670403891138573016e+00 8.869975633737180454e-01 -1.087323313532495117e+00
-4.070915117889867041e+00 8.091717617245143268e-01 -1.120868951696566640e+00
-4.365401958194738974e+00 1.060558970326664685e+00 -1.382256231254483270e+00
-4.230464853990054230e+00 6.335556695605494282e-01 -1.186930411977093147e+00
-3.916596435929531328e+00 9.689881486937155231e-01 -1.158133020080566844e+00
-3.710383282661482429e+00 7.177933592784089267e-01 -1.215925609001077268e+00
-3.478963986400910091e+00 1.564828746384078872e+00 -1.486354318769872007e+00
-4.159216430802501030e+00 1.137750121721934571e+00 -1.251665683564368692e+00
-3.451123756232356232e+00 6.387050546689522212e-01 -1.239059337727662857e+00
-3.826773023461548018e+00 1.406500410283038960e+00 -9.821523013041004724e-01
-4.458224778340929007e+00 1.234458942569405471e+00 -1.070981827790236096e+00
-4.294042529922253770e+00 5.361109192984733207e-01 -1.282400156330134378e+00
-3.669110813616554445e+00 1.036116843079699645e+00 -1.506367782350370055e+00
-4.474312096700973740e+00 5.732148245298412936e-01 -1.364317483831266165e+00
-4.038716806646211133e+00 1.053778181175225370e+00 -1.117241685264474205e+00
-4.092814044296414266e+00 6.692009422682823061e-01 -1.024104972883482789e+00
-3.868047337238751826e+00 3.565801996114986161e-01 -1.183670315048774402e+00
-3.985594486105175083e+00 1.224335939138551543e+00 -1.326217964520296944e+00
-4.561488026769864312e+00 9.313281022535950804e-01 -1.284592469889499267e+00
-3.233100544382653485e+00 6.580717243965289454e-01 -1.768120845065971780e+00
-4.062120104073483340e+00 5.542093094024332922e-01 -1.049576292313934456e+00
-3.756192424370671468e+00 8.321724423298507700e-01 -1.079383667792741086e+00
-4.543569590206667286e+00 9.620886031833569829e-01 -1.098527539948825016e+00
-4.169560420741297513e+00 5.411336701721418674e-01 -1.076728999907526019e+00
-4.210505121959857711e+00 1.290089011957736842e+00 -1.231104686593800235e+00
-4.648158551159923491e+00 1.181851171654624943e+00 -1.662403990169751822e+00
-4.128788353388993748e+00 1.514232350741363753e+00 -1.283104503080743308e+00
-3.754121676251938045e+00 1.001557518858955831e+00 -1.352776118558812746e+00
-3.467102225528214454e+00 3.531438170952633793e-01 -1.300289626714934421e+00
-3.805670249800324534e+00 1.652456488105040533e+00 -1.221014824510990859e+00
-3.478733657579620164e+00 9.691015113327700048e-01 -1.144543595602821595e+00
-4.019375554221535474e+00 1.437366964803256097e+00 -1.229011099264907481e+00
-4.252471776213698540e+00 1.376692279393071816e+00 -1.230942972556534176e+00
-4.523580472187730628e+00 1.171492130578212665e+00 -1.212401732588826775e+00
4.695031857331919412e+01 -1.886123798098904558e+01 8.908644216163974505e-02
-3.845137589630824859e+00 6.779820791959573212e-01 -1.056740392279480245e+00
-4.164118657361728815e+00 4.292995410107048326e-01 -1.221938098118077409e+00
-4.055859873707429841e+00 8.719212660031558926e-01 -1.382550345417057569e+00
-4.615421999166422928e+00 1.334649528011853326e+00 -1.132963622943946147e+00
-3.587449316623882556e+00 1.378434686187573144e+00 -1.421675244474367883e+00
-4.036556695515751692e+00 8.569096401768373505e-01 -1.282730030125717402e+00
-4.098759561596505563e+00 9.460559610739418535e-01 -1.288968707604594810e+00
-3.890177298682748308e+00 1.058898935620767201e+00 -1.167530737030335164e+00
-3.414030251172774477e+00 1.691458920064926819e+00 -1.178126532455159969e+00
-3.649569478137672185e+00 2.900834378679950087e-01 -2.014238378215029268e+00
-3.863808317837612361e+00 1.003667176887562462e+00 -1.930022258547507308e+00
-4.462352628209309557e+00 1.500725849994860805e+00 -2.827676768591354528e-01
-4.348106539054914066e+00 8.602790743540720264e-01 -1.976764420865630534e+00
-3.630793998659607169e+00 6.192728592753252714e-01 -1.385479200503081154e+00
-4.468808056300014542e+00 1.153751105024364065e+00 -1.247396931154091781e+00
-4.326578528857399242e+00 6.654411689318130430e-01 -1.190672827460195204e+00
-3.843751156353448994e+00 9.478686669558674671e-01 -1.171304558981874244e+00
-3.917191786945767973e+00 1.312055426113097445e+00 -1.279340397387101813e+00
-4.426762583344076241e+00 6.453518555384292199e-01 -1.054723804215001781e+00
-3.881021040276705580e+00 1.428562277061750319e+00 -1.366842128077658813e+00
-4.095586340812470638e+00 1.073019505802963902e+00 -1.188963714930363791e+00
-3.757066887630919005e+00 9.772329805445455486e-01 -9.891706867403189385e-01
-4.050074680169903907e+00 9.577954754591898601e-01 -1.273777535757748547e+00
-4.709305521413032380e+00 4.991614343008894394e-01 -1.852339332877033229e+00
-4.875163790741182446e+00 6.006880153604312600e-01 -8.911040502099676353e-01
-3.713899228782151063e+00 4.633444486246738325e-01 -1.081485637466242045e+00
-3.723961678717092383e+00 6.551775777467296891e-01 -1.599399032263109088e+00
-4.068445463779199578e+00 1.287489267000472726e+00 -1.283536038282784730e+00
-3.759035947158055002e+00 8.780387954501679415e-01 -1.273969520968157854e+00
-4.386388808644185566e+00 6.946514908790424325e-01 -1.208907419880207668e+00
-4.459081812883535889e+00 1.141116331156925456e+00 -1.311941189527352059e+00
-4.116178700834893789e+00 9.225425377627048951e-01 -1.503134622782911434e+00
-3.931989665173824644e+00 9.294929022395163054e-01 -1.219958369021397537e+00
-5.249009526045970375e+00 3.153494159425798138e-01 -1.375898865895645251e+00
-3.654745339917255809e+00 1.188093290714180794e+00 -1.146941880454034335e+00
-3.552786730247447178e+00 9.889403402871322912e-01 -1.314888343207687660e+00
-3.867431059869940846e+00 7.515673271219808216e-01 -1.079239849875141433e+00
-3.840570711041269902e+00 1.312820090494147385e+00 -1.123525550726337530e+00
-3.945936918133099436e+00 1.126516294961643627e+00 -9.325117719795995574e-01
-4.455521868093835103e+00 1.174040002231663493e+00 -1.368825322580419446e+00
-4.560563989273347829e+00 1.918914829852566672e+00 -5.737071960034576534e-01
-3.833043973117005621e+00 1.830120107382097183e-01 -7.769606616034058222e-01
-3.884336190653352894e+00 1.422005475216340242e+00 -1.297747201147621876e+00
-4.224008662368283318e+00 8.679200533833349995e-01 -1.180330099279133904e+00
-3.891152087330027598e+00 7.749398550030385247e-01 -1.161975288663975148e+00
-3.780528290686884230e+00 9.313611806630698320e-01 -7.901258246271016805e-01
-3.128591799138490170e+00 1.690678097240221778e+00 -1.086300078611361464e+00
-3.704362507338553989e+00 1.024271736248492326e+00 -1.100278317465827937e+00
-3.542041598755350407e+00 1.325298638305500321e+00 -9.899468050378944506e-01
-3.872288488144734586e+00 1.219210030653907983e+00 -1.298575503801927322e+00
-3.939147972277025289e+00 1.025938858286355115e+00 -1.211423038996200185e+00
-3.677070878358819517e+00 8.556655815778766438e-01 -1.254063416129005626e+00
-4.557298035359664823e+00 4.673731559657995915e-01 -1.256422302879096842e+00
-4.557500273159175386e+00 8.412651196184952607e-01 -1.172303238518728197e+00
-4.060800288331281926e+00 1.126085329459187268e+00 -1.443191430181858026e+00
-3.935241033946375921e+00 8.914063593487260295e-01 -1.197979412711385416e+00
-4.324248396608140865e+00 1.276414387345444990e+00 -1.182365709136284027e+00
-4.458074132242935583e+00 1.230671685652930059e+00 -1.264673795979868398e+00
-4.117079180821144213e+00 1.023202845859361387e+00 -1.242950230213752283e+00
-4.174595056218288747e+00 5.840476767221858267e-01 -1.369985846306142951e+00
-4.996918660853804539e+00 8.162394950694308315e-01 -3.476975180441838620e-01
-3.569645359586036015e+00 5.042830885560267706e-01 -2.241590669297850447e+00
-4.092937185430261415e+00 1.503899379070497533e+00 -7.068657688494587310e-01
-3.581093972123795766e+00 1.172084070168735392e+00 -1.599014491835523355e+00
-4.424401950063996836e+00 1.042018521612217752e+00 -1.436937773520840400e+00
-4.129962196411108621e+00 2.715992062159476306e-01 -1.234545177313545850e+00
-4.681075358796745078e+00 6.576219887824235055e-01 -9.262735092574997386e-01
-4.041184353369197346e+00 5.703467208318379056e-01 -8.989280347700204787e-01
-4.100286999669689791e+00 6.091597051780406336e-01 -1.275667592484169388e+00
-3.842662682972597832e+00 6.675791412662307467e-01 -1.171048011381615517e+00
-3.816905258330401285e+00 1.224644980103589464e+00 -1.367411380975819934e+00
-4.415957535962710345e+00 1.275576904565136838e+00 -1.134829632814806200e+00
-3.697644899582146483e+00 6.461405183514030703e-01 -1.367224144524329610e+00
-3.913283868847481362e+00 9.510418791874133415e-01 -1.481861862909810368e+00
-4.206613032705723398e+00 1.345818183232780241e+00 -2.603595729154338234e-01
-4.026803001001116655e+00 1.207532597401687058e+00 -1.608905924798011311e+00
-4.388119329926460921e+00 6.462457246699689906e-01 -1.483216372600175470e+00
-4.285234087935346992e+00 5.777445900122762934e-01 -6.903985442816714668e-01
-4.041744077741741492e+00 -1.367152033784885812e-01 -1.520817822027426214e+00
-4.233633204126274308e+00 1.362485620039561862e+00 -1.008257679977418997e+00
-3.892876874808532506e+00 9.957382338292602997e-01 -1.134733817030163294e+00
-3.364471728244609494e+00 7.144089182907811253e-01 -1.315250993841854399e+00
-3.616783465463389025e+00 5.044365910888095605e-01 -1.137577837806557302e+00
-4.448033475326235830e+00 6.411693723994476013e-01 -1.187708260261225446e+00
-2.977945686275876636e+00 7.049717532709672829e-01 -7.766325841674737163e-01
-3.579417410895662233e+00 1.001771359115406046e+00 -1.199550969083786889e+00
-3.573885338848267423e+00 1.020455186324537911e+00 -1.249716504255451222e+00
-3.639459929038058927e+00 6.584015154581926987e-01 -1.189615370261449812e+00
-3.553682677269620172e+00 1.080674159929458700e+00 -1.147062554773956355e+00
-4.485883297011741710e+00 1.004481994556239988e+00 -1.173764109966488833e+00
-4.143396413942306289e+00 1.022148680964037049e-01 -1.542170682610559007e+00
-3.469063402099375359e+00 7.345978793894443193e-01 -1.472688835289944764e+00
-4.210507080818304715e+00 1.095873309178450050e+00 -8.949959796213110552e-01
-4.074595567903772420e+00 1.019035800511912448e+00 -1.227478973058169220e+00
-4.212248989470825933e+00 9.206452655234852456e-01 -1.192609783837553783e+00
-3.322223200843737789e+00 9.781406961178631398e-01 -9.034403241543654817e-01
-4.879831371865937406e+00 9.628909509661625066e-01 -1.032873935878140914e+00
-4.415588748073755454e+00 1.080443262463400611e+00 -1.266613911590688479e+00
-4.223550714781308280e+00 7.722723066192187513e-01 -1.237319063722696955e+00
-4.162696377340284748e+00 4.283481958232643327e-01 -1.087220606309400539e+00
-4.040312512195241901e+00 5.643991614608269147e-01 -9.325241838434065178e-01
-3.901953478455362223e+00 7.650119427471949729e-01 -1.404498043920325179e+00
-3.938426532091706012e+00 7.883722228977181334e-01 -1.214725181392495301e+00
-4.170313307180661511e+00 2.803287898985485360e-01 -1.256044756370317872e+00
-5.043714175084827112e+00 1.439371559499783571e+00 -7.019035618437428070e-01
-4.157192598723253418e+00 1.583796723766252024e+00 -1.304907035027941475e+00
-3.963762311328911103e+00 9.459896482053699041e-01 -1.124884899187802434e+00
-4.401726124602078905e+00 7.401241506003839454e-01 -1.157852405746147229e+00
-3.905460249495998681e+00 6.037046371327722261e-01 -1.339729726404847554e+00
-3.951502400284187200e+00 1.500043202194261793e+00 -1.349933389922408411e+00
-4.622387789871570618e+00 3.974966138352064582e-01 -1.241057720504445738e+00
-4.253181422808565593e+00 1.209876595646426356e+00 -1.329057865165825136e+00
-3.897297384965425771e+00 1.451770686866023174e+00 -1.150780767683043049e+00
-4.515159172158377920e+00 1.043565292567828706e+00 -8.290244357468330438e-01
-3.482400528503173831e+00 1.023870403105212601e+00 -1.276638830805012059e+00
-4.089998513074837305e+00 1.228268926712115627e+00 -1.455285524025865973e+00
-3.716660260324547771e+00 5.232430549776556639e-01 -2.075170684566717938e+00
-4.241486052562155606e+00 6.903239826316428518e-01 -1.147132784368437575e+00
-4.614558579180069842e+00 1.030125240812591381e+00 -8.540327543481597283e-01
-4.381031750118783208e+00 2.957746308700511806e-01 -2.160132706043488504e+00
-3.979936432760499798e+00 7.549038771305585094e-01 -3.243097679363965424e-01
-3.833040175976018649e+00 1.451479717948056081e+00 -8.553423401999575848e-01
-4.331586704024613432e+00 1.233891456726224023e+00 -1.099624571949540996e+00
-3.888268097389188771e+00 9.995064831019846441e-01 -1.020927862984540413e+00
4.699798643344436044e+01 -2.522356646322128881e+01 -7.117917041970271974e-01
-3.959430339767022300e+00 1.462681984959073977e+00 -1.214087345278906271e+00
-4.067693958537693000e+00 1.482247060322745336e+00 -1.318683816722918456e+00
-3.777242038804883073e+00 1.255242724880043292e+00 -1.468252780196109386e+00
-4.200508557391374964e+00 1.330977321079752862e+00 -1.288111418589615642e+00
-4.510161072930626958e+00 1.112618549657764522e+00 -1.141281427968122930e+00
-4.364856343134215777e+00 1.226677764469547460e+00 -1.170945221224167998e+00
-3.946024436264882862e+00 9.279115781012960973e-01 -1.476871373764491624e+00
-4.113607163261476352e+00 1.128951272681975704e+00 -1.343294508543179555e+00
-3.637841465086290249e+00 6.714345741521503541e-01 -2.223786281906424689e-01
-3.654246877488555700e+00 9.366080594644718982e-01 -1.540953396486407501e+00
-3.814715797369759631e+00 1.231620000992686537e+00 -1.063098558799678850e+00
-4.283477066424572932e+00 4.823507217973444505e-01 -1.403651746889022167e+00
-3.768587132906875414e+00 8.816806546312486725e-01 -1.262491808817233441e+00
-4.219030695039831080e+00 1.524240445533229238e+00 -1.246847017269858249e+00
-3.892675992237595306e+00 1.092227363557473296e+00 -1.197719477051240489e+00
-5.246862666673055564e+00 7.511796766608901388e-01 -1.728572982432072802e+00
-4.697287804832591895e+00 7.063151833413963132e-01 -1.176234702820572853e+00
-3.878695612921790659e+00 8.048708260100492229e-01 -1.180642478460499190e+00
-3.756967341599417143e+00 8.412130063659727375e-01 -1.034558052676741502e+00
-4.366187058866827897e+00 8.350956069740389509e-01 -1.213808008356871193e+00
-3.956293571631559036e+00 1.393077429082082430e+00 -1.141531226548480937e+00
-3.609864376660775420e+00 1.354152962694005646e+00 -1.056127564084788251e+00
-4.231408479518971255e+00 1.336929604984304021e+00 -1.265204967555657589e+00
-3.927860196932062564e+00 1.445107010301512895e+00 -1.569057905426914035e+00
-4.199869536389031488e+00 8.069211582627912049e-01 -2.317667384273649933e+00
-3.878859749379948152e+00 1.127407323543785811e+00 -1.292010647994070283e+00
-4.102679996245644389e+00 6.737177213305342027e-01 -1.178056001653073448e+00
-3.962440242346952690e+00 5.127441954832253623e-01 -1.613261550334826433e+00
-3.896350411551474657e+00 9.842888144425403496e-01 -1.134935845658900710e+00
-4.441517255885159443e+00 8.960303374258223874e-01 -1.477198843719809140e+00
-4.318575422777710671e+00 7.961642256186112210e-01 -1.200397793262366397e+00
-3.551415616106248230e+00 9.421494309592667316e-01 -1.184933319426521026e+00
-3.638522368729653511e+00 9.894650072042313615e-01 -1.288182384694111171e+00
-4.156415882881313806e+00 1.525087969748440520e+00 4.844425606853618171e-02
-4.829252338169717440e+00 4.269948546189485938e-01 -2.048101628462569934e+00
-4.005113183747727845e+00 5.858878011832157062e-01 -1.132703146039499620e+00
-4.126240699483187058e+00 3.978891923640412998e-01 -1.115392111420955512e+00
-3.877913400037686920e+00 1.478350769683005161e+00 -1.257061938754451713e+00
-3.565964256248020270e+00 1.236041197742469677e+00 -1.055938297653855829e+00
-3.870722613430916059e+00 1.304430868541861965e+00 -1.032240958522423480e+00
-4.274316671280740998e+00 1.363112022000013246e+00 -1.353754602976447563e+00
-3.970423112593584047e+00 1.221194322594878701e+00 -1.257877143130465170e+00
-3.637078820919992239e+00 1.259267876887126825e+00 -1.260812937457107763e+00
-4.441076799330772040e+00 1.204327325912095459e+00 -1.251367247478988753e+00
-4.577213395942967722e+00 9.069593717529939036e-01 -1.107806653869614077e+00
-4.464614338491490031e+00 7.813216310503403594e-01 -9.738943377733288997e-01
-4.179519074136210932e+00 1.429059671552735722e+00 -1.228949261034983476e+00
-3.961498720267215390e+00 1.296812406932419393e+00 -1.195324071430768242e+00
-3.917061180614655580e+00 7.164651647950475155e-01 -1.033661839892887846e+00
-4.566227360348592335e+00 1.002341661499410064e+00 -6.944985731281728691e-01
-3.702072173299328472e+00 1.475514058737481315e+00 -1.282966951508168751e+00
-4.291191362152339650e+00 7.695302414218192499e-01 -1.222444456247893774e+00
-3.978116312067467408e+00 5.821984975477493274e-01 -1.255994559562626289e+00
-4.042500678690091220e+00 7.328212167450070050e-03 -1.754906292076863661e+00
-3.763992212653560987e+00 1.161877605306808947e+00 -1.095862809899329493e+00
-3.552981096233708502e+00 1.174288429453230531e+00 -1.502446332826671949e+00
-3.659714723614742482e+00 7.683723681506461345e-01 -2.314611618118315839e+00
-4.443813865682294306e+00 4.215254768175403788e-01 -1.338519017518843057e+00
-4.209527931920584720e+00 1.359992444142529067e+00 -1.521615726277029346e+00
-4.790610221122629575e+00 1.262739770568199971e+00 -6.507727528664066785e-01
-3.723624253253118965e+00 8.835714641573991779e-01 -1.036734180979441033e+00
-4.135835970471755552e+00 4.214783308921292715e-01 -1.200743286565808976e+00
-4.324406918926510635e+00 7.656262819846072487e-01 -2.242894194485736126e+00
-4.093245758180827032e+00 3.549578610990629102e-01 -1.128689394286765069e+00
-3.918534587887914533e+00 1.384849923885004497e+00 -1.266077700051721600e+00
-3.952827245652918986e+00 5.214464023526604874e-01 -1.183505210201887259e+00
-4.231284165489439530e+00 6.824528115618421209e-01 -1.189658076313558688e+00
-3.993305006335329033e+00 1.225818947233306089e+00 -1.005115572091867637e+00
-4.730476751046502670e+00 6.873878507891657552e-01 -9.888534739137547769e-01
-3.022576642442897032e+00 4.006810793113424474e-01 -1.773595275384385550e+00
-4.433516585771225316e+00 5.315484034160867788e-01 -1.087098945434247232e+00
-4.243163865929706624e+00 1.020949350293144375e+00 -1.389040189457431795e+00
-2.962970476936217068e+00 3.799636137665020619e-01 -1.677361601496599741e+00
-3.931062961318624094e+00 1.293165653345895283e+00 -1.449426937475476462e+00
-3.620889372824991348e+00 9.331799373641693762e-01 -7.147038445637222681e-01
-4.165708875660996569e+00 7.522893547127619263e-01 -1.068462263628100928e+00
-4.462082336694048301e+00 9.237071448184744904e-01 -1.177801110701577780e+00
-3.716141733086777865e+00 7.320457904966138907e-01 -1.256151798604265624e+00
-4.148526062472004838e+00 6.957183665248705129e-01 -1.188725230968741275e+00
-4.586261403455270447e+00 1.217560762886820358e+00 -1.020181084395821225e+00
-4.267014199695742249e+00 5.414766251429792288e-01 -1.061015844473903957e+00
-4.322806568003129790e+00 1.196903696981103993e+00 -1.308229514637076596e+00
-4.117676022501443711e+00 1.101525553215666031e+00 -1.194618042730169583e+00
-3.707292750304910456e+00 2.672997921301112911e-01 -9.064523126094378158e-01
-3.960189634371860556e+00 3.847038945616682581e-01 -1.231628764483252203e+00
-3.827413675815771299e+00 1.119507060394248077e+00 -1.122231238869179304e+00
-4.021459936373610766e+00 8.279883585572942462e-01 -1.411913357349812603e+00
-3.929966016137707019e+00 1.025302593442233956e+00 -1.006179815043661607e+00
-3.678905830595570414e+00 6.885201000114853365e-01 -8.978071131582106013e-01
-3.975122003700755968e+00 1.135694352631260173e+00 -1.273925931498907760e+00
-3.971667188643241531e+00 6.902179370685236348e-01 -8.212868506038758509e-01
-4.044550197933284963e+00 6.441475307231843139e-01 -1.457745135806809644e+00
-4.049150445459447134e+00 1.770318190901895239e+00 1.118915034665238228e-01
-3.789822199282563364e+00 8.891890499593784192e-01 -1.349812072023099052e+00
-3.776246104620961663e+00 -2.570506393107307996e-02 -1.312754996571772859e+00
-4.239797882304680243e+00 5.161563143703389311e-01 -1.194681034264996722e+00
-4.202383546324481856e+00 1.164791057835100840e+00 -1.340811494699633899e+00
-4.029336394526685794e+00 9.361170298975539650e-01 -1.272049617512057917e+00
-3.777925312396073210e+00 4.747601869807311914e-01 -1.140165917182381028e+00
-4.215520278485336725e+00 1.123645601812068184e+00 -1.447100871288389712e+00
-4.220628868453728977e+00 1.109623797134432932e+00 -1.325226839152448211e+00
-4.427040785862361716e+00 1.281989268850314057e+00 -1.144139304907056287e+00
-4.894996128415048275e+00 1.159850364684285928e+00 -1.199405037584704292e+00
-4.413669923133511475e+00 9.805428193368039835e-01 -1.264575351176776108e+00
-3.681421018357854624e+00 1.198486764376404112e+00 -1.216432934596167525e+00
-3.709482211113523942e+00 7.501014022318934771e-01 -1.021102469963594217e+00
-3.825822562171919294e+00 5.062778586760424693e-01 -7.983041686636548340e-01
-4.274528733217557885e+00 1.002988092858281943e+00 -1.099831498876114200e+00
-4.158388930966303576e+00 5.304329338456035270e-01 -1.136618068750107957e+00
-3.627111047095881613e+00 7.458007266378249289e-01 -1.546136874871373301e+00
-3.815011168898654326e+00 5.252069465294452177e-01 -1.285344996149585972e+00
-4.022619892520743257e+00 1.048634185096282589e+00 -4.537838711388029744e-01
-4.027597345714364785e+00 7.117342403089800262e-01 -1.370737915289741427e+00
-3.754861840494015723e+00 9.029862010856429810e-01 -1.467447394993352860e+00
-4.101939635076814916e+00 1.168798032439968937e+00 -1.067239018273527629e+00
-3.740630704091036929e+00 6.608099577610341280e-01 -1.259767667791199086e+00
-4.278801993331875053e+00 7.184763454824558693e-01 -9.570585928934448594e-01
-3.812356631280555241e+00 8.009070420249536637e-01 -1.447839690019919523e+00
-4.140002233313382796e+00 2.190057399010490735e-01 -1.226880263723830078e+00
-2.690351665624879374e+00 1.376522344635811024e+00 -7.791383086404889413e-01
-4.259459408030378036e+00 1.220077629154622478e+00 -9.479982304611443977e-01
-3.773501941685769800e+00 1.265017211373303363e+00 -1.245942238295875359e+00
-4.067550451098149722e+00 8.161002952778002584e-01 -1.192732349308529338e+00
-3.610066796746219886e+00 5.481005801363790786e-01 -1.199899375399861023e+00
-2.411384062231533321e+01 -5.301013639450103909e+01 -6.600355811607616641e-01
-3.553439488881076969e+00 1.176739323726202713e+00 -4.921120625643587987e-01
-3.868520063098124240e+00 5.398107531318802055e-01 -1.383808905313304249e+00
-3.465087694075198232e+00 7.705516456883303444e-01 -1.033101668741645662e+00
-3.974398477580949329e+00 5.575441496351923876e-01 -1.372345163629794751e+00
-4.403986724948762976e+00 9.842132537691040683e-01 -1.382947976365082932e+00
-4.110553092424877875e+00 1.220537728901394781e+00 -8.271820850082090004e-01
-4.304869911688441242e+00 9.686411589179854120e-01 -1.117557052817220731e+00
-4.217911364350648284e+00 8.897704197185639652e-01 -1.165075652635248593e+00
-4.452869587435465348e+00 8.883859502969484456e-01 -1.115669343912511824e+00
-4.234012645658943974e+00 1.230017983878625376e+00 -1.185907366955683884e+00
-3.894676916070713535e+00 8.020321439929896101e-01 -1.127453570531867344e+00
-4.450100110519575658e+00 8.638529266959181774e-01 -1.210975624721005506e+00
-4.415914950618394563e+00 5.335740578736245521e-01 -1.459584214667581037e+00
-4.196877666426488851e+00 7.605039723867358381e-01 -1.257046273098038291e+00
-4.431378069528602026e+00 5.534019200304517438e-01 -1.197544467082837460e+00
-4.087243085263069453e+00 1.196078874219333787e+00 -1.202931443058624428e+00
-4.457679932230236730e+00 8.940018618564773423e-01 -9.162701522837206625e-01
-3.694882262823123931e+00 8.402130297720329377e-01 -1.092282431501326867e+00
-4.546184737922740915e+00 1.987328279105582185e+00 -1.895948529800787430e+00
-4.071487928940072720e+00 8.065346157436081853e-01 -9.154256852034010628e-01
-3.777589389416559751e+00 1.379429914629028309e+00 -9.361586683402146614e-01
-3.511206993252312447e+00 9.924311865476116434e-01 -1.267410087881450487e+00
-3.586815967366565605e+00 8.908205592100517656e-01 -1.134928455806458736e+00
-3.911727694448356552e+00 1.370233253455991562e+00 -1.415447751765575024e+00
-3.591466701700212649e+00 1.344899486348317019e+00 -1.322417427002837931e+00
-3.935607311156607668e+00 3.864835252341674021e-01 -8.545643098495946388e-01
-4.840954361826302232e+00 1.528076719091059132e+00 -1.063466863384968430e+00
-3.133149069322703539e+00 4.066424537716334942e-01 -1.253723085564121265e+00
-4.412522989659135142e+00 1.070373163275627926e+00 -1.261335130979663877e+00
-4.352500914294654244e+00 5.634506842302658969e-01 -1.128335418274445168e+00
-4.188745802195799506e+00 9.553779880105490729e-01 -1.281628186069989628e+00
-4.402753554583829221e+00 4.696480373111773798e-01 -3.281259631109920138e-01
-4.083484973571392729e+00 1.129833927486296741e+00 -1.331956877457123323e+00
-4.342109552617145596e+00 1.318422636880277388e+00 -1.240260214265546779e+00
-4.578984368355629719e+00 8.640463548747345790e-01 -1.226895584359666724e+00
-3.674870498980738365e+00 1.489846350212781889e+00 -1.349238335015030765e+00
-3.496238942221152168e+00 6.750406155812187503e-01 -1.345198781157096013e+00
-3.689140986186375315e+00 1.525090851223548372e+00 -1.255450858221644150e+00
-4.010532837523645533e+00 4.867536221378780947e-01 -1.413919882092038893e+00
-4.282367378966978499e+00 9.197515888117776539e-01 -1.149023417132854163e+00
-4.234175289223019334e+00 1.804633772097825606e+00 -4.551426370816834543e-01
-3.567992116982313000e+00 1.163538128639157510e+00 -5.735358903330695091e-01
-3.612935805943813694e+00 1.357072722423229738e+00 -1.378929182572326884e+00
-4.299983784580010848e+00 9.673486181931196803e-01 -1.186672473349119628e+00
-4.143047473325715657e+00 6.240143307501569980e-01 -1.134567215309695953e+00
-3.944075808460999255e+00 9.421253735152030906e-01 -1.218450408095552495e+00
-3.659372383679622143e+00 1.218692787616205031e+00 -1.348732320150193731e+00
-3.533495201735860736e+00 1.218525336968643291e+00 -1.309654292108622942e+00
-4.391737078795458160e+00 1.441800086238012035e+00 -1.215206830490009660e+00
-4.161664560764828380e+00 2.925206960168701964e-01 -8.773450737798841326e-01
-4.202699722249631620e+00 6.792598430828362677e-01 -1.072417407814251655e+00
-3.629549463999821146e+00 1.568934166468221925e+00 -1.244662398507828671e+00
-4.215125388891480362e+00 5.085653290691656281e-01 -1.264394429440282686e+00
-4.532686605405516822e+00 1.027136328959392247e-01 -1.717179952180743152e+00
-4.494987254065053506e+00 9.973470984410943707e-01 -1.125579339396732159e+00
-4.144194856293016649e+00 1.654995648372936223e+00 -1.048375189642656746e+00
-4.178452628566928340e+00 2.442347183036513991e-01 -9.904643986650000231e-01
-4.061803797266193783e+00 1.527916388879589249e+00 -1.261119388978314326e+00
-3.941566893420328732e+00 9.587199666161342337e-01 -1.358175636083709836e+00
-3.997815842048535462e+00 9.756978742876981636e-01 -1.255440089926296299e+00
-3.803113892465452395e+00 4.593309885768238066e-01 -1.436959857617163605e+00
-3.730675351341738111e+00 1.493357744905154050e+00 -1.299782177776564795e+00
-4.056834837225467894e+00 1.497990591098294688e+00 -1.334550505820599531e+00
-3.540411256859463673e+00 1.275435944739788496e+00 -1.132286677494537264e+00
-4.111607635948734796e+00 5.163149426294382227e-01 -1.045293982450861581e+00
-4.115881252493150733e+00 8.061460283670673910e-01 -1.269952260456212567e+00
-4.280255955060614959e+00 1.468558645852771960e+00 -1.208694430963206168e+00
-4.442606226019131910e+00 8.364820023468417798e-01 -1.013962989062820563e+00
-3.036442626507993570e+00 1.142306343369796640e+00 -9.525320585645796756e-01
-4.437864168357572581e+00 8.380605605821297432e-01 -1.169799384411282839e+00
-3.951167810890180210e+00 5.257888785755978622e-01 -1.459450753894263375e+00
-4.372519731791931541e+00 1.278689854325419262e+00 -7.853094149033618132e-02
-3.771838958348812998e+00 1.392442883191545855e+00 -4.792710468269061330e-01
-4.342557660045815560e+00 1.509092183700493139e+00 -1.211083361131227942e+00
-3.182614537026053458e+00 1.189362361292664261e+00 -5.169964917135490001e-01
-3.820111099091237250e+00 7.196234814012020253e-01 -1.232614163344538438e+00
-3.605051577706578136e+00 9.098934169237218317e-01 -1.285689283891666479e+00
-3.700683455577967074e+00 6.421344454845226979e-01 -1.074058814118063587e+00
-4.255972149431614504e+00 9.633330698375859313e-01 -1.229852587912827033e+00
-3.760257834861849613e+00 1.412723219055531887e+00 -1.587495687167679970e+00
-3.925517627618311689e+00 1.513056237918892544e+00 -1.437302303284065497e+00
-4.503592495368455850e+00 1.644852948538635840e+00 -1.449609229457536896e+00
-3.861994591459616100e+00 3.941671968273195437e-01 -1.415970825636213570e+00
-4.517967240896057390e+00 8.797129121781904759e-01 -1.144646032926905033e+00
-4.481480633642804356e+00 1.167728028071844504e+00 -9.796933796747467893e-01
-3.995665234890802164e+00 7.713118858284276902e-01 -6.739488721666516691e-01
-4.113885226769224523e+00 1.112503061496315837e+00 -1.279966141593232409e+00
-4.500512631823016640e+00 8.082414332450125194e-01 -1.239919340412205306e+00
-4.314225357495487856e+00 7.416640934727167789e-01 -1.243387541315666311e+00
-3.677286717176095454e+00 8.814433309085815127e-01 -1.171378380365740046e+00
-4.605292853660570174e+00 3.989047217123710687e-01 -2.027982298382699167e+00
-3.901561183776677488e+00 9.571000757907952572e-01 -1.237111394071337855e+00
-4.400573360879088902e+00 1.234233986540179018e+00 -1.199864104118612218e+00
-4.550943367525962735e+00 3.698762110368158940e-01 -9.738131063919637231e-01
-3.718495858927311382e+00 9.085842484187054424e-01 -1.149925875498062133e+00
-3.774056339412794614e+00 1.277133251805151470e+00 -1.689701430034391549e+00
-3.834754378678035813e+00 8.598562600503407705e-01 -1.414499605760457746e+00
-3.794547310505156812e+00 7.233493928631850034e-01 -1.583397906480335182e+00
-4.111534909209903610e+00 5.775053948503776624e-01 -1.184584794697001175e+00
-3.972682382704327608e+00 1.043898217765074854e+00 -1.065799129848538529e+00
-4.021446162374156863e+00 1.024314455756166087e+00 -1.314395537294550831e+00
-3.714898138925936344e+00 6.967926647552861175e-01 -1.410640696546638928e+00
-3.901888066904970032e+00 6.362434806551334754e-01 -1.190723345130350053e+00
-3.831454659908192006e+00 1.417543087144286673e+00 -1.279414672868900871e+00
-4.125615910750850546e+00 5.731588386190030748e-01 -9.925185769272447667e-01
-4.255426137069898473e+00 1.126153649804865653e+00 -9.616026969672973879e-01
-4.466071476132679408e+00 7.848400871214493701e-01 -1.941131431709736788e+00
-3.983779993283711018e+00 1.594741849172797571e-02 -1.110861311528739126e+00
-3.836104409806573301e+00 1.170906961282254688e+00 -1.352729967527340982e+00
-3.796196063749298855e+00 1.626607641647145774e+00 -1.130347675696030230e+00
-4.151001174963177220e+00 1.269286149437265809e+00 -1.390522863545139431e+00
-4.249719006404185428e+00 1.576189994671763017e+00 -1.194270471831710756e+00
-3.606421838626727716e+00 7.129056790708129254e-01 -1.480357997978212214e+00
-4.328852875953763224e+00 1.243035338815157154e+00 -1.204702411213272484e+00
-2.899151566945661784e+00 8.643928685632646935e-01 -1.269290410125592627e+00
-4.232857220154659039e+00 1.393115315431955770e+00 -1.103295195264679451e+00
-3.824509136958665234e+00 8.736042038648291763e-01 -1.120235964957926322e+00
-4.318592535291079670e+00 1.114343913564921795e+00 -1.289750390794483614e+00
-3.705347226285891971e+00 1.149419217416283390e+00 -1.273521843695828437e+00
-3.880029507930861321e+00 9.523470287090410880e-01 -1.024744565696347420e+00
-4.307139658053340092e+00 1.170675179079349926e+00 -1.302667898335271524e+00
-3.681764680319628447e+00 1.005413833041390204e+00 -1.407717257613755768e+00
-4.067198892877033956e+00 7.904868486358823665e-01 -1.254989842796640165e+00
-3.455684685164369441e+00 1.093442507155726551e+00 -1.687574290430120971e+00
-9.309982083601825664e+00 -6.021834533843347259e+01 -7.523885692792182667e-01
-5.161609424014429237e+00 8.747630301794110386e-01 -1.385857007083636017e+00
-4.660818478563618861e+00 5.064841198057770111e-01 -1.221346699347278797e+00
-4.462029024226350948e+00 1.194480225977778032e+00 -1.098588526018504652e+00
-3.736349999798394883e+00 1.126821867591009108e+00 -1.569394476794259585e+00
-3.835037948892375592e+00 1.136614990597496044e+00 -1.307579535311327756e+00
-3.673033165574115522e+00 9.302556221994159880e-02 -1.852271597209337317e+00
-4.321251707671071252e+00 1.107869180651783969e+00 -1.262062930373412772e+00
-4.015603888400920418e+00 1.507751913298198909e+00 -1.249545146772071513e+00
-3.905625270269510008e+00 7.166866184128595219e-01 -1.210734610395366229e+00
-3.676301270420345269e+00 1.456093876728172365e+00 -1.481335516882688941e+00
-4.280612392503657659e+00 5.437136717468357139e-01 -1.183464979130596229e+00
-4.075973016079589506e+00 1.146201051559507578e+00 -1.181686094173000745e+00
-4.371163918309370899e+00 5.637008662236274725e-01 -9.883796878021767762e-01
-3.994170939279587884e+00 7.211650273970083846e-01 -6.690545626897638209e-01
-3.425730510597523093e+00 1.014678521695779656e+00 -1.220821127900534764e+00
-3.982210484259005590e+00 1.657085123229238843e-01 -1.332632876308238679e+00
-3.950945689130238581e+00 4.865603333770968653e-01 -3.875039797384610130e-01
-3.720823782756854659e+00 1.482410353715099882e+00 -1.076291097044807632e+00
-4.033608360981394192e+00 9.716756228234193493e-01 -1.248977129623907611e+00
-4.301447717382178126e+00 1.233465038527482349e+00 -1.119787151743119713e+00
-3.701497907062013759e+00 5.101906232741669767e-01 -1.239104223531103610e+00
-4.048184945105285593e+00 9.756853697801247671e-01 -1.362858191545857522e+00
-4.083627626920678821e+00 5.261763814051405586e-01 -1.427083779420939225e+00
-4.179571206967867880e+00 9.549440128481193613e-01 -1.086358641092729282e+00
-4.014010625771088137e+00 1.209269463065130029e-01 -9.866483078953617314e-01
-4.142355611993287390e+00 1.168035246279947703e+00 -1.223920440754815431e+00
-3.974374723226543615e+00 6.110098552587442944e-01 -1.145541403217001486e+00
-3.792638654511709451e+00 1.226309924289783249e+00 -1.096180362949426446e+00
-3.271567166940943405e+00 8.732873118912906074e-01 -1.242012214731746056e+00
-4.412750552976368645e+00 1.176867833060136093e+00 -1.974663441721586032e+00
-3.194141504993849523e+00 6.500385390297790389e-01 -2.020099841672363894e+00
-4.143577820194497718e+00 4.940174023927929592e-01 -1.077415384846912794e+00
-3.630566759525833298e+00 9.250498346506851322e-01 -1.160651412716033004e+00
-5.040418187027549735e+00 8.329144801107314366e-01 -1.885291816566849077e+00
-4.184538844800424151e+00 9.973695360382819342e-01 -1.390901417365359105e+00
-3.637116772617502658e+00 1.279909788500038781e+00 -1.067515194135226775e+00
-3.952712908744616893e+00 3.852940125256872905e-01 -1.198364737360168908e+00
-3.780041754281457056e+00 1.338017121702269607e+00 -1.091926644302003924e+00
-3.953473838119953676e+00 1.410219024365759966e+00 -1.031994208107090305e+00
-4.099641328760834647e+00 1.398484248797185359e+00 -9.059596536963475666e-01
-4.423177126576622875e+00 8.705590448486292265e-01 -5.615269502461603945e-01
-3.262970546026436214e+00 1.119214461176959885e+00 -6.530838093888705620e-01
-3.758352996775235155e+00 1.271881563257416303e+00 -1.290395221147144111e+00
-3.606348311603683410e+00 9.090874990713416759e-01 -8.830926310322417816e-01
-3.858065260540112451e+00 1.419166592507997482e+00 -1.207486889941597363e+00
-4.259313085005870470e+00 1.179999266706062810e+00 -1.177300939910703725e+00
-3.908645809612616429e+00 1.263046775941927713e+00 -1.150825047772675358e+00
-3.931880023062239715e+00 1.138755870715754792e+00 -1.175923830912659174e+00
-3.922923128702760831e+00 8.145614032607636501e-01 -1.316259473944543457e+00
-3.741918710736917397e+00 9.469327778874995216e-01 -1.523775875253528866e+00
-3.535182196756837314e+00 1.091752022441158543e+00 -1.271210711346848043e+00
-3.523681646048890226e+00 1.123439080451291927e+00 1.064838867196282596e-01
-3.913104684101876174e+00 1.562634172741638849e+00 -1.282522917678960983e+00
-5.283046273207069099e+00 3.707461100092735440e-01 -1.665349617700409235e+00
-4.822153380402538936e+00 5.896026191456479326e-01 -1.486249931737405383e+00
-3.819512635863345995e+00 1.210960956512554754e+00 -1.198435401697097946e+00
-4.267011936991278453e+00 1.101902985224180398e+00 -1.081257289816489386e+00
-4.189644830518131080e+00 1.123234167927047888e+00 -9.003746120489966032e-01
-3.491393711212627871e+00 1.121083028683005134e+00 -1.853308306132175343e+00
-3.851236279373513760e+00 1.159414564881095400e+00 -1.465321732449959224e+00
-3.917532478675945118e+00 1.299945732168805712e+00 2.118802431357457439e-01
-3.256181484576218921e+00 8.875311853791654215e-01 -1.032592206359648213e+00
-3.510115892756271894e+00 1.295025803813222742e+00 -9.850068032695841191e-01
-3.410908735400245195e+00 4.912887590848032393e-01 -1.467292254939291496e+00
-3.726101092405877058e+00 1.264868474603704440e+00 -1.256542641309966513e+00
-3.534923747383797998e+00 5.150340967769126976e-01 -9.197655916398156384e-01
-4.149672023660729181e+00 1.042721074837758666e+00 -1.392112448877489417e+00
-4.507327324970272997e+00 9.579688912875671258e-01 -1.304642252715328965e+00
-3.694855901645141216e+00 9.428688030231640038e-01 -1.045616415758177542e+00
-5.004887979714633062e+00 1.867546045040396674e+00 -1.001606338911117833e+00
-4.413905958865822043e+00 1.141018780167820212e+00 -1.407569983588944362e+00
-3.277429157179425623e+00 1.110866565221277469e+00 -1.132194764832484379e+00
-4.364411647997269661e+00 9.700849077272872822e-01 -1.150792221284608230e+00
-3.782073112074148202e+00 1.089461017224515160e+00 -1.415735318935933407e+00
-4.122399953005190909e+00 1.443967881150836519e+00 -1.389501121950602380e+00
-4.315214654435354902e+00 1.209638457390892041e+00 -1.391698156857394286e+00
-3.993666064705894136e+00 9.433180108529994889e-01 -1.181870479915337890e+00
-4.101599545964100813e+00 1.000128704570781402e+00 -1.239362345904121199e+00
-4.083188479781306945e+00 5.966885148531226868e-01 -1.707456045298119118e+00
-3.375682426569168726e+00 1.682946706353930733e+00 -1.109208013906996859e+00
-4.145168564214867679e+00 1.351926952358881273e+00 -1.355996474387028750e+00
-3.848348403232335180e+00 1.029219779492897668e+00 -9.896864721409887045e-01
-4.065584736442052538e+00 6.945653042321497939e-01 -1.067696197293391602e+00
-3.522909154025280376e+00 3.744143286645835178e-01 -1.466198233749068214e+00
-4.291920870330721449e+00 8.027996870098167426e-01 -1.098046719792343362e+00
-4.369058669394508598e+00 1.172816772449395639e+00 -1.215105367019288618e+00
-4.371393820118356643e+00 7.047476776175461977e-01 -1.127476626980422836e+00
-4.282181502573390475e+00 9.988355462294324916e-01 -1.107763515644629049e+00
-3.921109865641373204e+00 9.483249932555934958e-01 -1.256533302089890114e+00
-3.615139540575362354e+00 6.330289060648983668e-01 -1.158278583321990851e+00
-4.589702974802447599e+00 8.799999380472637300e-01 -8.134605368730903896e-01
-3.595476024091607492e+00 6.302981136670936513e-01 -1.087049315778779723e+00
-3.988350168040482924e+00 1.309528031996613384e+00 -1.293668625524757143e+00
-4.426313013988655953e+00 9.817323318590220893e-01 -7.869504685504055130e-01
-3.996408101453562622e+00 6.329119644588665494e-01 -1.212457186644596785e+00
-4.567117633351526429e+00 1.469096472637331896e+00 -1.200987386687196290e+00
-4.078407413332194587e+00 1.228004377210570208e+00 -1.240636602041960801e+00
-4.475106903778180545e+00 1.038217765678811855e+00 -1.137340785897833495e+00
-3.987934273186107603e+00 1.417331401858780149e+00 -1.205614750711107908e+00
-3.755079754453454655e+00 1.087212824511761378e+00 -1.022733893941877747e+00
-4.372881167878748698e+00 3.553076351574167568e-01 -1.088601619868678316e+00
-4.430210939032064310e+00 9.747290384213247449e-01 -1.196935793560423678e+00
-3.831332579904809688e+00 4.272844942622200382e-01 -1.094319281085742501e+00
-3.621895730451157203e+00 6.191931078230235030e-01 -1.805689457493893979e+00
-4.143830177139656179e+00 4.816269333075881010e-01 -8.730256221771396374e-01
-4.453485306846746816e+00 9.173918523318895790e-01 -9.757263142935813649e-01
-4.366923953611798304e+00 1.015046269929551936e+00 -9.737446977791902603e-01
-3.751553316307908670e+00 6.261474762499407154e-01 -1.022455324470085358e+00
-4.215159043384297810e+00 5.614302425482713410e-01 -1.059355507505546967e+00
-4.303325354467564701e+00 8.224606372688089140e-01 -1.204678902365540871e+00
-3.981637648381918027e+00 1.030803053342123077e+00 -1.046364556073565710e+00
-4.248937167381923175e+00 3.154313314239657884e-01 -1.169281075730782549e+00
-3.897379536088674712e+00 6.765656229783943987e-01 -1.023406943824689774e+00
-4.212092371359690723e+00 1.453981341000396998e+00 -8.858897726264137740e-01
-4.075179841004513470e+00 1.317921359831922157e+00 -1.394846318567579013e+00
-4.410623341177560164e+00 5.942173929253355968e-01 -2.213257630371334272e+00
-4.104231693727899533e+00 4.596199405284628892e-01 -1.176927657198978183e+00
-3.922164224933002874e+00 7.434555509576188381e-01 -1.346626945458115010e+00
-4.288373655762467429e+00 7.321053031405120315e-01 -1.373904393491395259e+00
-4.399884409560989695e+00 3.716496180954474982e-01 -1.198372117225307676e+00
-3.263069780138094789e+00 9.709398421520517575e-01 -1.479672115161077661e+00
-4.749916677419111721e+00 9.983927262055916074e-01 -1.512185355138353282e+00
-4.346122067562214752e+00 8.580692934896873014e-01 -1.217845293144072638e+00
-4.359021891361233081e+00 8.438469041439907725e-01 -1.106449298362609523e+00
-2.952113283537084687e+00 7.241191651792435380e+01 -4.083708600627724561e-01
