-5.203682670926507159e-01 1.137391593647248261e-01 -2.749385956842874679e-01
-3.055095215286255939e-01 2.965328041904450318e-01 6.593202540996087047e-01
4.684245092082911510e-01 5.260337605894119806e-01 -5.960833583046135642e-01
1.354198950637614807e-01 -8.359311031184263330e-01 -2.061960517127199022e-01
3.825206637161217560e-01 6.240557387210172724e-01 3.555989682460852785e-01
3.639450020954387854e-01 6.302803978205383517e-01 -3.413346420439937745e-01
-3.363581133796466616e-01 -7.919352338560643467e-01 -1.757538501325575653e-01
3.319625947999070292e-01 4.464283117171257698e-01 2.611044850291246444e-01
4.768880766591230280e-01 1.831169503018295897e-01 4.372810979108257001e-01
1.638041267922411282e-01 5.564068898435234889e-01 3.758509776663994106e-01
-1.673669190783569904e-01 3.890908305394971678e-01 -4.268706349364929098e-01
7.168889391561620306e-01 1.597388619553572475e-01 5.106193627150358294e-01
-7.599918487227400599e-01 -4.666731134132943160e-01 5.585778411210777505e-02
4.886779643718425215e-01 -5.138095201726399219e-01 -2.192699751684058229e-01
2.918693421191977388e-01 -4.007780690149252978e-01 -5.124044947829801133e-01
-5.237421000909999735e-01 3.124006596451488482e-01 3.918124218292166061e-01
-4.954983503914889842e-01 -3.989413209099063606e-01 6.867244589157260881e-01
3.597445367159569918e-02 2.273919149989633293e-01 2.604496853814055601e-01
8.583287429816546799e-02 3.698224605673626209e-01 -4.793749257765980709e-01
3.534275848026605799e-02 5.233299979579909139e-02 3.134288802151610209e-01
-2.740888305145609549e-01 -7.076817787592155629e-01 -7.847100576180962572e-02
-2.828445028495968350e-01 -2.657440166060112685e-01 -8.395620287100916679e-01
-6.843648189289365247e-01 -1.246505867888899749e-01 -5.549525308735755447e-01
-3.603634590411487482e-01 -5.673044076674907954e-01 -6.436119724368009054e-01
-8.284664500209514282e-01 -7.707297404694031517e-02 4.267707467980916269e-01
-2.682422262044729111e-01 7.101689490709069963e-01 -1.379989408098589720e-01
6.580771995225058735e-01 -5.915443114962932736e-01 -1.503885816854776819e-02
-8.143705341751682203e-02 -8.917599001481762988e-01 -2.748789826850930318e-01
3.634844214962146824e-01 -1.665612983388878032e-01 -1.526657827848489912e-01
2.755036681949626920e-01 -6.684081195190259839e-02 -6.101139864451633477e-01
3.376408148231316297e-01 -3.217679927283701447e-01 5.784105713125058112e-02
2.524998403612498457e-02 2.080808416452173681e-01 -8.286197315042872491e-01
1.077004080873545100e-01 5.439984581617870463e-01 2.770284084208030073e-02
-4.306085347723076495e-01 7.769309834107220869e-01 3.522897868023876500e-01
2.413406448741244326e-01 -2.678434375512884769e-01 -8.110926864752963095e-01
-4.072766835304999361e-02 -4.885212796474517338e-01 -4.210203192298011404e-02
-6.812416307773547786e-01 -2.975935289068689510e-02 3.360145086626518673e-01
-6.483488317026401271e-01 -2.857954031352632485e-01 4.942142631958587051e-01
-6.892531632130071140e-01 6.933824546350499107e-02 -5.852433140769124770e-02
-4.534950505653506658e-01 -1.884004098980183728e-01 -7.413960789193737577e-01
5.421251506537092535e-01 2.755196697702012518e-02 7.555636246636595610e-01
-4.254979749604430317e-02 -5.040044579115814799e-02 -4.186173028143653774e-01
6.879842249043515157e-01 -2.463356088843843827e-01 4.114381364047267065e-01
-9.049847390387895374e-02 5.061334561775978624e-01 2.199127270665437173e-01
1.209871245485801862e-02 -7.917473539509469749e-01 -5.041061384284661884e-01
-1.685758690438396989e-01 -3.315916325894895378e-01 -4.857044077448913755e-01
-1.388232988823261960e-01 -6.138506834506954890e-01 5.609009013046944991e-01
-6.612523138444889037e-01 -4.789078495793557266e-01 -4.255103365565501838e-01
3.266055797989615983e-01 5.054572406471866675e-01 3.583779896685109212e-01
-3.545823129818431729e-01 -3.314786995063637165e-01 -7.661614856065609436e-01
-1.302604492681967707e-01 -8.432620131311066580e-02 5.993835427678257943e-01
1.732272010977513876e-01 -4.802023471030980595e-01 6.539149641978186933e-01
4.843586432853210222e-01 -1.361407830844610367e-01 6.984568175521963518e-01
-4.780828042738434203e-01 4.039272096774877974e-01 5.175152920468779616e-01
2.307148809441658122e-01 1.431811829490771681e-01 -8.671132377184785911e-01
-2.276233109687271217e-01 -5.492954979536709276e-02 4.772565595434578589e-01
4.211177836056375634e-01 -2.079666829215657403e-02 1.857897716992313042e-01
-7.384423998164395958e-03 -5.294100132398663061e-02 -4.840368752784807854e-03
6.452972412929486312e-01 4.062574013769595371e-01 5.502635273954599171e-01
3.440955755378324876e-01 -4.573168554978156441e-01 5.404443027163260416e-01
3.706028204543057036e-01 -5.734374236209258680e-01 6.397832444315352252e-01
-6.224709313971720226e-01 4.926412897872962660e-01 4.116916933544681467e-01
4.125152815103250714e-01 7.582610695253947375e-01 4.070006807309033969e-01
-4.053657053557471746e-01 -4.907106330168527902e-02 -4.281782691270540897e-01
-6.701654534799659224e-01 -2.369486082441046304e-01 -1.176049104743153162e-01
2.024044875174971503e-01 -3.903163702839465010e-01 8.147767064277010307e-02
3.759384448537625434e-01 -3.939557376700522640e-01 4.758232354869800784e-01
-1.751802211627510042e-01 2.866835345230597798e-01 -5.863437431306159908e-01
-2.059425763715596325e-01 -8.642846041896384834e-02 2.696617259188864302e-01
-1.490786236214664828e-01 8.094704159775961694e-02 9.102992885112676236e-01
2.994904697066986810e-01 -4.258354590422118169e-01 -4.184022082878358084e-01
-4.942823769603056361e-01 1.372949471913912645e-01 4.135844090813974305e-01
1.594686294644382871e-02 -5.750486862111309216e-01 -7.621101131943351648e-02
-9.775841871355586687e-02 1.335034284591906095e-01 4.049625317419814352e-01
2.001413170886053305e-01 7.936552209241592992e-01 -1.145700677395581485e-01
-6.673531523574121049e-01 -6.418092370324072204e-01 3.218649109314522527e-01
2.936942921304621090e-01 -1.499910163616982040e-01 8.001064755810314288e-01
-1.100408159460156687e-01 -1.283753584537274117e-01 -8.128665344897827438e-01
-3.485243827139561934e-01 -1.988470475379536251e-01 -3.035279763719300195e-01
2.029744609628407748e-01 -5.099711520176493096e-01 3.584252645939059456e-01
3.830367773625938943e-01 -7.889722148306804739e-01 7.356343670792095391e-02
2.011815753167082721e-01 -6.689934671833782653e-01 -4.643050352683804061e-01
9.295699838439286031e-03 -3.732458938448998675e-01 -3.315061847790526928e-01
-2.438709648166192678e-01 -1.467461441148544543e-01 9.164680980833863622e-01
2.211776425829660719e-01 5.050217807644428181e-01 4.247460353357284668e-01
-3.119675790629397594e-02 -5.282214476577967721e-01 3.734158511769657962e-01
4.591496901963598720e-01 -2.251303700296154731e-02 4.883975641704038639e-01
-4.305866467431774258e-01 8.001488364918159235e-02 6.956501741348530832e-01
-3.280159358672201098e-01 -1.207736341136412261e-01 -1.978856930846778495e-01
-2.893073506674949114e-01 -3.809137653127202261e-02 -6.145022405478282185e-02
-1.499985871125167902e-01 -1.634335411342268951e-01 6.979793185466547367e-01
3.422764536457514883e-01 6.015321976760296119e-01 2.535903398914036155e-01
-5.096630931043087953e-01 -3.144955668877869037e-01 7.524460550802040126e-01
7.187059914264546379e-01 -3.992579565396942032e-01 2.411548397343639405e-01
2.245054371258166648e-01 -6.571702404300506783e-01 3.974884458337347160e-01
-6.769312403194510663e-01 -5.917079401287967944e-01 2.390269697832740903e-01
1.168985929991180200e-01 -1.567664537550460813e-01 -9.025822039787712026e-01
2.829025463682541819e-01 -4.460270573193664823e-01 3.085069400534927730e-01
-6.781166953056290136e-01 2.695732563276542204e-01 4.000534984538846039e-01
-5.779212346752388152e-01 -4.832555738808120838e-01 3.830504443565619921e-01
3.454811299905034550e-01 -1.573098640006063142e-01 -1.882196664764752003e-01
6.129766187857014215e-01 4.649333146202457301e-01 -2.757350110835398160e-01
-6.435342883640304823e-01 1.935165045354584890e-01 -6.210240240078780394e-01
6.883960532068024440e-02 3.942171760665664215e-01 -1.913872983814286499e-01
6.319678115073638081e-01 9.316564120981385422e-02 2.250900475083597030e-01
-3.279323650504763488e-01 8.598765531233626414e-01 2.170754279609588000e-02
6.006268944395156684e-01 1.795057218824814282e-01 -9.075020402215928927e-02
-7.402540294478907601e-01 -9.825283112132671137e-02 5.262423278993068054e-01
2.875451518212788216e-01 -5.315577514579877816e-01 -5.809712621265473304e-02
2.456851981046344890e-01 -1.066332413316115231e-02 -6.545567288027192010e-01
4.802692326636185394e-01 4.433680686247868930e-01 -4.927244278394778965e-01
-4.419864195503529491e-01 -8.147768106242565533e-01 9.890380528480470501e-02
-5.947117324343675904e-01 -6.525125492876973077e-01 2.352935848616830028e-01
6.651338618037497818e-01 -4.855385612942880735e-01 4.729673939390408033e-01
-7.319029002203433221e-01 -1.456169981451699118e-02 -5.755217428691213888e-01
-4.699970156141610178e-01 -2.251229973114573235e-01 -3.114248016925149076e-01
1.024882194199784602e-01 8.279131626670588329e-01 -1.752958416446946943e-01
1.801049682708507627e-01 6.116366836300823895e-01 -2.675709186332203005e-01
8.963540178097696431e-01 -3.568055797143759866e-01 1.662542102845869507e-01
-3.229930506598083229e-01 6.012983819907859184e-02 -4.460515100227757657e-01
-3.960507159409584199e-01 -6.020118336463133879e-01 1.503047626705946160e-01
4.393614352438817566e-02 7.920615902986759549e-01 3.448790320460923819e-01
-7.175864017329962596e-01 1.174326966789411147e-01 -7.702360079026358830e-02
-1.259783085270952396e-01 6.421012026967157782e-01 5.279455061457712928e-01
5.215586950724149240e-01 3.156745414715099174e-01 -3.091649241597513864e-01
-4.915472520904404785e-01 -2.784306990311267160e-01 6.463655789894240389e-01
1.855093877192196816e-01 -7.229705519608391195e-02 5.055415884239468083e-01
1.166664157011588210e-01 5.095430350109721174e-02 -6.968194436076767806e-01
-1.801377882057578483e-01 1.027235307868542696e-01 -2.320865524260330437e-01
4.609049814250222865e-01 2.316435464554772450e-02 1.949960888701990358e-01
1.424605752916829060e-01 4.578781040701022098e-01 5.641210535569621820e-01
-1.239356166868210360e-02 -3.664257756705112667e-01 -4.530060121885025048e-01
-6.477214569074876138e-01 3.264132232107007092e-01 -3.182788029037223465e-01
5.748124530469652660e-01 -9.439573625941236057e-02 -1.158071872311713379e-01
6.459155760205681496e-01 1.372966728591897279e-01 4.332856880109911546e-02
2.813411213003418898e-01 3.836823052165094783e-01 7.476970182764213213e-01
3.797227026830924390e-01 -3.083795537897520700e-01 4.505981569622902749e-01
-7.181705631484877062e-01 -2.205547280723018089e-01 1.477479662850106901e-01
6.529471184831845409e-01 6.652932869863911192e-01 -3.055161027197374549e-02
7.763037972334154713e-01 -4.102351396931770422e-01 2.857699377954182607e-01
-1.991314329019770180e-01 3.865793830032798195e-01 3.141640882454631578e-01
-5.831012639421825350e-01 7.575126250419446372e-02 -6.881019331382840498e-01
1.881414432440776940e-01 3.498186659412094723e-01 -1.636019426270627630e-01
-5.862692435677792080e-01 5.255448099377644233e-01 -3.065408049836977900e-01
1.581079188529268265e-01 2.740663020584532261e-01 7.331854320291897320e-02
-2.554926811537987508e-01 7.362857653003087588e-01 2.848504218996336657e-01
-5.665705691043845804e-02 -4.282436860639527998e-01 1.732315118188986480e-01
3.421977069341402555e-01 -1.825344216456322721e-01 5.125769425780807298e-01
4.910104805647649839e-01 1.780622999324097955e-01 -7.006315947771212249e-01
-4.606879078026265284e-01 -6.182560980314727450e-02 -4.282015973222000338e-01
3.592311879022326848e-01 -4.161115303135831112e-01 1.615398132999162628e-01
2.140433661926587627e-01 -5.155326271683779993e-02 6.903560176460780962e-02
-1.815522984875468371e-01 5.679166955278007745e-01 -1.871542830131470436e-01
-4.445333201993764138e-01 -8.015335274674916660e-04 6.924450082265417583e-01
-2.745060804444888689e-02 3.860386362723843834e-01 -4.784269004461884703e-03
8.366577041000058945e-02 1.420706481584831093e-01 -8.165236228360848170e-01
2.045054219487798808e-01 -6.675196497680485619e-01 -1.167956496954167950e-01
-4.192695006851162587e-01 -1.473750320159128158e-01 -5.807803887027352951e-01
8.259115354857247127e-01 1.776078912309533298e-01 -3.808635938573566859e-01
5.098391595901045070e-01 -1.571132979808143315e-01 1.612543520800250457e-02
-2.697339031063279990e-01 -2.454989558053881915e-01 -6.345405775937947856e-01
-1.955547210320173479e-01 7.246040014752294089e-01 -3.907908548307611474e-01
7.883858876595357668e-01 1.452682979911348593e-01 -4.151282626003425236e-01
6.586028848071971004e-03 -4.886150666611939197e-01 3.430106716981393689e-01
-1.044107402695509390e-01 6.241583196558778690e-01 -1.627897989432997850e-01
-2.218782782448984123e-02 -3.204314211542559354e-01 1.955401476687003148e-01
-8.374313328869851247e-01 -3.776962166862062875e-01 4.668722821921685029e-02
-7.268968762796395033e-01 6.766563978072739904e-02 3.958985268344558661e-02
7.180782364340422275e-01 2.158863202476188070e-01 -4.885637361228121756e-01
-3.149023561912923652e-01 3.753149816754574042e-01 -2.306463409844184409e-01
-6.165484454256640046e-01 2.052139299960890062e-01 1.957172044395582011e-01
4.150649595042273932e-01 -6.158659168521375404e-01 1.642081164795067549e-01
-4.800507563920624610e-01 -5.226096001368536470e-01 2.530594458751418002e-02
3.849329153218146171e-01 -3.864025295153085404e-02 -5.631636961886860027e-01
-4.357334784719320009e-01 -2.390620156932748153e-01 -7.831186728449752721e-01
-1.065940902347114194e-01 -5.334556441560509565e-01 3.992486357101064920e-01
-9.459161323721154702e-02 -1.315794793626088588e-01 3.376611927531308344e-01
-6.161280642080488867e-01 -2.755264752836761311e-01 -6.240740685033645541e-01
2.675533789894568582e-01 -2.783876313227405808e-01 2.453223853472166482e-01
-1.513372116320359229e-01 -1.009983565641590364e-01 -4.777641146433976305e-01
1.071671751393352134e-01 5.332193472872408940e-02 -9.186162300035530248e-02
3.807584878390868344e-01 4.914080458094514103e-01 -2.966737775929580434e-01
1.094755351396498461e-01 -1.464860365985225926e-02 -1.326565470318074591e-01
-2.309062385558106056e-01 -8.752873566053284149e-01 -3.198105624635891875e-01
3.391843802452995660e-01 5.973176453897220961e-01 1.226061391900710486e-02
-5.468853884485552763e-01 6.171473635263966528e-01 -1.922500959740844340e-01
1.620084170436190962e-01 -4.124356045123905856e-01 -6.633541054778209212e-01
-5.059653377376736039e-01 -1.702289240453423169e-01 -4.214483548276903857e-01
-6.149576877904047167e-01 6.516463042193911814e-01 -9.083155456181617182e-02
-5.004916602113818058e-01 3.689643524322021029e-01 -5.315594320769533310e-01
-5.912999854464071614e-01 3.077063999044447051e-01 6.032648837751215520e-01
-1.715284458609029616e-01 6.035320706509933464e-01 -5.614714565950711389e-01
-5.741947457870273386e-01 8.821550651135677545e-02 7.713499573556146238e-01
-2.702011843959924997e-01 4.930430706116806228e-02 2.647665348152625220e-01
7.728763364876274633e-02 6.977369415522256535e-01 6.215374424301305378e-01
8.286713075802869533e-01 4.665129031503412183e-01 2.489597258080523123e-01
9.678771232020471071e-01 1.470126009556385061e-01 7.330640864023534042e-02
4.002211077831772101e-01 -4.302658320710231812e-03 -5.648540779320314620e-01
3.955435392173436981e-01 -8.578580848067683950e-01 2.999450113485398889e-02
2.784629116415562322e-01 7.183296296420385030e-01 3.905735612571744619e-01
-2.379683308392234464e-01 3.698357758771089049e-02 -7.005983673841706949e-01
3.825757900251275934e-01 -5.569167588761270160e-01 4.995651338965608201e-01
2.287090627380870822e-01 -3.264410127552556107e-01 3.334444358805189745e-01
-7.798098746573127737e-01 -3.008776147095560960e-01 4.611704224345259950e-01
-3.272229903588010358e-01 6.791297194751552690e-02 -2.614151980514541895e-01
-6.981205570928122883e-01 -5.155298831099855983e-01 6.964539606984708475e-02
6.722478757465880639e-01 5.301623211535722024e-01 -1.185501392074641974e-01
-2.572557257436700606e-01 -5.711298087030390880e-01 -3.489177842671532526e-01
-6.767841533492351125e-02 -3.283122341845849945e-01 5.049807929658632899e-01
1.868481617214300949e-01 -2.022444317224644794e-01 -4.150714488813918024e-01
3.377632057350278272e-01 -2.202163055924069301e-01 8.743749937520450821e-01
-2.603881309218293305e-01 6.121604807371089363e-01 6.483864088379901469e-01
-2.741752826159880585e-01 -3.516648134163171679e-01 5.074610198585670640e-01
6.623518167332724804e-01 2.183625466903093004e-01 2.963734817279136124e-01
4.339483250348201149e-01 -8.671319888354648286e-01 -1.218612191236220915e-01
1.315898484473722874e-01 2.214077200970103187e-01 7.018124012461521843e-01
7.538901257222652141e-01 4.290364477468930349e-02 2.505799653921376713e-01
-4.606542769791834302e-01 3.375114848096589792e-01 1.008698749995534660e-02
3.426923088540394513e-01 1.595471211170290393e-01 -3.278263625844624052e-01
1.831264246924693695e-02 -3.215312529841996558e-01 -5.231704582841439910e-01
-2.711294450148223345e-01 -3.419990721349132623e-01 8.351430493004292632e-01
-3.364026615760358219e-01 -2.033107091223035900e-01 -3.911364239602966308e-01
5.919957153434412395e-02 -7.449625806008584039e-01 -1.821173016729116245e-01
1.136012826297877337e-01 -5.525863505039159129e-01 2.724766136518898176e-03
-5.980814262992203423e-01 4.040771532987202375e-01 3.662233854716532289e-01
-3.778579704134538142e-02 -1.973580821168632593e-01 -9.351988265702394498e-01
6.030824200993251116e-01 -5.687908531161349757e-01 -3.201311005254935393e-01
-2.113065082364806446e-01 4.847149804125368000e-01 -2.846699494141159414e-01
2.402221824850732101e-01 -2.230833461807466833e-01 -2.666942489854029485e-01
-8.220754840705947822e-03 3.615110942341582811e-01 2.180659247181409577e-01
-4.345492347951555590e-01 -4.390734836336964153e-01 6.618731474155571393e-01
7.272145711546083025e-01 2.713570429545835716e-01 -3.245785468388250328e-01
4.843928158159998554e-01 3.457691906871387943e-01 3.386996819449160645e-01
-7.685225642793225287e-01 5.359295536762026524e-02 2.022902920424135553e-01
6.351260406893018129e-02 -3.187739218153551324e-01 -3.680346355969747740e-02
7.684593051321055024e-02 -5.074459986516337562e-01 -6.775418923355152057e-01
4.126729751729555362e-01 -7.361033479553897863e-01 -1.277107106421547511e-01
-4.006321310509365907e-01 -2.774962961986811583e-01 -3.417822522869422563e-01
-7.655284573586039754e-01 2.022910619109786756e-01 3.519966164927662011e-01
6.085246299397413239e-01 -5.964323607494070867e-01 -6.661930871555419784e-03
6.400989191984123305e-01 -6.206536617387012900e-01 -2.635007634232973128e-01
6.312726902412290064e-01 1.573546045971062624e-01 -5.937266851153976122e-01
3.745737853789386507e-01 -8.413766969556774056e-02 -1.290547942136795190e-02
5.970980671370913484e-01 3.026345952464398192e-01 5.668332022815145699e-01
-2.205575832096640376e-01 -1.894372449283788784e-01 8.149125556831963157e-01
-8.343854255284205435e-01 -4.409376354209960241e-02 1.030923200787610822e-01
1.681325815099299070e-01 4.838626153412617370e-01 -5.221366367364470573e-01
7.795369366129967226e-01 1.029869292223631605e-01 3.099720084085515470e-01
-4.861536441999185776e-01 -6.135350201404597970e-01 5.934571484500185123e-01
1.160809115567218441e-01 2.394272034310396258e-01 3.986434790073767331e-03
2.215417294358084377e-01 -3.143841910487382707e-01 -3.800206347917902683e-01
-6.704533493989825454e-02 7.421068737030216411e-01 -3.076025050203030076e-01
-3.633151610565299450e-02 -3.726564657586441398e-01 5.667254433357755694e-01
-1.757203045568148103e-01 -9.557534932196448674e-02 -3.611942959175644119e-01
5.063720800178703185e-02 3.435694434032131039e-01 7.404703929236834403e-01
4.383041828389043770e-01 -1.342307819011795689e-01 -4.006316528285585044e-01
4.244817448842656826e-02 -5.583134417524189264e-01 -4.273089246854107626e-01
-2.034632505813937509e-01 4.158984994905939314e-01 -1.980544272724046040e-01
-2.666132909395302897e-01 4.960031400744366326e-01 -4.084669340230254186e-01
2.929758151148802447e-01 -3.659242133380951473e-02 8.283719804324283231e-01
5.719439214608504907e-01 -3.776149526648839294e-01 8.420058106005851029e-02
-4.918919494598489872e-01 1.881694174536089892e-01 -2.971914520154164685e-01
2.427629184517449690e-01 7.290236847648779994e-01 -3.147627791809488040e-01
8.112710332150625536e-01 4.692008200735905271e-02 3.636370973190514722e-01
-2.587546360802656445e-02 3.891307658839273098e-01 1.354241084405819751e-01
4.414992520782644037e-01 -8.519941470325826938e-01 1.516914559079937386e-01
-2.058442652204374168e-01 -4.870964538285881829e-01 -5.990326423889142937e-01
-1.135422013276697790e-02 -1.836527737450768250e-01 9.546754368494496656e-01
1.743876546028760577e-01 1.839342985250138618e-01 -5.234876798975033330e-01
-6.158269675888928818e-01 3.190215480339808618e-01 6.757316759345620705e-01
2.574361421567888941e-01 7.257898134706148863e-01 -2.312536914519795206e-01
2.785975090165966339e-01 -3.969000613960701473e-01 -6.084720267101277891e-01
2.769259869143276265e-01 4.491329240878194629e-01 4.845672708067002427e-02
-2.987649755654510630e-01 -7.972848706989704715e-01 2.822930360507220349e-01
-5.118917996609880783e-01 4.651673244930147888e-01 1.484314293829484821e-01
-2.225260242491022555e-01 -3.871571907056347572e-01 5.279919733833882134e-01
-8.381738042640685116e-02 -3.052989348996674734e-01 6.021001327801031033e-01
3.779527877295163485e-01 -1.667407506054043587e-01 -4.522471796724985560e-01
7.364625253776724279e-01 4.000130346463141029e-01 4.408070509017496530e-01
-2.190958650546267206e-01 1.271090749570175926e-01 9.396707216154503994e-01
1.939726154061850380e-02 7.346589946764302548e-01 -3.915699523833889306e-01
-4.232564941811388093e-01 4.739867119932203998e-01 -1.362820655687921323e-01
1.920913261107213277e-01 -3.115743992888066471e-01 -4.658549228899372951e-01
-5.696568735967132424e-01 -4.335426717922912787e-01 -1.153975309748787349e-02
1.226318412124979308e-02 -2.121183218576901952e-01 -2.440297690790559082e-01
5.049548998720088111e-01 -5.093539891267805098e-02 -6.011265611952640864e-01
-4.271549847765832020e-01 -3.001537212310339542e-01 3.093225191067655033e-01
1.568889860926359348e-01 5.000649067831572925e-01 5.886394025366545879e-01
1.325839720771222197e-01 -5.886025555389405861e-01 -8.728435096036611662e-02
5.705274771209618567e-01 1.562320922683498869e-01 4.234259862631984395e-01
7.538765493117720595e-01 5.468885275271819779e-01 -7.736603144178874625e-02
6.100206497583596787e-01 -6.022468750683801497e-01 1.745524156363528756e-01
1.854691496319831323e-01 1.005669087272655082e-01 -2.273721257076808944e-01
-4.056798259811223994e-01 1.415770545002076886e-01 -7.449042411014347165e-01
1.644176003765414340e-01 -3.796089087467385270e-01 7.924145451227776471e-01
5.501683766100486789e-02 8.214046660074956208e-01 4.759615721117464726e-02
3.826500861557132760e-01 -4.056064659038647879e-01 7.303751300577696615e-01
-6.514974543105359062e-02 6.935790076654695102e-02 6.566851076792006026e-02
-9.354021714965444767e-01 -1.412761524735870466e-01 -3.690089935800995417e-03
3.012531249441704473e-01 4.752691859703065957e-01 2.486977432643546759e-01
6.587335750549133673e-01 6.342737145708299273e-02 1.475147240303456286e-01
4.039345022816659969e-01 1.475930442105544693e-01 -1.354267256511083040e-01
4.436827597646577082e-01 5.576678658030032043e-01 6.578923764486512837e-01
3.619615949127179544e-01 3.707961400615752273e-02 -5.106682522223373599e-01
-2.648701579660722172e-01 2.748659045474044493e-01 -2.537071409615545559e-01
1.471688774131106325e-01 1.259842431966118337e-01 6.345823579068150533e-01
-1.510368360189936476e-01 4.613088611616964485e-01 4.193425261999023101e-01
2.261213442289194409e-01 -2.578731200133160262e-01 -6.037835191125364709e-01
5.384187197607237518e-01 2.868190763684215841e-02 -3.917348069383182474e-01
-8.924066135277078371e-02 7.399617842395067591e-01 4.883103964466591895e-01
-3.833733359373525107e-01 -2.998915365722012449e-01 1.929992774227433094e-01
2.989558928886688199e-02 3.199126797152576085e-01 -1.364882992872174239e-01
2.216319248431687650e-01 5.198267056397658514e-01 -6.521883997017788870e-01
-1.933416428786683683e-01 4.481404466336051384e-01 -6.988142896539623061e-01
-8.521295807059289240e-01 -3.170948533581082196e-01 -4.201015715260866118e-02
-5.119992905632527735e-01 1.552013092312971576e-01 -3.914428522520357889e-01
-7.899311843240323094e-01 3.737567250017027193e-02 4.378625007431158345e-01
3.946469728689842027e-01 3.550712322425114698e-01 -5.684024004111771777e-01
-4.386236004609410655e-01 2.498030497991599319e-01 6.624585898157068220e-01
-8.670881297530687037e-01 3.626880905759631846e-01 2.569511815713411695e-01
6.037066433353637240e-01 4.286570074259753449e-01 1.158900261896892436e-01
5.103815836268341677e-01 6.246156609634224699e-01 -4.065588279654737125e-01
1.894121900731688402e-01 2.386830288199126293e-01 8.297539193066287844e-01
-3.096415862384647721e-01 -2.178550382384535355e-01 3.037857872051957786e-01
2.178284946694758750e-01 -6.385096802792380455e-01 -6.560980483177845934e-02
5.119692393988228840e-01 1.320653925044742161e-01 1.799205251489066071e-01
3.771825042655827520e-01 -6.792948701680110446e-01 4.654714318186925492e-01
2.099145299841423673e-01 4.003384630972200431e-01 3.671268357370272017e-01
-3.051632131935633208e-01 9.612151761372693393e-03 3.943901212139077628e-01
4.261071824607463032e-01 2.384236154468340751e-01 4.705238635686459503e-01
7.857195572672756589e-02 5.422304345580281071e-01 -1.601545599516487339e-01
-2.228835369102195874e-01 -9.654806322077762182e-02 -5.105055826823756693e-01
-2.706736509025620685e-01 -5.434069843158794155e-01 6.487077183188724172e-01
-4.119264904594439058e-01 -6.012508682064576782e-01 4.402965319725165028e-01
-1.460363599956265301e-01 5.147140155428412411e-01 -6.437161987108119821e-01
8.610358361287530071e-01 -1.301673540429316711e-01 4.421775154210196290e-01
5.849787130330044715e-02 5.091669785885080124e-01 5.527691305085163931e-01
-3.048547800657119278e-01 -1.200584426880788869e-01 1.887718922666737353e-01
4.916539810962668455e-01 -6.036259238463747012e-01 5.584476661826677235e-01
-5.591539607744927531e-01 -3.009168464961510248e-01 2.122421048225605900e-01
-2.907775569292800344e-01 2.238179978283670324e-01 1.012804970385312586e-01
2.964618611092625922e-01 -2.561657493307042399e-01 2.572419140696050599e-01
-4.604720481023274470e-01 -2.216295644223849337e-01 5.173152080090838156e-01
2.333934008232341206e-01 -1.509029284489589728e-01 5.312999640484020736e-01
1.204604398904813873e-03 -3.037091998860343978e-01 -5.316087466465257982e-01
-2.034993686800959378e-01 -2.007234186920893726e-01 -4.936454225581611843e-01
5.880849474143267086e-01 -1.915847305619429175e-01 6.563908972301872868e-01
-2.287381712198919836e-01 2.568968119206927470e-01 -3.394724706731324648e-01
1.482021467222397193e-01 6.513080859066685546e-01 2.939231546396456340e-01
3.081590109613469020e-01 3.638418771301474286e-01 3.908550633636088678e-01
4.551456999457332286e-01 -3.397087490786591668e-01 -3.192597533175405844e-01
5.595831759044869180e-01 -6.415453663692965991e-01 2.772890490557815002e-01
-1.548813432458110151e-01 7.280006334060304951e-01 1.201256664433523330e-01
1.102352776537191131e-01 1.547890789363669251e-01 -3.944859779321064908e-01
-5.695178148988585543e-01 6.867175807274722432e-01 3.519583288671543908e-01
3.520876637965886791e-01 -2.586250854891813389e-01 -4.173929697662379090e-01
-4.421131502741036945e-01 -5.592164697827617381e-01 6.562622215245319524e-01
8.206185005137044408e-01 8.056492025593062212e-02 -1.759503204240630281e-01
-5.623216688038336075e-01 -5.072470011207794727e-01 -4.429554311891666374e-01
-3.683512235588849437e-01 -4.285511243994044595e-01 -7.806322838642987261e-01
7.737834739529687589e-01 2.189276187070098023e-01 9.697637172319389931e-02
-8.879153269107212254e-02 6.166545455361945871e-01 3.745089679316913056e-01
8.505081848433054814e-01 -1.377249675932147310e-01 -4.618695429263497410e-01
4.141008650967325372e-02 -4.570521717023866004e-01 -1.016380485743612339e-01
5.427442504401838175e-01 -4.688261530378719510e-01 3.762068234892312901e-01
2.448324083642998139e-01 -3.213677781973303116e-01 -5.852284160834339000e-01
2.157651539999486945e-01 -1.456654747534535943e-01 -9.167608659026665885e-01
-4.505586908582611128e-01 5.856988467620030114e-01 -5.086199786697791492e-01
4.566080770586756210e-01 -1.599867354441900091e-01 -5.013772281511120754e-01
-7.486594170634721657e-01 -1.491540690935078683e-01 8.204310359015128118e-02
1.408767703006620284e-02 4.784093755031477713e-01 4.239014945546377700e-01
1.327524351549551340e-01 4.377147215074236875e-01 -4.265284905782715796e-01
-3.865775429792634443e-01 -3.671152144267786355e-01 3.063637592377757013e-01
3.743335788529312813e-01 5.742550100592925810e-01 5.718017570584654763e-01
8.511658080367348611e-02 4.817670993606062435e-01 9.802534769534720915e-02
-1.347036828734329561e-01 -8.747402217099398136e-01 -1.447638868168514281e-01
-6.806739108072968891e-01 5.432500706016862857e-01 -2.809203367059446288e-01
-8.123138828260997868e-02 3.447175392346091827e-01 -3.595041426898898385e-01
5.437864040229500873e-01 4.025128001910344144e-02 -3.876676560573480979e-01
7.686517988393852807e-01 3.696492234126008691e-02 -2.980954819373971554e-01
-8.636021282969547075e-01 1.330800006002171021e-01 4.276914230569637265e-01
6.731431166460313809e-02 -9.293367583511316088e-01 -6.682205454952139245e-02
7.605065320994466860e-02 1.724583187425734465e-01 -3.607523745861518916e-01
-5.911335209125717638e-01 3.788985743767488423e-01 3.206103988834625995e-01
2.100904684271256151e-01 -5.379277241313225044e-01 3.524842068526680694e-01
-2.894696504465726350e-01 8.588521404025117878e-01 -1.742581897793299972e-01
-3.541335909227769085e-01 -3.639108890967392984e-01 -5.728571135524609392e-01
-5.091062132279502439e-01 -1.935557053372700398e-01 2.291937314703146877e-01
-1.617559263306276585e-01 -8.221683776316095205e-02 -3.977036691114722022e-01
-1.189341438986545874e-01 -6.724775382630268084e-01 6.449636889085017533e-01
-2.978397995935214149e-01 -7.882367312131283166e-01 -4.586865338999084329e-01
3.795257992661933422e-01 -3.854284545644325322e-01 4.037536470286287038e-01
-2.153842269902582485e-01 4.638736765927007899e-01 -8.140142599862979500e-01
-2.080131662660110112e-02 -1.864364584630774924e-01 -2.533431259891407716e-01
-4.201313164986763549e-01 -5.468638242563902269e-02 -8.323553299738188638e-02
-7.683539520579084348e-02 -1.300966841367056925e-01 -3.682389324329547464e-01
2.890812760524200109e-01 -6.577820749175059545e-01 -6.648678659985866046e-01
-5.655630673391448537e-01 -5.631084932356337225e-01 3.116878624026182543e-01
1.184174051421924140e-01 -8.141086978255202000e-01 -4.915421978609470499e-01
-4.503942498379348569e-01 -3.926726694823566288e-01 7.521668167695791940e-01
-5.042592745850079661e-01 -6.348333945486233088e-01 -2.829122423592584368e-01
-5.344231766502558489e-01 -1.154789500794609763e-01 -6.216622862152500900e-02
-5.407101983254219979e-01 -1.343773929987158167e-01 9.112369401797183743e-02
-4.022236949905115266e-01 -5.736909408509417154e-04 -5.887010611853820130e-01
-3.080761774525176966e-01 1.529771620922956155e-01 6.185070931671453609e-01
-1.533670793465303495e-01 1.857306645243210763e-01 3.181623773541616407e-01
-3.729652725594063689e-01 5.080334455066083388e-01 -6.120484750589579859e-01
2.548105962954861914e-01 2.629204109904478837e-01 -8.401278802741360963e-01
-3.321990504298527047e-01 -2.609201731540812183e-02 -2.768798315977428204e-01
2.646333606431011121e-01 -2.442632452181960068e-01 6.618030172836799618e-01
4.389355086539329931e-01 8.310979707301675568e-01 1.953938125910615053e-01
6.696907682192556610e-01 -2.915624934367816445e-01 -2.586949614377833107e-01
-2.127876993400190653e-01 -1.318230181075583929e-01 7.466861593710634182e-01
3.274862713322908986e-02 -8.769508217103197945e-01 -4.415829501261067658e-02
-4.102623917598935965e-01 1.287521882563178732e-01 5.779372952379794315e-01
-1.321063064674485033e-01 -8.800907507352851988e-01 -1.506366769697966845e-01
-1.031778317778537547e-02 -9.117377520617193642e-01 -2.144404262971517650e-01
-7.272601705101461311e-01 -4.168497501498157343e-01 3.564796044461089886e-01
-3.839060182436573876e-02 1.892497225398246108e-01 3.294356023096116082e-01
-2.256299699315842955e-01 -8.069992938916480396e-01 4.893080068081396838e-01
6.159139875324497471e-01 -6.336025601884511804e-01 -4.167866063407831834e-01
-3.147029665648950481e-01 -6.709371394227560126e-01 -1.762063379604766888e-01
3.247040888056726970e-01 -2.395806559186818563e-01 -6.971846279489577469e-01
-2.878787661209772364e-01 1.208811397482182776e-01 7.187559197144266498e-01
-3.649391520268224776e-01 -3.500630473699619660e-01 5.648094496022729727e-01
1.387049420752898832e-01 4.272138432101413308e-01 -6.851976015648332252e-01
-9.166735978464509715e-01 -8.426249813953442646e-04 -2.083890138146345106e-01
1.043873670436802487e-01 -6.232083827997127179e-02 -4.313859637160700755e-01
-1.191548358735668445e-01 6.514566082013272252e-01 4.001143444566163665e-01
-5.236516062248938175e-01 3.605841842240967710e-01 8.391134583852345730e-02
1.734863900571187723e-01 -2.074909671430164304e-01 5.208119531558583759e-01
8.697797311175287094e-01 -1.706298363185245193e-01 -2.749619832835326072e-02
3.862341315390595969e-02 1.893406485007893270e-01 6.597028413610881437e-01
-1.744904880585165519e-01 -6.282784654301870608e-01 5.354856107477031779e-01
2.500399578727902639e-01 5.606998243466341236e-01 -6.250824355607109695e-01
1.450307798059918551e-01 5.933200972870682210e-02 -1.973285677210912803e-01
-5.738064463049166175e-01 2.684153584675111337e-01 6.074411352754695292e-02
3.819384810352074444e-01 3.813692203404318026e-01 4.947507831015917623e-01
-8.101340497470443935e-01 1.411811607653884193e-01 -4.513378366599227753e-01
-3.914593604709027397e-01 9.541570890064089705e-02 -2.271610783468702155e-01
-1.115774818722992806e-01 -7.681941652809428644e-01 -1.963297179212105947e-01
-5.434276351186134724e-01 1.079425247560747564e-01 -7.670653889860694630e-01
4.415671500001663308e-01 3.886886149290063597e-01 -3.818296778316270790e-01
-8.026780649923900279e-01 -5.360536950635527015e-02 4.581790691411114641e-02
2.740370112970970662e-01 3.218822226048045354e-01 3.058782663362372145e-01
7.316967294424328028e-01 1.157734777533045295e-01 -3.641877812236274381e-02
7.457465205915039808e-02 -4.494819517936540221e-01 4.191936153601594217e-01
4.805936232097531291e-01 -3.685467562115979367e-01 5.487837269247768379e-01
2.880166037963911019e-01 5.719619811772316265e-01 -5.107466093529867690e-01
4.495109006285800124e-01 -3.627478301015238937e-01 -2.209633893063153720e-01
-6.096369343246819117e-01 -1.950354070614348512e-01 -7.294790501021590767e-01
-6.573804924031727281e-02 5.518656029929802642e-01 1.079093157359455601e-01
4.178905167379490249e-02 -6.156756392571505199e-01 5.511416364551529057e-01
-6.170579441602922488e-01 -4.882794489051126563e-01 -5.805587264712795958e-01
-4.914254602341914802e-01 1.024149806982927041e-01 -8.158371141503290014e-01
-5.266242239497543887e-01 -5.845288403104226260e-01 3.740590289506827149e-01
4.969434487532232714e-01 -1.377432223089399867e-04 7.486595100934324565e-01
2.937824736006685589e-01 -3.406402099333065148e-01 -1.225398969276844524e-01
-1.820265378326378081e-01 -4.831804361714482354e-01 1.428721462437009537e-01
-5.248120558819479031e-01 5.194697288619910536e-01 7.779657553443139473e-02
6.143230250198249837e-02 4.931734554688928518e-01 1.271060502775281376e-01
-1.373963926778339339e-01 1.230813116536826901e-01 -3.077286563637271488e-01
6.037484645369493030e-01 -1.016137613719739624e-01 8.872560722231730146e-02
2.345802486789568542e-01 -6.636095830537385165e-01 4.254945964622616206e-01
-3.383958494934837247e-01 9.368792990195400072e-02 6.229736340680972484e-01
-7.788316785613070836e-01 -3.304390943508261902e-01 -3.295223352537510753e-01
-7.282386343598713507e-01 5.084739032629050914e-01 -2.005324598694315508e-01
-6.746189776623979784e-01 2.812016402712194663e-01 3.210332986222120821e-01
-8.910762152520171342e-02 1.401509525346100737e-01 -1.386869211177206296e-01
6.041282039100697165e-01 -4.479675923303282348e-01 -3.432872560601181733e-01
-3.194579370631508292e-02 6.019017132894439737e-01 -2.614627936481596082e-01
-6.970340468958656777e-01 -5.037032284092551881e-01 -9.635200259610378348e-02
-3.589936986610161584e-01 -4.262361345734537732e-01 -2.683536152938190700e-01
2.230008844119426015e-01 3.607173962322201000e-01 -7.613944419257930862e-01
2.681128997799518410e-01 2.487346043440177845e-01 -6.508303569817676104e-01
-2.421748529178298082e-01 8.505394076674386294e-01 -3.503434293851904746e-01
2.838720873229978459e-01 9.085017933883739183e-02 1.867517528870255850e-01
3.069852331959771821e-03 3.446440806300279380e-01 -8.374063677439856912e-01
-6.650105746399356255e-01 1.498152122622702087e-01 -3.283191153827048070e-01
1.803748283297632732e-02 2.979103295940107032e-01 -5.446147504064670075e-01
-6.266978910571121553e-01 3.475588810282788654e-01 -2.591282569160264226e-01
-7.724373082918140065e-01 2.966295354921630878e-01 4.274918374243740216e-01
-4.866753345349509319e-01 -4.742952002088495211e-01 -1.780525198693967970e-01
7.100185025061228616e-01 1.241257679274455905e-01 -7.399454782772832417e-02
5.005350987275691832e-01 -1.353604852823138693e-01 7.492191723412985338e-01
-3.726150357339579333e-01 2.104125950850088966e-01 -6.386683396542565117e-01
-4.485164617114775210e-01 4.773399587002847833e-01 2.704746729263821092e-01
7.013952215465809603e-01 -9.703856805475531699e-02 -3.476120872542718399e-01
-2.401335884255264563e-01 2.708809720922006337e-01 3.756144013444479013e-01
3.469547807205209944e-01 -4.764490444725641982e-01 -4.215858081795373358e-01
2.773455981585636887e-01 5.280260112791462790e-01 5.410188451752059313e-01
-3.877729871662056738e-01 4.639806665817444165e-01 -2.052150846578239263e-01
5.227777991553159698e-01 -5.709563307329208921e-03 8.354083139799670099e-02
-3.269984370910145044e-01 8.993659928058442832e-01 -9.897256972043216861e-02
-4.580529044646417525e-01 -7.103320364183031144e-01 -2.147856790550630723e-01
-6.418413097745774287e-01 -4.074553571167039423e-01 2.499833751439272944e-01
4.666029947832219804e-01 3.835276515799680430e-01 5.060472646637740324e-01
-8.778591165875897495e-01 -3.853815940223525027e-01 4.104797157318759021e-02
-8.922335133177763389e-01 -3.720337655175123270e-01 1.659164781522025692e-02
-1.626688896749856061e-01 -6.676238545712016581e-01 8.908644216163974505e-02
-5.791703182583665122e-01 2.660573768404695186e-02 -5.121869182939922105e-01
4.953307300728120727e-02 8.066992157364205607e-01 1.010581174093639761e-01
-1.869041353953730944e-01 4.905315109366247261e-01 4.361615256966112075e-01
-8.880721745830036928e-01 -4.356376339524231645e-02 -2.231272391208744335e-02
-5.944210280432462579e-01 5.735075189174410060e-01 -4.166957510868820602e-01
-4.324801052012550162e-01 1.166919629465263675e-01 -5.942125154056155933e-01
-1.527755441753628485e-01 4.854971997624970420e-02 -1.880341047800217560e-02
4.471580854067647715e-01 5.979046714976676835e-01 1.268203704258901061e-02
-3.598116016537030726e-01 -7.983036172450541645e-01 -4.315769007636334753e-01
3.242329347087551383e-01 -4.506689856439507480e-01 7.695414661514141663e-01
2.767926425197904661e-01 -9.538171293197322820e-02 -8.990958294611230972e-01
9.813554731898824213e-02 -1.338053528811933846e-01 -9.541862897105565233e-01
9.435154574782336767e-02 2.353848238094074230e-01 -8.364209199656246208e-01
-3.419486343260755845e-01 1.255069064726899719e-01 2.475260382754616018e-01
-5.547954654385944817e-02 -7.413843591804091249e-01 4.885141054905851044e-01
-2.218390484141508079e-01 5.412172516898113850e-01 -2.754297932345611821e-02
-1.759871968560079237e-03 8.823163397190318946e-01 -2.745214629831848052e-01
9.921291870894009823e-02 -9.405533012495838341e-02 -1.823397479749652994e-01
3.597530229735180773e-01 1.340771936648943730e-01 -8.240123502154954593e-01
1.195464956559316311e-01 8.370134418034958640e-03 -3.099122231118164317e-01
4.122583850163464847e-01 -1.755035576636182204e-01 -3.962673604565362662e-01
5.198339598503981529e-01 -5.081501256572615866e-01 -6.040950604230191923e-01
-6.867836661962378741e-01 -5.215964605696219447e-01 6.802474426889307257e-02
-2.715869779874953149e-01 -6.189743945680642456e-03 9.306130312126207338e-01
1.014904735527684537e-01 7.210292264154238850e-01 4.039949455509043164e-01
1.593506382361627172e-01 7.729782169512259271e-01 -1.821461643331728497e-01
3.404095871209963375e-01 4.005080868673627781e-01 5.993769010337763881e-01
3.422627246950113444e-02 -4.160620852299830585e-01 -3.736896055191894495e-01
-1.997668776349849351e-01 -3.348582471485416212e-01 1.316904927446359286e-01
-7.908361351979527054e-01 4.906725778543301608e-01 -5.805503830667857468e-02
-4.439533006967073536e-01 -3.953135056087507260e-01 -6.147310500358401653e-01
-1.441542063586915834e-01 -8.135339217024713243e-02 -8.215609278593379861e-01
7.324132135645312625e-01 -2.289085378123713044e-01 1.942197156331632313e-01
8.602415185716185686e-01 4.078218426243775951e-01 -1.223554639192223625e-01
-7.312616887764046281e-01 4.781341153227327556e-01 2.551236125232542729e-01
-6.322779778245624094e-01 5.708723380891749244e-01 -3.234768428626401127e-01
6.268861085054405757e-02 -1.683452095875708487e-01 1.674524498107512749e-01
1.740300750642903016e-01 5.275300067089370160e-01 -3.330308164394452652e-01
-1.618781470438326875e-01 -2.902608545304835586e-01 -6.612706303350899262e-01
6.335149770425367866e-01 -1.819438973753545463e-01 3.828825035980278346e-01
-5.721715086643269776e-01 1.623850217517390504e-01 7.125495135968311633e-01
-5.281381882873401601e-01 -2.773054569093929000e-01 6.178377131447124748e-01
1.663231966170244103e-01 3.328014043086616192e-01 1.925703229279381867e-01
3.113594639290822030e-01 6.113274873872958093e-01 -4.176051975155691265e-01
3.594765683133708811e-01 6.912878669555776456e-01 -1.897903935191024849e-01
-1.936624358025756942e-01 4.191689521944073071e-01 5.863795916365193150e-01
2.678110570995536621e-01 7.882772084315162742e-01 4.297575469266270431e-01
1.516520466702635794e-01 -3.458022700431710450e-01 3.696719131627918542e-01
-5.650147562584072192e-02 -6.427410499663593901e-02 1.947596789210957469e-01
-1.189068976405271011e-01 6.445688681167743850e-01 4.983505213117703225e-01
1.255196672077866504e-01 5.760152644123467391e-01 9.808403568905944836e-02
-3.747553398221414173e-02 -3.323956868944885623e-01 -2.704124815532786830e-01
3.642320107310964006e-01 8.840298241228665421e-02 -9.007632958236572174e-01
-6.681112172476814937e-02 -2.761894038225620185e-01 -2.724325543779228531e-01
2.831843130866946723e-01 -1.491760458426989212e-02 -3.583038189029044140e-01
-3.455490335814436209e-01 -4.185036306162306929e-02 8.280632575393196207e-03
6.559785443125568660e-01 -3.754498559210326381e-01 -1.018714843675157938e-01
-1.576305028247226014e-01 -3.858329468803525786e-01 2.097113379608116918e-02
1.764448740756466016e-01 3.170718636397731327e-01 -2.993681061229671037e-01
-6.900664511526113376e-01 8.919199055604973281e-02 2.339874706267529025e-01
5.016475473919821404e-01 1.016054275558608000e-01 7.062748322670349133e-01
-2.294042071725199416e-01 4.725862233804206669e-02 -8.562524053417576164e-01
-4.088298220788167958e-01 -9.339401864725749292e-02 -8.454810234922615075e-01
-2.563660205717077090e-01 -6.407945769835408090e-01 6.306760340824898448e-01
7.019224241422322708e-01 5.680580244239161747e-01 3.369364540962980215e-01
6.244932708434043356e-01 -6.258169864850763320e-01 -9.549931426070306859e-03
6.462162372970630536e-03 3.616278194955465652e-01 -7.251543140899653350e-01
-6.966606047169425497e-02 2.040774563472581016e-01 -7.600213303295163536e-01
2.759848005289733952e-01 -7.939565281381131268e-01 1.770246926403324650e-01
1.275885219285688710e-01 5.513299108685995042e-01 -4.845699504084777925e-02
7.984562478612573511e-01 3.695143620338660617e-01 3.253637075222710617e-01
-1.620492734448053251e-01 -3.755859479245844401e-01 5.872237621319825740e-01
-4.978303150459143511e-01 -9.883622577871781223e-02 -3.685415634555753162e-01
-3.781281193670114060e-01 1.355841592640959770e-01 -6.516301928111893904e-01
4.763565931985455082e-01 -1.099045293537273538e-01 -8.216718789440849990e-01
7.847735494194653383e-02 2.556249658186094398e-01 4.824817650753300824e-01
-6.826264652159585999e-01 -2.094005702412624348e-01 -5.468102006979768115e-01
1.563251722003143884e-01 -4.896893233465456352e-01 8.288398119792650398e-01
8.441784708913130375e-01 2.885397160616431575e-02 1.924869809797145059e-01
-3.045918419749018002e-01 -5.535165200473121105e-01 -3.498105323056238114e-01
6.489399140029038504e-01 2.138674454614306053e-01 -2.518549222574510971e-01
7.716161820565629048e-01 -3.732894052469833968e-01 -1.701671307128049260e-01
-7.256808815029527349e-01 9.173345673766314379e-02 -2.993859802366603123e-02
-8.028217646247834960e-01 1.099512052064034462e-01 -4.005509833426073446e-02
5.055278457121792357e-01 6.130032241984895158e-01 5.253669060989375472e-01
3.433991538352868522e-01 -4.169149113689682440e-01 7.550373079069733206e-02
-2.546789433373495282e-01 -6.896704432979030575e-01 5.983804854140693102e-02
-3.753122220505247242e-01 -5.371664377121179168e-01 -2.178109992195731703e-01
-1.069555613945522149e-01 -2.493934817112738456e-01 2.366831135567389055e-01
-6.428527517966620142e-02 -2.191312883877269968e-01 8.591900987704866044e-02
-9.547423877117487689e-02 -8.361160552573483340e-01 -5.062629386348318494e-01
-1.966913700345959970e-01 6.922540260843448312e-01 -6.671456152128355521e-01
-9.926878953385431803e-02 3.148939940273303706e-01 -5.757848684074622359e-01
3.680577001232508416e-01 -2.555240899180543646e-01 -3.428125880184754171e-01
5.276134499044236037e-01 -1.304711644646145731e-02 -2.802199732107873986e-01
-6.348690681444539852e-01 -4.946011327511957156e-01 -3.912210198669636152e-01
-5.613492885739268523e-01 7.774460408502362752e-01 -1.134162946892188772e-01
4.736405997369847465e-01 2.842146084171000564e-01 2.396260329411506740e-01
-7.210647043591914551e-01 4.740474040712470694e-01 -2.376783299967285268e-01
6.010031997652285352e-01 6.777720741535315785e-01 2.577993007962552704e-03
-1.331180977137199836e-02 -2.902939113615812250e-01 3.881169029561555295e-01
7.935036921306927449e-02 4.832738761360101942e-01 -4.805044396975154952e-01
-3.604551324146889058e-01 -9.427440353919548655e-02 -2.618689817777777318e-01
7.128667961781022244e-01 2.465416245246476734e-01 3.459995691636865711e-01
5.804570917481590570e-02 6.644444523793668900e-01 6.733909770544610485e-01
-7.560892737741521652e-02 6.716950258100313764e-01 -2.761182999934021498e-01
-2.750447922355976904e-01 -1.532037196235357113e-01 -2.428763585526873270e-01
4.129313179652004395e-01 -6.596463523570856857e-01 -9.450956419423305055e-02
-2.876072794534261234e-01 1.277881384327250736e-01 -3.828782217509529157e-02
-2.466202768248141886e-01 4.722100240685976336e-01 7.420730364106971344e-02
-8.168211902899667753e-02 -5.778713718399214327e-01 6.845398360060668264e-01
2.672697087002572913e-01 -3.971424251939026373e-01 4.981851722473748523e-01
-4.635209077589658722e-01 5.623425821810843495e-01 3.157131558191570986e-01
-1.388853722457393525e-01 -2.292667785168035210e-01 -3.669092007365847841e-01
5.630812236729960674e-01 -2.967920530463538653e-01 -4.333910477050799681e-01
-3.279301223040710644e-02 -6.204596393805789090e-01 2.867165838522676702e-01
-2.255171991801247777e-01 7.046159704624194164e-02 7.988598575755539999e-01
5.543594187821929697e-01 6.074031232845081840e-01 -1.255569969590216717e-01
4.201383215950293404e-01 -6.380579574999765968e-02 5.674918346135554570e-01
7.883005289566717699e-02 5.537360101277923885e-01 7.412996456836979942e-01
1.886234070895344561e-01 -2.240537367589094109e-01 -8.105840067977382324e-01
-7.181794704086336134e-01 8.324884748457704597e-02 5.161475150074488205e-01
-6.322545292704081499e-01 5.876137823401205579e-02 -2.111500811372043485e-01
1.451752143242302784e-01 1.501863593032718991e-01 -4.725377347400347983e-01
1.898126804796374315e-02 -1.632375558147231009e-01 -7.117917041970271974e-01
-3.326528998829504924e-01 4.223402132927079333e-01 2.199242179006976050e-01
-6.336574888383995630e-01 -1.784125843339844086e-01 1.865827586395158721e-01
8.223781609181365915e-02 8.531995271215906396e-01 -1.188341253435112876e-01
-3.497662054379261920e-01 2.782855785635059420e-01 6.375476898464715880e-01
-4.893819772913009514e-01 7.853115024046757320e-01 -1.135026429168070894e-01
3.442581042416025250e-01 2.114618661793143395e-01 -1.093483593069952686e-01
-8.303590369969353346e-02 1.131159203076198029e-02 -5.436382644181734225e-01
3.161489820334422319e-03 -6.151212867407717111e-01 -1.837469977293526291e-01
3.557700528126460648e-01 -8.009899600994677127e-02 -7.986778880492043653e-01
1.241986414503253172e-01 4.550382975284343878e-01 5.302045211322193863e-01
-2.986361895555986745e-01 -6.330934970300763354e-01 2.339158104832965990e-01
8.410586328726040728e-01 2.808907092529337457e-01 -1.823410623819305965e-01
3.852759068410685495e-01 3.476316591666860356e-01 9.386265675850277712e-02
-7.369047481286362666e-01 7.543020695482920146e-02 -1.413055068373000045e-01
-7.028095629746591855e-02 -1.835613021339383422e-01 -1.581081832685107269e-01
3.001881727152053703e-01 5.122893348038196626e-01 -7.234145658799262524e-01
7.224250055730365716e-01 4.443880618443970532e-01 -1.331966852649650868e-01
-4.036954753307654964e-01 2.766812102311776433e-01 3.578415660620776761e-01
-4.821873354549687241e-01 1.511147524834633160e-01 4.531377127512603575e-01
-1.632671411413399165e-01 -5.730584130899119000e-01 5.758580225824172505e-01
-3.399150539242009605e-01 3.438682075273124528e-01 3.332959426214685550e-01
-6.348744166918365295e-01 4.132252530162294768e-01 -3.940342938540862261e-01
-6.635011112475335260e-01 -2.799222386791444875e-02 -2.202604742229921642e-02
-4.477754445169482289e-02 2.115655782229116100e-01 8.441652951938271032e-01
-5.552002675714785840e-02 2.707641690898822118e-01 9.316883797747627094e-01
1.079703461848680740e-01 -6.663029540194495004e-01 -4.561983131884617300e-03
-5.954537563724943139e-01 1.351680226544152430e-01 3.377136880150075071e-01
1.331143705373588060e-01 -8.532561747051452261e-02 -8.031025072308032309e-01
-1.834522116180646867e-01 5.601726313006915453e-02 -2.852665622734247841e-01
5.117412408342937313e-01 -6.365358032631426299e-01 4.567982780123560071e-01
1.201919805243277517e-02 9.188121522580632305e-01 4.003706745824211349e-02
-6.809513900056385349e-01 -4.504607924836703629e-03 1.009989807997325600e-01
1.984535804479686805e-03 -4.686737288515007704e-01 -4.323059559417953279e-01
2.998321196275367528e-01 -3.719075567913063818e-01 -8.513469919525946672e-01
1.067432265196074093e-01 -6.254846710189593262e-01 -6.972914717507197047e-01
-1.908307882856415394e-01 1.733035890108533261e-01 -4.159027965886807898e-01
1.759796363866994728e-01 -4.928216175409062538e-01 -2.663779453330476429e-02
7.405434877002801120e-01 -3.948748265187804196e-01 1.896854027572862644e-01
1.517670032621533938e-01 -3.889334338465750829e-01 -5.294308127898879057e-01
3.883282913481900245e-01 -6.954879660207069492e-01 1.555435323069820353e-01
6.063865512740045371e-01 5.311218767395717855e-01 -3.533822320047777521e-01
3.670948913307991446e-01 -3.755746464232858073e-01 -2.037294453465341160e-01
-2.766142937816084002e-01 5.343045021235638403e-01 -3.202210332044518049e-02
-1.499764289901052150e-01 -3.495373173765903840e-01 -7.381583653262276945e-01
-7.379954094760526884e-01 -6.775687893043978727e-02 -3.130005637288286180e-01
6.667890496283954693e-01 4.102946925080337426e-01 -4.306292179991864644e-01
1.978114958531007328e-01 -6.446243311790054997e-02 -9.137780774290778230e-02
-2.032928753441576308e-01 3.923652254769942616e-01 3.207842621003628159e-01
-2.993894631329094280e-01 -7.817180914528181201e-01 -3.379774354540617809e-01
3.930508261979143714e-01 -3.204909506861725599e-01 -7.117062987840098165e-01
6.609597935629062393e-01 4.817806907775449288e-01 -2.015364290272486925e-01
-1.018700681335283145e-02 8.111228982987244152e-01 2.606996160707361065e-01
4.012113510222615198e-01 7.634207853748917749e-01 -3.529485129485343542e-02
-1.383736171341437560e-02 1.288910994410263910e-01 8.795692288227684452e-01
6.153767119153263909e-01 -1.183724739596851427e-01 3.688061508512023301e-01
-5.065405646401961448e-01 -2.132347408638732567e-01 7.965790766824337732e-02
2.515067706040222673e-01 -1.637618517828002274e-01 8.682097051683151934e-01
-7.044203924592953858e-02 3.746549472535009029e-01 7.118558545458356646e-01
8.593346255638825704e-02 -5.026684963086909264e-01 -5.736805622985104991e-01
-6.665491831079134455e-01 4.832001110378134068e-01 5.146684637128692286e-01
-1.892216445373493261e-01 -3.577904993223705032e-01 3.431033719785460401e-02
-9.394271732667552888e-01 -1.747678166448891346e-01 -1.380499417709223353e-01
1.686550530531894521e-01 -1.079710713353595891e-01 9.532361902218109417e-01
7.186551123348828840e-01 4.448680846368969766e-01 2.197411653074539950e-01
-2.485947942820455892e-01 2.443193598746654094e-01 -8.838693820202652152e-01
-6.168281615693238518e-01 -2.396616882377991531e-01 -6.541162369352931938e-01
4.387050961737212207e-01 7.351984169896222943e-01 -8.099747585382181814e-02
1.055864437543006448e-02 6.737360561443942464e-01 4.408447909983195800e-01
4.516275135394329232e-01 4.847889135810781736e-01 -5.341512176498321995e-01
-1.142171221173615692e-02 -7.447171634798424034e-01 5.977098563084214389e-01
-8.169246620355802291e-01 -2.013097807646639092e-01 -1.709593895289515664e-01
3.826339099103369112e-01 -1.844880730515745804e-01 3.368056187310161098e-01
-2.164713998724957303e-03 8.765315058219634858e-01 3.556139625113781122e-01
1.272226469381556868e-01 -2.632123042821651326e-01 -4.436969795643672110e-01
3.544263706195856928e-02 -4.377967171647161870e-01 7.403218006598148992e-01
-2.810872837588518705e-02 4.557313029518896275e-01 -6.015894030850138519e-01
3.969144649379437451e-01 4.494771191408503119e-01 -3.417142700092773433e-01
-6.950730923218483293e-01 -3.747539093274934729e-01 1.544711340958052903e-01
-1.716866696073894305e-01 -1.699875532410169421e-01 4.639278644427695109e-01
5.102158820895168478e-01 7.338241481106901887e-01 1.050846959106786632e-01
3.091163984396726183e-02 7.275192576683315870e-01 4.591802452089192021e-01
-6.322074258272709635e-01 -2.366559780514461697e-01 -1.417406768775781312e-01
-7.861068750642753455e-01 -1.553892202010109247e-01 1.654741541173521957e-01
7.688958560498895256e-01 2.060620574837198071e-01 -2.378136643481009727e-01
-2.618494613628689627e-01 -7.621001322873104389e-01 1.201137467990194552e-01
-5.991370980612092945e-01 6.374636492863783310e-01 -3.211018057740627207e-01
3.545708136122893706e-01 -3.001945007974177529e-02 7.533817191556465565e-01
2.162332148931757070e-01 1.328938315497064371e-01 -4.466190894876397866e-01
2.556100497250824999e-01 -7.304235717033886743e-01 -4.093597499459960543e-01
4.672969016821743038e-01 -3.277544275499292836e-01 3.012244171586676011e-01
4.040759274077237451e-01 -4.623006295334650823e-02 5.202183566292529759e-01
-1.601523272439776546e-01 -5.245367795768324931e-02 -4.779567307610718130e-01
-1.161033513198905104e-01 -1.584053572107277097e-01 9.465987947991948426e-01
-5.227341492486532737e-02 -3.934428122828117352e-02 2.381364511916432003e-01
6.190704672613757120e-01 3.569807215772823894e-01 -4.090408148809203670e-01
2.206970342129106755e-01 5.187224017754216154e-01 -2.151452768593536125e-01
-8.405547604970566022e-02 2.124100664623720103e-01 4.033549318004762685e-01
-1.747268352271398317e-01 8.353411307633706873e-01 1.158821886953154412e-01
3.942981524644633140e-01 1.839639238384530376e-02 -3.866937392831829978e-03
-1.742177857783223649e-01 1.355373928932028793e-01 -6.648226247066983952e-01
3.133736208893562192e-01 -4.718778427380218021e-01 1.479925542233086200e-01
-1.182838970114975935e-01 -8.289949882305960305e-01 -1.381783605912705604e-01
-3.249846045074923362e-01 8.952788047838947660e-01 8.033041657877484920e-02
2.523012849453382112e-01 5.562182487769856687e-01 -6.699382402287312743e-01
2.963800297369399428e-01 7.057718210731152297e-02 4.879172701771327531e-02
-4.303822025032003618e-01 1.661762774573053991e-01 5.662648653999582393e-01
-2.932464282072225759e-01 7.090982307096621584e-01 3.870410143284754301e-01
-6.275546900739223388e-02 1.825958979322240272e-01 -6.120123706319788859e-01
-8.255558779968679151e-01 3.842225960543319552e-01 -2.275567875706887844e-01
1.095961878826200026e-01 5.466998337514575868e-01 -7.661453873910555323e-01
-1.003487900430005825e-01 6.160023698471291942e-01 -1.786622556682994911e-01
-1.059897696149582486e-01 7.393546900810232803e-02 -8.701576730855604680e-01
-3.731301064613710139e-01 -5.612075923150469103e-01 2.707660355797414931e-01
-6.384122244536911683e-01 1.241565466221008635e-01 -6.699659351012337005e-01
2.284291472706064668e-02 -4.300677774012728882e-01 -5.344457086721898786e-02
1.109064638105599632e-01 -2.016270208020974619e-01 1.295989210068139719e-01
4.671359340984101438e-01 5.586537313183552733e-01 5.020751970591448288e-01
-4.494645816851032261e-01 6.860967466377703161e-01 -4.307026695047407316e-01
-1.809044814049452221e-01 2.227997930652746150e-01 8.469268147616413334e-01
-4.419509498421815841e-01 7.331392449305536019e-01 4.608468724568777208e-01
-4.297698823237923738e-01 -2.007280532801611617e-01 -5.071416570084684716e-01
3.647512516356191115e-01 -1.520306093432645389e-01 7.628521037488772416e-02
-5.041210468684261814e-01 7.227151226769430448e-01 -4.160344690762747544e-02
1.484830242089844321e-01 -2.580264710251486959e-01 -9.208909175481230225e-01
-4.397654943108728620e-01 8.422216714237373836e-02 -6.600355811607616641e-01
8.202700404266288770e-02 3.242092904886942906e-01 -8.340788853903985389e-01
2.118915447620647596e-01 -7.869082382333378867e-01 -3.103357784330444957e-01
-5.935141820151202952e-01 -5.050751766659127284e-01 -1.527310295322383826e-01
-3.789250447805295186e-01 1.889948342680002336e-01 -6.699289721773626916e-01
-3.796493562031998392e-01 -1.956296057378905939e-01 -6.071826335453468504e-01
4.773721936903740221e-03 -1.462622640838184829e-01 5.705422453777939662e-01
1.330305948887068601e-01 4.091440426306681699e-01 -5.278101229606626532e-01
-1.259820215547202416e-01 3.385338596606628919e-02 -6.439219462391047033e-01
6.715134310166350762e-01 -4.906416089797572266e-01 -1.039227653073035093e-02
-1.131497564607029105e-01 -3.357580910836700516e-01 6.435072894793760767e-01
-4.196757416943089902e-01 -1.507269686431580991e-01 -3.182266711346010829e-02
2.452175460849492783e-01 -7.429556459169178728e-01 -3.495787271047824385e-01
-7.274626136989026381e-01 3.076165096317567960e-01 -4.612275542943510831e-01
-8.868582701298192983e-02 -2.092990785948645183e-01 1.741036339710200498e-01
-2.685646319674607208e-01 -1.085634738824488021e-01 2.533200672259804387e-01
3.712513368517312840e-01 -4.709038023536400441e-01 1.709846012631700829e-01
-3.357871838297272760e-01 -1.861112242359742597e-01 1.495435161260950385e-01
9.751688736004633651e-02 -5.386698393205382462e-01 3.863699185954946880e-01
-4.866889245410117582e-01 5.302308159034484492e-01 -6.505142274586025453e-01
-1.198170223333761136e-01 1.982998454547340583e-01 6.465363186541410734e-01
-4.053500771454331963e-01 -4.961439458344305553e-01 4.285286172316280506e-01
-2.842392369672752661e-02 -9.251078982407245910e-01 1.523690457764734774e-01
-7.485744054281507909e-01 -2.260378634742322146e-01 -4.666752567366068416e-02
1.562592915087959722e-01 4.180505520277113529e-01 -3.516663133873323965e-01
-1.122454831264520780e-01 6.234135390638662066e-01 -4.128262573754090670e-02
5.140041855309476770e-02 6.795466237661331732e-01 -4.538922671685676757e-01
6.700155279338136927e-01 3.641216504568385859e-01 4.826018969390273305e-01
3.233336827642209754e-01 -8.950233056324139458e-01 -4.700532302422184144e-02
1.093596613357473435e-01 7.083806268248185600e-02 3.749004670637323122e-01
-5.289828600809446391e-01 1.803942871947034066e-01 -6.809973125939244865e-02
-6.789659811334874950e-01 5.114362887800101287e-01 4.854955191692899609e-03
5.246644827391278021e-02 -3.007589014184557930e-01 -8.305815565043903614e-01
4.102206048630596125e-01 -5.412264530131474238e-01 -6.054751804324434716e-02
6.930227037154207403e-01 -4.265275446795988024e-01 3.898461228106734344e-01
-5.955108100962160922e-01 1.934820210373386362e-02 -7.370997524626610176e-01
1.933891861960093661e-01 6.474956973945950045e-01 -1.715707537416081563e-01
8.209120126551294749e-02 -8.995930088349479714e-01 9.803804603652872818e-02
-5.399966076582729535e-01 -6.387245311420509664e-01 1.448988714318491522e-01
-4.339075085905436113e-01 3.985209311285501932e-01 3.830652725181696860e-01
1.862911646882723649e-01 -8.898693038564055649e-03 -1.591374075741188998e-01
5.109487461234889505e-01 4.052138541060691934e-01 -6.234656028018237262e-01
-1.011165849952129214e-01 2.080766705778238357e-01 7.921124589451015163e-01
1.820491244627725769e-01 -7.542102021528414024e-01 -3.395682577307087002e-01
-2.386066026554429509e-01 7.996901677864898250e-01 1.989698612592483984e-01
-6.319896116962373522e-01 -5.470913982677210186e-01 1.509567428121821597e-01
-3.607654617968107380e-01 -2.229024849637176731e-01 -3.776683385770708834e-01
-4.322180080558548076e-01 -7.419191639348816647e-01 -6.796931237411700522e-02
-5.418670136335453913e-01 4.225626805876666059e-01 6.068324475216072544e-01
-8.202191631619422107e-01 -4.294950223598912320e-01 1.116563529361746382e-01
1.633353425906538814e-01 -3.681429562730025307e-01 7.626170725160515973e-01
1.173381803948695679e-01 -8.452074103885672818e-01 -4.842680327362496040e-02
-7.694598466221645727e-02 -8.075438597986627220e-01 2.622356541601000846e-01
-6.459715785573124647e-01 1.453160781651090527e-01 -5.864347228963561198e-01
-2.204827918456452873e-01 -8.449790433134349854e-01 -4.124937309726838808e-01
7.237909063705530999e-01 -1.890492686065683992e-01 8.503723618342132196e-02
2.135339186320352189e-02 -2.412424473323523388e-01 8.747869774848997526e-01
-7.050186317218130050e-01 8.148316339504116379e-02 4.192607891215693883e-02
4.133201469326865801e-02 6.984060038457675645e-01 -2.137822831045382010e-01
4.071066939991839218e-01 3.441485792900925156e-01 4.772211144544560163e-02
-2.467931255916661071e-01 -1.587445541826128514e-01 1.103384423940299841e-01
-7.511984423465820626e-01 7.502435019638536984e-02 4.968546655442124815e-01
-1.840549208459721364e-01 -1.472532045152228630e-01 -4.867573650380852546e-01
-8.552740311622392122e-02 -5.897186537712352239e-01 -5.995828761910330096e-01
-5.692430606445236796e-02 7.212701860804434650e-01 -1.509756576813361603e-02
2.386352428338605336e-01 8.577562033066736813e-01 2.561761933656006573e-01
5.488287226609281921e-01 4.845256434218414010e-01 -9.043121364494889625e-02
4.919500940899178554e-01 1.011253856331270906e-01 -3.550643395916130429e-01
2.254722450712465243e-01 -5.901689457566324792e-01 -4.973611071867485300e-01
5.519786062060313414e-01 -4.910116812287837473e-01 5.583289908547433011e-01
3.382211042139333101e-01 6.272257224028097156e-01 -2.969222132814530735e-01
3.480336343125934317e-01 4.615083519546233637e-01 5.793081156785677699e-01
1.158275170447619767e-01 -8.160882238800495903e-02 8.423352359249314247e-01
3.203768589117408361e-01 3.738191615401797452e-01 -7.774812381718758658e-01
2.569962867891962266e-01 9.074839561414009825e-01 -3.801609224344176807e-02
-1.881800031758271430e-01 7.453604372285712598e-01 5.697779167311073367e-01
-8.515143264181809432e-03 2.512179154710652007e-01 9.547127430567800555e-02
-4.327034542582867266e-02 3.351258025693599762e-01 -4.389712284850093016e-01
-2.985176540917235388e-01 -2.049627677647891666e-01 2.855648198659563874e-01
4.034611312587065290e-01 6.076706339434482240e-01 1.011904363750094488e-01
-3.704097833500544779e-01 2.480342567445248669e-01 6.953290114063198635e-01
-3.245243131122345082e-01 5.589399442226151704e-01 -3.138880868731799834e-01
3.031943578329162822e-02 -4.497881298838627973e-01 7.183988990019726240e-01
6.165331498403864297e-01 -4.919033683236344601e-01 5.114849547072708447e-01
-5.698521909877737185e-02 1.559896896651063181e-01 -2.422534874791261103e-02
5.156914191222592425e-01 -1.484189227374034525e-01 -7.992302823656030064e-01
2.182675680501619253e-01 2.572949383091456543e-02 7.287765440277002016e-01
-4.729394312440221015e-01 2.640503349970645952e-01 -3.686113534652046275e-01
6.917891983661396405e-02 6.641571917316303475e-01 1.033225146719241039e-01
-3.659949627191293464e-01 8.604617435406688442e-01 -4.660647071897978250e-02
-2.608336728865627216e-02 -3.478395757423566326e-01 -1.284799445050110733e-01
2.586961912734369595e-01 4.157004162840639561e-01 -8.062017659515280377e-01
-1.293335162346740952e-01 3.363902401721791668e-01 -3.798713372493151552e-01
2.113856378857042750e-01 2.093223028031583888e-01 -3.021580488859993974e-01
1.956325492617397854e-01 -8.301070778575873055e-01 -1.847347870408475312e-01
4.175063203746638973e-01 5.805446845622834751e-01 -2.963928494148642123e-01
6.670524123075233236e-01 -2.808383508411124718e-01 -6.228626947862867524e-01
9.529876995595269740e-02 5.563407963397996175e-02 -5.807734767347445537e-01
-5.972447041722249439e-02 1.711193019539414828e-01 7.130315527910104922e-01
-4.840067150519708483e-01 3.056038885399332550e-01 -4.576947529760025946e-01
8.471449398853458934e-02 -8.610802219152752235e-02 -1.702142636664212907e-02
1.480317467809418031e-01 -2.442290991928180166e-01 -3.104560621073497728e-01
-6.114467640406811011e-01 1.406535385596427157e-01 -6.775147659103279985e-01
-2.595746691062780775e-01 4.106625240764600893e-01 -5.835538078898134806e-01
-9.358273441913617097e-02 -2.605326944446784698e-01 2.620323549525728213e-01
8.221355192346680996e-01 3.552958013438743401e-01 -2.096525579995529298e-01
5.784516157152087557e-01 -7.236111701693694886e-01 1.775194433144479389e-01
3.380203391166802795e-01 -6.051901934724904786e-01 -6.722320393488198098e-01
-4.511130990715356281e-01 4.515338773748011070e-01 -6.806851107227623876e-01
1.594573211717603689e-01 -2.617999793741359604e-01 5.086762240565338988e-01
-4.024361063121212889e-01 3.391072245791005302e-01 -5.277946595066390634e-03
3.306808649602514527e-01 5.067701338954739426e-02 3.420847698569955964e-01
5.293132415791166334e-01 7.440558589799581291e-02 -5.827973630147808004e-01
-3.229433520371975952e-01 -4.927003578225377378e-01 6.165784439925836580e-01
-5.620216988907734273e-02 -6.867632452395211473e-01 3.048328775359843701e-01
8.102650051915882834e-01 2.030295396047152867e-01 3.568855421304259479e-01
-3.785745211712501779e-01 -3.118200022984144448e-01 4.122018238536463430e-01
-1.963585267298305348e-01 -2.008554350786802001e-01 1.658593136657648404e-01
-3.136188683649265285e-01 -6.748321100970861020e-01 -4.443031330119943945e-02
-5.699348547929150577e-01 -1.882526521030823338e-03 2.730591091410454752e-01
-2.984069411598864741e-01 1.806344185598401098e-01 -5.971147230385449589e-01
1.998821714320752063e-01 -3.029476093673401649e-01 3.515436543836694683e-01
7.243541538748824449e-01 -4.055345440664900880e-01 4.695071464108221959e-01
-2.444784449687773253e-01 -5.144927868084571143e-01 3.065382017969009998e-01
-5.498183990246026109e-01 -2.770440469437402409e-01 6.193777634449759706e-01
-3.568161542449668211e-01 -5.497752257995909553e-02 -7.523885692792182667e-01
2.831591254690207227e-01 -7.324322718805206245e-01 5.741455352725121086e-01
-4.982119345800089388e-02 -7.375509269557523062e-01 5.348972306261998710e-01
3.125206604138937028e-01 3.434874604443030610e-01 -3.740009019940668256e-01
-7.436121977453269416e-02 7.750371945816465491e-01 4.336743853842328078e-01
-2.003945128100961259e-01 -5.085333690004608664e-01 1.215174008170761544e-01
-6.978742029309017991e-02 3.660994706986929192e-01 -8.977471172172737379e-01
1.827968016555153036e-02 -6.429331637413460143e-01 1.187186305599828573e-01
3.230904817616626068e-01 3.160204666589777611e-01 -2.153080263071366074e-01
6.787377940945946708e-01 -3.690341565042676297e-01 2.653526409014760334e-01
-4.209346396239426746e-01 -3.982146856638492105e-01 3.800216259304363131e-01
2.882186050565335722e-01 1.373328832061526950e-01 1.299468723203533460e-01
-2.275040052800191004e-01 4.602295188942366333e-01 -4.510040877494579381e-01
5.956021827529310864e-01 5.302885470373885912e-01 8.934345527292225642e-02
1.375437804003834252e-01 -6.519264803948614240e-02 -7.244306709566665781e-01
-5.821851875071576421e-01 -4.785741126326536476e-01 -1.264024598046337156e-01
1.867173620357228947e-01 -7.878386019696792530e-01 3.425697467748751723e-01
-1.789112177968710526e-01 8.235234195055379791e-02 7.856664570627182043e-01
-6.395852604993208512e-01 -2.368282188559076296e-01 1.442356527822517276e-01
-2.501942178856489951e-01 -1.745276534233194121e-01 -3.401675697443147239e-01
2.347000403401014734e-01 4.199510070458649102e-01 -6.173586534457309316e-01
2.629477918737621045e-01 -2.928497283319160260e-01 -1.095942085831126539e-01
5.469144907612571993e-01 4.017657937677615032e-01 3.475622812798696004e-01
-1.142247591078161817e-01 -6.591369627079401994e-01 5.692202872284534143e-01
-3.059547120716630819e-01 1.178981419621349808e-01 4.297308579023846886e-01
7.626848159856405296e-01 1.219377474841889034e-02 -3.381590121041329056e-01
2.974045584978651791e-01 2.254798190470131691e-01 1.215402966094527998e-01
-6.042935179487491926e-01 2.895703838092796856e-01 -4.735075939748597529e-01
-2.665597008134886203e-01 6.400158197395977577e-01 6.997306235507569361e-02
4.741131847276665034e-01 2.711216515914752767e-01 5.043611426942533615e-01
2.292967149843918029e-01 -1.295219351741712377e-01 -8.612279380196311562e-01
4.720812822090955096e-01 4.870678073280806930e-02 -7.601239477406228628e-01
-4.677674080194964557e-01 -8.088158334759456558e-01 -2.804187826190760457e-01
-2.327053324377737487e-01 5.718913045593940758e-01 -1.433563151821988513e-01
8.626972098938097411e-02 6.469930822608777055e-01 -7.264277233903149167e-01
-3.202238645261341055e-01 7.955875903669259452e-01 5.535372214519372960e-03
-8.186833304364459218e-01 -2.822395590307375524e-01 -3.584459455692155516e-01
2.834686795475520049e-01 8.105975514827420403e-01 1.444214124337658833e-01
1.006979092142025328e-01 -6.870922372611530937e-01 2.944872166154882676e-01
3.855299379170785690e-01 -5.923395239065584184e-01 5.398614972622314268e-01
2.853429384192909812e-01 -1.403889548484523742e-01 -6.623661074295724704e-01
-5.210246415474758530e-01 2.008447796239261618e-01 5.754209863854633511e-01
9.844322406675211357e-02 4.150023381265223188e-01 -8.015905347244405288e-01
3.228934863859221904e-01 1.555554606183218447e-01 -1.577499050147938564e-01
-5.490559058606283571e-01 3.184072391063851315e-01 4.391921217978272951e-01
1.856505927625738961e-01 2.254130674870591655e-01 -1.357937775997775931e-01
-5.540464831617994967e-01 -3.627929092887977047e-01 -2.027116002669124006e-01
4.028744552270362989e-01 -3.462501949955948954e-01 5.141987715782574825e-02
-8.031300578905935517e-01 1.555704625370902261e-01 -3.398189729824425132e-01
-5.416665700051214172e-01 -2.020091798521748139e-01 -2.996568181236155537e-01
4.540732189353671178e-01 -5.074925775537296457e-02 -4.854871839898464714e-01
8.231260832182292209e-01 -6.841506655512982760e-02 -1.618170574939988837e-01
-2.872490812072358568e-01 -7.522359737213036440e-03 8.644651799842173467e-01
6.662538543230219767e-01 -7.127417256874708507e-01 6.667587905010594063e-02
8.708503575114212580e-01 4.158989723184737808e-01 9.236625793935630824e-02
6.870390039289417938e-01 -2.219941848753121949e-01 5.856045333093066185e-01
5.761731791892605453e-02 -6.608515083466043327e-01 -2.729225824778336862e-01
1.075327845853578101e-01 -6.554831395526933280e-01 -3.050442464527570174e-01
-7.111976349918615325e-02 2.114834622549773280e-01 4.368102284021912474e-01
6.533059255958498790e-01 -1.225896501445656595e-01 -6.356558601320955182e-01
-8.436606405531303643e-02 1.970400727807022911e-01 3.837490763235016922e-01
6.463245647673598882e-01 -2.597412820043285345e-02 -7.391346110543045578e-01
1.661506061401295531e-01 9.101193039766105608e-01 1.943779512755123007e-01
-1.736654951319626383e-01 -2.499340922218154515e-02 3.070603965069029773e-01
5.191552148049417559e-01 -4.824820217318571275e-02 6.078274886945055355e-01
3.427196332565676795e-01 4.159782350371839521e-01 -2.591544822250763658e-01
7.528525877680745104e-01 -2.734390829185885385e-01 4.176555541818354755e-01
4.603828903861242883e-01 1.832377964281683702e-01 -4.369201229496921801e-01
7.949977547856731941e-02 9.163525450590080945e-01 -6.939080339584874357e-02
4.263708990990013326e-01 -3.351770813081504374e-01 5.102253205905410427e-01
4.063337894127682093e-01 -7.533379153195409739e-01 4.560332884415268517e-01
5.771598105091851894e-01 -3.622016893112508518e-01 5.971663342277816477e-01
1.159351539894108718e-01 -8.480249349349370247e-01 -7.765643341284544920e-02
-5.327127471336655651e-01 5.145452170354555266e-01 -3.938015566116609412e-01
-4.005907698932494876e-01 2.075639093870679797e-01 -5.399558969602981096e-01
-2.950203302170444353e-01 -6.907686231970189272e-01 3.636419429409625814e-01
-5.438566557158065473e-01 -2.976955244400520950e-01 6.138478184547399019e-01
-2.740174206392399503e-01 -8.350022673218331082e-02 -3.886723834292387103e-01
-6.196396863159029378e-01 5.045673102963237344e-01 -9.827067318031762477e-02
-6.715302852032378755e-02 6.606717228984233525e-01 5.859817825536416391e-01
1.348492875915323908e-01 -1.397564198063307173e-01 -8.257589900200207333e-01
5.302231092826062975e-01 3.222338227370827313e-01 3.354381590981893591e-01
-1.985275730268298844e-01 1.957615027533466112e-01 -4.835780974730871096e-01
-7.324082832267840848e-01 3.630286091548384254e-03 3.995151250235753349e-01
-7.564744650354069400e-01 3.597997954867473980e-01 3.994488518508649277e-01
-7.200609480042061694e-01 2.099375384306311210e-01 -2.544493398701322406e-01
-3.684556185330235545e-01 -5.906563534155578887e-01 2.113406917709716865e-02
2.896665042825171191e-02 -4.660090252800995203e-01 -6.246748863710561706e-01
2.197661821389338965e-01 -4.386610945114478022e-01 2.858635789734417232e-01
-2.198836721668586680e-01 8.491054068543160346e-03 4.328527971661221690e-02
6.067068993603200733e-01 3.249978753043027968e-01 -3.556029324477038567e-01
-3.695506409129832859e-01 3.320329324790236014e-01 4.859775883802846530e-01
-2.032837269879514130e-01 3.164374573287672687e-01 -4.005657903590692515e-02
6.913426876370200036e-01 -2.550848154250684452e-01 1.740117431945193416e-01
9.136580652233218872e-03 -3.528294902875732664e-01 7.254476462816269455e-01
-1.376785106331263886e-01 5.467665656209544922e-01 -3.093360334094831243e-01
-3.075673243791088862e-01 5.802104047229097450e-01 -4.188636705177279339e-03
-4.628174911752288012e-01 2.992862463871303058e-01 -4.911709897724235718e-01
-2.201944860828253803e-01 2.166429521248345036e-01 -1.788620436637483324e-01
4.338563716108393420e-01 -6.774756186718303708e-01 3.513642613186677283e-02
-5.674881791570040961e-03 1.889906836696741976e-01 -4.249122856783440483e-01
-6.528314026747907839e-01 -4.158771880183257941e-01 3.469657302183103420e-01
-4.525723857904580538e-01 -5.228595544497094405e-01 -3.312262895233371585e-01
3.833472300555407775e-01 4.085969683208092729e-01 9.072615600269814951e-02
1.812286092325689213e-02 3.535224949401792882e-01 6.817438080467250749e-01
2.221088648130410403e-01 7.399039321783079659e-01 2.641011760253711982e-01
3.024517022475728747e-02 4.627005482373671708e-01 5.712531355641287112e-01
-5.339777521141082506e-01 1.153925234430768637e-02 -6.175586247960701547e-01
4.117256850877755725e-01 7.096062288668496532e-01 -2.388999121421714056e-01
-3.392911581750845951e-01 3.536948401574327439e-01 -6.505277870154205777e-01
-4.558840583821845843e-02 -1.881094225881468907e-01 -5.030806183182948838e-02
-1.169598409849668674e-01 -3.029437889555144370e-01 -6.530566434558159328e-01
-7.523703948377362671e-01 -4.855804778928241028e-01 2.862446666829214781e-01
-2.062559862565418733e-01 -1.421616019687917121e-02 7.761667092137405355e-01
-6.419144197596889923e-01 1.380276774599416001e-01 -7.255562813702272074e-01
-4.610458229459782897e-01 1.219459114421933416e-01 -9.285194039164602897e-02
8.597391015356807553e-02 4.229456576133145407e-01 8.182931593589277686e-01
-1.152899039408102622e-01 -4.500704719590985503e-01 -3.059741680528083041e-01
-5.871268947447167985e-01 7.462859971570603435e-01 -1.189253257082044379e-01
-7.228955908456576041e-02 6.106101600546098851e-01 5.986624278336939442e-01
-2.499992965369702835e-01 -2.936808827122073806e-01 8.553132432157523057e-01
7.288400227971222334e-01 4.636146036611665244e-01 -2.188243204247894702e-01
-1.821306506355110585e-02 -5.380470138921672474e-01 -4.363630063342563425e-01
6.070947472158663150e-01 1.135277498972474680e-01 -6.661368846460333226e-02
-5.014749838608274779e-02 -2.194055296973371760e-01 -7.539730740906910311e-01
8.875897798041247899e-01 1.744926281445062788e-01 -4.083708600627724561e-01
