-9.215239161324968009e+00 3.227944641298611472e+00 -1.693275078750070994e+00
-1.002145203452679922e+01 3.189797753676162806e+00 -1.489702630477877099e+00
-8.930422097829158190e+00 3.135545966887710811e+00 -2.009540869882388670e+00
-9.771811408062848869e+00 2.660923815439499851e+00 -1.539499987830103667e+00
-9.642963257455150483e+00 2.292862467416639571e+00 -1.886289535157401831e+00
-9.273753822490814258e+00 2.821491487242943741e+00 -1.669446938302667327e+00
-9.728638784826312502e+00 2.533502590214989691e+00 -1.452395781549077114e+00
-9.400498523372698756e+00 2.664833644617567998e+00 -1.421602203620881744e+00
-9.209916629356344586e+00 3.398957928499978465e+00 -1.728584421497167734e+00
-9.817063811768262482e+00 2.855120690186781829e+00 -1.565471144872770060e+00
-9.868776769147995509e+00 3.301378133667988379e+00 -1.671672834425138809e+00
-9.193664260730137983e+00 2.868565465843099904e+00 -1.811232860192560246e+00
-9.214444848905987584e+00 2.992140661462033169e+00 -1.561045587490289099e+00
-9.139202382219703935e+00 3.027032477719744819e+00 -1.691265606712038405e+00
-9.349267202303458646e+00 3.486384995476888182e+00 -1.549095519530891973e+00
-9.215748861842573803e+00 3.364613769625504069e+00 -1.429389032548679106e+00
-1.006724519534827600e+01 2.383592980913483483e+00 -2.313826219699196773e+00
-8.877371502124377756e+00 2.825209920791475149e+00 -1.517739337220143314e+00
-9.143713749639479360e+00 2.793711468248620378e+00 -1.654574014697979711e+00
-9.434250805734189171e+00 2.539801034890306841e+00 -1.492872182000697823e+00
-9.582693699817957267e+00 3.537177149424613809e+00 -1.649289759206311379e+00
-9.860140507966214329e+00 2.364964121732850977e+00 -9.121056470410778827e-01
-9.900978967408800457e+00 2.998096676077197653e+00 -1.233608362984528251e+00
-8.794784996333049776e+00 3.628963433681666739e+00 -2.016932830032355906e+00
-1.002522652631372146e+01 3.191248234771234316e+00 -1.367449489795419026e+00
-9.684141892453666856e+00 3.048812597827340376e+00 -1.440488286221754510e+00
-9.632917349131991713e+00 2.675290373235408303e+00 -1.372017627525277561e+00
-1.049877680133580427e+01 3.064406568877317660e+00 -1.146409148870040973e+00
-9.077131735696744030e+00 2.742269296035825032e+00 -1.508797668913321566e+00
-9.195777919300118342e+00 2.714891418557658920e+00 -1.806636284225019873e+00
-9.903470732853506320e+00 2.735016691534023714e+00 -1.557627078738021531e+00
-9.607887676005123723e+00 2.652223844343061909e+00 -6.386473702116499673e-01
-9.464709032092043728e+00 3.116586419574362665e+00 -1.400635041996532326e+00
-1.006639346277866309e+01 2.482614087580512052e+00 -1.104473147260486288e+00
-9.709729202683629268e+00 3.554841001634284403e+00 -1.833413760260450998e+00
-9.659804998388480612e+00 3.361414851432399153e+00 -1.510463078027173278e+00
-9.787549983756738570e+00 3.067228752024199423e+00 -1.517384389306352110e+00
-9.079172637865895013e+00 2.735115395675633554e+00 -1.217992463522563407e+00
-9.850287398827109797e+00 2.558549027784591257e+00 -1.493890495741792668e+00
-9.632084269036873536e+00 3.497915204427362035e+00 -1.457584887436067511e+00
-8.866388541943207358e+00 3.514909123015187209e+00 -1.953751116619897976e+00
-9.278993890865121941e+00 3.230017837206624165e+00 -1.571292697707477259e+00
-9.199539767804674639e+00 3.207759246299791034e+00 -1.725841409719173880e+00
-9.390187614345645528e+00 2.759014971981053943e+00 -1.730123048883167813e+00
-8.671009087493262157e+00 3.515242380762007901e+00 -2.079204852814197757e+00
-9.421827964574966074e+00 2.360567449248307970e+00 -1.605866696981359310e+00
-8.951687701708591405e+00 2.651858173827747578e+00 -1.503262224354772858e+00
-9.111857070835503336e+00 2.848004851893552125e+00 -1.577120640807726959e+00
-9.542627565491478947e+00 2.846121343760722233e+00 -1.745287366007592711e+00
-9.224088685622627182e+00 3.796986309093328238e+00 -1.191274420300733050e+00
-9.623159257496229912e+00 2.979207071451906330e+00 -2.067463873987265277e+00
-9.333270846683959121e+00 2.797668736712464632e+00 -1.353204533579847491e+00
-1.020498797309642747e+01 3.415179390417229843e+00 -1.537863402187057638e+00
-9.287349494246701198e+00 2.654221129780603317e+00 -1.236291922409582522e+00
-8.981173341370562113e+00 2.461503288680041646e+00 -4.978843144537198340e-01
-9.549072290967803411e+00 2.855721726058524368e+00 -1.833530276208070076e+00
-9.552441695614895423e+00 2.668469753400161792e+00 -1.645180207186497379e+00
-9.595480866316691504e+00 3.013543379400885236e+00 -1.551220639156576375e+00
-9.881828626584677977e+00 2.581960234986409475e+00 -1.727279931288491666e+00
-9.524689136455414484e+00 2.523390707061116789e+00 -1.705803144338619903e+00
-9.669420200367921936e+00 1.766108885161079334e+00 -2.046474950623139222e+00
-9.716069430501278248e+00 2.454352576524768903e+00 -1.668070294694151023e+00
-9.097293416902104468e+00 3.928609736730037216e+00 -1.362841784672566892e+00
-9.448558101523492070e+00 2.980860658745536629e+00 -1.473266579190867231e+00
-9.888358210952143068e+00 3.255241579727208734e+00 -1.570424565535535777e+00
-9.333825898358222517e+00 2.443957526345618358e+00 -1.639309118737802384e+00
-9.778843005745004646e+00 3.350301925375512635e+00 -1.350846542909919901e+00
-9.765663562090001193e+00 2.783749181370481107e+00 -1.425120434396887514e+00
-9.790363415304698336e+00 3.502802527975358515e+00 -1.400622890627228889e+00
-9.073176343346407435e+00 2.751248755679096547e+00 -7.415231176092805798e-01
-9.213266229781858385e+00 2.713648265416820138e+00 -1.807583479974294915e+00
-9.270318782231306898e+00 2.858729879260764495e+00 -1.668503820410410787e+00
-9.553168600870657556e+00 2.809310810907520661e+00 -1.468985265298970999e+00
-9.638964228648411847e+00 2.687229646483262346e+00 -1.512901549757542430e+00
-9.802130452030489494e+00 2.676229383036600407e+00 -1.479328943190429735e+00
-9.070879570813238146e+00 3.749942676504989691e+00 -1.557741879535737617e+00
-9.724091469246005204e+00 3.734152621178618237e+00 -2.310449502176524561e+00
-9.320136977684965629e+00 2.447070068647029917e+00 -1.437498442905615015e+00
-9.566134838661151107e+00 2.837965182308439083e+00 -1.517691119540556022e+00
-9.412733106755453605e+00 3.526477387909438210e+00 -1.223924186390618951e+00
-9.518276403328256308e+00 3.161661125190841304e+00 -1.590218245229620075e+00
-9.044385113809671140e+00 2.495096620057635217e+00 -1.335383299399228729e+00
-9.784548976433823597e+00 2.843955747674638879e+00 -1.749363541775073028e+00
-8.975528210208521429e+00 3.336229708238492631e+00 -1.009736532995862968e+00
-9.414972957198951775e+00 2.975840017548399885e+00 -1.473332468951069396e+00
-9.198660326532847265e+00 2.882437684391610411e+00 -1.600050151771344353e+00
-9.097688385470551253e+00 3.052869225119437147e+00 -1.721748921565518398e+00
-9.721780862580020610e+00 2.828327573373077275e+00 -2.042589428617100911e+00
-9.718777006985389377e+00 2.534548475363707087e+00 -1.556636751535312557e+00
-9.037842758861540204e+00 2.883549767780916984e+00 -1.640963399860435157e+00
-9.272411744293886926e+00 3.249710045766213806e+00 -1.140074002532750930e+00
-9.795651702094941626e+00 2.680518468957225675e+00 -1.444533246336581866e+00
-8.904944289154260062e+00 1.677716389540027553e+00 -1.257431085643308188e+00
-9.190731662701514537e+00 3.030784812644207182e+00 -1.587300359908695224e+00
-9.517381895856875218e+00 2.445911869030276797e+00 -1.200612378801686697e+00
-9.134932765524773401e+00 2.750361091838508187e+00 -1.361508424569013664e+00
-1.008430540304354928e+01 2.442702145312051876e+00 -1.858846798855924964e+00
-9.728087632299528664e+00 3.000276089871032781e+00 -1.662623291266866588e+00
-9.464406913337985117e+00 3.357221587695284004e+00 -1.420852198779417375e+00
-9.600113298075569901e+00 3.505454569017480093e+00 -1.689439265006023483e+00
-9.529608690426417894e+00 2.953831516494866527e+00 -1.577129614878997943e+00
-9.059938803882413794e+00 2.536126679670230644e+00 -1.562132278005945674e+00
-9.002428424630084081e+00 2.282568229209479327e+00 -1.609084198393189169e+00
-9.792762682227362347e+00 3.022824375118700058e+00 -1.479618374418186777e+00
-9.652433665487652803e+00 3.170790323332521865e+00 -1.483248923121700091e+00
-9.053422012075882819e+00 2.880541876200999329e+00 -1.510618621848524246e+00
-9.256559155099660430e+00 2.655794812936629334e+00 -1.292041074230225073e+00
-1.012029983477704853e+01 3.553525786690473254e+00 -1.309203227026988658e+00
-9.769886243889486011e+00 2.739752268481239650e+00 -1.456014141247419458e+00
-9.391300473608634292e+00 3.296317863573865470e+00 -1.670401357439275314e+00
-8.993673857757634948e+00 2.663638567955536995e+00 -1.790330076271053228e+00
-9.850344904591185724e+00 2.865900420046936681e+00 -1.548928294123131266e+00
-9.175888441846861809e+00 2.761773808572991040e+00 -1.418853082719679470e+00
-9.356287636780615813e+00 4.096311646031977283e+00 -1.888029432175363898e+00
-9.482302074089661303e+00 2.454820841755693372e+00 -1.658702316085572948e+00
-9.308139089892703666e+00 2.484799645452159478e+00 -1.209982934301746749e+00
-9.742299852532909199e+00 2.924062808891400689e+00 -1.550611134607895014e+00
-9.303754835766154585e+00 2.837791324510836155e+00 -1.633883597252634434e+00
-8.338946890251836663e+00 3.593847730268264762e+00 -2.457876006542666136e+00
-9.909661976601812583e+00 2.870406172445540527e+00 -1.543563082055296132e+00
-9.635326552361453523e+00 2.946626312730911579e+00 -1.465551463196438142e+00
-9.436636315048446022e+00 2.690326691970567730e+00 -1.702098476748781009e+00
-9.806935904027842099e+00 2.723518818924674179e+00 -1.559990260521622707e+00
-9.605221391438977463e+00 3.075263354604096389e+00 -1.548025456932531574e+00
-3.137142816125038181e+01 7.571867773273000068e+01 -3.091649241597513864e-01
-9.828400197342277878e+00 3.684003872932590795e+00 -1.273505555071922979e+00
-9.254918910885384875e+00 2.795358017930290817e+00 -1.730578918767557761e+00
-9.305463871237144247e+00 2.941960073559871436e+00 -1.219450720289136259e+00
-9.013488090387022922e+00 3.277811109842827531e+00 -1.521015320367972823e+00
-9.337120220766012224e+00 3.495313477271932978e+00 -1.701903810235728454e+00
-9.950586919368376471e+00 3.089840489645227173e+00 -1.704258065776163900e+00
-9.517927998869508244e+00 3.485419164834305139e+00 -1.473683321146209702e+00
-8.875436419811949307e+00 2.988133694679145247e+00 -1.290162976867859523e+00
-9.333136440393683841e+00 3.327629426184858463e+00 -1.467368232476149892e+00
-9.544764094375036478e+00 2.686255117946645843e+00 -1.618400062709190124e+00
-8.402043524753738168e+00 2.752008043539866389e+00 -1.555102107979564163e+00
-9.689292224724944447e+00 2.769438267515919705e+00 -1.136769853672491948e+00
-8.926975263307362241e+00 3.263564407577260962e+00 -1.831411350907250934e+00
-9.694564478395038876e+00 3.483498423874912042e+00 -1.452861269028002056e+00
-9.802681824135055066e+00 3.278625418426519111e+00 -1.459274492390809197e+00
-9.289917901138936784e+00 2.534126022822543955e+00 -1.523972586035092558e+00
-9.039607548122308600e+00 3.370637053332183442e+00 -1.516195557962698448e+00
-9.355667243904017383e+00 3.016806379796346693e+00 -1.495941835517150098e+00
-9.427829096910539164e+00 2.560276267347880275e+00 -1.670177560267836814e+00
-9.587248160919980222e+00 3.441115037954353806e+00 -1.448017783356252641e+00
-9.680199378847264668e+00 2.823317690493457377e+00 -1.329549787210159373e+00
-9.163049458407273917e+00 3.144914639879636375e+00 -1.347898394571269476e+00
-9.690393343142645222e+00 2.710917160023118999e+00 -1.457439676548665020e+00
-9.850780564558965224e+00 3.618985811757595705e+00 -1.483116623864218830e+00
-9.962764442005800802e+00 3.338484603881526791e+00 -1.729919516360037823e+00
-9.871171045208317452e+00 3.356155256892589200e+00 -1.689016357592034501e+00
-9.831405938104998299e+00 2.858442358376433123e+00 -1.496575703032443361e+00
-8.951052492245009873e+00 3.368817106908287062e+00 -1.690353644619035922e+00
-9.614652927002342864e+00 3.016294779001714499e+00 -1.741003124365939625e+00
-9.606321548357087181e+00 2.582637930032242846e+00 -1.628914723141736465e+00
-1.009306520461600165e+01 2.486604625990886053e+00 -2.129305007198185162e+00
-9.699043506888207489e+00 2.857943643327238714e+00 -1.605455168424865020e+00
-9.486575452212330006e+00 3.139165646825033296e+00 -1.918930783502203363e+00
-1.017173227444395600e+01 4.073359864698264943e+00 -1.735698936231407696e+00
-9.811018918026153557e+00 3.087437388985856401e+00 -1.587939916389416339e+00
-9.292004174138428496e+00 3.146566601219680681e+00 -1.364032660842947164e+00
-9.352291557690474377e+00 2.891173958976569924e+00 -1.751157637455571292e+00
-1.019338005604865849e+01 2.113158390997797564e+00 -1.058226152181220403e+00
-8.960007922163054417e+00 3.009315349484254387e+00 -1.494966056269577903e+00
-9.352806810847535957e+00 3.037730568907084816e+00 -1.569530257438671361e+00
-9.916242816673932481e+00 2.752173360254500434e+00 -1.581307640185343422e+00
-9.855442217050928377e+00 2.890291010603838195e+00 -1.476822594181236292e+00
-9.386537416779011878e+00 2.925641729101498445e+00 -1.733448363115673185e+00
-9.946590357957502349e+00 4.032347011368090151e+00 -9.484342610695769560e-01
-9.706828259145794391e+00 2.458099677741859335e+00 -1.615790407016132191e+00
-9.345798551623373029e+00 2.944433544351610976e+00 -1.391669941435047519e+00
-9.099038094296368229e+00 2.823541167541571806e+00 -1.493005055402585546e+00
-9.263128532681189853e+00 3.176440476402095925e+00 -1.456411879302469403e+00
-9.264130769492181727e+00 2.898033422407613635e+00 -1.356504320262658325e+00
-9.792824906604774782e+00 2.494047952063157325e+00 -2.090213583917487572e+00
-9.348092256090216878e+00 3.485298186341076132e+00 -1.577519451212783475e+00
-8.964346727396554471e+00 3.292960622296960516e+00 -1.509335736303553333e+00
-9.351782858100943230e+00 2.816907894296335702e+00 -1.774388928274917676e+00
-9.477391477613393178e+00 3.055644024998300345e+00 -1.364771985765983908e+00
-9.457415742532573333e+00 2.863650348479571672e+00 -1.450908983142427333e+00
-9.276849938655665539e+00 2.889200314405733216e+00 -1.610155244516778383e+00
-9.445369985786253864e+00 2.592320815898579767e+00 -1.566880843146962965e+00
-8.990057908713785295e+00 2.824204011150628801e+00 -1.304369757543907049e+00
-8.917456694786331184e+00 3.751781378005562662e+00 -1.587346157037029748e+00
-9.121487735121652562e+00 3.330022931002726061e+00 -1.526484224973050363e+00
-9.690485756904291037e+00 2.854816020815720723e+00 -1.600386437754636404e+00
-9.698000866187660662e+00 2.596374730375896167e+00 -1.800655210582944976e+00
-9.663544707135560685e+00 2.694287380424107869e+00 -1.557764553707514654e+00
-9.599030150244251658e+00 3.320844612472166446e+00 -1.387320152426763986e+00
-9.031645505211434610e+00 3.331756928980459609e+00 -1.611660504603178889e+00
-1.014917878617056957e+01 2.443594079004771213e+00 -1.304558921910529801e+00
-9.440393043502478321e+00 3.290693963440124215e+00 -1.779999495003330878e+00
-9.823143142747243317e+00 3.402283311608818028e+00 -9.858814195584718609e-01
-9.241645175090429376e+00 2.555230658561501667e+00 -1.791508000700239966e+00
-8.460786320143759198e+00 3.570294770223175540e+00 -8.758782670895614020e-01
-1.049070753803594158e+01 2.619386949520534635e+00 -9.315607097132165837e-01
-9.430575583133046891e+00 2.480233310778988454e+00 -1.778264210378337484e+00
-9.140153757344439356e+00 3.202426264956011348e+00 -1.499004305498307099e+00
-1.016555464538498832e+01 2.548812249846386546e+00 -1.589987883840583205e+00
-9.715502705056755062e+00 2.822882365096596846e+00 -1.222384570073481669e+00
-9.238200078296019413e+00 3.003103764554079014e+00 -1.845883811081010739e+00
-9.036633595255926465e+00 2.651550810114217338e+00 -1.492086747890097653e+00
-9.131684684010089370e+00 3.011758912643338171e+00 -1.565301703150168144e+00
-9.055109150586487132e+00 2.588611242297094606e+00 -1.542716929475319132e+00
-9.755103458291362273e+00 2.663135372674310108e+00 -1.570542469206956504e+00
-9.689588747352791742e+00 2.699608726387480839e+00 -1.429526430205025678e+00
-9.684325819780568168e+00 3.657321259472058994e+00 -1.711286352318369675e+00
-9.415027288796565585e+00 2.522618838234329086e+00 -1.532133542438644636e+00
-9.464789003531187461e+00 2.492474216709707147e+00 -1.895253432358798840e+00
-9.199560154436069226e+00 3.244634208860114111e+00 -1.607747272423314167e+00
-9.343544301602138447e+00 2.450598013014283261e+00 -3.073307112393611984e+00
-9.526128037715634989e+00 3.595923625140519775e+00 -1.389644399038644673e+00
-9.791382146629246108e+00 2.445986578148755086e+00 -1.819197991627150568e+00
-9.047714127784049154e+00 2.696393608051611324e+00 -1.569594373393730091e+00
-9.270863076453508711e+00 3.809480403371533264e+00 -1.497904755704523527e+00
-9.789298323614017860e+00 3.374188450562421338e+00 -1.376118790500374223e+00
-8.942156888855638641e+00 2.666664214117750564e+00 -1.356759089970605903e+00
-8.848804047654331484e+00 2.563831552806522307e+00 -1.567762356799542900e+00
-1.002507811789924119e+01 3.170225811206194066e+00 -1.374050996024223315e+00
-9.046188581619702518e+00 2.562646146915258161e+00 -1.485173812285218498e+00
-7.989764260848668975e+00 3.321596253512831609e+00 -1.026452217432933800e+00
-9.520769578009156575e+00 2.801387951386549613e+00 -1.549090483600871426e+00
-9.422785017062592416e+00 3.236907056009411754e+00 -1.785012431490731188e+00
-9.535235150410347416e+00 3.005122397320357130e+00 -1.562325240014863947e+00
-8.588229474026903176e+00 2.577077346127474744e+00 -1.419084569190688150e+00
-8.918218296909479648e+00 3.401355104803145846e+00 -1.801045660746511956e+00
-9.532524337836040473e+00 2.902576385976765483e+00 -1.648382523683305179e+00
-9.638215835489582162e+00 2.595789025145162299e+00 -1.586845570249248549e+00
-9.785130607733577790e+00 3.035945658969231964e+00 -1.374819460492144874e+00
-9.186036094654209450e+00 3.155600170508232605e+00 -1.515753834648011056e+00
-9.402471822712559657e+00 2.736700128414278232e+00 -1.836044216341735869e+00
-1.000298844488714423e+01 3.143835531456819599e+00 -1.394079199836022243e+00
-9.301870403476756977e+00 3.155957166179135243e+00 -1.502162036276602830e+00
-9.909994117833981875e+00 2.719292611911139357e+00 -1.523153073861858386e+00
-8.892413395202284576e+00 3.055334754257297281e+00 -1.800108678660550465e+00
-9.580190528990648602e+00 2.581384446193516258e+00 -1.998642116739139718e+00
-8.990216115362366978e+00 2.768516809811159884e+00 -1.689282434696242063e+00
-9.246660779570605726e+00 3.721359746579515182e+00 -1.822161933750464868e+00
-9.485157742039971751e+00 3.347719008664927109e+00 -1.307989594015395163e+00
-9.073760427830716679e+00 3.187766106590266268e+00 -1.393186660786295272e+00
-9.612589071753371073e+00 2.486880529522581984e+00 -1.608821960530456341e+00
-1.009645693276596212e+01 3.488357670998357030e+00 -1.301150677922825682e+00
-9.177787765872322367e+00 2.520980353643680782e+00 -1.592933879917637352e+00
-9.297282569638388949e+00 2.556824666254612133e+00 -1.442147870829990408e+00
-9.604421213367400512e+00 3.734708789946311391e+00 -2.126308219356847662e+00
-9.390950719351081943e+00 3.093429985207811761e+00 -1.418724971473669605e+00
-9.262615960395685022e+00 2.982976754424965460e+00 -1.738123873347509951e+00
-9.015256471250266301e+00 3.363667167906044586e+00 -1.467651899866069920e+00
-9.362650004019139161e+00 3.322969748590629102e+00 -2.227013326791460912e+00
-2.654576997030266128e+01 1.770363081239899827e+01 3.986434790073767331e-03
-9.743218740764371333e+00 2.652907066801905245e+00 -1.380351791990908739e+00
-9.451125343006973267e+00 3.330543213394379976e+00 -1.372069001484607975e+00
-8.905937604232013527e+00 2.865855115144674059e+00 -1.559213460536981843e+00
-9.597182342395115029e+00 2.903998514945714149e+00 -1.515246159824155114e+00
-9.455682702694939934e+00 3.319990070215799172e+00 -1.274339541845182167e+00
-9.516099335386027036e+00 2.775160541513827628e+00 -1.617546864068365453e+00
-9.602506888157563480e+00 2.603162768631162916e+00 -1.571347668872580483e+00
-9.325738819469576057e+00 2.965515380044072558e+00 -1.579141099890927213e+00
-9.360421613792960116e+00 3.320232595744167625e+00 -1.760626528912716093e+00
-9.323693480345431439e+00 2.901710733343577431e+00 -3.170719326488749545e-01
-9.994356211225760234e+00 3.191272153435655845e+00 -1.535870761806450213e+00
-8.854898082132510950e+00 3.127265624010185707e+00 -1.610187150648213272e+00
-9.445883525520832436e+00 2.505570627497166747e+00 -1.641787340655211258e+00
-1.000463409062609621e+01 2.552657927430149520e+00 -1.738873736326649766e+00
-9.786726674743000842e+00 2.818208102545977756e+00 -1.479583794541137420e+00
-9.572885663203386741e+00 2.605450620997005640e+00 -1.533615203277237216e+00
-9.143921556709832643e+00 2.627606138135135438e+00 -1.524418998196218400e+00
-9.488383502309972073e+00 3.713926100378452055e+00 -3.019894875596052852e+00
-9.793673031364457771e+00 2.641072088735032963e+00 -1.685973106275695077e+00
-9.609761701789738098e+00 3.410213062493483438e+00 -1.411960895046848741e+00
-9.504671472180703518e+00 2.784443387870052078e+00 -1.491125829911155609e+00
-9.733757404204245844e+00 3.159338866185038786e+00 -1.486721275503129380e+00
-9.297297768105009297e+00 3.307754152414552173e+00 -1.662131693086541517e+00
-9.489762022816393028e+00 3.315496482116028876e+00 -1.648582543710998216e+00
-9.913799939569056363e+00 3.149865222847254120e+00 -1.659512099796276008e+00
-9.899041910067724714e+00 3.312591023429052761e+00 -1.480301610037444648e+00
-9.742623544257147827e+00 2.909019012013832395e+00 -1.610198550723462851e+00
-9.564346732777655902e+00 2.482940564969100095e+00 -1.575055958784863375e+00
-9.298046591050642462e+00 2.449378785375323275e+00 -1.574478305294263691e+00
-9.533485455904468608e+00 2.095895900729034533e+00 -2.333994656070961238e+00
-9.127598817937885300e+00 2.645937538782663800e+00 -1.238850221304765187e+00
-9.008381729112265646e+00 3.465388849241918034e+00 -1.692516924758431962e+00
-9.218294689111724338e+00 2.649948282250347287e+00 -1.327293092548889497e+00
-9.153845655928584790e+00 3.149005483784828030e+00 -1.478141351733535114e+00
-9.444569097645382882e+00 2.869164756395869542e+00 -1.410392310421748618e+00
-8.560945200705305069e+00 3.054108330017883954e+00 -1.283626036849585095e+00
-9.306469017380015529e+00 2.945560017585080903e+00 -1.341132382502600917e+00
-9.638870058326141077e+00 2.395247834722495028e+00 -9.013461070806995101e-01
-9.120412475337104752e+00 3.306284028708877720e+00 -1.472921849702935493e+00
-9.669974362262875545e+00 3.255103580821999465e+00 -1.476316065974920599e+00
-8.385483261476901262e+00 2.647466480792482368e+00 -1.792603566437711349e+00
-1.004591012201036015e+01 2.852186756404734513e+00 -1.564863762347216580e+00
-9.271869337249324161e+00 3.402083565327987280e+00 -1.480445291855947643e+00
-1.000594204774906792e+01 3.196026295410175688e+00 -1.913476582377769741e+00
-8.757516986613508081e+00 2.673288184351567676e+00 -6.302257641614619210e-01
-9.335920637992137117e+00 2.893659648011665197e+00 -1.590669851964784831e+00
-9.070402576010746287e+00 3.341004573907305097e+00 -1.712543807025679099e+00
-9.560655878162801713e+00 3.354751868564870509e+00 -1.678527276360421538e+00
-8.708322397190988440e+00 3.160835138603265815e+00 -1.491025125065529089e+00
-9.471692456098669055e+00 3.080758156466727460e+00 -1.658970650801105506e+00
-9.467344367342773737e+00 3.268482530299663402e+00 -1.485051943697875076e+00
-9.632674158710448964e+00 3.405812309777317193e+00 -1.636830524972037404e+00
-8.526339121460004833e+00 3.717561940788310260e+00 -2.490735992553685829e+00
-9.158904246262599358e+00 2.595164338607943488e+00 -1.705771333507950960e+00
-9.037380757010385679e+00 3.263539806774671259e+00 -1.463351662226968886e+00
-9.745360966670746805e+00 3.089317735521807773e+00 -1.928179318998274550e+00
-9.443347828338197303e+00 3.169251352744918648e+00 -1.729407401316644721e+00
-9.395671157539780438e+00 2.616702910106958768e+00 -1.474865689056935825e+00
-9.124748148092988842e+00 3.314578521471811090e+00 -1.659548956635372940e+00
-9.665966826195042216e+00 3.281624296718667289e+00 -1.345533304500453831e+00
-9.263035938582053319e+00 2.405280997413001387e+00 -1.290509297009361012e+00
-9.789732443757706903e+00 2.827407380358434974e+00 -1.572458585760702299e+00
-9.077321660374531476e+00 2.929496341027529649e+00 -1.676489317891394881e+00
-9.880499323967043779e+00 3.431612234044873588e+00 -2.104407030235762921e+00
-1.039634619798506066e+01 3.251494821376396782e+00 -1.298012464338868854e+00
-9.135426159179859340e+00 3.468267325867663509e+00 -1.283693730138685041e+00
-9.872775652841774274e+00 2.679749302479902173e+00 -1.159221997529550130e+00
-1.000117597120320667e+01 3.156100906954412810e+00 -1.424710345698249503e+00
-9.598911171860839531e+00 2.593659295462118042e+00 -2.068321260304338161e+00
-8.409331257376608804e+00 3.330465415961201714e+00 -2.228735912691310439e+00
-9.559900010542381921e+00 3.020495645039509292e+00 -1.592675094810620529e+00
-9.279060117008292252e+00 4.005278429850985589e+00 -1.623837271252281500e+00
-8.511179083276159574e+00 3.758357630247369574e+00 -2.189221129605053218e+00
-9.240741281916561078e+00 2.418860031131718547e+00 -1.519037108681810411e+00
-9.234325258012685111e+00 2.520816927422575127e+00 -1.587329879299411939e+00
-9.321250488680874469e+00 2.825769718366508254e+00 -1.786297386579672075e+00
-8.975468334517790581e+00 2.231598879771120369e+00 -1.878901867858604025e+00
-9.652146429412328033e+00 3.009262935256114435e+00 -1.150261953340419252e+00
-9.599981496964179684e+00 2.747868815735122539e+00 -1.513514689015601933e+00
-1.002266312275533977e+01 2.998446412287170126e+00 -1.773358708269082484e+00
-9.049903022161176480e+00 2.618124072389906409e+00 -1.461785101306906309e+00
-9.573388707240621187e+00 3.650139423034422848e+00 -1.790762532426787068e+00
-9.904426756909749940e+00 3.035053317132659689e+00 -1.715160350270517720e+00
-9.610430030261849055e+00 3.010850714431049457e+00 -1.385493663144253818e+00
-9.711604819495835983e+00 2.745163082435581270e+00 -1.359658426149470634e+00
-1.009482322285666100e+01 3.594381042164348283e+00 -1.199838506344016231e+00
-9.164454037604427228e+00 3.188817107203015144e+00 -1.395256015311160613e+00
-9.459046935459067384e+00 2.732975802352159977e+00 -1.622252048254712475e+00
-9.825819473036728979e+00 2.011397704912785578e+00 -2.107890913658107213e+00
-9.561743165406264566e+00 2.945028283746693454e+00 -1.567959758997096609e+00
-9.218933481559512089e+00 3.342123524216657149e+00 -1.544663095733901370e+00
-1.004351390005692402e+01 2.903434421203100690e+00 -1.407267883238378481e+00
-9.928934566317185073e+00 3.243887042328450487e+00 -1.579928446147030652e+00
-9.289637645250927278e+00 3.336666132837875054e+00 -1.437516975261575514e+00
-1.006825177183328535e+01 2.930242094400183905e+00 -1.385730390554982039e+00
-9.207229361074976026e+00 3.446231499317287561e+00 -1.798874089850892810e+00
-9.219662022284591529e+00 3.060985772059923171e+00 -2.034310787630943640e+00
-9.755756500898550954e+00 2.655745271199310586e+00 -1.360197263817352731e+00
-9.665141893217555236e+00 2.955090797550519621e+00 -1.657836278568075361e+00
-9.337120833355154303e+00 2.989840420209661787e+00 -1.619302038375940889e+00
-9.228030386076623515e+00 3.141586372629183721e+00 -1.500245458040363911e+00
-8.965744294850278351e+00 3.382158079745128276e+00 -1.706387168258313825e+00
-9.596222000973448019e+00 2.741219930402758909e+00 -1.525807789988697483e+00
-9.176792079084515663e+00 3.162195587366818827e+00 -1.562137122595445460e+00
-9.480562666150524009e+00 3.693396902440756246e+00 -2.054099762724827638e+00
-9.904575636151502493e+00 3.152934569864874526e+00 -1.447770739896990788e+00
-9.197604487846941623e+00 3.729760390095462785e+00 -2.213401725893832328e+00
-9.229382213447383521e+00 2.372406781743020776e+00 -1.357569960242161589e+00
-9.329036856253544840e+00 2.780909600878651577e+00 -1.643216984065317909e+00
-1.007547214650048950e+01 2.839784249320322917e+00 -1.056548896798770620e+00
-1.012857694877048509e+01 2.837338501694187887e+00 -1.588711196280627735e+00
-9.452840860369018827e+00 3.119017768561728854e+00 -1.926255905046910133e+00
-8.970428195209670719e+00 3.395898569796071964e+00 -1.804955090056678646e+00
-9.347861882999886518e+00 2.737283506436196223e+00 -1.559862942241498907e+00
-8.782277182910668500e+00 3.084904876173507393e+00 -1.547360159289960180e+00
-9.045944648488990936e+00 2.718003083398423225e+00 -1.302283071540586867e+00
-1.063783065628424040e+01 3.036413286121662392e+00 -1.397017059423118601e+00
-9.219502677541544955e+00 3.498884727260402006e+00 -1.677821211643662602e+00
-9.871218641016792361e+00 2.621816785702199670e+00 -1.328373400605983079e+00
-9.739347461899660274e+00 3.443985962877388562e+00 -1.590987875426846054e+00
-9.617379747966566583e+00 3.239686649956960096e+00 -1.420371112591370055e+00
-9.674651078963849571e+00 3.300254505386911674e+00 -1.702915766651996510e+00
-9.008156524550637201e+00 2.854249921866500728e+00 -1.507588628184763024e+00
-9.671878982747838194e+00 3.705975899702875331e+00 -1.668025931841799814e+00
-5.690053486116115522e+01 1.847783531156500203e+01 9.802534769534720915e-02
-9.842984679924013491e+00 3.212576485921226688e+00 -1.643975509506456767e+00
-9.873519483474847647e+00 2.456015763340888114e+00 -1.549109967076008898e+00
-9.438700673305138622e+00 2.899605786292019705e+00 -1.575580728880891623e+00
-9.124595631551262187e+00 3.321981538127058986e+00 -1.662959651635973257e+00
-9.113460732573161138e+00 2.327549694076203490e+00 -1.306619023838391680e+00
-9.264443577342317937e+00 3.683452373310291073e+00 -2.299607825931799354e+00
-9.376862700625672176e+00 2.761335589911554145e+00 -1.424370127395045760e+00
-9.921636003690059269e+00 3.064958744788142120e+00 -1.533024535872632876e+00
-9.173548024073237883e+00 3.091675912837148044e+00 -1.412155729921510838e+00
-8.986546665437980863e+00 2.841623929741245558e+00 -1.644158155765045537e+00
-9.383680371544551591e+00 3.332137308310770596e+00 -1.508482073627064102e+00
-9.039232018844545635e+00 3.316766493692088869e+00 -1.719775944489474906e+00
-9.588506615551475321e+00 3.043874755370088891e+00 -1.697255085422652687e+00
-9.762868637494875657e+00 2.863750978930098778e+00 -1.393698633536501807e+00
-9.751120698625294736e+00 1.836785067166117669e+00 -1.157432374694605803e+00
-1.060197053394690236e+01 3.230905670490604731e+00 -1.151472879746601397e+00
-9.331264106744173503e+00 2.855549692051819743e+00 -1.972359734995639657e+00
-8.936085660657255403e+00 2.669361251473127084e+00 -1.403941432023781077e+00
-9.605310166277520878e+00 2.869703211413132227e+00 -1.492273154839517613e+00
-9.018279074677755247e+00 3.109931263323779227e+00 -1.561183572525843388e+00
-9.853873572844181083e+00 2.905099320507242844e+00 -1.606996637988570065e+00
-8.794549102156290488e+00 2.937993706498335467e+00 -1.774504490078189889e+00
-9.374286267320121269e+00 2.383283301063602533e+00 -1.582012665330963408e+00
-8.807450395024645218e+00 2.341122946698908081e+00 -2.098278287161016387e+00
-9.663675955799449824e+00 3.413796415523484562e+00 -2.439302645129383773e+00
-9.122478198366556157e+00 2.818098143971765612e+00 -1.594544193193568660e+00
-9.065841466518667957e+00 3.100092393215874154e+00 -1.504907908815502626e+00
-9.372047599604222512e+00 3.078932348772063232e+00 -1.492512588236818649e+00
-9.658405938366495747e+00 3.155075218255701586e+00 -1.263127918153298168e+00
-9.384335533496683368e+00 2.861941672581021390e+00 -1.405676861317227244e+00
-9.240174059088799297e+00 3.369411215961078288e+00 -1.593373132153699467e+00
-9.350775760595031016e+00 3.866783604060086255e+00 -1.305380570519179662e+00
-9.076069493249974585e+00 2.842090165345225738e+00 -2.331147589315515134e+00
-8.856818627567481172e+00 2.517610615639473082e+00 -1.479955121150210218e+00
-9.663642405481214226e+00 2.852136569251683351e+00 -1.358138586329174613e+00
-9.127575624599193915e+00 4.126857127346341692e+00 -1.576771049566983329e+00
-9.417101396420981985e+00 2.721874870219603171e+00 -1.517235810879765889e+00
-9.325871979067866135e+00 3.404086817066838577e+00 -2.211649384235981675e+00
-9.804726286509145794e+00 2.158651738002053122e+00 -1.537489459744288078e+00
-9.359491017447631123e+00 3.091204632975687261e+00 -1.754482522305434555e+00
-1.031314298744314151e+01 2.631772762550025124e+00 -1.655443836527856538e+00
-9.617849760316794061e+00 3.518677953893378341e+00 -1.760387503441127155e+00
-9.003952538013082929e+00 3.540997559653782378e+00 -1.722563711890979787e+00
-9.452793453542163604e+00 2.719319920003076874e+00 -1.604779370074108646e+00
-9.930839807265106955e+00 2.312407378011228865e+00 -1.150615305725172011e+00
-9.173369821658660328e+00 3.363731615327195890e+00 -1.526095060768468459e+00
-9.051065539943937921e+00 2.995451832599054232e+00 -1.467043907484633092e+00
-8.979466115834060957e+00 2.374100688711138663e+00 -9.739492161358950240e-01
-9.074344754694834592e+00 2.772797288744861532e+00 -1.100919075120676771e+00
-9.192280658198482612e+00 3.066013813708486246e+00 -1.720262458661333760e+00
-9.858992998498242954e+00 2.927967061306064434e+00 -1.367293518350792825e+00
-1.012290114422791731e+01 2.533295952889162983e+00 -1.472160148188396800e+00
-9.810355315948539712e+00 3.394141248803908439e+00 -1.516499324083891098e+00
-9.782056165467306386e+00 2.975697314119056802e+00 -1.919224645270129592e+00
-9.024874271780767288e+00 3.380320074501611760e+00 -1.489496715810525229e+00
-9.341458535761603343e+00 2.711574633156163650e+00 -1.412575177634164625e+00
-1.012059022062671865e+01 3.211225383388579324e+00 -1.510992089573415020e+00
-9.258081255187878611e+00 3.113291487498131005e+00 -1.665179391745525983e+00
-9.370303515819150775e+00 3.406307069746509875e+00 -1.255131088172798615e+00
-9.627950964403627410e+00 2.698117386573314569e+00 -1.125956028679093279e+00
-9.751502475863089714e+00 3.363937111294100113e+00 -1.522074261776124038e+00
-1.002177585847890207e+01 3.029401980088283430e+00 -1.460122098523366718e+00
-8.969366867467092774e+00 3.148178022227658079e+00 -1.504575710299278279e+00
-9.987977837961995675e+00 2.804235447791193270e+00 -1.401987181998135990e+00
-9.004942624529229889e+00 3.167420751713764471e+00 -1.634508455747155864e+00
-9.137019972513551025e+00 3.322771461761096834e+00 -1.406618877790732691e+00
-9.440191943595410251e+00 2.226057090780962699e+00 -2.258836645112670460e+00
-9.570956476312884931e+00 2.879021158472903075e+00 -1.506096592270976364e+00
-9.910280661808743119e+00 2.967074268401715731e+00 -1.506607445133790080e+00
-9.350216616616295440e+00 2.511591412471647189e+00 -1.598150048403551571e+00
-9.786126462879057186e+00 2.504142051193289475e+00 -1.549800848290541655e+00
-9.354689510735022751e+00 3.072802356122799505e+00 -1.722013927628377683e+00
-9.335076247469439537e+00 3.108223526526930680e+00 -1.324437541335092394e+00
-9.962669929700695093e+00 2.816177149997312057e+00 -1.744433441692061271e+00
-9.446009363795763392e+00 2.519740940995976342e+00 -1.722546751216960770e+00
-9.788072252711746302e+00 2.956256535667895591e+00 -1.345455577007756975e+00
-9.567605049273106843e+00 2.880279316636146447e+00 -1.490290496954089106e+00
-9.673909074155247367e+00 3.263997904367651248e+00 -1.671257608824811225e+00
-9.546814388753070091e+00 2.698041712895999922e+00 -1.952904200104338406e+00
-8.317656188951051632e+00 2.995346071933843390e+00 -2.145448679217191845e+00
-9.547080306049027243e+00 3.630184900577233531e+00 -1.564206991671811320e+00
-9.344626623843755198e+00 3.359787984051499254e+00 -1.259566424640412796e+00
-9.404417688903961903e+00 2.583889897719165774e+00 -1.654772906968441148e+00
-9.428791660022238119e+00 3.208666108762413760e+00 -1.602124344405944312e+00
-9.926010561957349765e+00 2.719361231169273641e+00 -1.455743045032395377e+00
-9.481302716929153718e+00 2.994466548869224809e+00 -1.466673868252765578e+00
-9.387129532110673580e+00 2.838967296502650672e+00 -1.411288036787202271e+00
-9.424377682486916541e+00 2.478547312716600448e+00 -1.661242414813581370e+00
-9.778369765504542954e+00 3.862267944995849689e+00 -1.501862025216415653e+00
-9.652365017109595158e+00 2.678293317844337995e+00 -1.686333671783837307e+00
-9.284334323144836532e+00 3.423080098194855037e+00 -1.398909104506744105e+00
-9.156855555339797448e+00 3.139390724983415204e+00 -1.639713209611697309e+00
-9.742750928030169177e+00 2.958043298854413639e+00 -1.837905180518172976e+00
-9.666092024302681551e+00 2.920076567752860175e+00 -1.524825530578651556e+00
-9.548473656192319581e+00 2.817276545106999208e+00 -1.564855720711913145e+00
-9.762080442041369821e+00 2.773875806945905520e+00 -1.557841664055852116e+00
-8.588893215259348679e+00 2.827795384291094560e+00 -1.683433249520495556e+00
-9.313674596790228577e+00 2.471712408101328862e+00 -1.512376024859566570e+00
-1.013253498159459198e+01 2.399170198833760370e+00 -1.961711146961991892e+00
-9.127830448892368054e+00 3.473988531410471925e+00 -1.288401380618114045e+00
-9.438415000074902750e+00 3.315501885668703963e+00 -1.479007393823577710e+00
-9.743155016831426707e+00 3.170761149177414140e+00 -1.467048447428328295e+00
-9.701782630883242220e+00 2.742688960484640504e+00 -1.459580549135220062e+00
-9.062090933996930886e+00 3.282531494678964545e+00 -1.706680963390112549e+00
-9.753935048760496329e+00 3.151308996785797234e+00 -1.435266841123326920e+00
-9.606346352411256007e+00 2.803596986954249193e+00 -1.277788813216272912e+00
-9.519854119929490821e+00 2.527711495163313504e+00 -1.302973254799213443e+00
-9.370421747507657884e+00 2.669970050826264707e+00 -1.550690940506930016e+00
-8.982392627098239046e+00 3.111275222611253444e+00 -1.485546017131406549e+00
-9.893462823488215818e+00 1.705772919205384985e+00 -1.102616841218769128e+00
-9.446597203173595858e+00 2.933432761548544931e+00 -1.367277687049973434e+00
-9.439918518956847748e+00 3.423993416062602879e+00 -1.417673113041227229e+00
-8.936457955450070045e+00 2.954742207095507389e+00 -1.616040143675542939e+00
-9.421391637670055275e+00 2.964650361148494895e+00 -1.642582716615676564e+00
-9.266149048942525113e+00 3.077067588711289492e+00 -1.328327846560542369e+00
-9.207353197920895127e+00 2.273069298923212855e+00 -1.220472477908085551e+00
-9.556258780519758744e+00 3.223182378528202108e+00 -1.685887792350583503e+00
-9.359967808329789918e+00 3.238646232641159806e+00 -1.550818685024553778e+00
-8.978202853638343583e+00 2.829372564375006949e+00 -1.367243790083126687e+00
-9.481997377020777051e+00 3.459038854713565314e+00 -1.547923211680143352e+00
-9.334476527811370161e+00 3.501454609208868085e+00 -1.615445445467993846e+00
-9.110271019320519414e+00 2.396568644819280447e+00 -1.726371090733915148e+00
-8.877349434403114969e+00 3.221017479928621530e+00 -1.588881910580213885e+00
-1.015866731907290443e+01 3.454478010420108269e+00 -1.877419898030021184e+00
7.725498186237059883e+01 -3.056398450167503711e+01 8.908644216163974505e-02
-9.657451617170549341e+00 3.262115409352020379e+00 -1.507448446348241378e+00
-9.136938563314581430e+00 2.894789269123028141e+00 -1.642127583450990969e+00
-9.649883463647123349e+00 3.009853921282382494e+00 -1.643559959466549536e+00
-9.648613726507853983e+00 3.408725516420934909e+00 -1.665967050741077315e+00
-9.115986857838562329e+00 2.960833396430223807e+00 -1.755101613213084999e+00
-9.222895462572113345e+00 3.120042533314232980e+00 -1.745578461422936156e+00
-9.576512379845233625e+00 3.199542045394381695e+00 -1.399498699277287539e+00
-9.693691657191553901e+00 2.793510425759912152e+00 -1.490725868369956908e+00
-9.978582202041392790e+00 2.729172410253207115e+00 -1.830510350768593808e+00
-1.056078870402373759e+01 3.747553600771359683e+00 -2.191726667354902958e+00
-8.216900215136453411e+00 3.131538760471535010e+00 -1.353116716711342704e+00
-9.317699718889647542e+00 3.119619218964454266e+00 -8.632778087792104538e-01
-9.125729133753713640e+00 3.064934962816209474e+00 -1.200092273954970423e+00
-9.319054440678721463e+00 2.880476516925138508e+00 -1.448248681615055489e+00
-1.004157540328515452e+01 3.004926101366165003e+00 -1.551237702988858214e+00
-9.293319565120780723e+00 2.877371147528710704e+00 -1.691836719378208898e+00
-9.671197262559289243e+00 2.683813333768878984e+00 -1.430287494795790870e+00
-8.918218590039382221e+00 2.849103616195894251e+00 -1.458245222620735193e+00
-9.422196006367007826e+00 2.315453530835894114e+00 -2.093620229104662833e+00
-9.731512868213147982e+00 2.389877573374310948e+00 -1.596031711838590050e+00
-9.758904884183678519e+00 2.874469319178844628e+00 -1.707068344039776475e+00
-9.476216951681477596e+00 3.470542914285109859e+00 -1.357147384903730547e+00
-9.284796335289088987e+00 3.149013460530552422e+00 -1.533063663376404762e+00
-9.543937687093844602e+00 2.807330269046450777e+00 -2.286303532398555216e+00
-9.217445524833653536e+00 2.849035851018948406e+00 -1.352189379023689408e+00
-8.739465695991565752e+00 3.098095683858842264e+00 -1.477718162107102939e+00
-9.759836951284190931e+00 2.557755673781838546e+00 -1.799050122890105019e+00
-9.368848755523707439e+00 2.473562711458051400e+00 -1.472835303395232831e+00
-9.001846807164600506e+00 2.880562254745643536e+00 -1.791141821600324313e+00
-9.612944239186063555e+00 2.568405773635104694e+00 -1.646318394039351762e+00
-9.137890362086807272e+00 2.799037568661112640e+00 -2.052570531683993060e+00
-9.410551087634992484e+00 3.251601386654988879e+00 -1.888154041576175279e+00
-9.577094913503454876e+00 3.288243667861226349e+00 -1.479127670640365100e+00
-8.696085067906947685e+00 2.472863841551744102e+00 -2.170874628360778491e+00
-9.570770611396984151e+00 4.162273502291574445e+00 -1.682043965667914254e+00
-9.329198650644256574e+00 3.584955050552352418e+00 -1.722029025979804784e+00
-9.347421907279676034e+00 2.988379809945126642e+00 -1.483386034565228995e+00
-9.762528335953319925e+00 3.292220393117525568e+00 -1.763812718890877873e+00
-9.391131308195848959e+00 3.117953339286834158e+00 -1.210712996128410657e+00
-9.583395211917160594e+00 2.888899279726388158e+00 -1.270051347806064879e+00
-9.609451198138609485e+00 4.189930722292821486e+00 -1.528519966064814994e+00
-8.834548743990579212e+00 2.624400759304273745e+00 -1.818334199512236626e+00
-9.954580920802124311e+00 3.136094949798124976e+00 -1.655387007832574975e+00
-9.665476731670979760e+00 2.803281068405586218e+00 -1.615150507551362136e+00
-9.219370572469221869e+00 3.117154119825432890e+00 -1.540342715399706464e+00
-9.613288352689867367e+00 2.969120490010360047e+00 -1.659901492723398597e+00
-8.485262179373181723e+00 3.411130195822871247e+00 -1.098420049549420741e+00
-9.337325419942773763e+00 3.337464643424506772e+00 -1.322191506651470450e+00
-9.584924890488546012e+00 3.621611790877576009e+00 -1.399842513146272172e+00
-9.913944367708319660e+00 3.469415742126898294e+00 -1.520027396749146220e+00
-9.518445792016009932e+00 2.948900328815230232e+00 -1.464304649338992403e+00
-9.704925272296481609e+00 2.741315867146066232e+00 -1.272666345412732491e+00
-1.057450840679165793e+01 2.457485899286265596e+00 -1.004484267615042503e+00
-9.499787655566750644e+00 3.085193689695492125e+00 -1.503664065328271571e+00
-9.404147519282943790e+00 2.552521892398494252e+00 -1.350273661079882226e+00
-9.469114873276788913e+00 2.763318867025038816e+00 -1.499440265373096937e+00
-9.338476870256599227e+00 2.939475767017346808e+00 -1.591051948282173445e+00
-9.542224634892136237e+00 3.306430061180727797e+00 -1.650802296805276681e+00
-9.663547751922090256e+00 3.058358716166941882e+00 -1.441066954962693325e+00
-9.264243395757791433e+00 2.578480072881389695e+00 -1.317115073320345386e+00
-9.349055295824634015e+00 2.933570108697626466e+00 -1.279404484536351916e+00
-8.385806530813576742e+00 3.061270404860919836e+00 -1.165453044119252324e+00
-9.551918412085781185e+00 2.730449793494617694e+00 -1.472445916428313906e+00
-8.571697645890496986e+00 2.824907113466923470e+00 -2.087306472457252760e+00
-9.574136894810688858e+00 3.402199239051526547e+00 -1.737100350284591199e+00
-9.720529205091446912e+00 2.516908802439290493e+00 -1.611261441155518614e+00
-8.990968026983406247e+00 2.596668169557117434e+00 -9.863027879067001180e-01
-9.591375897867528977e+00 2.914237758995560146e+00 -1.567270560832744630e+00
-9.653387761998867944e+00 3.040265470157782701e+00 -1.591877804262287199e+00
-9.578787486755670599e+00 3.194524285429248600e+00 -1.497311225722423478e+00
-9.041732507328639201e+00 2.170644636778033654e+00 -1.458059628749774017e+00
-9.819222610223988568e+00 2.761309679756364321e+00 -1.797484595764064164e+00
-9.421515873710573530e+00 2.677663089739980684e+00 -1.654520646432526831e+00
-9.635913875977328402e+00 3.033291395736860796e+00 -1.638736318645330758e+00
-9.693227806911190569e+00 4.361708726479034404e+00 -1.620759406491153909e+00
-9.100592076033988675e+00 2.950617809165044569e+00 -1.114080091478886425e+00
-9.007527749189504718e+00 3.113564527374297786e+00 -1.466833059700910713e+00
-8.932282947745353141e+00 3.193370450360496271e+00 -1.000880046827875569e+00
-9.462054574300552190e+00 2.092835472822660137e+00 -1.849404055306141936e+00
-9.462567002367693547e+00 3.227252392408052284e+00 -1.467039175038465260e+00
-9.869796988041699137e+00 2.805049108706727523e+00 -1.555320472804929688e+00
-9.031658206163584168e+00 2.431312286570158410e+00 -1.468155418927630462e+00
-1.015468354551853203e+01 3.162737776400474488e+00 -1.445371553518259189e+00
-9.723991573199471716e+00 2.579440676936002763e+00 -1.408057618931704447e+00
-8.986212237927084345e+00 3.250464566858869642e+00 -1.901230689542238839e+00
-9.834930154741249098e+00 3.158610430075638131e+00 -1.500763582486757564e+00
-9.687389629493932119e+00 3.483781540891403239e+00 -1.628356556579496850e+00
-9.486586211289242954e+00 3.477127349404397272e+00 -1.390055258936283344e+00
-9.136276064162094812e+00 3.249073332621688959e+00 -1.504827092799541965e+00
-8.880745505682748231e+00 3.146774276769825018e+00 -1.503518450249151206e+00
-8.941836371926640936e+00 1.739838535690983123e+00 -7.686119407292422157e-01
-8.935971798980682834e+00 2.367967894670530704e+00 -6.115389085632332300e-01
-9.163075763922659434e+00 2.920190332609343464e+00 -1.757459803468717219e+00
-9.820260398057673257e+00 3.067089966267579015e+00 -1.720825193874098380e+00
-9.751171421825690189e+00 2.944371956632626297e+00 -1.437040392504519870e+00
-1.008000736491995397e+01 2.871712985521211348e+00 -1.540589473490830308e+00
-9.314952874377818048e+00 3.941389797132976547e+00 -1.617600089733477686e+00
-9.487209492119550447e+00 2.699459013433290533e+00 -1.684653293032622567e+00
-9.916617242929236298e+00 2.734880338184622506e+00 -1.461924989442902278e+00
-9.829602633930193178e+00 2.716107618664237666e+00 -1.582106096945777862e+00
-9.394622288967106272e+00 2.821416254549454994e+00 -1.364739099468507355e+00
-9.834132259316852753e+00 2.888668921938162715e+00 -1.290583258159747171e+00
-9.165932924226414258e+00 3.079619563313498620e+00 -1.744508735477321437e+00
-9.015649497025467696e+00 3.073117889383996992e+00 -1.551539936976377376e+00
-9.068477486933279152e+00 3.546828720544783931e+00 -2.253420863932518170e+00
-9.565613981676584388e+00 3.183121048303027667e+00 -1.534106738212211329e+00
-9.571514713752327097e+00 3.262950582398178145e+00 -1.383742889203575244e+00
-9.077416502328857106e+00 2.740208749965299173e+00 -1.546294811391841773e+00
-9.592186163425418854e+00 2.743232934233950537e+00 -1.670120442682414108e+00
-9.121098412823593904e+00 3.074685185769038931e+00 -1.734173021712519525e+00
-9.335327614928891293e+00 2.479559045806083883e+00 -7.001570213709504831e-01
-9.470691060356678292e+00 2.826854305635359221e+00 -1.436101537723735166e+00
-9.679775862927552765e+00 2.519785805577130056e+00 -1.490221646573626435e+00
-8.916194151208337360e+00 2.661149596535309581e+00 -1.440023995159921411e+00
-1.007286887581935808e+01 2.871937116145682367e+00 -1.340055070006593185e+00
-9.340047350958442962e+00 2.498608383884440620e+00 -1.599805899045435353e+00
-9.512181656382205475e+00 3.087994901611853305e+00 -2.153790392241485385e+00
-9.758103992616790734e+00 3.110880898630088875e+00 -1.574190933974105810e+00
-9.354187430974139517e+00 3.477915777953054288e+00 -1.971736322684322529e+00
-9.300918984345100782e+00 3.279867441065060341e+00 -2.778616613351294173e+00
-8.857850058420375206e+00 3.243653001341679332e+00 -1.707715734054645162e+00
-8.947890813781906871e+00 2.888519275497066552e+00 -1.891835362830072143e+00
-9.732928189309218325e+00 3.398041335905977345e+00 -1.631051835511591053e+00
-9.098590776002106750e+00 3.226718270324846483e+00 -1.397473676917822427e+00
7.721646778752338491e+01 -4.134321563744943973e+01 -7.117917041970271974e-01
-9.223445002699957485e+00 3.244314635980608319e+00 -1.541321789949138044e+00
-9.992059194195711314e+00 3.143459431551640204e+00 -1.491736048990219610e+00
-9.429745264094943735e+00 3.372680110231191630e+00 -1.683080154599004175e+00
-9.852802577002801598e+00 3.070576750362547624e+00 -1.219816624401402372e+00
-9.576390772491818026e+00 3.601871016126326985e+00 -1.689232239637324273e+00
-8.882616342762954531e+00 2.951696567217534817e+00 -1.516774981673138623e+00
-9.324271782611765147e+00 3.187029444908196396e+00 -1.394108297847365119e+00
-9.688980174963383263e+00 2.793805543336325581e+00 -1.516891513242035305e+00
-9.362131953442538901e+00 2.472490767350285612e+00 -2.266195783153771792e+00
-9.451646126322872377e+00 3.118999394830260563e+00 -1.895580755347014312e+00
-9.260423613707862600e+00 3.172285508934129972e+00 -1.405097990906311711e+00
-8.817135885490015923e+00 3.762242719546764036e+00 -1.466756786166526938e+00
-9.759012217287406088e+00 3.270509430658012029e+00 -1.550156829374089273e+00
-9.360074474561207225e+00 2.703667973093083710e+00 -1.596278944010682377e+00
-9.583852988027743436e+00 2.755126984873977225e+00 -1.522367025258528406e+00
-8.479565321866472161e+00 3.032107997504581043e+00 -1.542862629459888391e+00
-9.023341463366179482e+00 3.233650641627266342e+00 -1.321400787563783208e+00
-9.452540963544294073e+00 3.297498129518972032e+00 -1.686000348544077543e+00
-9.255642121739931838e+00 3.447062121571760507e+00 -1.655515069693257013e+00
-9.302458799460399774e+00 3.054644196431441916e+00 -1.658915956774449141e+00
-9.224169397556211791e+00 2.840170634202961786e+00 -1.641612655659019593e+00
-9.895968201171525536e+00 3.275000442882707308e+00 -1.421444724717474628e+00
-9.422293009203340119e+00 3.186377654814695148e+00 -1.542713553006989535e+00
-9.014057073640447726e+00 2.680472720693213073e+00 -6.501388603699360669e-01
-8.956638862824080505e+00 1.964708014554550353e+00 -7.734465510742208894e-01
-9.197464713907912426e+00 2.651599660095893540e+00 -1.408796964683284525e+00
-9.478759822392163414e+00 3.271109895481073337e+00 -1.579308530230589369e+00
-9.547780858085298306e+00 3.080590844035712372e+00 -2.418392375593457544e+00
-9.545986807362648818e+00 2.799248802988810958e+00 -1.421529681019485292e+00
-9.603395033218447452e+00 2.627776118293756458e+00 -1.501490134773390883e+00
-9.222701261076304391e+00 3.071948671248860840e+00 -1.668237852151376099e+00
-9.493261413764463086e+00 2.317481786431646817e+00 -1.516233854607187626e+00
-9.883873731846575694e+00 3.169350952746840644e+00 -1.313409877516281021e+00
-9.966835684932737749e+00 2.065054299232252699e+00 -2.290748613153138713e+00
-9.823322630533560584e+00 3.065951330876099501e+00 -1.621084961753121778e+00
-9.460221908209931030e+00 3.135675477467820826e+00 -1.380661187192151251e+00
-1.000824035318843741e+01 3.208969276190893893e+00 -1.577232410058657219e+00
-9.495530528689922534e+00 3.435163463965728248e+00 -1.646393405523928877e+00
-9.928475626764473816e+00 2.784342933490427274e+00 -1.494694279983918683e+00
-9.574148707575858452e+00 2.965742883305897859e+00 -1.658552438883780678e+00
-9.316057407314858096e+00 3.069667891445361008e+00 -1.550263085892070514e+00
-9.030437002122294388e+00 2.641614072104861766e+00 -1.350090895370353872e+00
-1.003951750433529178e+01 2.974108557447111334e+00 -1.336972765333149571e+00
-9.588364463568652241e+00 2.808012905020460082e+00 -1.041484335767452141e+00
-9.159677486147431935e+00 3.071915666538695966e+00 -1.440732433669091872e+00
-8.821619628694779891e+00 3.083338751719113979e+00 -1.616693766285686618e+00
-9.484300429794091158e+00 3.137562413041798060e+00 -1.485699177395727988e+00
-9.295513563484535169e+00 2.534858386018648879e+00 -1.524597915432368334e+00
-9.437674040383130958e+00 2.388847903789744986e+00 -1.599240303364102944e+00
-9.386571345867784188e+00 3.426569268150382097e+00 -1.218001634235823083e+00
-9.234819401566349839e+00 3.496666534587055786e+00 -1.596327899427649522e+00
-9.500446735371310680e+00 2.795876554748780052e+00 -1.541326577212900117e+00
-9.523569764699255202e+00 3.003600942805791707e+00 -1.448963703183320240e+00
-9.735435474823034951e+00 2.391169087339994004e+00 -5.976886096098271706e-01
-9.240967257775270838e+00 3.358209857162646195e+00 -1.368509087570166205e+00
-9.223159373434812736e+00 3.291041457420877947e+00 -1.441535888420081735e+00
-8.662460839988284533e+00 2.881410941046035568e+00 -2.589072952771311886e+00
-9.818168115631852544e+00 2.564476821204444423e+00 -1.425545345840552702e+00
-9.407116237369990586e+00 3.364146727713892115e+00 -1.760011429130512450e+00
-8.572242848723698572e+00 3.367017532715013139e+00 -1.436058834009964480e+00
-9.389036497379452229e+00 2.971037211284679458e+00 -1.519068205798468352e+00
-9.381502089457317339e+00 2.522238969916284379e+00 -1.472436738086631669e+00
-9.365207695485809225e+00 3.061461670801983725e+00 -8.389549251783521289e-01
-9.962777405230729855e+00 2.867734110452690555e+00 -1.263207979837177586e+00
-8.638435435986167477e+00 2.810701747652237348e+00 -1.055599805154990189e+00
-9.539219046949181546e+00 2.407540098375847926e+00 -1.227283774120487614e+00
-9.702281073079468854e+00 3.189566099055187731e+00 -1.508918768131872312e+00
-9.612067925746849539e+00 2.950325611348827870e+00 -1.702462106050020907e+00
-8.913441017517643061e+00 3.206730951511608918e+00 -1.582001645878878593e+00
-9.370154448441079253e+00 2.154956677495608375e+00 -1.510485693755647674e+00
-9.698217940984223517e+00 3.372584252732824250e+00 -1.678622730262544716e+00
-9.295167483867759373e+00 2.742452189374122273e+00 -1.899200541225356753e+00
-9.249275327777949585e+00 3.684508934739724406e+00 -1.753656568354236223e+00
-9.446231576523876683e+00 2.788880216591290040e+00 -1.340989120073692753e+00
-9.635514319715221987e+00 2.606822272107531813e+00 -1.615410130524812748e+00
-9.724239329922889752e+00 2.941363290258288021e+00 -1.874524991015224851e+00
-9.364600856679567542e+00 2.963295598044767498e+00 -1.495578938751352505e+00
-9.509054028964271765e+00 2.761416453598491749e+00 -1.480768013647373982e+00
-1.001904736895161996e+01 3.105706676095215002e+00 -1.398405638067978796e+00
-9.943459152560249592e+00 3.229541521524911918e+00 -1.690549336011563986e+00
-9.485488379403019366e+00 2.735831796317083509e+00 -1.787465170402916970e+00
-9.342943934846809739e+00 3.178783417587378590e+00 -1.570850163767594232e+00
-9.532608802148454075e+00 2.730434150486609202e+00 -1.545319364506398951e+00
-8.889148928988937826e+00 2.667473136151508939e+00 -1.516362446740672887e+00
-9.069458892013907203e+00 3.206206300194967440e+00 -1.517282793514666661e+00
-9.231892335567852825e+00 3.302995184714211607e+00 -1.630249317135645581e+00
-9.983556504774501406e+00 2.814767832006567438e+00 -2.121336330477030963e+00
-9.709843037684455780e+00 2.696955038904872648e+00 -1.382767653514145767e+00
-9.675394664794158217e+00 2.456535485008847441e+00 -1.548963473084790099e+00
-9.664479742594572542e+00 3.035365461734706560e+00 -1.789379653399206571e+00
-9.694221605453531510e+00 2.827882846042845788e+00 -1.509492833521840272e+00
-9.633863758332845251e+00 2.883226797759478099e+00 -1.687621144477232216e+00
-8.754578434965960554e+00 4.310630234112713843e+00 -1.927394836690732083e+00
-9.530016961590821012e+00 3.498900521468528257e+00 -1.516640313957879682e+00
-8.732027433499451874e+00 2.531424567848294060e+00 -1.480642069882335932e+00
-9.205553279893164742e+00 3.056788777019750381e+00 -1.488927197033377059e+00
-9.125252082638114715e+00 2.800870867429666511e+00 -1.586736637572553121e+00
-9.541172984265475776e+00 3.199945895170761112e+00 -1.483577206133799509e+00
-9.013338995362703443e+00 3.321279636566929483e+00 -1.655350083765407376e+00
-9.477629495308379504e+00 3.096210728815886437e+00 -1.758202308493607369e+00
-9.232191773303314974e+00 2.723713720336849775e+00 -1.667810525051751869e+00
-9.788370099142655434e+00 2.539457266904292521e+00 -1.577624117726681208e+00
-9.222382177976189865e+00 3.831924272404537923e+00 -1.643105131948800368e+00
-9.846202957514199383e+00 3.520457359395402719e+00 -2.036248289466077388e+00
-9.891698812608877844e+00 3.033886643863956234e+00 -1.524329143382190166e+00
-9.731901948253192103e+00 3.172140176415552570e+00 -1.155851947829699133e+00
-9.847156481603413170e+00 2.753453815674404836e+00 -1.498191149213041307e+00
-9.865196694062779770e+00 2.919772740254885868e+00 -1.596082969144043684e+00
-9.683743806997675563e+00 2.238192323699984776e+00 -1.447061284895474920e+00
-9.726210366888938808e+00 3.493502401446500816e+00 -2.576251960093854265e+00
-9.349661814855185327e+00 3.050464231746527588e+00 -1.569313916442028001e+00
-9.359969072457655415e+00 2.817675285238232519e+00 -2.154871358666470282e+00
-9.605339247071325914e+00 2.887553193703930710e+00 -1.380110859932585754e+00
-9.593199631723209109e+00 2.630822592452773723e+00 -1.020726287961796874e+00
-9.493804264631142686e+00 2.468511055502000673e+00 -1.636051995610032339e+00
-9.386903384651148485e+00 2.818390300880742050e+00 -1.678934789749812140e+00
-9.182243710453846575e+00 3.912723220954199999e+00 -1.921068599472623317e+00
-9.824839595289287075e+00 3.574148384473232465e+00 -1.624963045102462367e+00
-9.290108402575345536e+00 2.524069875056820234e+00 -4.000372699906744045e-01
-9.002275895559108676e+00 2.637426817205884344e+00 -9.632611239995301222e-01
-9.583915385986054858e+00 2.632028156885832804e+00 -1.440798553728598552e+00
-9.329285728094761865e+00 2.892754345588798515e+00 -1.518941541351291891e+00
-9.568201411346725749e+00 2.679066911220283842e+00 -1.447291176201125573e+00
-9.111091617325961067e+00 3.854220443733487933e+00 -1.292079201347689166e+00
-3.934180458869987973e+01 -8.716221940597279172e+01 -6.600355811607616641e-01
-9.713716402216514112e+00 3.293290360778774684e+00 -1.188863373113884236e+00
-9.017010602146097398e+00 2.696672492649246689e+00 -1.319233256542239552e+00
-1.007121733295164745e+01 3.136987809190562970e+00 -1.593123790526994821e+00
-9.375763515972234785e+00 2.914874784725636658e+00 -1.611217948158215618e+00
-8.887417766760167481e+00 2.994318714186288144e+00 -1.747779239412438956e+00
-9.557038905793662664e+00 3.416942486719605210e+00 -1.904503151333963418e+00
-9.534155499253287758e+00 2.661224769558313774e+00 -1.518960458055042873e+00
-9.248284668035319456e+00 3.076435121531496897e+00 -1.508060322367566375e+00
-1.011879220466883211e+01 3.017770886152499443e+00 -1.652506577239328811e+00
-9.115849011560401394e+00 3.062329042375164345e+00 -1.135233428811913914e+00
-9.391204586007678046e+00 2.896860671751078087e+00 -1.632972590140100433e+00
-9.483385114793769333e+00 3.120492264000873206e+00 -1.427897379890621155e+00
-9.648886443787448641e+00 2.536178304160709995e+00 -1.887800549574886189e+00
-9.652722940543098318e+00 3.125744262296459741e+00 -1.369487212460263059e+00
-9.012976435628313965e+00 3.239302872141307965e+00 -1.410969409430859134e+00
-9.767273532227378041e+00 2.723363698321887849e+00 -1.430974949081844194e+00
-9.690907626961127619e+00 2.651135603180172939e+00 -1.799061141766824079e+00
-9.924889665122705651e+00 3.321018770145382160e+00 -1.565838287140620677e+00
-9.368621170522786201e+00 2.740416243298185339e+00 -1.563933328924045796e+00
-9.565670822242259064e+00 3.036860910742253949e+00 -1.321783502846443303e+00
-9.276096481426428397e+00 3.529819070267647518e+00 -1.392938168253296860e+00
-9.441445969071605049e+00 3.690443189056312967e+00 -1.581396732103381941e+00
-9.283346607146128804e+00 2.827609967919143763e+00 -1.436050166109468895e+00
-9.332305123963305249e+00 2.346217065601260643e+00 -1.479537374010252648e+00
-8.558744236764125546e+00 2.857648095069252658e+00 -1.517689317819746808e+00
-9.706393491486025482e+00 2.883414466403858345e+00 -1.262399402194108955e+00
-9.650189670300298062e+00 4.156151922809525168e+00 -1.703602598362244480e+00
-9.751255411494522463e+00 3.719503565622150454e+00 -1.798128050964267866e+00
-9.784524073696744040e+00 3.295205536273349889e+00 -1.788844335072151681e+00
-9.301145191708227955e+00 2.835235943991777585e+00 -1.397249013909821924e+00
-9.767931711794446414e+00 2.799626921955286729e+00 -1.555105069724819211e+00
-9.748016616483203833e+00 3.027648091472161962e+00 -4.293111430891565217e-01
-9.620985003479125552e+00 2.889933991997937213e+00 -1.413387541085937782e+00
-9.309948528701294634e+00 3.527663371988960961e+00 -1.273415716441375967e+00
-9.441767706592274934e+00 3.603475679234357631e+00 -1.603420324493181059e+00
-9.730481438083048218e+00 3.415914066031310981e+00 -1.413886113137688527e+00
-8.866252977940012769e+00 3.289675817325907747e+00 -1.546166340024012653e+00
-8.850383889145081895e+00 3.353519396340473246e+00 -1.645435268761786807e+00
-9.580671825520708396e+00 2.513004098968822042e+00 -1.485615079237214031e+00
-9.638214807682576435e+00 2.712328047652587504e+00 -1.602399549321146921e+00
-9.999339239480066865e+00 2.807570897191590475e+00 -1.421718869741498636e+00
-9.330323579103616538e+00 2.464514534992515493e+00 -9.821852470885990005e-01
-9.266058161146396799e+00 2.937127176150603702e+00 -1.546482514859559787e+00
-9.326917301890009782e+00 2.748287301412003725e+00 -1.650106133344814152e+00
-9.693534758785178340e+00 2.946639557378195384e+00 -1.618611967919296291e+00
-9.593293833203690113e+00 2.833753558609533485e+00 -1.554617100851322542e+00
-8.935583704991964638e+00 3.408183326195610263e+00 -1.562083178424942265e+00
-1.017696448044371671e+01 2.703559204735801913e+00 -1.268307525127790880e+00
-1.006889624610314726e+01 3.475231491966015440e+00 -1.502788194985697823e+00
-9.413603897934116560e+00 2.437111961947099559e+00 -1.778099141505186553e+00
-9.496403309046268504e+00 2.801479119568511589e+00 -1.715505908796832291e+00
-9.819871155769227755e+00 3.711774428553410665e+00 -1.599824095381767286e+00
-9.631645999800358737e+00 2.737929742611022288e+00 -1.657582321444229123e+00
-9.799781090062806399e+00 3.019073027099377526e+00 -1.039754449171181427e+00
-9.393000808240454802e+00 3.205261028314744021e+00 -1.432358616734217271e+00
-9.083732820282916620e+00 4.051828488114967541e+00 -1.713530507492300181e+00
-9.043785033842715038e+00 3.031926390743886035e+00 -1.562309244918014040e+00
-9.432467181080076202e+00 3.040027751812515167e+00 -1.618392426950029162e+00
-9.374518848104019142e+00 2.629471042388004332e+00 -1.818174708342009227e+00
-9.434119406744594372e+00 2.847231950890455554e+00 -1.503371931301305198e+00
-8.537716824992267917e+00 2.759599594243241416e+00 -1.454261330195187440e+00
-9.698533169747623361e+00 3.474487079539908763e+00 -1.647791190790828031e+00
-9.159350994697614823e+00 2.980956457260094172e+00 -1.690589772471860375e+00
-8.879096195420663307e+00 3.384761996466904677e+00 -1.426528829729430070e+00
-9.067035128018066104e+00 3.440115651136672614e+00 -1.312073198272954100e+00
-9.497005780499376826e+00 2.981362298845178671e+00 -1.519477601954872803e+00
-9.452571555393674885e+00 3.362027816527228374e+00 -1.501797036108801331e+00
-9.878724134258211720e+00 2.734257143373845622e+00 -1.613760873748336433e+00
-1.026327756141922976e+01 3.245690101303983166e+00 -1.083671592261431060e+00
-9.330820681729235844e+00 3.072944009227625894e+00 -1.559219948205225581e+00
-8.771210809732204794e+00 3.059149953011170986e+00 -1.595899485228493564e+00
-9.218397719833038906e+00 3.202712574121098221e+00 -1.073671687148369358e+00
-9.363543320768888734e+00 3.257551632838882494e+00 -2.348310686189812646e+00
-8.921109470807966346e+00 2.961606645712544061e+00 -1.435053955638482481e+00
-9.978374111616549413e+00 2.963157092642780821e+00 -1.106492881380154225e+00
-9.769912307772131044e+00 3.387252864483135451e+00 -1.724671858596910301e+00
-9.750731019250705955e+00 3.365511512642212821e+00 -1.679453959756431081e+00
-9.437753097644025146e+00 3.527138952991800469e+00 -1.375894311563530925e+00
-9.790662258208023161e+00 2.887957560800346268e+00 -1.557951211047257756e+00
-9.467443363529300271e+00 3.221977147232613525e+00 -1.981658102657287701e+00
-9.898255282651071241e+00 2.571748359533228445e+00 -1.459738015513243559e+00
-1.018578128011325745e+01 3.500721096760253115e+00 -1.214196904926839071e+00
-1.022289110542683765e+01 4.052562300932471828e+00 -1.827818537937826227e+00
-9.943834962864684712e+00 3.079205056105958072e+00 -1.638952919300022071e+00
-8.873993703102270203e+00 2.312228731502382395e+00 -1.413471925555832343e+00
-9.175225563287943586e+00 3.059611082029707774e+00 -1.171633741676732399e+00
-9.764934850259088250e+00 2.845194146996207429e+00 -1.436458786350798489e+00
-9.027400891621111256e+00 2.712137406538577711e+00 -1.650579189948832237e+00
-9.581850878507886193e+00 2.950909547124829668e+00 -1.498864147124233659e+00
-9.396091250233064684e+00 3.003673432427014678e+00 -1.428861976091579056e+00
-8.559913929711651548e+00 3.154600784395291679e+00 -1.703731142744782767e+00
-9.563381879280864695e+00 2.834830949063078087e+00 -1.496458337598167043e+00
-9.277716198627205202e+00 3.381723342939240151e+00 -1.669726301757757492e+00
-1.013395025844817532e+01 2.562757011967434551e+00 -1.545344382422045193e+00
-9.398121324587888736e+00 3.064384358519544271e+00 -1.505027239379651327e+00
-9.037199085515068120e+00 3.752873300563665193e+00 -8.303350288124033973e-01
-9.825339380292660962e+00 3.183127622095087261e+00 -1.600614243512771928e+00
-9.647543231406812581e+00 2.663581204948599179e+00 -1.743474240791972774e+00
-9.337950673505579502e+00 2.910663588688962466e+00 -1.643396075209907714e+00
-9.623849338669483444e+00 2.826008895631511919e+00 -1.575350370346956019e+00
-9.610251160738171095e+00 2.775047741040294280e+00 -1.649905987479008740e+00
-9.755194588352402718e+00 3.398617409107745235e+00 -1.183606866345082276e+00
-9.124437360400104780e+00 2.691812356523105798e+00 -1.481907033296447462e+00
-9.139358367282765627e+00 2.522753579891283682e+00 -1.490205675723848211e+00
-8.827707537681513728e+00 3.725901487756434705e+00 -2.053643288246128851e+00
-9.010675283900010157e+00 2.769643545749037372e+00 -1.739137688246237268e+00
-9.343521129035606165e+00 2.876724339196283786e+00 -1.941258033763333390e+00
-8.843793320252824941e+00 2.717094735434467001e+00 -1.070662739790954943e+00
-9.919151275336345108e+00 3.067619927606392238e+00 -1.503169499883908022e+00
-8.831972932457347270e+00 2.855448415229768333e+00 -1.509910103731350484e+00
-9.063281662147673501e+00 3.028415175328714071e+00 -1.400553104761349532e+00
-9.952793596051705549e+00 2.925305333793265739e+00 -1.173957482762656657e+00
-9.340684465290955529e+00 2.799013819301371608e+00 -1.600506190806097795e+00
-9.435023853637916957e+00 3.213129473348061538e+00 -1.575574086776151406e+00
-9.589752826248684414e+00 2.202369844311464320e+00 -1.452853089577485601e+00
-9.416018695304995134e+00 3.531112628541884568e+00 -1.554649398020677697e+00
-9.263439453238996535e+00 2.602674579914328046e+00 -1.411545018158441911e+00
-9.120727780875423463e+00 2.684983010863700503e+00 -1.439142570345717687e+00
-9.894627563678069393e+00 3.203839318632289768e+00 -1.505358255238360865e+00
-9.400268347851437056e+00 3.260690099121032137e+00 -1.561410350730735086e+00
-9.036244941250661356e+00 2.896866531072256112e+00 -1.528620767066257269e+00
-1.011620434580171057e+01 2.882799831327093720e+00 -1.178692253372905618e+00
-9.838175219501341218e+00 3.200820939093248718e+00 -1.513051490809647959e+00
-9.771985544054309969e+00 2.595942379181127357e+00 -1.728939551369810257e+00
-1.506896051970957906e+01 -9.891745363474697683e+01 -7.523885692792182667e-01
-8.567304196357275359e+00 2.538915083997047795e+00 -6.430539193847319979e-01
-9.341192541438854136e+00 3.392022706396971454e+00 -1.901597143462847139e+00
-9.357756002762634751e+00 2.285660150447693884e+00 -1.691937256550398949e+00
-9.671528840897874346e+00 2.701619656759498778e+00 -1.459188686091776654e+00
-9.696565496097054648e+00 3.448935212588374544e+00 -1.629998529251360351e+00
-1.049005984892982823e+01 2.246293117394478678e+00 -9.869239148842641196e-01
-9.201812935097811064e+00 2.677507313245063081e+00 -1.590803558406682638e+00
-9.426871647428642476e+00 3.202951087549042342e+00 -1.554068543012526726e+00
-9.442043410468190956e+00 3.135846283715548299e+00 -1.472361019467515408e+00
-9.428671705706385353e+00 2.632524583534180618e+00 -1.534833973759437642e+00
-9.290424720639238743e+00 2.861871719197549790e+00 -1.594579308587164013e+00
-9.626202772419160780e+00 2.699751742745311933e+00 -1.470901356107335634e+00
-9.126488065535129479e+00 2.697980969293897413e+00 -1.367092042318932110e+00
-9.286276059967125462e+00 3.011008967193991470e+00 -2.023671807318175198e+00
-9.375437602466508480e+00 2.686096879929191328e+00 -1.551700517704213356e+00
-9.243664846248803357e+00 2.702212565068053518e+00 -1.665525774095224731e+00
-9.859942761357023855e+00 2.875419723845952902e+00 -2.413519032771309192e+00
-9.046829385897266818e+00 3.337909993736975167e+00 -1.434729821931677529e+00
-9.602010453317472383e+00 2.868860535033032733e+00 -1.505200797500113152e+00
-9.171121917949278668e+00 3.274103533985074588e+00 -1.415310694778377565e+00
-9.616047662090693393e+00 3.505994450018483644e+00 -1.501015052226426061e+00
-9.792176190383251821e+00 3.015344982753793701e+00 -1.437976431216756668e+00
-9.115925920602537147e+00 3.341907203580089192e+00 -1.819426691679937313e+00
-9.380883448607454156e+00 2.624807157012002623e+00 -1.324834122422602345e+00
-8.937668041645830286e+00 2.753005360327203999e+00 -1.596353084099030983e+00
-9.575823482344924642e+00 2.845474129437918887e+00 -1.476701083464816877e+00
-9.816750357325194187e+00 2.924444606854104567e+00 -1.567233157912600428e+00
-9.375308842433714318e+00 3.146551296446951085e+00 -1.340030566290067782e+00
-9.735978204879975451e+00 2.379442442771294797e+00 -1.880964859429581360e+00
-9.422757179219852119e+00 3.299327767627185715e+00 -2.504302725691541998e+00
-9.906319557812240717e+00 3.105214747880304493e+00 -1.234104171940073380e+00
-1.030505977528864925e+01 2.694634794429666691e+00 -1.644877439701374122e+00
-9.676336445668182407e+00 2.494694326821453423e+00 -1.511075007802740400e+00
-9.339823940752863152e+00 3.093334203632345236e+00 -8.643683593187939662e-01
-9.105552148811938196e+00 2.967001661636145204e+00 -1.805621749025872580e+00
-1.007659854965280921e+01 2.874457720391094817e+00 -1.576426149369758223e+00
-9.903731839703441509e+00 2.475589251905288890e+00 -1.399626805079231540e+00
-9.314779924711908521e+00 2.534700897112720508e+00 -1.291566804219445252e+00
-9.892193850826188850e+00 2.647715737018445203e+00 -1.211607891552002769e+00
-9.276234322662451959e+00 3.320813916999560966e+00 -1.913732041522949068e+00
-9.593096191200441325e+00 2.864509506824307383e+00 -1.839832383286441386e+00
-9.496275976516201922e+00 2.746264344706920379e+00 -1.999059183851468635e+00
-9.777578861112488084e+00 3.228732520738220924e+00 -1.711886817033996921e+00
-9.547053566075019759e+00 2.842762805750429056e+00 -1.231273306378296795e+00
-9.455385724528859726e+00 2.899198523980454745e+00 -1.391719343620108296e+00
-9.175432717960291029e+00 3.132719354283479252e+00 -1.495170095895719919e+00
-9.227008470536086193e+00 2.815981620321033052e+00 -1.394695281325798675e+00
-9.796362253537875375e+00 2.683830612920815817e+00 -1.523507209892262182e+00
-9.936131158472059965e+00 2.858459128965579410e+00 -1.572160228501505497e+00
-9.680335816331306020e+00 3.118017876053625237e+00 -1.259697085086475932e+00
-8.909828175824491936e+00 3.471005071637483841e+00 -1.453359221109785437e+00
-9.677514451520906391e+00 2.757813483475818561e+00 -2.126761810047571366e+00
-9.042436505048078388e+00 3.535658683082404163e+00 -1.470758753022580967e+00
-9.266257912151990794e+00 2.523666256000689945e+00 -1.688661996600246962e+00
-1.005597241457997626e+01 3.118169954098682251e+00 -1.053337033744040419e+00
-9.322035564552791698e+00 2.602939501180762338e+00 -1.784394294832614358e+00
-9.097475248680371607e+00 2.988904408087164732e+00 -1.472678583565984578e+00
-9.499279161177197395e+00 3.193321833251137054e+00 -1.534583600748939736e+00
-9.425238697205097438e+00 1.913522167065642376e+00 -8.934846991124224536e-01
-9.443255466512402663e+00 3.091462367845036141e+00 -1.725551477440540937e+00
-1.007940089562806918e+01 3.570213788721074533e+00 -1.923350230353309209e+00
-9.679887959032202005e+00 2.468436593915944499e+00 -1.589132025452683061e+00
-9.824644545797855955e+00 3.273295154700220255e+00 -1.603886225952144251e+00
-1.003753141614677702e+01 3.131793704667017675e+00 -1.787435246822589363e+00
-9.901608430818907181e+00 2.657541926120743803e+00 -1.469533240512588490e+00
-8.721576164273733056e+00 2.661188327032523393e+00 -1.393987400562099355e+00
-9.255299809583140913e+00 2.773691850172268936e+00 -1.352525820404846479e+00
-9.014670729670354987e+00 3.163353445840991984e+00 -1.740792412809168965e+00
-9.304368895600919842e+00 3.660525135089504278e+00 -1.340516248367822794e+00
-1.013454160154936723e+01 1.992153074128412138e+00 -1.302663906931905258e+00
-9.570345756757633993e+00 2.819464523006815604e+00 -1.367131957395832931e+00
-1.005879316341328256e+01 3.473214352815498174e+00 -1.695537981922912829e+00
-8.984406967766377150e+00 2.911622390444888797e+00 -1.497895174006794727e+00
-9.411779082631667848e+00 3.509834611625907375e+00 -1.616675351934778737e+00
-9.395349377383137579e+00 3.263044536453271860e+00 -1.634417171434516591e+00
-9.202856651722866488e+00 3.462467904960223386e+00 -2.043899699128434833e+00
-9.475032040245526588e+00 2.856160908862735770e+00 -1.630940780813182389e+00
-9.771864418102078176e+00 2.904004836594193506e+00 -1.595930373608893227e+00
-9.489411613215851915e+00 3.367439966552887132e+00 -1.857803271840867021e+00
-9.170739133609448146e+00 2.976026906911197312e+00 -1.898988505807346572e+00
-9.348545659548403108e+00 3.156825820396878868e+00 -1.371177622126176665e+00
-9.209964743264354325e+00 2.967293340443498018e+00 -1.271685350132314873e+00
-9.687477215617184001e+00 3.013611877332275313e+00 -1.567926450984469477e+00
-9.408954417647954926e+00 3.890295916086162986e+00 -1.358213048622630481e+00
-8.948639115850472336e+00 2.690932152627457441e+00 -1.325815458479379538e+00
-9.257750804866335059e+00 3.152875717442733983e+00 -1.460225428948151993e+00
-9.001788996143613275e+00 2.828766675272555542e+00 -1.136204709147897507e+00
-9.116956736207059819e+00 3.090356215183849731e+00 -1.529606476555583905e+00
-9.516562050157812536e+00 2.908724436163859561e+00 -1.445497623597695069e+00
-9.021726178085659242e+00 3.481227323458877088e+00 -1.693236714918298080e+00
-8.838178546454598106e+00 3.062838423233491536e+00 -1.658967409084297184e+00
-9.814496431467071957e+00 3.391344345284664996e+00 -1.445249975387471242e+00
-9.088016480594159674e+00 2.952446160201540604e+00 -1.511006001038286417e+00
-9.344611404042954206e+00 3.183265209743217472e+00 -1.436854148770107642e+00
-9.264795907909149975e+00 2.890180401017977019e+00 -1.538841396672226747e+00
-9.294770446110714346e+00 2.482871217842593570e+00 -1.700950618065399267e+00
-9.955230811877324726e+00 2.782124726548299787e+00 -1.554182090078576328e+00
-9.321568937735776217e+00 3.349417027492726628e+00 -1.591393160913349591e+00
-9.594546381999156992e+00 2.508795579341946969e+00 -1.748468567964771569e+00
-9.681385149557463876e+00 3.356724547136165970e+00 -1.734452731333259612e+00
-9.810366096596926155e+00 2.524103576035307217e+00 -1.334369861692791037e+00
-9.477692104878054025e+00 3.412291325235370376e+00 -1.482353301440037630e+00
-8.726400149822410413e+00 3.179075299488207218e+00 -1.573297521269968469e+00
-9.693697588009442256e+00 3.331976543192791240e+00 -1.997685171763850409e+00
-9.551912461108857499e+00 3.338796355080857925e+00 -1.357437697248433217e+00
-9.668640423426518637e+00 2.672504192183505989e+00 -1.579183771265790792e+00
-9.531046678981931919e+00 2.987117957456669082e+00 -1.344890819062986909e+00
-9.662420564406739132e+00 2.611877337888613759e+00 -1.454323752903890377e+00
-9.613727710036421570e+00 3.008225501576781813e+00 -1.567200305826400797e+00
-9.238166643848819248e+00 2.923975382384050192e+00 -1.595688931853435522e+00
-8.974686922623066110e+00 3.065004642809871616e+00 -1.450894123348667852e+00
-9.322596223592277909e+00 3.339426194455583641e+00 -1.440111913733262750e+00
-9.561688272333929817e+00 2.919981755976330806e+00 -1.197501804328610753e+00
-9.356063734251728548e+00 1.870157040113825220e+00 -2.058593112390364688e+00
-9.388263705372388301e+00 2.469571868678899662e+00 -1.538034458109746039e+00
-9.795866856216472129e+00 3.169028473700040927e+00 -2.962095819755809600e+00
-9.180469389161070026e+00 2.850235232703873134e+00 -1.547142283017890030e+00
-9.394880161209735903e+00 3.397915936875100851e+00 -1.350344542148898874e+00
-9.490432065175145482e+00 2.682706609459573510e+00 -1.294211506298449610e+00
-9.085635805829983980e+00 3.204901226441593032e+00 -8.783893945164721329e-01
-9.712020412152577720e+00 2.629561180293258804e+00 -1.642607216701149397e+00
-9.139002446875824859e+00 3.450975267802524726e+00 -1.228129857875912112e+00
-8.987556052376298510e+00 2.961855975314336309e+00 -1.688962617285551415e+00
-9.593511095106185493e+00 2.843177547471169131e+00 -2.121492241738671236e+00
-5.421939858543148638e+00 1.188774651008029224e+02 -4.083708600627724561e-01
