3.005051119553501793e-01 -2.057910728470043749e-01 -2.485433612778752688e-01
-5.664807450961603097e-01 3.470576317857292925e-01 6.412084231975227755e-02
6.676291008908237234e-01 -2.143950922954401817e-01 -8.679480001069077577e-01
4.898695156639621406e-01 -4.572377406602681077e-02 -2.133602203665829408e-02
-1.886320145570300616e-02 5.351200005129856940e-01 -3.300307422295326032e-01
-5.600660438224839277e-01 1.866546423502462027e-01 -4.732029202204053597e-02
4.176576814333963217e-01 -2.573426833577945883e-01 -6.096322060946836319e-02
-4.375348311217338582e-01 -4.856096826373498127e-02 -8.027439778228726008e-02
-2.179283879166422355e-01 3.590100191405780627e-01 -4.234292969064152312e-01
-4.430938501468499879e-01 -7.268722771802879623e-02 -1.419302949843579686e-01
-7.172923530547731241e-02 -4.232769452083546269e-01 -2.474814033330612062e-01
3.382733208095198840e-01 -7.014395792688993270e-01 3.589133724165718409e-01
1.315497410888252505e-01 -6.587551162277571759e-01 -2.534747682855199025e-01
-1.584970898321983734e-01 3.196545552196436990e-01 -2.604126391854654776e-01
-5.438735958012978072e-02 2.546564495229398095e-01 -1.768367921398541764e-01
-1.400814032262392705e-01 -5.025476650849236560e-01 -2.749933690165863309e-01
-4.335041811256015176e-01 3.387503290522164145e-01 3.572175218019932319e-01
-2.713665253105222996e-01 -2.820086016417434061e-01 -1.034247024681236027e-01
-2.901256136445908296e-01 -2.752684629258034255e-01 -3.257058317227682354e-01
-1.859417746500861834e-01 -7.254262489047544338e-02 -1.239839401345435299e-01
1.011021824063634555e-01 9.618468472910593481e-02 -1.777578744551875922e-01
-3.447322538104988787e-01 1.464955006527804138e-01 -1.136669208910905393e+00
-3.005973964921380137e-01 -5.016560388198488818e-01 6.238066576501462984e-02
-6.587804954657968670e-01 -3.784331650903883237e-01 -9.085744017278977180e-01
-7.992162153422257553e-01 3.998871957181884818e-01 4.641413759893843749e-01
-2.169998034394060027e-01 -4.974024734302147643e-01 -1.458634055273030083e-01
1.367289615708253414e-01 3.858533906491906640e-01 -2.455604267051357537e-01
-5.589348862037492038e-01 -9.815723573773569299e-01 -2.982900872647469837e-01
-3.280920143581352311e-01 -2.683353338220619000e-02 -1.199247253232982591e-01
-1.004291277867725291e-01 2.969253012707744332e-01 1.736876328205433015e-02
-2.561533539986553532e-01 3.645731478684986759e-02 -1.706628815230731566e-01
2.355664184557161311e-01 -8.852603213177505370e-02 -1.090236043960969958e+00
-2.335558937185767403e-01 -4.832372526969347382e-01 -1.081182082816337375e-01
2.544452946333696786e-01 7.997485176262585371e-01 3.461802280770145956e-01
-1.267196783046859732e-01 -4.377350204472179596e-01 -1.148875329756215091e+00
-1.672131526000513180e-01 2.777137733270850228e-01 -1.846975988760762855e-01
3.635304919515374572e-02 -5.646603738116925397e-01 -1.508507073496949125e-01
-6.661314698519965605e-01 -4.054930239170941864e-01 -9.602866603308779503e-02
2.590020117903211183e-01 -4.687975850275324374e-01 -1.048370274630943261e-01
-4.570417998627155365e-01 -2.916960271242147185e-01 -3.398619930513641640e-01
-3.560752994142079020e-01 -5.392394023431081873e-01 -1.797007589868493405e-01
6.134550641522409226e-02 -2.381271427856449796e-01 -8.869607742951234053e-02
6.141438738188765428e-02 3.549266112368164583e-01 -4.611376368104686541e-01
-1.421790752764904853e-01 -4.308354783865551707e-01 2.314963551464512340e-02
-6.829292638619455236e-01 -7.605068472047210593e-01 -7.594398641767459157e-01
5.139732914032800470e-02 4.930738090504022120e-02 -3.930619084662033136e-01
1.535524326201030965e-01 -3.999293590613048344e-01 -4.492894507269946658e-01
-2.312560051708641429e-01 -5.052616331851684794e-01 -4.037419667250180533e-02
-4.198595275242373859e-01 2.305493427044387755e-01 -3.857682821624782155e-01
-3.735425181473605583e-01 -3.092351818348447745e-01 -7.774963463215326387e-01
-2.578248297517483911e-02 -4.609405297258262757e-01 -3.661924842864535123e-01
1.467294030532388938e-01 -3.144143826959513444e-01 -3.981103294783950308e-01
1.833201947111892383e-01 -4.689947904991650929e-01 3.892167199867169747e-01
-6.130203149614392721e-01 -3.527686469040315631e-02 -3.046700802171194433e-01
-1.999800799714737121e-01 -6.072350144115349346e-01 -8.561199420398426380e-03
6.053904637799766703e-02 -2.656497672693555190e-01 1.325375678727993001e-01
-3.764458477855363028e-01 3.784749927724031376e-02 -9.273649661950236767e-02
2.351296687504444288e-02 -2.234692731156381895e-01 -1.892684234420588807e-01
-2.163195306811848406e-01 -5.353054349737356166e-01 -1.265535166531094879e-01
2.326894257931874377e-01 1.891024295023321922e-01 -4.906474364645520558e-01
-5.493587932846227817e-01 -5.823682632398945458e-01 4.515059007785634515e-01
-5.608065130527262188e-01 6.503499551316946903e-01 2.252007369662088199e-01
4.901283727911218691e-01 -4.158206118355723957e-01 2.033714478101811829e-01
2.567020157942080383e-01 -1.136504486983034440e-01 -3.044849901197003161e-01
2.944284785689146311e-01 -4.220664321368448879e-02 -1.825924690429210073e-01
-1.883886329972292994e-01 1.092609880919880316e-01 -1.779848260197886556e-01
5.975724630984887570e-02 2.811489902055917534e-01 -2.563733748584587913e-01
-2.383682724139037645e-01 -3.494274522424724028e-01 -3.091918229784741401e-01
1.559665540861611133e-01 -1.110094169005797354e-01 -2.371875491796390512e-01
3.445584961965224569e-01 -8.613730789569663815e-02 -6.351349254378310105e-01
-1.830182340768924942e-01 2.055101789808232438e-01 -3.461897088278478862e-01
-4.572938670341935435e-02 -4.026207850321223414e-01 -4.143020876592885121e-02
-1.815238493597496894e-01 2.972921472478369243e-01 -1.924919084691803783e-01
-2.511787141238066012e-01 -2.196618073752716060e-01 8.711050101865630557e-02
-6.170937881913730605e-01 -1.103174275118005143e-01 -9.991545864612390304e-02
-1.083240540726146728e+00 1.422253321840268037e-01 3.466409296291306230e-01
-2.933060837098837026e-01 -5.004720573863444821e-01 8.605874634102612664e-01
-1.146597467393495745e-01 -2.964013212721112733e-01 -2.307369502328737443e-01
9.469321135988237326e-02 -4.701156520129000371e-02 -1.361192698814070179e-01
-7.743444922402470398e-02 2.372704211320538492e-01 -2.509276759411860347e-02
3.375259979914261854e-01 2.060817294495703167e-01 -2.089966783254681715e-01
3.746199673836546062e-01 6.852875366465607798e-02 1.270361714987446877e-01
-1.158204152257256148e-01 1.588544629550304732e-01 -1.440284562741867558e-01
1.345844056311800985e-01 -9.977044709081302198e-02 -1.147774433685315953e+00
-4.721383532526307603e-01 8.156622062024236619e-02 -3.004049841317361080e-01
1.006572589696177883e-01 1.662033322058797669e-01 -3.674590162001687560e-02
-1.505043054907666267e-01 2.477983448346122719e-01 -2.907133447234828694e-01
-4.130949452094526131e-01 -2.154739917985254716e-01 -2.905661500402758057e-01
1.044520994483014303e-01 -1.205443620553334205e-01 -1.682316365530782121e-01
1.883784023397837015e-01 -1.963794118939902467e-01 -2.122695885419731976e-01
-2.772966751538246885e-02 -3.421955062207093223e-01 -5.885222964009481084e-01
-4.598978294361871222e-01 1.294362888402276757e-01 -3.402638668255372201e-01
2.860987740471113705e-01 7.081758969368456835e-02 -8.388349131424950311e-01
1.317420752666818573e-01 3.609852178308998183e-01 -3.606853963023740617e-01
3.407914332035663074e-01 8.429273460268725537e-02 -4.202054385504808143e-01
-2.616437872676751764e-01 -5.752104081282841674e-01 -2.491579143376898009e-01
-5.811565168082623023e-01 -6.592489011792362907e-02 -1.432143066242793361e-01
-2.374026266917510786e-01 1.613180693400713128e-01 9.141591646785176759e-03
-2.956990957448816237e-01 -5.437200533469322972e-01 -5.426730976565314890e-01
2.728131097202416977e-01 -5.662644428132197483e-01 -3.701004138907652008e-01
-3.503997959048310573e-01 -2.764181621352009358e-02 -1.338555102352999016e-01
-2.268191339328595457e-01 4.239197860544479668e-01 -1.795249495626395284e-02
-5.059240073961149831e-01 4.440488125306656375e-01 -9.807827770322158356e-01
-2.176151640278146393e-01 -4.066634235298329236e-01 -1.103294746482984395e-01
-2.161249284492020306e-01 3.933066987967266392e-01 -1.879872872672781470e-01
-5.256233048078475800e-01 -1.712680233980671818e-01 -1.708135522837452569e-01
-3.882821573351927791e-01 1.281067207998402846e-01 -1.603001774419405834e-01
-7.926840563779897764e-01 2.360886499700467489e-01 4.507115712893725590e-01
-3.137665754649383021e-01 1.885238430556215872e-01 -1.092377481667731604e-01
-6.571311374236026015e-02 2.752441518238430418e-01 1.773224979535200918e-01
2.485474626395467110e-02 3.591712756389642269e-01 1.213575657172948075e-02
-1.941434657322192447e-01 -6.982215355953872438e-01 -1.677818548409562016e-01
2.516442783709696429e-01 -5.882740047008907514e-01 -3.723608313099664446e-01
-1.049643423251741675e-01 -9.421115512063860109e-01 5.985641143520212815e-01
-5.997081772402365063e-01 -1.179680060072455239e-01 -4.721002920729430175e-01
1.243047711771365360e-01 7.411810108567687405e-02 -2.426909240875531892e-01
-5.687009728369795125e-01 -2.280292335035359330e-01 -1.481482404154750854e-01
-2.530745173097812550e-01 -4.573377797960417879e-01 -2.091463684730841821e-01
-5.430372482199692652e-02 -1.149740182666847854e+00 1.550485126148706538e-01
2.056816528358564045e-01 -2.644761765446124180e-01 -2.581922969293306003e-01
2.111633917249627623e-01 7.104405022641782641e-02 -6.390908671629384752e-02
-3.841952060272014191e-01 2.405966160782459784e-01 -4.109441349012528111e-01
2.553240396945359314e-01 -5.530639488270351345e-01 -1.456252271144747590e-01
-4.751962407130785326e-01 -1.181909487765782502e-01 -5.261408668016234191e-01
-1.763821111746530335e+00 5.718884395817229738e+00 -3.091649241597513864e-01
-7.775800856542990358e-01 -1.721013817302158577e-01 2.943276623561031924e-01
-2.043452726250561541e-02 -7.825242714945064570e-03 1.342190240420587655e-01
1.842451063501249209e-02 2.006864800134088023e-01 3.285208039637211308e-01
6.118974136012342996e-02 -3.331582173795871737e-01 -1.241472625624781972e-01
-3.658500152659826532e-01 1.202521629362500455e-02 -7.701131350629959738e-02
-2.784854068682351969e-01 2.271725638075700326e-01 -5.320301956988799930e-01
-2.176298269711707256e-02 1.395385978131348514e-01 -3.651149361372380553e-01
8.961419213618005211e-03 -5.411964645883843295e-01 -8.401125499960773735e-02
-3.805742786895865426e-01 2.149526394061654078e-01 -1.821036025566724059e-01
-3.533088619514208051e-01 3.043990610331819835e-01 -1.119930142640427895e-01
1.980830233517306693e-01 -5.227699858131593658e-01 2.549031593770977877e-01
-1.058719062794324373e-01 9.403593901048266923e-02 3.486606453216341966e-02
3.033127475200985690e-01 -2.648214499753612228e-01 -5.545502958049303155e-02
1.027811463389511015e+00 -1.148119574914766017e-01 -2.530669277304515297e-01
4.297901441469804129e-01 -3.386543662031777924e-01 -1.016319082255188883e-01
-1.150058511320743299e-01 -3.780122263744489786e-01 9.943925772702857935e-02
-5.142522017307771254e-01 -1.315879890315599654e-01 -1.955914722994018529e-01
-2.925816844774342673e-01 -3.264579748924938962e-01 -1.811699131813935271e-01
-3.537411260461689744e-01 -5.866706717872542942e-01 -1.261872556092843989e-02
-2.900087757621019890e-01 -2.797660916026166178e-01 -2.150173209570108435e-01
-4.802202139441891782e-01 -3.551873043823556841e-01 -3.049463007480361365e-01
-1.192191629065111336e-01 1.948471244770351440e-01 -2.124184655087049955e-01
-2.473489383007679634e-02 6.706094071303227155e-02 2.300798828270783289e-02
5.152691617308061689e-01 -4.137551264157257602e-01 -9.160784184833571375e-01
2.638134088416644873e-01 -1.079731081359055350e-01 -3.630484789505098453e-01
-2.970265840908993260e-01 9.105046892505717915e-02 -1.402714175130818086e-01
-2.727461430294426670e-01 -9.136375065372440152e-02 -2.282517215214072137e-01
3.092895992638651503e-02 -4.676697753095552801e-01 -1.472104793261171940e-01
-3.633384461072015070e-01 -2.880332653540239596e-01 -3.013524021546347131e-01
-1.483372589252370255e-01 -4.032390575112504982e-01 -1.499575216422730506e-01
2.947007744598972301e-01 -2.905252636363054863e-01 -1.137621338861012354e+00
-2.376414537686040718e-01 2.695921306131460193e-01 -1.917117504987350118e-01
1.931589588092524346e-01 -3.715986885984806087e-01 -3.417643425789408662e-02
-4.477568197241695025e-02 -6.891135121675058262e-01 -3.052891358237912467e-01
-3.956644288963142020e-01 1.117461034427980338e-01 -1.107318900496976483e-01
1.568036157994578961e-01 -2.898679013920792413e-01 -7.962772171914002384e-02
-5.006108360228654908e-01 -4.151021840618929759e-01 -6.538372487631351204e-02
2.778449419042750557e-01 -7.191051376759007852e-01 -4.663359931000243264e-01
-4.512059711031194548e-03 2.033218122545722706e-01 -2.204918287938907248e-03
-7.225266713169753441e-02 -5.219742413203318776e-01 -1.585426922329441213e-01
-8.248954522081351770e-02 2.812502416161411639e-02 -2.505319202387879529e-01
-4.095658770535763882e-01 -5.798017678089847360e-01 -2.047995056914004020e-01
2.524448158033371081e-01 -4.166732613849861711e-01 -1.423780454281297347e-01
6.921549247430005547e-01 -5.006797616386471361e-01 -6.804127404952519109e-01
1.652771407992653652e-01 -3.554414520286536261e-01 -1.565724521446977269e-01
1.121797362926484909e-01 -5.179101818527336309e-01 -7.177514927376978104e-02
-1.089098964261666913e-01 3.137901963716492881e-01 -1.292039432103732344e-01
1.917429910587424013e-01 8.069317548089907643e-02 -1.192447716878614478e-01
-2.128779575469881835e-01 3.270593588272246999e-01 -3.459015380897233899e-02
-5.006803919364859468e-01 1.910036318690246440e-02 -1.098370032928474460e+00
1.990142388680359586e-01 7.393150929368129398e-02 -6.344951447274264911e-02
4.390969735441652144e-02 -1.732310782284349482e-01 -2.095958002859412139e-01
-4.130571768768093732e-01 -4.273686167796272861e-01 -2.036496553211307459e-01
-1.975466218052134848e-01 1.657887829001960384e-02 -2.030665897472603842e-01
1.583862750703601552e-01 -1.308738450329859082e-01 -1.007815071133450618e-01
-1.265866689387826205e-01 -1.932800737557641702e-01 -1.409384923889860086e-01
-4.846527101753075328e-01 -1.679586159873517476e-02 -1.851191649299880615e-01
-1.345031710541751413e-01 -1.320315045370533125e-01 -1.397648337394734042e-01
-9.554529888878892097e-01 -6.154755918374198442e-01 -6.127658726958988833e-01
-3.745743834312122988e-01 -2.927106224750568031e-01 -9.949240405108393526e-02
-4.813271621508816156e-01 -5.022609835355763552e-01 -7.456864766459911364e-02
2.031829759028332127e-01 -1.859962364395638043e-02 2.939615908204613048e-01
2.312105376458546968e-01 -6.570632983414194384e-02 -3.847755137426392968e-01
-5.726067545643691581e-01 -2.978548999184373880e-01 -1.764781473722982219e-01
-2.904936204614336215e-01 -5.231598359407614307e-01 1.301207153548372686e-01
-4.075095827169488705e-01 5.781474437419922285e-01 5.844544725970998167e-01
-4.977567454656809387e-01 -1.818577654234677099e-01 1.957141090796447880e-01
2.914543532078163746e-01 8.157811617373372792e-02 -4.623695841202359880e-01
1.973751354347650921e-01 -2.514121790482036212e-01 -7.157974209214904016e-02
5.317728147200579958e-01 -1.577584434247386591e-01 4.620573531141013990e-01
-7.536883014173128004e-01 -1.572422626814109770e-01 -4.422780502678236858e-01
-7.705935360538047618e-01 6.150650689210671040e-02 -2.590201069097268771e-01
-1.884324455736375581e-01 2.630100130151982185e-01 -1.551862973590504846e-01
1.630137733268215150e-01 -6.667667811447252069e-01 -1.093514096766564359e-01
1.906606727158839665e-01 5.796293524715704359e-01 -7.850054678847527556e-02
-2.937064692734944193e-01 -4.372602851985622485e-01 1.460226389412797865e-01
2.966096787889340725e-01 7.892991145441558345e-03 -4.817039370672162035e-01
-1.660792483386543117e-01 1.035375129476176354e-01 -1.054444259875661066e-01
-3.564946677021644250e-01 4.751512268559878183e-01 1.950905546071799446e-01
2.669204195788681400e-01 -2.007652549107422357e-01 -1.810832830428640294e-01
3.802146580167335976e-01 -4.274903296230367356e-01 -2.287917081504338424e-01
1.952609634031950148e-01 4.683865706224311642e-01 -1.887586486476765246e-01
1.137416059955395770e-01 5.013236579419684535e-02 -3.325795028657398955e-01
1.467744296584264641e-01 -5.898916284871693477e-02 3.441008304592253070e-02
-1.170558514162923919e-01 -2.176010674813281566e-03 -1.314197216265269030e-01
-2.068456554749134590e-01 -1.954127605174042770e-02 -1.093612065915012588e+00
3.294786234590946772e-01 3.695392744352836156e-01 7.386542972764953419e-01
2.622735746415053026e-01 -1.805973311424406424e-01 -1.065879553458142642e-01
2.574302164237442236e-02 4.560596799971584625e-01 -4.398141913199951625e-01
-4.604988470129849354e-01 -1.163706420059397173e+00 -1.977933425111873256e-01
4.886170552969077430e-01 1.951296078848616944e-01 4.719454232539109229e-01
3.387861833630845809e-01 2.955926703493370611e-01 -3.418798043579747703e-01
2.439946041934697163e-01 -3.382828174687157463e-01 -1.559042464491263436e-01
-4.212934743999445231e-01 -1.136929962818557655e-01 -2.587297494246127427e-01
2.778307711083248879e-02 4.140518415148510684e-02 -4.202397174394782442e-01
-1.908545180124854856e-01 3.039242006731444068e-01 -2.964243472001188429e-01
8.038159820244197840e-02 -1.202959847338500032e-02 -1.234533753490482944e-01
2.080887314025157697e-01 1.807248357645139247e-01 -1.696229475217721494e-01
-2.314795768560508615e-01 2.250461108651360120e-01 -1.804774436499439194e-01
-4.736268600879024460e-01 -4.509384646814867392e-01 -4.744927346121019518e-01
-3.017279220921939009e-01 2.257098372334102598e-01 3.384365804178878778e-01
2.742555662536595995e-01 1.644341425360356379e-01 7.174369852416392912e-02
1.866956877635727458e-02 -4.240568127261442610e-01 -1.386232693376009684e-01
-1.662562718363023162e-01 6.398605809306462692e-06 -7.760356206653264144e-02
-1.910674502583269152e-01 -4.017670545158242845e-01 -1.030000570477987293e-01
-7.033393664141944779e-01 -3.939613483229055524e-02 7.231515152447197670e-01
6.381540400854647244e-01 1.903677996024878138e-01 -1.821666811563830424e-01
-3.365331358882008295e-01 3.085448811810016512e-01 -2.969454649777673594e-01
-3.267191497766671476e-02 -7.302013355857743804e-01 -2.718287879384529981e-01
-9.481213180650711891e-02 2.855118147781402632e-02 -1.626008082215974482e-01
1.615540382820252752e-01 -5.787663835572363080e-01 -2.459199679402920558e-01
2.769874127477408021e-01 2.990048701894256755e-01 -1.877589467016615443e-01
5.242997863085312182e-02 7.063752712798736233e-02 -1.879986297429711850e-01
-4.069523381813123786e-01 -4.922519002216667605e-01 -4.349688850828913877e-01
1.707938667970094748e-01 4.086906161489834988e-01 -2.578388639018018291e-01
3.457483597970050782e-01 -4.162338733489703846e-01 -7.708383536067565933e-02
5.817434654947247763e-01 -5.070024102387870046e-01 -7.699618180685533497e-01
-3.763340071045898627e-01 -6.684438894474493964e-02 -1.693804118545244874e-01
5.722116303446546093e-01 -5.935299742656633404e-01 5.008596266369804706e-01
-3.333797250079354457e-01 2.389614100383489204e-01 7.114954913309544660e-01
-4.219621385567764310e-02 -7.591924900995900005e-01 -2.278734235286866416e-01
-4.775280006571322455e-01 -5.180111545050081895e-02 -1.146984224615151815e-01
7.410470898496018810e-01 -9.100188260350937364e-02 -1.542656724609111074e-01
-2.773237903756847200e-01 3.065965463846455075e-01 -1.224597979461093805e-01
-1.794447440404815408e+00 1.490872809633823071e+00 3.986434790073767331e-03
-1.803503809494911014e-01 6.489615904370533983e-02 -2.330538110554362941e-01
-3.818487931599319762e-01 -4.276063724496539376e-01 -2.193993959580777531e-01
2.313832333259639162e-01 -6.838111361471488348e-02 -2.447646388753251800e-01
1.471925454469186212e-01 -1.120072472203774566e-01 -1.239928430177253404e-01
2.748740967110284705e-01 2.168975629309767561e-01 7.815527206415487926e-01
-2.705264576909927055e-01 1.448367987977075000e-01 -3.478293678299623215e-01
8.426112993185759514e-02 1.653515488160216540e-01 -2.918653373343816915e-01
-2.608518642883842983e-02 -4.184208860809657815e-01 -1.559261119790256722e-01
-4.769371141546654980e-02 -4.497067985180598360e-01 -3.104219002306277675e-01
-3.004849872351794682e-01 -5.023607813726590487e-01 6.652613856350397814e-01
-2.865216130736604749e-01 1.943480917330759894e-01 -9.796087151232800438e-02
2.358598871877369552e-01 -3.646306820401596926e-01 -2.690499440750859228e-01
-5.352659962238220936e-01 -8.911565470961264890e-02 -1.670349754422780497e-01
6.797438240879531968e-01 -6.515333167543849724e-01 2.419737972973380613e-01
-1.698990945494072147e-01 -4.001125995132674418e-01 -1.369853173865727691e-01
-5.507194956566365818e-01 -1.138227415064225312e+00 3.703366070013398154e-02
2.804706156151869911e-01 -1.760149442779649354e-01 2.683514778980258808e-01
7.759631125930034623e-02 -2.856649867008033139e-01 -1.365669370002885463e+00
-3.218726563652146155e-01 1.143777418714174085e-02 -4.005083508241472634e-01
3.709431082606542973e-01 -1.099961889923248837e-01 -4.352459535849170225e-01
-5.368374618113022079e-01 -1.337710111543323199e-01 -1.492019840321736068e-01
1.102859090506116413e-01 1.795527444087370306e-01 2.501200328897381087e-01
-3.299682615047420109e-01 -3.945899837938470767e-01 -1.242469298972081054e-01
2.212608505638769818e-01 -5.186260297151437104e-01 -3.232190272278122611e-01
2.244819750768511576e-02 -4.426903051048265980e-01 -3.638532910530054704e-02
2.723638218834351088e-01 -1.702868311012360469e-01 -1.788048475503766499e-01
2.586213523265640801e-01 -2.616389099864327439e-01 -3.159076015281065963e-01
-2.909739731080706604e-01 1.403223021421262373e-01 -3.283613191311612889e-01
-2.953015826203078120e-01 -5.203916985102361448e-01 -2.121808259265391960e-01
-3.108432603078896059e-02 -3.151052503786239689e-01 -1.231460111335061169e+00
-4.827472101887341216e-01 -2.616795071786218174e-01 -1.303061059288131429e-01
1.852658061147381408e-01 -3.925193908900792006e-01 -2.004707631858085315e-01
-1.458957874075783034e-01 9.659285749744248029e-02 -3.700598560079599308e-01
2.312908959131491082e-01 5.048746598590377749e-02 -1.356161366694517145e-01
2.334778398949738376e-02 -1.047041338768161800e-01 -1.057851990741335846e-01
4.183678313791108772e-01 1.095186925153255886e-01 -1.096503329816386242e-02
1.854096731919276098e-01 8.794488530549482430e-03 2.104948167423014230e-02
-1.864829277053418888e-02 4.581635086584868732e-01 -3.171762112612503404e-01
-2.612859016486408503e-01 2.404792352554022961e-01 -1.588681871733109707e-01
8.831749686800033361e-02 3.924314432654411045e-01 -4.832260502049250950e-01
9.447081377372279487e-01 -4.026523205288944918e-01 -3.370540979406809190e-01
2.686824047224815604e-01 2.957756326780619505e-01 -2.951125388949324968e-01
-2.875462005227001350e-01 -1.550509665730619990e-01 -1.210100374162720455e-01
-5.417953564156999802e-01 1.113920753989507267e-01 -3.468411842442444271e-01
-5.108552729838258255e-01 -3.526952221839399493e-01 6.652355252210226944e-01
-5.049032828136708062e-01 -3.180442869341383316e-01 -1.366351400783881453e-01
-4.529573800208803180e-01 -5.949540662404387836e-01 6.687178357294147890e-01
-3.411686398973800410e-02 -3.157278531245645836e-01 -2.181094628790718748e-01
-1.045985526082671591e+00 1.744628716512443833e-01 -2.234593375428452211e-01
-3.836484117924152670e-01 -1.290186053740927374e-01 -1.506097538886782584e-02
-1.778420901413074184e-01 4.426202297434790878e-01 -2.545736025402540181e-01
-4.363641696777847412e-01 -1.698382778923544223e-01 -1.761309281600232923e-01
-6.766843320536281015e-01 -2.380279527329274003e-01 -1.037077776938590379e+00
-2.210995494860381605e-01 1.320250063850293420e-01 -3.745812930672075547e-01
1.158586184041727196e-01 -3.305555807615997987e-01 -1.263957445922452572e-01
-9.992724934973405693e-02 1.298366436876726704e-01 -5.623567484528118054e-01
-3.631030780735673424e-01 -3.314795925953967770e-01 -1.308321436068641819e-01
6.033204322125853419e-02 1.480519126463192836e-01 -2.183405193532960420e-01
-3.188792390236686591e-01 3.031422230814252439e-01 -1.457940185718252513e-01
-3.642782746891095047e-01 1.504905633980845037e-01 -4.731507904054031433e-01
5.233446746206552036e-02 9.794520293236394504e-02 -1.093586526814223497e-01
-2.158985702720409017e-01 -3.654879501219024385e-01 -1.284321714611481036e-01
-4.350748869418366582e-02 2.968272045823270311e-01 -4.916762145129965900e-02
-3.820016505025150555e-01 1.488824988832281593e-01 2.919178796666645551e-02
-4.247940668171308332e-01 -5.688908235048736328e-01 -1.897287232524407230e-01
2.141246572714578800e-01 -3.614883239499028789e-01 -2.970846772637281696e-01
-6.196653232311749582e-01 -1.837627277388819980e-01 -6.278533476535967661e-02
-1.771846829878232776e-01 2.790306524181689340e-01 1.170358008707552411e-01
-5.845474081228873020e-01 7.894716360338763228e-02 1.878268655826300162e-02
-1.121830837306216633e-01 8.407199939486198481e-01 1.984746410610276068e-01
-3.423035532323126517e-01 3.973825966341225646e-01 -2.463729850537489940e-01
4.384807979224475960e-01 3.605514410338840903e-01 -2.841173517576457419e-01
-9.937762804823471047e-03 -5.945608081686504232e-01 -2.402286765442576411e-01
8.854523999741227558e-02 1.896543914173294196e-02 -1.949894686441614455e-01
-2.935780269541215515e-01 2.412905856248478975e-01 -1.656033892967499199e-01
-3.716794413591559820e-01 5.588149451022308978e-02 -2.455853023430928581e-02
4.461276409925271635e-02 -9.255535085023730568e-01 2.345332591890468554e-01
-3.705939488008473393e-01 -4.682435726074433285e-02 1.891878097468182793e-02
1.505943698155144672e-01 -2.374725867109908628e-01 1.245512088641544668e-01
-2.423196519120524861e-01 3.220008154311080895e-01 -4.073749207244908299e-01
-1.823059848011855943e-01 -4.552311893525325392e-01 -1.225832831548014507e-01
1.606875686422442329e-01 -8.704158404279230266e-02 -1.932185315445838492e-01
-6.440978220242140617e-01 -5.311908689653048743e-01 5.199990809342820430e-01
2.968642727630566580e-01 -4.186743111910499748e-01 -4.721285952132991404e-01
-4.142640511401349257e-01 6.781520838878177075e-03 1.806235956289821420e-01
-3.535190788176619803e-01 -5.243823780840399795e-01 -5.150971967689599307e-02
-4.515498424834307190e-01 7.789780233618551208e-03 -5.231716649790427720e-01
7.373371218596568022e-02 -2.891692294186559015e-02 -2.194979871940978822e-01
-5.090751717685967348e-01 -6.917934113858512646e-01 4.397994135273313177e-01
2.450162215585023340e-01 -3.049547540627787871e-03 -8.060829657860323766e-03
1.799571613836989936e-01 -3.277090471599535815e-01 -2.092104713727403753e-01
-1.818187741408429925e-01 2.038969156223754964e-02 -2.107978768802028779e-01
1.880943406479763935e-01 -5.354027792610430714e-01 -4.354151900348834370e-01
2.204446134333368917e-02 2.959080571615480340e-02 7.825093979396811894e-02
1.706610339223100029e-02 4.853540393275196374e-02 -4.361729870738999537e-01
6.158302835830656990e-02 -8.033994500152173701e-02 -1.632951033779433958e-01
1.191424329148185191e-01 -6.921050535612803811e-01 6.372455559501608580e-01
8.311587927788093022e-02 -3.414582263465916201e-01 -1.037397912314451942e-01
-4.548679432507567455e-01 -1.842630003892314905e-01 -1.629237680874850436e-01
-4.230337735864633797e-01 2.050866094353545888e-01 -2.224934481864496993e-01
-3.261771778632549523e-01 2.153379093457363780e-01 -2.850826258146059167e-01
3.680340504500943521e-01 -2.286533131647039072e-02 -3.183298642277704316e-01
-3.080354261426823115e-01 -4.166485762999500575e-01 -4.979011930065201097e-02
-2.720265582861147724e-01 -1.525896686333064189e-01 -1.317418605599987302e-01
2.609267017493251406e-01 8.423618941472911237e-01 3.940106985999735634e-01
-2.897087134659974694e-01 1.436628422939829064e-01 -3.072891365212780945e-01
-3.573777587045309234e-01 3.181860774207647125e-01 7.134368883750973056e-02
8.345168688379700495e-01 -8.679780122424135547e-02 -3.055191254392508604e-01
2.718692576220144153e-01 -4.991916330623179521e-01 1.598745325076707802e-01
-4.366884621845206760e-01 3.240954109374218906e-01 -7.445019835078732218e-01
3.424557602875219486e-01 4.257218666140814012e-01 -2.812166723105689048e-01
-4.347665809000137438e-01 -2.772455407949606099e-01 -2.069377022450504533e-01
-5.102065058761947602e-01 -1.063315787338910412e-01 1.169057405939840644e-01
-1.370544281058976577e-01 1.746789354222558210e-01 -1.523431999028376505e-01
1.231734021074789298e-01 3.249438547990849968e-01 -3.986954246313356154e-01
4.638312806426075213e-02 2.383082212678594158e-01 -6.155229859461423120e-02
-3.904519076135823386e-01 -1.690073434353824289e-01 4.457180630104331520e-01
-4.993228282127321616e-01 4.978546300776053868e-01 -2.845085278028981479e-01
-1.659843277390485594e-01 3.488960228938555175e-01 6.922887449470398191e-02
2.951865489281597088e-01 -3.333536140080664012e-01 -7.739092879311215700e-02
-3.970100164217908456e-01 -1.791968344584823625e-01 -5.274216191590968411e-02
-2.878611887523109258e-01 -3.327300324871663162e-01 -3.266491903631180693e-01
1.239917062088134320e-01 3.372665170189415723e-02 2.787864853025765269e-02
6.848924852167259658e-01 -7.731388216011499115e-02 5.571430178251178811e-01
-3.998347212366250680e+00 1.771324928468279492e+00 9.802534769534720915e-02
1.428669151912574375e-01 -6.249020590348628446e-01 -4.379898053230916327e-02
-5.834331582649645576e-01 -2.162797485004363252e-01 -9.155708398966749817e-02
-1.465571284681935482e-01 -4.388029078090189827e-01 -1.981546610093230520e-01
-3.200423027070918858e-01 2.964717031554846005e-01 -1.449235269584284169e-01
7.865744129859592038e-01 -4.756433317382176285e-02 -2.361462826595301656e-01
-1.194644903658510920e-01 6.698214621040979866e-01 3.120736688791709290e-01
4.412079073703813192e-02 -7.301459868201127801e-01 -1.319486062389267356e-01
-2.578571497496115472e-01 -1.519655846140800515e-01 -9.999405302667993545e-02
-2.646273682424701290e-01 -5.383196952416261505e-01 -4.773414278334400240e-01
-7.656242698820026060e-02 2.424195819047139377e-01 -3.164161517625899145e-02
-4.921793617050735925e-01 1.096904058829141493e-01 -1.133311576707479035e-01
2.474731908994315666e-01 -1.915511237748487305e-01 4.332111555227564220e-02
2.596711431075850451e-01 -3.683601109535512060e-03 -7.687437031269959975e-02
1.385397000193350769e-01 -1.210583647722902195e-01 -1.406255243448497061e-01
-7.208349644272955548e-01 -1.769912871462366311e-01 4.979741453581622568e-01
-9.257239595666976184e-01 -2.129078789117930248e-01 -7.125765471543461516e-01
-1.046101359292763849e-01 1.664097715252072229e-01 -1.302067733888806651e-02
4.861246518909018710e-01 -6.073004271746617472e-02 -4.792676717886266702e-01
-1.922907263495519242e-02 -9.534791481674673164e-02 -1.055622826641944567e-01
1.603822975716795440e-01 -5.705241727831671106e-02 -2.082531792827087280e-01
4.963177328608808780e-02 -2.180056906779848369e-01 -8.596293953384492870e-02
-4.774123734261633278e-01 5.283731824788079345e-02 5.239459902124214696e-02
3.537147147211545661e-01 -4.589449674060399609e-01 -2.967895310646844753e-01
-7.160734412906593072e-01 -6.863392307108814316e-01 -8.209152192764328504e-01
3.458069457161334209e-02 2.696946966131847923e-01 -5.131871977318742672e-01
4.044520193433805977e-01 -3.579859140291178909e-01 -5.759853039658920093e-02
2.269058601606935011e-01 1.701293136830052052e-02 -1.980033070892708025e-01
2.682447440856138843e-01 -1.509157471491240051e-03 -1.482861489954821199e-01
2.281183415206627235e-02 -4.325466766276469532e-01 -2.547584278463066454e-01
-2.517475543719925324e-01 -4.147762338197761300e-01 -6.066017175947387985e-01
-1.264493632205251072e-01 -2.913525975878917262e-01 -2.492719150591783846e-03
-4.330326390016883131e-01 5.513616467883335481e-01 -3.758228825724415079e-01
-8.266140227548679498e-02 -6.284086991186700333e-01 1.025526808964802583e-01
1.712891179477807058e-01 -7.004424651675721092e-02 -1.733425323175576127e-01
1.567252521335800175e-01 6.625341001719434186e-02 -6.595858612727377723e-01
9.189109617998457713e-01 -1.995476682798970891e-01 1.618024987521972935e-01
-3.810550058349557873e-02 4.634282150699632341e-01 -4.349232147101104312e-02
-3.514411168236308836e-01 -1.503507029696268260e-01 3.127864075003245481e-01
4.179812048475120001e-01 -1.814493408084916215e-01 -7.686481702080631695e-02
-2.267701998476568115e-01 -4.535210571121069956e-01 -4.326933820340839176e-01
1.434851256518226148e-01 -6.116928367660802168e-01 -4.771618494312623859e-02
-1.057406454533012519e-01 -7.848797709800361400e-01 -8.809949311659441562e-02
-7.297736609638137972e-01 -3.875942589503617586e-01 -1.078646022904326818e-01
-2.466858382090626467e-01 -2.784142094957928193e-01 2.291779223231938528e-02
-6.532393287126210257e-01 8.252202928325207132e-02 1.350893332049052376e-01
-4.748528829212074198e-01 -8.958692268069484710e-01 -6.624628114570514370e-01
2.194482314929753763e-01 7.028865153101725161e-02 -2.213980685579459151e-01
2.207255850582507950e-01 5.001850119625377272e-04 1.150619579929499092e-01
-3.847569907996437610e-01 4.987064327628896315e-02 -6.431489027344065856e-02
2.415800568734063347e-01 -4.572968310962710059e-01 -5.151597859705641103e-01
-2.975289165051622220e-01 1.514152843591764219e-01 2.158716109353976675e-01
-8.513542863912699765e-01 7.309034691644396287e-02 -3.475689087851100423e-01
-2.833472935268593201e-02 -9.567782199749101657e-02 -8.383017522131200328e-02
-4.662086119523596861e-01 -2.625580918195861702e-01 -3.416907028441839023e-01
1.941877850850300125e-01 -4.236786552377183046e-01 -5.107640461515215030e-02
4.162623446088253160e-02 3.306401269083009131e-02 7.302731804370640734e-02
7.259577754661604709e-01 -2.907097714731021187e-01 -1.248872446878054321e-01
3.936473176983348865e-02 1.457548691199679058e-01 -3.519935686649024453e-01
-3.876123883475971615e-02 -6.651970751024610662e-01 -1.712616672082309388e-01
4.447912320400175534e-02 3.841750718888580773e-01 -2.487816391644198655e-01
-2.032597200788156810e-01 -1.225249544860463335e-01 -1.279678026078189534e-01
2.479907505528940181e-01 -4.117944032043891478e-01 -7.883086868318996132e-02
-1.374269797466039500e-01 3.320296298301999571e-01 -5.237402909606121426e-01
-6.517212945400039370e-01 -4.891937471390235548e-02 -4.081241968800096154e-01
2.594847024000409008e-01 -1.869267047795606096e-01 -1.942775567832244754e-01
3.989636190699478169e-01 3.241871319650435623e-02 -1.630688753904508126e-01
7.471037661939535987e-03 4.680028613757086231e-01 -8.518416256649538054e-01
-4.446627424780696392e-01 2.579155682484238210e-01 -9.405952667462919026e-02
1.928836445680765788e-01 -6.040157642614295552e-01 -1.052105326113081246e-01
-4.016419170280348117e-01 -5.546150112285101741e-02 -9.444064183363726607e-04
8.892152596540772724e-02 5.622023521722325778e-01 -1.852808331952617016e-01
-2.672586635721354437e-02 1.697484370240273099e-01 1.650580984287732325e-02
1.731981486824680783e-01 2.309198044754222634e-01 -5.478360476536889845e-01
-4.538407471554041783e-01 2.308112896423548388e-01 1.467851430714681715e-01
-3.586348368514238327e-01 1.312794046531032266e-01 -2.432121189103970127e-01
-1.510760782326407703e-01 4.865819968057294997e-01 -6.207260289431505429e-01
-1.266866255825576937e-01 -4.780159179947455761e-01 -5.425388865939274885e-02
3.127338411718729172e-01 -8.705237909645337224e-02 -5.160455790420349631e-01
-6.096657014596559288e-01 3.593768422755528325e-01 -8.054223527239522396e-01
3.320158479461942647e-01 2.254213196556852095e-01 -1.136838878578503714e-01
3.452669025107411027e-01 -5.007488382111412450e-01 -3.788075348447266788e-01
-1.062324482710311768e-01 -6.252034203674180501e-01 5.953201423070998421e-01
-2.394900778517612405e-01 2.135657057527893393e-02 -1.128972391853108326e-01
-5.365901264754303207e-02 2.699051012341135425e-01 -1.253978807704646814e-01
-8.430250800126817823e-02 -5.045098690958433885e-01 -9.162891427347340245e-02
-2.178947331658185604e-01 -4.453403189493072567e-01 -1.208555478198950622e-01
-4.992897438123163750e-02 -3.385898783804340284e-01 -9.327012360324517248e-02
-2.901265262223295949e-01 2.855071044418398540e-01 -1.206199108779999474e-01
3.086442222157013693e-01 1.102543333644248613e-01 -3.785206416244396577e-01
-2.542154971547980757e-01 -4.295047398257490490e-01 -5.775732806748763437e-01
5.265228033872585561e-02 -6.034950000994795394e-01 3.913636524285023233e-02
-4.834321907087807957e-01 -4.365057367066811356e-01 -4.995750408665913106e-02
-1.500647805570431148e-01 -5.372427698645072525e-01 -4.467584607298861199e-01
-4.641563268503878098e-02 -3.456273417589895147e-01 -1.436888983003893894e-01
8.881730858730932376e-02 3.859690373768173144e-01 3.608902466251148050e-02
-1.928442155814583114e-01 -5.205792783047116234e-01 -1.954560835717807643e-01
3.800615536532824801e-01 -3.927248004230062262e-01 -2.424338698195613595e-01
2.823779685903307288e-02 1.323641142623805667e-01 -2.318608682771212126e-01
4.832704991498025793e-01 -4.132913512255724509e-02 -1.039473675574829059e+00
-1.858408157341006062e-01 2.053072575582245152e-01 1.653325146453198391e-01
1.984160372516547699e-01 8.400526306356377315e-01 -3.588454142455484996e-01
-3.641235692606447638e-01 -1.280684471363289223e-01 -2.176726388522864930e-01
1.937842637122166867e-01 -4.533071363322690311e-02 -1.150744068539295339e+00
1.484235596761367681e-01 -5.192044378349617295e-01 -1.756266448219346576e-01
-2.762691405776498410e-01 -1.950368838745337730e-01 -4.020499781111063764e-01
4.004261563757513173e-03 -5.632436659414334912e-01 -5.988634970297888188e-02
-5.800998116016103934e-01 5.278032137660333412e-01 2.857142749670259496e-01
1.696207474827756134e-01 7.197970739772270587e-02 -2.216534406555723813e-01
-1.482042676492212052e-01 5.001218745005862054e-01 -1.818460458432898663e-01
-2.285146076377059798e-01 -6.301740718944777164e-01 6.164603581617176253e-01
-2.567121071888103234e-01 -4.694118844161745963e-01 2.602876262481623182e-01
-1.742792571019019798e-01 -5.313135695336654862e-01 -2.588565214853890684e-01
5.398637440002136412e-01 1.962439086717124304e-01 -5.848749270754131230e-02
-1.167522007862467209e-01 -3.186631267656637179e-01 1.012476659779000671e-01
-1.161285615563513868e-01 2.811978394542554160e-01 -1.662894877586615638e-01
2.467952503413349263e-01 5.334902423053777820e-01 -1.494746802763701754e-01
1.794966614822566808e-01 -3.869971102727481904e-01 -1.704909635358856923e-01
-3.992265499969957498e-01 7.559808355167105254e-02 -6.811132735459575482e-02
2.539876435905353835e-01 9.157446419708501484e-01 -2.141133392034101635e-01
4.245464401502224705e-01 -3.508182291872078418e-01 -2.740804545491170446e-02
3.347309884004725511e-01 -3.731208023644786986e-01 -7.574797301210242639e-02
4.926853261900367431e-01 4.147709771991662242e-01 -1.674691653935698743e-01
-1.071779677122974617e+00 -4.432028443141496771e-02 -1.442010282490851503e-01
-1.089210481039045497e+00 3.355053592327241208e-01 -9.590683989786120967e-02
5.384906084006345850e+00 -2.809929911634504229e+00 8.908644216163974505e-02
6.565072998679671867e-02 -5.249032609540905669e-01 -2.223844220923299961e-02
-5.141067340655550710e-01 -3.193828449467897568e-01 -1.357428716232783605e-01
-3.541235270983071337e-01 -3.174499565550284452e-01 -1.951555584158607692e-01
-4.727807934620008590e-01 -6.019730790448789559e-01 -2.015373067547915342e-01
-5.248180960395255612e-01 4.420236121734151258e-01 -2.796767475864456731e-01
-1.025732089779396033e-01 -4.667945986001290626e-01 -1.028861735392764543e-01
1.029749675255239583e-01 -3.079463772945383315e-01 -1.961572155625287694e-01
-4.885786030933270685e-01 3.029834605398418201e-01 -2.093187293763163759e-01
-6.197058460443319872e-01 1.525296108696160280e-01 -4.350552997832733415e-01
-4.980592149251074074e-01 -3.264658799997859073e-02 -4.017991448530734422e-01
-4.283394446978557313e-01 -3.283662520377718663e-01 2.059377454609893909e-01
-8.752522720804331580e-02 1.653857520426524688e-02 9.117489068981918798e-01
3.042764010778701289e-01 -3.075962372369179243e-01 -1.055899950620758698e+00
2.207102566259389609e-01 -2.706918445049136257e-01 -1.307011304633086055e-02
7.990718710387856999e-03 -6.321023175967139807e-01 -1.058949877878962026e-01
6.220345014492902752e-02 -4.427288568405948199e-01 -1.649515699769334709e-01
-5.069676631415851453e-01 1.679587572125211814e-01 -1.286111598183100821e-02
-9.805342660359944729e-02 -9.855786820793013825e-02 -1.292561504401837924e-01
-2.196081046610927068e-01 -6.532227590987850219e-01 -9.687383759476742018e-02
-1.640483042895323207e-01 -1.026603894672429712e-01 -6.059273913603899914e-02
-2.833125046133002645e-01 1.614943775981508567e-01 -3.419161538663968436e-01
-2.901434003009116247e-01 -8.222844809881273420e-01 -9.282189506322963135e-01
3.767270698387926164e-01 -4.214954063306098342e-01 -2.303173436144077546e-01
4.603873629581818616e-02 -3.145721915868534557e-01 -1.265752267113801954e+00
-3.433924821059310406e-01 3.285989913036368448e-01 -3.853951055543175519e-01
-4.753147566913281108e-01 -3.240092789458307587e-01 -1.886592038827262230e-01
6.565145130051953659e-01 3.432247821839852775e-01 2.126671127609559009e-01
-1.304344484765941337e-01 1.760474450789545064e-01 -2.510190403995672948e-01
-4.990183845515112904e-02 2.056958085536163827e-01 -2.098375135261678071e-01
-5.316658065942465594e-01 -2.084918449719940503e-01 -2.380401705273922364e-01
1.082818754302519726e-01 -4.368781506070971155e-01 2.613601631160085703e-01
-2.285365310949211692e-01 -2.011636865167154009e-01 -5.708342481585606532e-01
-1.134344578472383930e-01 4.659938418234351731e-01 -2.823675713932942699e-01
3.244481631201210498e-02 -6.366496595241448730e-01 -2.002094292080827953e-01
-6.487410572825903499e-01 3.145074359875688064e-01 -6.344515612564802232e-02
-6.456754582966582889e-01 7.105466032258844766e-02 -1.594161247682594207e-01
-2.532931636441512063e-02 -1.417901380944252832e-01 -2.420073457095419933e-01
-2.737894371086781464e-01 -4.131915807831222365e-01 -2.377136461712089366e-01
2.414151897340286734e-01 -2.047968556259483763e-01 1.938704596634905630e-01
-6.435774673643211707e-02 4.278684698190337587e-01 -3.540755467241033516e-01
3.277610191706004095e-02 4.710296373996518682e-01 5.194791219666287097e-01
-8.528598110499736595e-01 -1.104816909392284385e-01 5.734708869058293690e-01
-3.027829067224742099e-01 -3.341706985363527282e-01 -1.158028018847110235e-01
-5.214093501464905911e-01 1.617738113259656052e-01 -1.084402998371380294e-01
-5.354816718445577495e-01 1.411629238001259612e-01 -3.621041970302373708e-02
-3.751440601293037358e-01 -2.515205371535269574e-01 -5.963347285757274463e-01
7.577071041682105212e-01 2.594526424867689071e-02 4.714073164906825153e-01
-1.785300036506938803e-01 1.659397401145344397e-01 -2.997873423683329250e-02
5.119155582779499197e-02 -2.948586155379077645e-01 -2.508079929959970422e-01
-4.698706845504637686e-01 -9.917777232424261624e-02 -5.997256322118141858e-01
-2.294857210257577051e-01 -4.931541288651993815e-01 -8.161515890709947207e-02
-8.347685152728392954e-02 1.260164788114710166e-01 -9.041735837346802362e-02
-3.454188644124889240e-01 1.032406613381867400e-01 1.017217781529833776e+00
-7.397525809258384544e-02 1.250054902867346607e-01 -9.838199019718774085e-02
-2.974212631882314217e-01 -2.599962767543228387e-02 -1.759424196737019719e-01
1.630372389845958503e-01 -1.286725622537189806e-01 -2.333357260872510053e-01
-1.559775136336605528e-01 4.068177940641422019e-01 -2.246483477016921193e-01
-5.064267446412885898e-02 2.068145700219117811e-01 -1.733423249279885947e-01
-2.943173132404869885e-01 -3.033443016526236602e-01 -1.472384014469379498e-01
7.228966405139222728e-02 -6.126359605603668435e-01 -1.441430124176834859e-01
2.661718560823387314e-01 -5.473359649413073180e-01 7.402715365314016527e-01
3.342759614020709286e-02 2.571198249027512039e-01 -1.117871990495667101e+00
-2.162075152948268048e-02 4.169685416846654613e-01 -7.488842336845292769e-01
-7.210840326905944009e-01 -1.427700219007489897e-02 4.581034402323507781e-01
2.266209913285718580e-01 -6.356265578483795142e-01 9.707014320532401930e-02
2.765974351202553638e-01 3.095672913595299836e-01 -2.224794636075412557e-01
-2.965321781282614921e-01 8.952130644901074019e-02 2.158324401074162291e-01
-2.719695648964290391e-01 1.962548620859525320e-02 2.303635721363770650e-01
4.042301012550953976e-01 1.148259354255722342e-01 -2.401350923960641759e-01
-2.260785250335654861e-01 -4.678053031804921269e-01 -9.184321962863439825e-02
-3.909030554469760006e-03 -6.389945470856683851e-01 -1.803723935657968597e-02
3.051474678560001652e-01 -1.988440580854869688e-01 -4.257128790264370077e-01
2.320088275033620473e-01 -8.571382979128727708e-02 -3.694312393639676007e-01
-2.111412549143971418e-01 -4.805799875057139570e-01 1.069674571474582281e-01
-4.219874511739000744e-01 -2.681746892126686821e-01 2.482689091506239953e-01
-3.922858528645009057e-01 2.166898036314555270e-02 -1.596360371518987242e-02
-2.129417320557523141e-01 -4.752418161663882201e-01 8.832820862536568118e-02
-6.630408587660882591e-02 2.077679349010023435e-01 -1.053225608294026783e+00
8.488646022463749441e-01 -3.120501823424069454e-01 -5.401074031749429627e-02
1.854180286046295811e-01 3.252203048647155093e-02 -3.236860847890852266e-01
-2.654248144800815390e-01 4.313884685891149484e-01 -6.830691033129940304e-02
1.920037413217526856e-01 3.034026795836252122e-01 -7.665143171113694698e-02
2.511783235103118295e-01 -4.114698004975603229e-01 -1.119613837795549738e-01
-9.214082348616958740e-02 -7.519414354049636096e-01 -1.769977633275311713e-01
-3.147776877585242716e-02 -5.292463358029001474e-01 -1.630783636119269853e-01
-2.925582148107766511e-01 8.792809208968610513e-02 -1.127976714653488588e-01
7.134360330223821212e-02 1.204979182835864693e-01 -1.194387467847305428e-01
1.354599066715735933e-01 7.992038706592413666e-02 -2.469806125016525966e-01
-4.672940238797312906e-02 -2.498314468390406759e-02 -2.802405738029492555e-01
5.393243584797415696e-02 -1.174579343211233917e-01 -2.337101956268296254e-01
-5.333986364763007026e-01 1.072152779473136974e-01 -3.373170965183759917e-01
4.998227403348453057e-01 -1.028031320683736177e-01 -4.211023901386269919e-01
-2.859274642942235545e-01 -3.173685764245968710e-01 -3.224801181092598057e-01
-2.783249773847421005e-01 8.421097335349377044e-02 -2.580966656947933924e-01
-3.736969484612011616e-01 1.865550205771422665e-01 -2.271912120054214446e-01
1.435749288635520260e-01 -5.461782302774461639e-01 1.066323583257742097e-01
-9.788684035346144341e-02 9.034936187567255139e-01 -3.057754811835013964e-01
-3.967299310212791807e-01 1.842840482935649560e-01 -1.094209941390312801e-01
-3.807823527208321623e-01 -6.084198580138253654e-01 1.824933895600795025e-02
6.249002192032552250e-01 3.305721523587576427e-01 -2.280876146132964910e-01
-6.053766710194852935e-02 8.267339968522675886e-02 -1.140780210679506398e-02
-2.525755580232498243e-01 -3.041496840124649492e-01 -3.734041397876974866e-01
8.472203277398694665e-02 -6.769265992540472732e-02 -1.663514396092609926e-01
6.607221013840550716e-01 1.080393937814923266e-01 -2.024676621688171196e-01
4.060983111896457887e-01 -3.344661171066847238e-01 1.745647915273085826e-01
-2.061531228014121531e-01 -5.117495611575836323e-01 -2.301547533659272227e-01
1.195411857499904668e-01 -1.338955049993075797e-01 -1.541897804392211024e-01
-6.487830847599965201e-02 3.067158336285272235e-01 -2.526820259984551842e-01
2.275026281067931422e-01 -2.712142005659431421e-01 -2.132693833880764112e-01
-8.471829561536787720e-03 -4.589015490955511423e-01 -1.753140881799499229e-01
-5.985442439572568052e-01 -5.541961104011525752e-01 6.708046358006928278e-01
1.096888396983729530e-01 2.216226808797251147e-01 -1.549990589748947989e-01
-4.971580565959310416e-01 -4.111705249091611170e-01 -4.657311056754588341e-01
-1.600790556786351251e-02 -2.820452994014802789e-02 -7.432345936637940742e-02
3.802783465392449436e-02 3.492850858777954981e-01 1.087603783218880210e-01
1.167664959530658464e-01 1.903700987161782154e-01 -1.090973786713379939e-01
-1.135822863058790905e-01 1.488083736588240169e-01 8.899365189215455718e-01
-3.953178677700341370e-01 4.201488653300929910e-01 -1.403414331900093015e-01
-6.181295773328501081e-02 3.083350469437559638e-01 -5.433134436085157448e-01
2.886704683747930988e-01 -4.436379099662920433e-01 -6.908026415909034046e-02
-5.524711845511588032e-02 -3.871517424220775050e-01 -1.070127686940119061e+00
-7.264021444412107620e-01 -1.037290104397673926e-02 6.381796536949586873e-02
3.031216290126255153e-01 -1.737540011827249653e-01 -2.337850097096315083e-01
-3.000217717411912677e-01 -4.342777293794077009e-02 -3.141186036251088498e-01
5.550779767311119883e+00 -3.114102295352126681e+00 -7.117917041970271974e-01
3.136797574780234715e-02 -3.992316747566772572e-01 3.540836091195891100e-02
3.011414689059751515e-01 -1.520056091562988765e-01 -5.272107235507222239e-02
-5.900759535380630805e-01 -2.219771063308790815e-01 -1.439276975846999485e-01
-4.979562194800416508e-01 7.925662565967464546e-02 -2.316368001633397899e-01
-4.197851034407421023e-01 3.669024959359684646e-01 -2.148432856719061923e-01
-3.838053331682247382e-01 -2.224857776470536286e-01 -1.917770535438517443e-01
-2.161349248245649779e-01 -2.438972599869992375e-01 -3.774769908577947919e-01
-6.560178823294961215e-02 2.808788695248079503e-01 -2.630245437019729793e-01
4.631054341363275567e-02 -5.259899425378444793e-01 -1.121111770013815789e+00
-4.293634078535470966e-01 1.093432782385022478e-01 -5.019149799738324980e-01
1.771065691760241034e-01 5.330324269631966233e-02 -3.346201859749101115e-02
6.879195825594055513e-01 -6.356290364626366873e-01 -3.984639755395985028e-01
-4.411344586972242299e-01 -1.995737902102683314e-01 -1.042699814850839984e-01
2.623353669666406707e-01 -4.340983332521231586e-01 -1.146230658711185346e-01
-7.162622543701774357e-04 -9.036693935272312184e-02 -1.257350685895027853e-01
4.220154059764951726e-01 -4.309497709662034604e-01 -7.382326067091631305e-01
6.814379351767396731e-01 2.512947289424771746e-01 -2.907469897517412916e-01
-3.572811217400565648e-02 -3.667278989614698448e-01 6.623249726122534820e-02
-5.347074176006131468e-02 -4.573019015796344067e-01 -1.071597024595214442e-01
4.335696749329750327e-02 -5.566076601334263296e-01 -3.311742857387027228e-01
-3.593609008985477332e-02 -3.764078289248219966e-01 7.212309376441471132e-02
-2.817452661053855278e-01 -5.847150843572967993e-01 6.583451159872989733e-02
2.941263794447598334e-01 -1.466777132445153953e-01 -1.589564480080342679e-01
3.408554894719104666e-01 -2.766994913697901071e-01 4.865406228126475385e-01
-2.903119564189756141e-01 -1.604863727535242868e-01 -1.289268056329863299e+00
-1.817529729133847971e-01 2.882538244176305886e-01 -2.204186966666613900e-01
1.824105311603362034e-02 -4.931394279747802201e-01 -9.809551608078780072e-02
9.987371738980060920e-02 -1.495976238608734410e-01 -6.210663571461475518e-01
1.055355168455897052e-01 -2.752990393630615484e-01 -1.126409030621403212e-01
-1.064012918768089261e-01 -9.785270879595338034e-01 4.899888507545021588e-01
-5.539726878082438244e-01 1.314306088051804822e-01 -2.558550492558961942e-01
2.662330963956465735e-01 -2.724986420993930625e-01 -1.085632602628353177e-01
-9.431056678658462922e-03 1.762683760165048019e-01 -3.808087712360376798e-01
-2.557432311362025090e-01 9.344492412650044766e-02 6.965134047341491330e-01
-6.402074509478616893e-01 -2.588096498125886380e-01 -7.069922104181327605e-01
-3.046035512854185223e-02 -3.242260133345890027e-01 -1.188605785966225098e-01
-2.269959368869228500e-01 1.649085909314664256e-01 -1.365528027951119494e-01
9.279076507883513014e-02 3.792062275524328285e-01 -3.815295242156577782e-01
-5.211081755628304939e-03 1.683317004476376222e-01 -3.348677680223050568e-01
1.894875737496780344e-01 3.159318818913617322e-01 -2.137711673119928046e-01
3.843990542714536551e-01 4.034751752662258939e-01 -1.753231345855016110e-01
-3.236103384066847943e-01 8.727876903742387560e-02 -1.647430680181864449e-01
3.532355913962888228e-02 -4.582703445929788844e-01 -1.705804747028134283e-01
2.131960455806946805e-02 -4.805233017036110166e-01 -8.831522097900040141e-03
1.875917533815326388e-01 -4.588415075892184891e-01 -2.002527680852473346e-01
8.885001078749104053e-01 -9.522313937921968174e-02 -5.179407681431800192e-01
-2.691349634206200991e-01 -9.916169333678652442e-02 -1.425836246249733708e-01
-1.168154939456112484e-01 -3.749174899013584250e-01 9.062118880784073016e-02
-2.334609328647895832e-01 -7.506594101047574519e-01 -1.026556666536584950e-01
3.275795646377898662e-01 -4.055427777673856760e-01 -7.094461137016282448e-01
1.022506573339002217e-01 4.659112325474972782e-01 -1.207679652076506932e-01
-5.644651523952687322e-01 -1.711443901976254789e-01 -4.142015545504591501e-01
-5.071413711292508397e-01 3.329289083802882687e-01 -1.704693493653152148e-01
1.115217563462667094e-01 -5.490200574745320861e-01 -3.999735575979113666e-01
-1.488596505386883539e-01 3.470999760310907734e-01 -2.419734072190057039e-01
1.854193648562633689e-01 6.247585186468492674e-02 -1.599635382780391912e-01
-4.998562824746455857e-01 -2.606282383058779462e-01 -3.760434862118304244e-01
-8.838418794270737344e-02 2.185166111091418617e-01 1.327262111183829564e-02
2.624453186600391175e-01 5.587902938599163122e-02 1.461489138790181275e-01
3.868492980758467259e-01 5.436966938885515188e-02 -1.334423948071446209e-01
-8.413968510016989200e-02 2.095759005398179775e-01 -1.706734411038894061e-01
-9.996143115929871925e-01 5.054131130159118523e-01 -3.347091381049817627e-01
1.218687666552991655e-01 -2.263324381106767216e-02 -1.381281268532227324e+00
7.894885684044369301e-01 9.698017761539540205e-02 -8.626436860130934359e-02
4.543440900510946068e-01 8.938762655791871597e-03 -1.756036968613642890e-01
-6.949422576746151492e-01 -1.267458455002058726e-01 -8.353387124275296616e-01
-3.437060943329708351e-01 4.424678911455138253e-01 -1.756298121217232111e-01
-4.921970770692869479e-01 -8.759104879498512408e-02 -5.028723890446180622e-01
1.355567999718193251e-01 3.846833980878279213e-01 -2.676085523710732689e-02
-7.419141666951380998e-01 -3.041202883403709145e-01 5.141157184830218441e-01
1.961414250944068238e-01 -7.210812162086533972e-01 -1.668588407873343171e-01
-2.525425950377150341e-01 -4.992099761011468961e-03 -1.453450055556025113e-02
5.709553939294103042e-01 5.547621409703227258e-01 4.157184672434493522e-01
-1.159234498574090028e-01 7.534499133713795649e-02 -2.311959622810518533e-01
-2.624774394039697811e-01 -5.673924656150226564e-01 2.897011476632107008e-01
-4.780834288927148790e-01 -1.603151193209808589e-01 3.154968193052102438e-02
-5.009900594468185142e-01 1.456021074516075375e-01 -1.424065708825736076e-01
3.666004485052424822e-01 -3.601561091446591201e-01 -1.221309621576370658e-01
5.357243208589391320e-02 -1.172549024372219889e-01 1.416442050055837509e-01
5.050385858161895447e-01 4.274317572713690616e-01 -1.904626644281764980e-01
-3.268884460100804357e-01 3.362474994202092615e-01 -3.779329313738851726e-01
2.668288507976644963e-01 7.999574792297998657e-03 -1.782598013155540784e-01
1.811660979010331629e-01 -6.574593904191441407e-01 -9.621446250839857384e-02
7.473157108948259575e-01 1.435141458157377092e-01 -2.535582235071512369e-01
3.569006230716239569e-01 5.019128780726215752e-03 -1.230521386754858254e-01
-4.310793548746828519e-01 7.152827329334703332e-01 -4.198190097356711004e-01
9.942212943836242767e-02 -3.765406092058562471e-01 5.900868282607329984e-01
-3.506970223969209099e-01 -4.862234771365789993e-02 -3.446815520427050639e-01
3.475624256343501361e-01 6.589825094145082551e-02 1.352290552158072756e-01
-2.718273948481757518e-01 7.463241725715624719e-02 2.928074670066959165e-02
-8.409122494854824603e-02 2.693670174415865870e-01 -2.875474407350324113e-01
1.758184477102221754e-01 -9.799176917708708745e-02 -1.385658055878369044e-01
5.291155390677456521e-02 -2.742503240018704935e-01 -1.371437647740970878e+00
6.649314887158447318e-02 -2.698667317626917139e-01 -2.611359333229546498e-01
3.858422379310734174e-01 4.117039263555590245e-01 -7.595698838990400104e-02
-3.165872440816232536e-01 -4.419239838567901590e-01 -2.429053906473457036e-01
-2.478669761433127949e-01 -2.720734769640689166e-01 1.362998850069575552e-01
-5.941819346454675355e-01 -3.743938112183808897e-01 -2.285032413861711742e-01
-4.074203241939712283e-01 -1.247078071973042185e-01 -1.643521664788977210e-01
-3.779665973744080754e-01 -3.840054161058167881e-01 3.435409103663561448e-02
-3.257643284857049126e-01 1.559178235892378639e-01 -7.077405349422680181e-02
4.728692511385066966e-01 -1.134561359518258261e-01 -6.176568459637064856e-02
4.251602793352120269e-02 7.527743314963072363e-01 -1.927073143175591086e-01
3.958251409478810157e-01 3.053886219089622100e-01 -7.741048926140480235e-01
-3.537947358442645185e-01 -1.176979913914089348e-01 -1.965444347426250626e-01
-1.893805646721073987e-01 -4.615259503420148235e-01 -5.331772973713149177e-01
-5.088286104327809367e-01 -3.009181268082072869e-01 -5.265850327775650763e-01
-3.650135317410262425e-01 -1.532313548780089851e-01 -3.346981039551884529e-01
-5.017354734319949827e-01 -2.993034163349130305e-01 -1.050712816742348094e-01
4.662789395680335125e-01 -1.663659977762775299e-01 -1.016607270563365750e+00
-7.643014097034488141e-02 -5.237477832307032566e-01 -1.608992305612514939e-01
9.303666322440096170e-02 -1.572181839354060973e-01 -1.202083469641225477e+00
2.657718942699258124e-01 -1.353395213629582546e-02 -4.525185763109888099e-02
-5.156136957096252305e-01 3.507204240043882426e-01 -9.148987917571339556e-01
-1.448886637865915428e-01 1.807407797268889005e-01 -1.361545543222945909e-01
-1.028451332606419855e-01 -1.091335233033086244e-01 -2.390532770960963060e-01
7.472794645022819982e-01 -8.022585605685939036e-02 4.702648906838458043e-01
-1.775971442840902359e-01 8.511691132517651415e-01 -5.016533125563026330e-01
3.813798293326667865e-01 7.151830645966111843e-02 4.735299956582181835e-01
5.144903824243921564e-01 3.837893189126672100e-01 4.116204062457567425e-01
1.808340694901864609e-01 -1.121441386626281095e-01 -4.025446316850325723e-01
-3.599919156427382472e-01 -1.860597083113533709e-02 -2.042979276163401081e-01
-5.366001918878134935e-01 -4.409494021203154701e-01 -1.383609343091626032e-01
-1.596758249317364875e-01 7.797514634535553102e-02 8.436715869210996699e-01
-3.227398242245968163e+00 -6.167661881419176595e+00 -6.600355811607616641e-01
3.147407064699707657e-01 -2.048164514613435294e-01 -1.093388963995552077e+00
4.045468868833648202e-01 5.684545572619605081e-02 1.057256352304849906e-01
3.002100826643270270e-01 -7.359363657279154036e-02 -2.030253137886244008e-01
-2.458740478343566238e-01 -4.674467250015188480e-01 2.080698227980004866e-01
1.602098205271119680e-01 -3.482852561290266658e-01 -4.884073340478108094e-02
1.512252863563537664e-01 -2.580640671425711852e-01 -4.782830518566699718e-02
-3.955501284443720955e-01 -1.223731779666343694e-01 -2.968940021541632834e-01
-3.261557202785879128e-01 -3.177754253197788148e-01 -2.724924829668887161e-01
-3.195461370181687522e-02 4.375260492920810540e-01 -2.535444451829539925e-01
2.543367289536981324e-01 -2.501165208873947776e-01 -6.206936724955126605e-01
1.061265170388061563e-01 -5.247432039967456913e-02 -2.032175181183033530e-01
2.882341588661817000e-01 1.251290024535283985e-01 1.168743256376185251e-02
-6.442971175617281387e-01 -9.226139127566186648e-02 -1.923442953603922423e-01
4.147391824574701846e-02 -8.466841604854573322e-02 -2.381613379657401552e-01
1.277944353657213539e-01 -3.173495323749953023e-02 -2.417156310469400216e-01
-3.309561122865840033e-01 1.032766695415931191e-01 -9.330212565138612524e-02
6.222572675589394670e-02 -5.403145931481888320e-02 -2.071066818884814142e-01
3.603032540255840521e-02 2.087333725265300977e-01 -4.691154933592376480e-02
4.099806718320402887e-01 2.280733856876142329e-01 -5.178315369918948807e-01
-3.562342552147597097e-01 -1.585118105577112135e-01 -6.603971802137748037e-01
3.408942098879071958e-01 -2.100806730669845801e-01 -2.508835523726974381e-01
-5.155312138531203958e-01 -1.009353581375446840e+00 -5.827764608232217924e-02
3.115472096522804990e-01 -2.318819441913194390e-01 -1.453360363667839106e-01
-3.094032625657033297e-01 -3.486018189837508108e-01 -2.346175529838476492e-01
-9.099502370723609734e-02 -5.372612903163063169e-01 -1.576233697538941547e-01
-5.506785387316728286e-01 -1.765704173292526324e-01 -5.175307475770002386e-02
5.962240168232981752e-01 -6.077890828962281278e-01 4.773135748077225182e-01
-1.839794403161834624e-01 -1.048075311194626602e+00 -1.520372381084993674e-01
-2.425953688621260707e-01 -3.904163256139533966e-02 6.090465143867095088e-02
3.083978689586021615e-01 -2.859408910236946322e-01 -2.126615440093223564e-01
-3.271439065264233337e-01 -6.436116840987404775e-01 -1.109835458021488225e-01
-3.970896212228564592e-01 -3.265361166120765435e-01 -1.132422433301680131e+00
-3.216483169408608234e-01 2.080676017500626418e-01 -1.477864558094337255e-01
3.704763780161338671e-01 -2.601548987406360203e-01 -2.222936076886705137e-01
-4.064052617485352514e-01 3.120411317060909906e-01 -9.717908637516869952e-01
-2.804602979682231934e-01 -4.655027739716701696e-01 -2.161470571570620336e-01
3.462447136498557065e-01 -3.178597024863745735e-01 -1.868817722566733508e-01
3.722319519155612988e-01 -2.203865489532047806e-01 -1.632909037019124321e-01
-2.093926056858220197e-01 -5.344473159213716240e-01 -2.896858311636494876e-01
-2.431847339750939641e-01 -1.158785937889158513e-01 -1.394266904906695248e-01
5.515109435377916203e-01 -4.087806457395994908e-01 -8.116366425165278953e-01
-3.491057330872461562e-02 8.515099019823541004e-02 8.315513673796666172e-01
4.090899537740397274e-01 8.037269481004372107e-02 4.694178420246893774e-02
-5.513041196087189455e-01 -3.767778710609049342e-01 -2.557071551400048603e-01
3.397081198931056756e-01 -3.040967612176368462e-01 -1.333380913583949723e-01
7.735977603875399122e-02 -7.081103653197455376e-03 -1.375802064397620150e-01
4.664243068210654486e-01 -2.061069849911471574e-01 -1.261134345913639543e-01
1.636553381470937096e-01 5.189965205474509347e-01 4.646295176187584808e-01
-3.724695839792743768e-01 -5.555030965766849516e-01 -2.472448758942083213e-01
-3.776989695650302958e-01 -5.165365249730012875e-01 7.937491618014764772e-01
4.408742712071408443e-01 4.864789312949249073e-02 -5.260880610148991471e-02
4.334022906998497571e-01 -6.423823798715733169e-02 -3.013069374155158964e-01
-4.375776621825554491e-01 -3.166004078851638592e-01 1.448680386356820948e-02
-9.554521800578813506e-01 -3.821325304701485570e-01 -7.053393891265686833e-01
-1.853837557702728289e-01 4.278785070074820340e-01 -2.483471588818461362e-01
-4.923563616942464582e-01 1.535284567512069653e-01 -2.656849133971878607e-01
2.636181036713165504e-01 -4.203316621592675384e-01 -1.472302612954085876e-01
-2.479086024773790031e-01 -4.936715802341886672e-01 -2.016458147268538614e-01
-4.386342473308604828e-01 -1.784032209240701550e-01 -7.111125641665967667e-02
1.249270601071950648e-01 -1.165794111377773112e-01 -2.112689357467781304e-01
-7.334801162871875668e-01 1.320294600726512960e-02 5.891095841926240889e-02
1.193119714431172956e-01 -1.359372735375145580e-01 -9.545028442899386456e-02
1.385134999623267027e-01 -4.867672066310342327e-01 6.263769143038809550e-02
-2.317329863927350408e-01 -5.023599033821258830e-01 -8.444157321497086643e-02
7.250501453678854791e-01 5.114458704097727404e-01 1.859289694624002287e-01
-4.595227360556257135e-01 2.933542437188359497e-01 -1.446011752351112345e-01
-3.499948147720287062e-01 1.212920083539773125e-01 -2.730424127487879882e-01
1.962923092970462469e-01 1.619155083424407837e-01 8.765620683690561465e-02
-5.909599884517091617e-02 -9.496295212365621907e-01 4.509762569183590752e-01
-4.834000103714377605e-01 3.247926585058871773e-02 -1.399324472423239540e-01
5.293470978679213346e-01 3.867697036159916668e-01 1.512804461965661651e-01
-4.910039860537797063e-01 -1.543389661756687792e-01 6.733564016974482591e-01
7.737173217361097144e-02 -6.259546930639020568e-01 -1.659921775210793093e-01
6.081460322725574796e-01 5.198188087012864944e-01 -1.539435860902597930e-01
5.266513232437765035e-01 2.618104966741719442e-01 6.297160604609072232e-01
-1.909379554993139994e-01 -3.367574918468045908e-01 -2.035424516876835066e-01
-2.002526439922170387e-01 -4.009370505181110156e-01 -2.630774364932639831e-01
1.015928115535554566e-01 2.022186915079908151e-02 -1.959774872050869809e-01
-4.761747862960025168e-01 1.522169644628926788e-01 -2.005760432811576899e-01
-5.818501321621467604e-01 3.208337967425552995e-01 3.575340929134074308e-01
1.945076409924651611e-02 -4.572106911930254869e-01 -2.444299208606266482e-01
-3.012219691639429486e-01 -6.130004457775528603e-01 4.881010868243902401e-01
-1.004102937670828671e-01 -9.907461440089772031e-01 5.751909200899016916e-01
-6.378146231884723738e-02 -3.682128683112698142e-01 -1.758313358132901627e-01
-4.636527610156102042e-01 -2.454361557457256440e-02 6.119442904047076581e-01
1.193146978273396525e-01 -7.901618937174019475e-02 -6.268911777627407533e-02
1.569850862635760458e-01 -4.314253078516644413e-01 -2.750559447889190934e-01
-2.597567387961519092e-01 -4.582383593261586952e-01 -2.619982738668770114e-02
-5.424485660284417143e-01 -1.691014083401241874e-01 -1.872817739417482474e-01
-7.296428938499982531e-02 1.212694804108705726e-01 -1.403149906363470867e-01
9.248595832825533269e-02 -5.973626942918404126e-01 -5.079028233342518933e-02
-1.370936247347234183e-01 -4.151237166463793149e-01 -1.718307242893124531e-01
-3.336050401912880603e-01 -2.163846317760550475e-01 -1.405692457316242705e-01
3.698104252241881662e-01 1.182354205657623059e-01 -6.206883053156966173e-02
-4.803216126350275950e-01 3.263770116037329472e-01 -5.365574146902015416e-03
-4.001605085778471849e-01 -5.174212124356059039e-01 -2.720578209453528573e-01
-9.144920565185483963e-02 1.223020189180814565e-01 -4.215424753273346314e-01
-9.859415787003779352e-02 3.226213178625430417e-02 -3.518705298954351579e-01
-4.845025142321651712e-02 -5.523286413687626961e-01 -1.183847494372511078e-01
-8.446517721694196679e-02 -1.449854056169191940e-01 -1.648322098325757101e-01
-9.534446527548523509e-02 3.358642766106648136e-02 -8.049073149231969482e-02
-4.760715727630016603e-01 4.361547353641657132e-01 -9.741823495532137001e-01
-3.685308835312635645e-01 -4.522855329435262473e-01 7.884665586285806438e-02
-3.591309234979522813e-02 -2.399465155087063609e-02 -2.606745909673955364e-01
8.508386595189946222e-01 -5.413287019616997986e-01 -4.375815266731357123e-01
2.482051309446896281e-01 -6.746604693484743454e-01 -5.923293013574226079e-02
-6.150453393082502274e-01 -3.916972465122133262e-01 -6.052280945247344723e-01
5.341314526033592164e-02 5.964009040961250063e-01 -9.633119958168516739e-01
3.067267005582463915e-02 9.344487020388536624e-02 5.732654368978405690e-02
2.203288704216172789e-01 -3.646449418314471891e-01 -1.638678905159551835e-01
-2.996107815094315452e-01 2.260865560154960707e-02 5.616131252597236778e-02
3.037519560376440997e-01 1.992244933500207371e-01 2.716329862117947483e-02
-3.331097717718112805e-01 -6.246730424093862588e-01 -7.016905881809379353e-02
2.660704148761402488e-01 1.051965714149511733e-01 -2.030497579760493498e-01
5.293294740892792172e-01 -6.992166950430995787e-01 2.601834554937965116e-01
2.164602883658040822e-01 -1.003697261851912159e-01 6.059273846798923085e-02
5.194836498373368167e-02 -8.366738121742181566e-02 -2.483702478394093915e-01
1.532497053298829681e-01 1.082408876001843961e-01 -1.816213404899236217e-01
2.156560342393999963e-01 -2.799134261882313957e-01 4.570065124987523347e-02
-1.834425478761729789e-01 -4.922696512653554346e-01 -1.894244244604590399e-01
-1.976313932123897610e-01 9.986689919405199178e-02 -1.033885741033979400e-01
2.978720525271537009e-02 -8.934597542659106217e-01 5.322832961934743645e-01
1.102798530830458729e-01 8.067446770344076368e-02 1.162480466436695108e-02
-8.193355687270187371e-01 -1.082696965439835929e-01 4.709767141665833767e-01
-1.411055376154318086e+00 -7.139240516713852180e+00 -7.523885692792182667e-01
-4.205708746982435575e-01 1.455285620508726396e-01 -3.699270701259597116e-01
-2.212623982362746655e-01 -8.350386226904491505e-01 2.655104273686642036e-01
-3.912064454541173131e-01 -1.820370212503634733e-01 -2.816111082467571691e-01
-3.448414261337149900e-01 2.031728233214354917e-01 -4.030658816149552681e-01
-5.668660400469052729e-02 2.690393995336031185e-01 -1.034153899648027342e-01
3.085334106024749667e-01 -3.236279462006908525e-01 1.940137896595898748e-01
-1.061894815997920100e-01 2.945361358643706073e-01 -1.207934544240491792e-01
-3.628550766392928950e-01 -2.801315673008222817e-01 -2.043762606079360666e-01
8.893446430563676022e-03 4.380195939278291872e-01 -3.084974137604422628e-01
2.427832331867407489e-01 -8.416643939460553836e-02 -3.086585414067144484e-03
-3.484561645923779372e-01 -1.417245952131969411e-01 -2.195422756697844868e-01
-9.894490717117636336e-02 -4.613206270828656974e-01 -3.137136653231586969e-01
-3.191863093454703204e-01 4.626447928460686310e-01 -2.821247170110477986e-01
1.535608903115463220e-01 4.407951718070879377e-02 3.827286413582718372e-01
3.204235942377414714e-01 -9.489751239917544601e-02 -2.079004895058575719e-01
3.375868137405829694e-01 -3.614047833345210292e-01 -3.161728306335812588e-01
-1.210489528580317581e-01 2.074719113901098144e-01 8.687587859417171821e-01
2.823928778273339102e-01 -8.494119594019150510e-02 -4.016231690416401101e-02
1.235405556644662284e-01 -1.620647977537656714e-01 -1.331402405669602773e-01
-2.868175096172766447e-01 2.180088108864637053e-01 1.689360412142383028e-01
-1.949026954751963969e-01 4.120752902044354238e-02 -1.193593879174609101e-01
-9.385079271456910066e-02 4.426885171790072571e-01 -4.779091514018536935e-01
-6.567144759442861135e-02 -7.006443746682167184e-01 -1.694862445951818009e-01
-5.709547594315268759e-02 -3.117637774288237185e-01 1.273949892089628888e-01
8.777786359258141768e-01 -2.488371388018619790e-01 -3.306044013531636017e-01
-3.464567767193738046e-01 -2.130222820851842003e-01 -1.959871508464706980e-01
-1.420776263285270513e-01 -5.575423601103561833e-01 1.146415815779125574e-01
-8.252554552235709037e-03 -4.692239969085553741e-01 -5.615713798437393933e-02
2.214009638515276601e-01 3.424977038126190698e-01 -4.526631853007078710e-01
-3.960798642601016661e-01 -4.303317759485927319e-01 -1.004185558066361006e+00
-3.357577484343022330e-03 -6.583307421475387278e-01 -6.886187231841531808e-01
-1.038085611748956971e+00 -1.314900983733424122e-01 -5.585624406839050371e-01
5.848190257699904110e-02 -4.359934975178519356e-01 -1.454669173912632729e-01
5.081351514860129592e-01 -3.096616718358315423e-01 -6.469934057146303763e-01
-5.178900076249473017e-01 -4.518706068841699119e-01 -1.155909506033655082e-01
-7.500487573552484521e-01 -2.983821790032568089e-01 -3.242321274049160262e-01
-3.637143437116760469e-01 3.649848057528988221e-01 -3.333454382751562250e-01
2.294065141464487201e-01 1.760989212323856024e-01 -2.379726258954749651e-01
1.468821481052769162e-01 -6.749492243361332466e-01 -5.121620294345531621e-02
3.912425436824785302e-03 2.279917211981362102e-01 3.037944548286238278e-01
-2.594354571321845770e-01 -4.276498250797005074e-01 -6.114721864028653808e-01
3.069886307561641714e-01 -2.924772417287694465e-02 -1.128930356577292127e+00
-3.903901299893468568e-01 -1.904938501987136212e-01 -1.585432638051978704e-01
-2.207227635258986742e-01 -5.362559993944233661e-01 -4.347731154096313166e-01
-3.080511233247004710e-01 -2.252480306369548102e-01 -1.672723992840487450e-01
2.076651249098058760e-01 6.115774631089097857e-02 -2.197216030238322571e-01
-3.169678767196938973e-01 7.885977484252635131e-03 -1.552090930189227169e-01
-1.464152544645821175e-01 -6.342533448426376230e-01 8.852958342672108405e-02
2.051919526830345564e-01 3.263581003982793383e-02 -2.969329687472133661e-01
-2.837831828895858166e-01 2.936192405368692193e-01 -8.785607840899255228e-02
8.435027702455889509e-01 -1.576592113318205091e-01 -2.410214834475506995e-01
1.819003269392368283e-01 3.558169533049783118e-01 7.834078346827662298e-02
-1.803324134045603822e-01 -1.187789365819754028e+00 3.188005932337156789e-02
-5.583353563374433559e-01 -3.385246560303143970e-01 -2.470435268169832166e-01
6.639748171209200467e-02 -8.032314971364491463e-01 6.876609357801044542e-01
7.257643125255938688e-02 2.193288675454082293e-01 -2.440996633616331346e-01
-2.417825891563026366e-02 1.973286416365946649e-01 -2.960029739133985816e-01
-2.471196545578945858e-01 -2.537876512558306930e-01 1.497434723800029066e-01
-5.473773746681843272e-02 -7.597955123141355571e-01 -6.510123963671592406e-01
-2.331256165329877728e-01 -2.559605524642293850e-01 1.519442867263574026e-01
-4.929906588397341416e-01 1.676515511559869831e-01 7.401400748062149093e-01
6.309342298187224918e-01 5.114939615667997153e-01 1.310033618965074642e-01
1.523609934212407924e-01 -2.320461895721194212e-01 -1.292060967636671776e-01
2.210331158232174964e-01 5.455303222930570073e-02 -4.044549412704611657e-01
-3.689867671184249853e-01 -2.792320453031550964e-01 -2.555504781323461039e-01
3.269998204059904046e-01 -1.455631325602416981e-01 -2.629214401314030058e-01
-3.462303861903971991e-01 1.768670969032802576e-01 -2.716559253413926567e-01
-4.004171994063229212e-01 3.213079303881076765e-01 -1.689356360799550982e-01
9.606801917873966645e-02 2.401545231666464275e-01 -2.936879268673974197e-01
-6.010134563253266560e-01 -3.243918403002346573e-01 5.365274857787527552e-02
1.987536995891938107e-01 -6.073455822004240057e-01 1.411538584514776540e-01
4.613087126098417423e-01 3.999040905355406850e-02 -4.167454012254134810e-02
-4.253682592332439505e-01 -5.260838788944831590e-01 -5.486481785743386672e-03
-5.347704690164146318e-02 -4.607776672410167085e-01 -2.485188787735949367e-01
3.892636944044175484e-01 -1.926610756084687348e-01 -3.738784415786270965e-01
-8.180218089906492462e-01 -1.159021351081430395e-01 5.271399668490355239e-01
1.295050684374252914e-01 -4.308369536755826679e-02 -1.344613065063626212e-01
-1.658441313851410637e-01 -5.817152145683335274e-01 -6.602302842890681034e-02
-7.734297466304310142e-02 5.288672482175219569e-01 1.310942536577684447e-01
-1.347542175319065838e-01 -3.576334932322882687e-01 -1.134219240635973236e+00
-2.272361171928925505e-01 3.698277706406212784e-01 -4.166446982436005642e-01
-5.175818908567435955e-02 -3.328422738865595143e-01 -2.695338136202411472e-01
-9.298481373031772246e-02 -5.913296355532035031e-01 -5.017009785835104818e-01
-4.917044540922964058e-01 7.183908541106510670e-01 3.942819267511172288e-01
5.700852311650026621e-02 -6.194214679058301920e-01 -4.783737904928247325e-02
1.379858236589119880e-01 9.714464825397053915e-02 -1.318025285875405739e-01
2.473185358174952442e-01 -7.837333398081521019e-02 2.585156598334021893e-01
-2.301609553517820761e-01 1.932745993825557840e-01 3.173143938032792297e-03
1.718668409967725186e-01 -2.593692095642233797e-01 -2.284772601396518887e-01
-7.448581236270521155e-02 4.412845068887294997e-01 6.713887070698082785e-03
-2.879627012355839288e-01 -5.230275151132425249e-01 -4.132772298512894515e-01
1.635562739590297465e-02 -4.152560106719141997e-01 -1.909051320881415548e-01
-1.079732422748931331e-01 4.654749042307452789e-01 -2.787184207338296860e-01
-1.347615776327370229e-01 -4.309643474661127294e-01 -1.553298108854215820e-01
-5.268679778331677999e-02 -4.852320197288275128e-01 -1.809758526337091611e-01
1.161469929743060153e-01 -4.394264833538538695e-01 -1.644822959276933672e-01
-1.436413379976221594e-02 -5.098810588519946396e-01 -1.571331926139475088e-01
8.337708901471538314e-02 -3.609592477228581453e-01 -1.427448434499288266e-01
4.844016993609897431e-02 3.521950253854617685e-01 -2.033152561421574522e-01
-2.537474292487776895e-01 -2.118238650544606028e-01 -1.501902888211058273e-01
5.063138479784124596e-02 -6.372179427349401459e-01 -3.782392879966837151e-01
2.950718025558047297e-01 -1.152790037556519209e-01 -2.569737796461766255e-01
-3.978781151357537738e-01 -2.419946759485139542e-01 -9.721675976967493471e-02
4.923078592010965426e-02 3.355568515624208770e-01 -4.787471331199960600e-02
-4.903275588268059537e-01 1.692382187070818333e-01 -4.502371912581109026e-01
-4.699438767374525816e-01 3.459858465088105905e-02 -4.320715588485506409e-01
-5.253671043514202693e-02 -5.039129583941848178e-01 2.368261106917504411e-01
-4.708521147303584842e-01 3.496755958879282922e-01 -3.524801285380694399e-02
-4.385915204547380375e-01 -1.939556438524270843e-01 1.793785813926437600e-01
5.733448978786395700e-02 -1.174706611487401492e-01 -1.764290293454596203e-01
1.901682873766898652e-01 -1.862998676617068639e-01 3.329870489519165533e-02
-8.793636634663593021e-01 -3.178248290042444690e-01 3.129165709776809967e-02
-2.347165295808839869e-01 -4.460506095251404179e-02 6.593635653737285329e-01
2.564845336716885527e-01 3.218097457456644550e-01 -2.372743652446517304e-01
2.877092563748984699e-01 -1.925552857078026425e-01 -2.458763913521298805e-01
8.786754420805313603e-02 -4.790823436677717484e-01 -6.215337652254584455e-01
-3.459914519679884587e-02 2.423677627898775389e-01 -2.856509335406290373e-01
-4.061941600301275934e-01 1.885305185147988505e-01 -1.671780258193800439e-01
-2.286557978084517717e-01 2.521065326995247657e-01 -3.635752725694792464e-01
-3.841275579059600515e-02 2.252323998451217502e-01 -6.829363197055690060e-01
8.507435754323205979e-01 8.518891316541057912e-02 -3.411308133578738744e-01
1.653968834875096106e-01 1.713158286363738458e-01 -2.432457121814464995e-01
-3.915654759000424812e-01 2.131546542978303704e-01 -1.532712995879516038e-01
8.683198275264525368e-02 -2.974993706073316146e-01 2.504282801146115456e-01
4.354630570560908409e-01 8.680481029932424875e+00 -4.083708600627724561e-01
