-5.368082679679186953e+00 1.266243767921034769e+00 -1.464950875453090218e+00
-4.937187293117569986e+00 7.951664335932485672e-01 -1.767550438249618106e+00
-4.659721163461552962e+00 6.388178066747655093e-01 -9.787972042122801142e-01
-5.438554161127716391e+00 1.496197692143641511e+00 -1.316945956250365590e+00
-6.066301285036611368e+00 1.909475262440769372e+00 -1.792162823338071531e+00
-4.945206621215182174e+00 1.197455122117295767e+00 -1.206571219356430857e+00
-5.766317019833142155e+00 1.683321078267576265e+00 -1.322322342427463937e+00
-5.248683283963228696e+00 1.825078980368291637e+00 -1.366843683292976674e+00
-5.917365757440228080e+00 1.453053854540800716e+00 -1.310300340977348377e+00
-5.368292591048554385e+00 1.603038677619204710e+00 -1.405598880916753224e+00
-5.714206689069696310e+00 1.725626209861920168e+00 -1.424297980699703370e+00
-5.634540821413936307e+00 2.349712614233371077e+00 -7.266075975134490550e-01
-4.913652726401577908e+00 1.330355655988292529e+00 -1.177056377143341770e+00
-4.996107990932407539e+00 1.145618643065378528e+00 -1.356715723793249895e+00
-5.277896326053800991e+00 1.849935286028674630e+00 -1.058863869796799806e+00
-4.809918547265557009e+00 1.361237532006541961e+00 -1.264101661787137232e+00
-5.991556236864819418e+00 2.108326979632745513e+00 -1.428570211165604231e+00
-5.489628589051930518e+00 2.000503466585152434e+00 -1.337671765063083607e+00
-5.221842602335855510e+00 1.355810395083991260e+00 -1.518170006439679698e+00
-5.272159865889443964e+00 1.115907912073930142e+00 -1.276269350213015796e+00
-5.612875615629365100e+00 1.782675893908165943e+00 -1.239633997654542519e+00
-5.861491980574883520e+00 1.074909747720012687e+00 -6.270382689972686663e-01
-4.893313993794841110e+00 1.577609733155558080e+00 -1.056589983310441738e+00
-6.165974348032534635e+00 1.063785418333190513e+00 -1.546065029306544103e+00
-5.777981319726742448e+00 1.018291991666744556e+00 -1.503454749891656839e+00
-5.484594129674682073e+00 1.521125985916320422e+00 -1.328578770965706646e+00
-5.644951031538501418e+00 1.349453915852470098e+00 -1.360838510299862136e+00
-4.892674008902762495e+00 1.983240148470542197e+00 -1.124800513883387643e+00
-4.899639830655495132e+00 1.366892588660301833e+00 -1.378055788704128037e+00
-5.076570430615150897e+00 1.063407027395207649e+00 -9.856871684185506410e-01
-4.870465694551806557e+00 1.688348663666828786e+00 -1.345076178078385754e+00
-5.524703690314331617e+00 1.281746979481950710e+00 -2.054246653253426480e+00
-5.509324670658991785e+00 1.122089147784197216e+00 -1.161025587782575474e+00
-5.665748481275510784e+00 2.321936470597441460e+00 -1.440204375947706783e+00
-5.839731423669479504e+00 1.544738938531627248e+00 -7.578786209371021210e-01
-5.825083305773040010e+00 1.368632155420329122e+00 -1.404489875355740880e+00
-5.387090555993263585e+00 1.478968281701430243e+00 -1.270134325221638827e+00
-5.573780054701124698e+00 1.073649202343755382e+00 -1.652322497748379027e+00
-5.313248147722415382e+00 7.637360740652981983e-01 -1.424447867970694004e+00
-5.667300899848603635e+00 1.211805155320104133e+00 -1.408545139545593461e+00
-4.855943694089733143e+00 1.174857715704460626e+00 -1.461947895344486881e+00
-4.924097157782624912e+00 1.469502371297575438e+00 -1.411316390158668499e+00
-5.624342714166164825e+00 1.397106880046099509e+00 -1.499277757476779493e+00
-5.436875402118116263e+00 1.806809433501269657e+00 -1.131616767515814859e+00
-4.762865183557628335e+00 8.187260429539822137e-01 -1.770952520665143304e+00
-5.920028251101942196e+00 1.318195083724951866e+00 -1.041858337485898733e+00
-5.419499810490760794e+00 8.483716072535065766e-01 -9.265505900110452275e-01
-5.757303732647407024e+00 1.668273632370677051e+00 -1.326116762868615018e+00
-5.574581378963752165e+00 1.352106234912791249e+00 -1.227293307384577536e+00
-4.654028509241618927e+00 1.618860585824596354e+00 -9.974852368483089204e-01
-5.433449063579323557e+00 1.515336182733253434e+00 -1.886093218954813633e+00
-5.794746361766623721e+00 1.007779734429579799e+00 -1.069512028133988046e+00
-4.748336470667153364e+00 1.196138088838942126e+00 -1.820775125397528837e+00
-5.502634430089425877e+00 1.803531403642910425e+00 -1.752472795824785656e+00
-5.415413768210839862e+00 1.814319634388370517e+00 -3.885921011748406095e-01
-5.188452243126778107e+00 1.601218615329033756e+00 -1.487211238771313893e+00
-5.124794696558439000e+00 1.681117940848285697e+00 -1.493034889235580920e+00
-5.540803755266532349e+00 1.698491205638812174e+00 -1.321571040855521462e+00
-6.438980822737912391e+00 1.237794405653909413e+00 -1.396409869359224842e+00
-5.224291556496057254e+00 1.699992453696663741e+00 -1.212768958861257129e+00
-5.121905243579031541e+00 2.522049462221366944e+00 -1.263224719030578758e+00
-5.010350584939492258e+00 1.330578352051183355e+00 -1.509606902323524125e+00
-5.401847860224782139e+00 1.977456400345246612e+00 -1.672785217591332696e+00
-5.390810569519138618e+00 1.307828087175602505e+00 -1.360844874956933959e+00
-5.700296541141902651e+00 1.071642908263616745e+00 -1.256402530999141565e+00
-5.167887784815856200e+00 1.290925392095038093e+00 -1.194458940930985813e+00
-5.625741308380248995e+00 1.104781062634618616e+00 -9.517053262587731322e-01
-5.460301856882490590e+00 1.542616652602396332e+00 -1.322023079539550894e+00
-5.568254415406030944e+00 1.729998104164330419e+00 -1.485195464475755900e+00
-5.011866194020710097e+00 1.469210866993228892e+00 7.383996993869937353e-02
-5.260039323259646515e+00 1.429716146912762165e+00 -1.474288794292796023e+00
-5.551539019038075118e+00 1.553305157175499662e+00 -1.411448889879495683e+00
-5.319399516454072163e+00 1.604327201621746690e+00 -1.301627079934004838e+00
-5.297379301586626177e+00 1.612245033175454756e+00 -1.183765404415198619e+00
-5.482744832700172211e+00 7.352586769753879370e-01 -1.381284045236143898e+00
-5.931966121528052582e+00 4.982340911056272748e-01 -1.466249420882830057e+00
-5.042847802179091232e+00 1.019713612611053311e+00 -2.320128320644864406e+00
-5.267505330654870477e+00 1.319091900058971811e+00 -7.029305058000120399e-01
-5.357012191454804118e+00 1.446526682747413917e+00 -1.257312021075350561e+00
-5.622080283488891439e+00 1.829114530506665171e+00 -1.345461098764426433e+00
-5.428304523903683787e+00 1.418250300831512600e+00 -1.517926855807146591e+00
-5.507639276770411207e+00 6.018423943432350542e-01 -1.372540547562750790e+00
-5.488542623011525734e+00 1.435792234214652963e+00 -1.392585095361923875e+00
-5.877108917639587204e+00 6.923348178405477338e-01 -2.472877557973712559e+00
-5.012182593053835511e+00 1.193793030995812243e+00 -1.168142393186372363e+00
-5.056883812362958253e+00 1.488958286776260520e+00 -1.376461469929092685e+00
-5.736508190998123702e+00 1.544305490954228199e+00 -1.062105186840996307e+00
-5.355211091416336444e+00 1.183108819917446652e+00 -1.760277960738773739e+00
-5.451885355183664572e+00 1.844475415040234934e+00 -1.306900655186497007e+00
-4.886216072017021794e+00 1.414191817761155656e+00 -1.229864625467861350e+00
-5.595728698430450621e+00 1.382177299974832518e+00 -1.727473770444961421e+00
-5.050556404526099108e+00 1.049926556422470458e+00 -1.310358011606646444e+00
-5.560051137728632575e+00 1.233085064757170501e+00 -2.237866567192156264e+00
-5.013427349521329290e+00 1.339099973571919788e+00 -1.351582875479264922e+00
-5.330712811474212387e+00 9.332232530310208274e-01 -1.505149042426139117e+00
-5.725002086325420514e+00 1.301345008625760524e+00 -1.119042861560918034e+00
-5.531668198105102796e+00 8.224546080419413707e-01 -2.537226270787840132e+00
-5.338930608083396478e+00 1.475480480015760376e+00 -1.142268076529920906e+00
-5.545488431308032595e+00 1.124256046067573234e+00 -1.601607359265410535e+00
-5.713920488901531591e+00 1.562935596344495748e+00 -1.275688471729596873e+00
-5.607694389130529089e+00 1.573495003157547645e+00 -1.383966268472523131e+00
-5.809159664353023445e+00 9.875485597742347244e-01 -1.146071512922908431e+00
-5.736779822792272832e+00 1.587711991290215341e+00 -9.458416254227485220e-01
-5.452480817443809080e+00 1.284388433114172390e+00 -1.391578045534255903e+00
-5.536235468049663488e+00 1.533321454264638506e+00 -1.358162311212652851e+00
-4.938813199101975471e+00 1.353564733607834247e+00 -1.341062620486833223e+00
-5.245790458862634509e+00 1.635674994346427713e+00 -1.125531085154704458e+00
-5.157806492836230383e+00 8.996350593924875572e-01 -9.985986246652411857e-01
-5.668213970878320573e+00 1.741622209887643713e+00 -1.317609974803945594e+00
-5.223447704756574161e+00 1.791194234925497009e+00 -1.540843312372448537e+00
-5.496552786993550654e+00 1.158061167314993645e+00 -1.490046434802420050e+00
-5.557597234756181948e+00 1.574736207046638636e+00 -1.322740132706258231e+00
-5.800558379707688061e+00 6.889555526003843244e-01 -1.314866306753336378e+00
-5.075019034140392016e+00 1.342440101690633103e+00 -1.191203282435277400e+00
-4.821808932162876538e+00 1.350619586730718025e+00 -1.525233456914930619e+00
-5.220301321419785090e+00 1.060693871085890416e+00 -1.178698811157677717e+00
-5.402315606825245808e+00 1.513043366975853621e+00 -1.416246314973003573e+00
-4.758258165198419043e+00 1.438698566630184139e+00 -1.306301412012088825e+00
-4.135734631546001516e+00 1.790074181510380891e+00 -7.637650892179540518e-01
-5.363446246470017442e+00 1.844362115313060935e+00 -1.251187832538890987e+00
-5.243217245076964517e+00 1.662693227825519315e+00 -1.279432152686233559e+00
-5.280012111244934303e+00 1.728754220005989550e+00 -1.034137451933579310e+00
-4.999023618678930525e+00 1.756568421680516634e+00 -1.471957272410014950e+00
-5.294504775754455217e+00 1.055515223627305765e+00 -1.432521404365160844e+00
-2.240045966584023418e+01 5.450906293137587966e+01 -3.091649241597513864e-01
-5.276282392358383255e+00 2.218762508123306443e+00 -1.197044221393522401e+00
-5.014559076791320180e+00 1.626125335881178691e+00 -1.675311699354332218e+00
-4.943078297030551127e+00 1.410315545978684248e+00 -1.819944383692567946e+00
-5.511977331479323006e+00 9.130818612919643362e-01 -1.302282667880132028e+00
-5.744822321947054000e+00 1.521680476634238222e+00 -1.325493494824827145e+00
-5.660507870622707216e+00 1.102273048558273683e+00 -1.315974539475471605e+00
-5.605412390774928255e+00 1.165335013016274068e+00 -1.093394979704740644e+00
-5.237057292303442857e+00 1.842436230826139720e+00 -9.937628238798184022e-01
-5.555282573792882594e+00 1.263787962772008111e+00 -1.360250316567223505e+00
-5.265074132021829278e+00 1.710953242374648076e+00 -1.394366872441920480e+00
-5.419130696554711690e+00 2.136497249724339298e+00 -5.482161849520171826e-01
-5.422231771691959246e+00 1.839747962864588970e+00 -9.775793588335721651e-01
-5.201703160071796006e+00 1.933306289358191155e+00 -1.191499738561211608e+00
-5.934057889215134551e+00 1.607840410288866595e+00 -1.240237952959910572e+00
-5.002038996666379411e+00 1.270667094354178683e+00 -1.362685109790237048e+00
-5.152915872751408166e+00 1.237326833972174356e+00 -1.187268758813251779e+00
-5.088253730448327516e+00 1.722168969403769179e+00 -1.581271549220715222e+00
-5.474884249509851308e+00 9.491165910406353934e-01 -1.283928402114337786e+00
-5.574251448450435298e+00 7.662032409727606019e-01 -1.361421673390487586e+00
-4.803205560563228005e+00 1.253014444135980066e+00 -1.361278240717770815e+00
-5.381223305828143566e+00 1.601526273065877914e+00 -1.568753192603288937e+00
-5.261488450276833539e+00 1.535979895818921914e+00 -1.241260307832761756e+00
-5.869494599826022174e+00 1.399134613067764210e+00 -9.412305599269884526e-01
-6.043541346948390292e+00 8.658837378853531108e-01 -7.920882206840692552e-01
-5.747497806656181929e+00 1.480463062257221685e+00 -1.030227531968131105e+00
-5.171353531766192724e+00 1.750303967008714379e+00 -1.450011191281610268e+00
-5.103326538960325287e+00 1.381780844560209776e+00 -1.237359782677622588e+00
-5.390197616472312880e+00 1.873976934145965778e+00 -1.227243133192445601e+00
-5.105725429909435675e+00 1.438154057028474320e+00 -9.063769848833623799e-01
-5.811830231776524691e+00 1.507501511858695631e+00 -1.251111418530507668e+00
-5.853897466357656398e+00 1.758853257678514304e+00 -6.746931674174485583e-01
-5.387829843895175941e+00 1.701479938934010283e+00 -1.367963999501082162e+00
-5.099268538565184805e+00 1.461984303287008569e+00 -8.702892105460882100e-01
-4.893350302218897774e+00 2.598450528079955024e+00 -1.558277963435086733e+00
-5.153256459341470475e+00 1.262390265316710947e+00 -1.306316717662122651e+00
-5.516309455125158578e+00 1.460346303529139966e+00 -1.632473218379124846e+00
-5.139259481249626837e+00 1.643629464639455584e+00 -1.385543041444950330e+00
-4.625461144010925452e+00 1.870652593136803432e+00 -9.914790337451676594e-01
-4.940964203641240005e+00 1.313280776452359966e+00 -1.250489967465390651e+00
-4.814482309766676238e+00 1.439573431866786102e+00 -1.382486761339870585e+00
-5.233846336023045609e+00 1.835040880953881404e+00 -1.244555303443171113e+00
-5.504786421605603053e+00 1.462843672316860300e+00 -1.392844751816317839e+00
-4.877058702052217143e+00 1.536576153861805683e+00 -1.301035136391583968e+00
-6.431579253899291970e+00 1.817036125823117576e+00 -1.791612097674758042e+00
-4.872422318130331220e+00 1.175681144539422185e+00 -1.316399354035735936e+00
-4.834298093911757022e+00 1.634338055695793157e+00 -1.350589115253629569e+00
-5.144111515543072777e+00 1.395919217038702920e+00 -1.411882797268743550e+00
-5.124017019131031248e+00 1.093984812641995763e+00 -1.365986883199480362e+00
-5.126690127125270280e+00 1.742011216223349201e+00 -1.168768535608206927e+00
-5.359573891029105752e+00 1.527152370248189950e+00 -1.101732709532222909e+00
-5.574133289979168460e+00 1.240304622258956657e+00 -1.228611407524983212e+00
-5.107024927546835791e+00 1.075559349689789279e+00 -1.174267135518323846e+00
-5.122987238425427137e+00 1.625889119117520210e+00 -1.552755499673700079e+00
-5.450612168244621358e+00 1.041494613688137560e+00 -1.103826601301691523e+00
-5.269995689205303258e+00 1.441542998051245528e+00 -1.292309027383433229e+00
-5.049159569829338778e+00 1.693917055136181959e+00 -1.387648823876511228e+00
-5.170710034074151196e+00 1.664432702673231068e+00 -1.450051559687388192e+00
-4.849667022685535400e+00 1.127948113984128087e+00 -1.293716345395614864e+00
-5.240784022611900461e+00 7.549788739584045727e-01 -1.324967148952793661e+00
-5.701414139106693924e+00 1.225530629865353660e+00 -1.359359987861143537e+00
-5.241350742457049350e+00 1.554754023543219343e+00 -1.267787865507509215e+00
-5.646462053469936571e+00 1.641707843076784634e+00 -1.601866404488031748e+00
-5.448816216083088193e+00 1.454437706437815558e+00 -1.351911695991793616e+00
-4.778801541491547233e+00 1.477490892275582723e+00 -1.298081514759613864e+00
-5.203554844985841754e+00 1.112834165455327318e+00 -1.116522966152709406e+00
-4.867916723793896949e+00 1.386640819328029295e+00 -1.819042616796810563e+00
-5.650864524793290045e+00 1.246157505967725010e+00 -1.441537953014812024e+00
-5.056236170033596267e+00 1.686184227577986361e+00 -1.467440429185331352e+00
-5.796087317958718010e+00 1.546562723931286021e+00 -1.203109646834828128e+00
-5.961096701733516134e+00 1.845592282173198484e+00 -4.165120177680169955e-01
-6.186647483752561349e+00 6.236631447562281938e-01 -1.455391553955573514e+00
-4.967277443535193626e+00 1.109851296738722182e+00 -1.180707994295430163e+00
-5.084677480954096218e+00 1.217401696782588028e+00 -1.148576191879586927e+00
-4.906929203535456807e+00 7.931268450121444769e-01 -1.425592202497719230e+00
-5.584214911980062368e+00 9.194301270093084844e-01 -1.580025963526457966e+00
-5.602006228302903956e+00 1.612327744256557782e+00 -1.115286561664279086e+00
-4.991469058728041475e+00 1.758682900102389590e+00 -1.321628530467723328e+00
-4.954736587092416933e+00 1.259535788623065145e+00 -1.312187093849091379e+00
-6.510688241497508244e+00 2.063458014991453648e+00 -1.221674697688020839e+00
-5.451175724635519693e+00 1.795353320950566989e+00 -1.173423274190616983e+00
-5.378143812886234443e+00 1.397473313023893216e+00 -1.246208477712722695e+00
-5.184571884011782927e+00 9.721711938675673403e-01 -1.374157906789319927e+00
-5.264697100187588852e+00 1.151541256143052028e+00 -1.344098958706019475e+00
-5.562875695375716134e+00 1.099768336810141633e+00 -1.458885218313165755e+00
-5.529343389993186975e+00 8.967850023572698781e-01 -1.129432913969854235e+00
-4.812518201823960950e+00 1.461482152218819275e+00 -2.415337843058559475e+00
-6.312236936382899621e+00 1.005274825044313758e+00 -7.974688953936049929e-01
-5.056163503486794220e+00 1.257906134523600672e+00 -1.608391061223295893e+00
-5.510557922969828049e+00 1.858652638602742435e+00 -1.416585984833586886e+00
-6.163266626445036422e+00 1.046454010490837971e+00 -1.475206385262997522e+00
-5.535167263240754032e+00 1.146949758522384455e+00 -1.087498427032480119e+00
-4.911922317925977666e+00 1.942269814183112731e+00 -1.550744641548426284e+00
-5.207595790344791808e+00 7.766447986152507088e-01 -1.322000000986793822e+00
-4.983859985225084444e+00 1.191501207899839709e+00 -1.533101084070352282e+00
-5.755887724899602098e+00 1.127809938564411363e+00 -1.397277520566280851e+00
-5.004254418187533027e+00 1.904862616642476025e+00 -8.888728841347519616e-01
-5.321145265227593235e+00 1.482279152715626047e+00 -1.285985515341270036e+00
-5.667142872621591998e+00 1.681198823415305244e+00 -1.565450320733813516e+00
-5.529249170235860156e+00 1.121370603496908203e+00 -1.149862873212126546e+00
-5.886688350854324625e+00 1.485786265375255821e+00 -1.153401829763051278e+00
-5.782394934137880860e+00 5.421806973197709212e-01 -2.225272103937999457e+00
-5.307288715883848873e+00 1.768941851473033955e+00 -1.173870909015680475e+00
-5.262296406162983331e+00 1.842764776056563303e+00 -1.255206015413526499e+00
-5.451293302592081780e+00 1.545752037384528599e+00 -1.317699101971575582e+00
-5.488356326789638473e+00 1.339252315345516031e+00 -1.446861931656782119e+00
-5.192560902462886041e+00 8.163867268545977884e-01 -7.170071272190248202e-01
-5.161405628455422168e+00 9.339997842940584993e-01 -1.223434202508157931e+00
-5.184518696453333853e+00 1.008473826013570607e+00 -1.339513054189069186e+00
-5.116093132855273673e+00 9.344190447892186668e-01 -1.413308596817509422e+00
-4.976395408271083731e+00 1.854680786959579164e+00 -1.199313669249884473e+00
-5.571061271475788779e+00 1.517797642669053149e+00 -1.450709802123996139e+00
-5.849036696746547470e+00 1.215269069687724413e+00 -1.026927826336033744e+00
-5.896418599730206545e+00 9.535800724179871457e-01 -1.213257205007599815e+00
-4.869488790717605653e+00 1.439842018100258692e+00 -9.993189626461287389e-01
-5.900627797253848783e+00 9.633931870050186363e-01 -1.240717105070174187e+00
-5.842897861420304650e+00 1.215550576642951297e+00 -1.266962859298540911e+00
-5.438239466777556430e+00 2.273475700501637942e+00 -9.411094790728393722e-01
-5.204376738915845735e+00 7.553834352880017811e-01 -1.311555935202693091e+00
-5.332735330871286372e+00 1.136224975204673360e+00 -1.122575325762083631e+00
-5.479352436912931168e+00 1.196603271910913202e+00 -2.360353230617984632e+00
-4.999399367448943643e+00 1.390853321084523087e+00 -1.306390877796475003e+00
-5.023583608455559180e+00 1.521484443698379874e+00 -1.306375183813785812e+00
-5.536309203306682747e+00 1.830443028429481256e+00 -1.452674947705043129e+00
-4.987449194340890735e+00 9.285623235367856942e-01 -6.624128772265827081e-01
-1.904623330511680379e+01 1.279123985073148617e+01 3.986434790073767331e-03
-5.670250081933819075e+00 1.673646850139575148e+00 -1.140988654191752660e+00
-5.017209237257115539e+00 1.755722737336624206e+00 -1.170995610071607240e+00
-5.558051266532800128e+00 1.053559986319126063e+00 -9.136474487506379694e-01
-5.342765384009275920e+00 1.405214495656496476e+00 -1.263939534459371350e+00
-5.811568322399790709e+00 1.706591632831847338e+00 -1.422859381745968266e+00
-5.394718211487055548e+00 1.814098463262391103e+00 -1.209206598533905108e+00
-5.297968211845221376e+00 1.803637459730578652e+00 -1.339344551742851941e+00
-4.844070310665728130e+00 1.281162167806939145e+00 -1.316263920739990656e+00
-5.643329082684819475e+00 1.354666690921681571e+00 -1.051005481159344113e+00
-5.879834913081953829e+00 1.686373891351619525e+00 -2.692549054523552532e-01
-5.048192900455219956e+00 1.068837863000811073e+00 -1.470323509367120085e+00
-4.858274678334514540e+00 1.761414969962699750e+00 -1.168514848130232986e+00
-5.221304727029141723e+00 1.696597862774137599e+00 -1.514059566026551229e+00
-5.900876626357661969e+00 1.448176902704769287e+00 -1.197830684229563847e+00
-5.345457046383565114e+00 1.298519563438140123e+00 -1.330593592770950018e+00
-6.031104531716169781e+00 1.478482030754639798e+00 -1.538408324340517552e+00
-5.688006461886846665e+00 1.650588303410322588e+00 -1.082262920792629313e+00
-5.891051356775617087e+00 2.390700052502169548e+00 -2.001198130425971000e-01
-5.201675108509348000e+00 1.703270715816608050e+00 -1.178192496873354811e+00
-6.589090118899229687e+00 1.032405846871820687e+00 -1.480568202153153656e+00
-5.302454916424505171e+00 1.505747859075281525e+00 -1.277829094785715158e+00
-5.760781477567783249e+00 1.529946854667160849e+00 -1.105234198224922304e+00
-5.341894493805203759e+00 1.905151782236395919e+00 -1.272998610638931050e+00
-5.940847677167766960e+00 1.347264095036996512e+00 -1.282735366151581013e+00
-5.719248444551465305e+00 1.528055658632345271e+00 -1.262517329913462438e+00
-5.713976518172579233e+00 1.766156920309776668e+00 -1.188351355566131140e+00
-5.423003977325619118e+00 1.494627231223133013e+00 -1.286674000819346908e+00
-5.213357178462779906e+00 9.526830766945185713e-01 -1.270695146495774086e+00
-5.435208571368970176e+00 1.996747134754147224e+00 -1.343476843752534844e+00
-4.786166559030388790e+00 1.446299630095951194e+00 -2.736876172686586797e-02
-5.292641241147046038e+00 1.259426822000595969e+00 -1.283393730894391460e+00
-5.518457652541865599e+00 1.984460585641685704e+00 -1.259497709327792148e+00
-5.477040357281427241e+00 1.792372190055494752e+00 -1.122308992615766776e+00
-5.028919458672724829e+00 1.182171733796751223e+00 -1.172859447536928945e+00
-5.405219908038065846e+00 1.393677476860897935e+00 -1.211866621878090022e+00
-5.487668442036435223e+00 1.734706876191656200e+00 -1.149068475072149154e+00
-5.116863641734605395e+00 1.749381765510511499e+00 -1.118943285771493823e+00
-5.858637232821761742e+00 1.682523676706600968e+00 -8.943623421824569153e-01
-5.745744920031857994e+00 1.065740087477436537e+00 -1.268694116308365372e+00
-5.849153221152612048e+00 8.846399913798117520e-01 -1.127262589601915277e+00
-4.691034012361737560e+00 9.626185526482994304e-01 -1.512173690524628800e+00
-4.825147932161744535e+00 1.601612156617407523e+00 -1.473167863521440024e+00
-5.716303830828624477e+00 1.145969036813187181e+00 -1.509345620738931970e+00
-5.218912178308244165e+00 8.054724877854988474e-01 -1.458880563297665356e+00
-5.159313267703034001e+00 1.670081267136569014e+00 -1.884072985692304414e-01
-5.631599863213454960e+00 1.691199343011422940e+00 -1.395985852804420668e+00
-5.906527707052576126e+00 1.463453338526183867e+00 -1.467357587247292594e+00
-5.592008653544857211e+00 1.677379372108676270e+00 -1.319075275081940335e+00
-5.354323055218888072e+00 2.200357238493166889e+00 -1.263914666525707275e+00
-5.060178436220047260e+00 1.155897126807188702e+00 -1.520065535026880355e+00
-5.397274012695559620e+00 1.096932732990426818e+00 -1.256873554229937184e+00
-5.874708921351050606e+00 1.140958323203042246e+00 -1.358451226857936067e+00
-6.059743455337993190e+00 2.331593232481278921e+00 -7.842617085000713750e-01
-5.186767444068095756e+00 1.575924844919613932e+00 -1.292909201487121518e+00
-5.727940930228320404e+00 1.137503900965233905e+00 -1.467252228732665253e+00
-5.473887051636669554e+00 1.452180452689374457e+00 -1.698532802377317852e+00
-5.096041073260548337e+00 1.506989439809385711e+00 -1.194559551461078506e+00
-5.785260501614264861e+00 1.145867449901442292e+00 -1.579883522979795174e+00
-5.039653702357882459e+00 1.120405146609029901e+00 -1.276656279327444299e+00
-5.608448567415412533e+00 1.715424734667645223e+00 -1.017366521593929596e+00
-5.904174970843308223e+00 1.500897747369797752e+00 -1.541202770698246960e+00
-5.217820847709889520e+00 1.813454505473212297e+00 -1.237344457950136034e+00
-5.105595829217175918e+00 1.677161253107298133e+00 -1.591451246679912224e+00
-5.245332881060893904e+00 1.789268486859058260e+00 -1.475124102670829274e+00
-5.889623990661426944e+00 8.869671194298318628e-01 -1.367889966242374244e+00
-5.731467088384675002e+00 1.816007147550948941e+00 -1.232908903360774078e+00
-5.738657750266805024e+00 1.761026707815092518e+00 -1.721817012856204032e+00
-5.167368332443713186e+00 1.904976429285966111e+00 -1.478954754970200236e+00
-6.110800095371009100e+00 1.534900399072276489e+00 -1.761201896040859527e+00
-5.418098532790404320e+00 2.173391233045507409e+00 -1.029578230732770772e+00
-5.571970208650523837e+00 1.164688758194957430e+00 -1.393321284825049577e+00
-6.210319317371345349e+00 9.767225453714121208e-01 -1.455050096589600050e+00
-5.227191779698512342e+00 1.586425257543297551e+00 -6.524337561404485175e-01
-5.254510090504381559e+00 9.556286682810835043e-01 -1.262500385856552887e+00
-5.391213255702749230e+00 1.157392638176884869e+00 -1.383994699833925202e+00
-5.206996713633525786e+00 1.719884575756484013e+00 -1.107423267959343649e+00
-5.892611255031818374e+00 2.001481837763305904e+00 -1.010352522901404759e+00
-5.095740061144469202e+00 1.399166486856247893e+00 -1.009905197850849756e+00
-5.762298497231697958e+00 1.418978690955271738e+00 -1.246637843414360347e+00
-5.662502390924192497e+00 1.737982037629190346e+00 -1.319194086223316909e+00
-5.497652425988989400e+00 1.254863152508790103e+00 -1.303161880178064891e+00
-4.763261525566726995e+00 1.278199758946042097e+00 -1.147428943276713298e+00
-5.363898145400097128e+00 1.960111955180147580e+00 -8.616284042916911856e-01
-5.541318022125415688e+00 1.636766308047453711e+00 -1.224706724037393224e+00
-5.923411589442510561e+00 1.184016909534218343e+00 -1.307128667421051382e+00
-5.015383604080732916e+00 1.944859341699561206e+00 -1.674663592674304979e+00
-5.289119328155358346e+00 1.119888787298172650e+00 -1.043256004742460608e+00
-5.024033063107137487e+00 1.673195874246649506e+00 -1.259412860934466583e+00
-4.948128414324965085e+00 7.205176824471692942e-01 -6.204213148808153111e-01
-5.353943692126626352e+00 1.366029870582737171e+00 -1.288378423172298559e+00
-5.035576929309228511e+00 9.418429662710772199e-01 -1.215945235031567373e+00
-5.673006325830072250e+00 1.684577369577851202e+00 -1.377915068439284685e+00
-5.109623091128283612e+00 1.151246432466418668e+00 -1.650059175434995140e+00
-5.207699371712697811e+00 9.545113997210757928e-01 -9.309776305183258271e-01
-5.107043178866579325e+00 1.001685558446850699e+00 -1.076945646795925748e+00
-5.601263946479726918e+00 1.913198056760058163e+00 -1.587572201671460403e+00
-5.445360486571769520e+00 1.874386860847246261e+00 -9.205651323562767940e-01
-5.301872101289650807e+00 1.886089604676514320e+00 -1.383115927606741735e+00
-5.424588643934398213e+00 1.645286280849072913e+00 -1.516022283553112082e+00
-5.071595735469643706e+00 1.515171252043394645e+00 -1.545007473250712193e+00
-4.907236080144572021e+00 1.186351970958534841e+00 -1.263841053655786473e+00
-4.531648447449292405e+00 1.332332160332927895e+00 -1.450089607630911326e+00
-5.386373840361158294e+00 1.639613321986107985e+00 -1.460248932187152127e+00
-5.053223522085438901e+00 1.321099865115440641e+00 -1.343633707116802523e+00
-5.810145528920990010e+00 1.085766734622440222e+00 -1.108692459680913345e+00
-5.724372115538724159e+00 1.551551400737159803e+00 -1.430276870252741306e+00
-6.037684658441711427e+00 1.542582462014492117e+00 -2.253424902201136781e+00
-5.405642844762967414e+00 2.385417847710378680e+00 -1.166013661411214208e+00
-5.244243964112222933e+00 1.777691399732032496e+00 -1.124527196354579983e+00
-5.102118834717535023e+00 3.585038777665017773e-01 -1.363551684287103605e+00
-5.677270942429685441e+00 9.225336951030068677e-01 -1.321923868900952037e+00
-5.379465139344921099e+00 1.518574467624321578e+00 -1.667232446876320218e+00
-4.650678045962792773e+00 1.863631068526711010e+00 -1.925225027612518458e+00
-5.158847916240950404e+00 1.262116834782832209e+00 -1.195288158895336572e+00
-5.817587346782649327e+00 1.612002757942743170e+00 -1.368191534577627655e+00
-5.610714955372104740e+00 1.063330915790417164e+00 -1.327542143273101605e+00
-5.421525511867806735e+00 1.393537325578590336e+00 -2.776637203106939289e+00
-6.164515899515357056e+00 9.358623101269347710e-01 -8.496231985203667181e-01
-5.105420264456961732e+00 1.016194785366458575e+00 -1.498231835524927336e+00
-5.305093004789488198e+00 1.912861662792369799e+00 -1.360006902468952061e+00
-5.438529751117394007e+00 1.476702269059783301e+00 -1.016127840247707859e+00
-5.733917427270121436e+00 1.605133865777017999e+00 -1.206374236401173361e+00
-5.667245168613318285e+00 9.838053001587765412e-01 -1.174845572835823360e+00
-5.401199606497582906e+00 1.815330283504223097e+00 -1.416799530639242910e+00
-4.087141579249833256e+01 1.341583965400657519e+01 9.802534769534720915e-02
-5.098193166300909240e+00 1.063541383828222386e+00 -1.480140692854934104e+00
-4.811110301247149224e+00 1.909271551609155404e+00 -1.446264221121939419e+00
-5.411759987494574098e+00 1.780531871252365894e+00 -1.270758402444072566e+00
-5.031153253686825089e+00 1.122828682183237392e+00 -1.281389218081917747e+00
-5.095309727723916104e+00 2.098810174617373292e+00 -1.484595424050528578e+00
-6.398172827251936035e+00 1.740404865056233596e+00 -2.099495526728006656e+00
-4.896205291836275286e+00 1.580955069532262280e+00 -1.237360959744031375e+00
-5.581779950988556394e+00 1.760457797493593102e+00 -1.417387232349337278e+00
-5.061294545988024751e+00 1.301047783606163577e+00 -1.422221532460621773e+00
-5.257614066471512970e+00 1.374309763830434461e+00 -1.073689143235700971e+00
-5.336460634846243778e+00 1.158997074979928099e+00 -1.317587619499976048e+00
-5.122772111624678715e+00 1.640685193071765191e+00 -1.786118392141518907e+00
-5.543555929202974575e+00 1.119270381328905994e+00 -1.084033091863050746e+00
-5.433957006612740948e+00 1.426386752245256684e+00 -1.479609758472531400e+00
-6.078868912094413268e+00 1.425503324144421713e+00 -1.162278138291340746e+00
-5.691581862621386101e+00 9.908791180548716104e-01 -1.297470883904088268e+00
-5.318368337009660607e+00 1.174276992643198625e+00 -1.727310607796967989e+00
-5.129931812268429425e+00 1.280281706432208289e+00 -2.115398222914409043e+00
-5.321389000005438241e+00 1.391193488381207599e+00 -1.346321786563312362e+00
-5.406654183931914659e+00 8.568328729496795804e-01 -1.108440738682742621e+00
-5.320594001890121660e+00 1.337253985952338464e+00 -1.461984529035972313e+00
-4.634977164259523441e+00 1.858836637467575770e+00 -2.256645382270522138e+00
-4.902099906106229810e+00 1.061713202668386868e+00 -1.339941576691052960e+00
-5.706132125089469653e+00 1.813122857687584188e+00 -8.940262126034580481e-01
-5.573530329347168966e+00 1.147042408568296423e+00 -2.204513091194713503e+00
-4.993997685297001610e+00 1.453676837801508581e+00 -1.235418445310884961e+00
-5.447856855473357740e+00 1.165534403736415925e+00 -1.385091708170939961e+00
-5.060863113210344544e+00 1.069079072216092774e+00 -1.273367867873741455e+00
-5.302554067740404165e+00 1.411330255200887729e+00 -1.424145194693590577e+00
-5.582929021118314239e+00 1.373831526649076817e+00 -1.113871285979199266e+00
-5.637609740619015319e+00 1.179542014016171425e+00 -1.112497888284688097e+00
-5.991947688313420173e+00 1.719457272005074255e+00 -1.692252573505395041e+00
-4.421170316110955234e+00 2.081481842643102542e+00 -2.155908988156502726e-01
-5.856570888633990002e+00 8.009114776383973178e-01 -1.379562636918598262e+00
-5.341366096195450552e+00 1.698243259120389981e+00 -1.705328864977476933e+00
-5.418468442039316102e+00 1.007394186976361183e+00 -1.299178852414726970e+00
-5.101124752711068133e+00 1.693992043644085843e+00 -1.387939936654176476e+00
-6.077614569205934458e+00 1.569570473118500509e+00 -1.135335159039112973e+00
-6.262702860476118794e+00 1.166734710360608940e+00 -1.448291093470477797e+00
-5.226476696943438860e+00 1.194859117635727497e+00 -1.136288123825550223e+00
-6.210242779786280920e+00 1.169709841409576789e+00 -1.287115309386333006e+00
-5.868012839875478726e+00 8.349954058818361835e-01 -1.117458830578642814e+00
-6.016769888882114614e+00 1.990338278013527917e+00 -1.608635388226617113e+00
-5.046360147828890419e+00 1.752562474970895678e+00 -1.201796215776571808e+00
-5.120456670051258818e+00 1.768812485030671011e+00 -1.225546186602699539e+00
-5.770177258556932642e+00 2.947980269638408313e-01 -1.137920730394312629e+00
-5.118581407694311025e+00 1.042165662021172112e+00 -1.335180024213902028e+00
-6.007756502374795637e+00 1.141982320222874714e+00 -9.304881169790505391e-01
-4.929258174525435798e+00 1.264955429806066567e+00 -1.726789576767182588e+00
-5.518078926483543256e+00 1.192451008890178299e+00 -1.034707117374904506e+00
-5.188128627691075856e+00 1.107431574841854172e+00 -1.117525277252770399e+00
-5.622830075164690911e+00 2.102776535289160087e+00 -1.357431127645992053e+00
-5.369250632010436064e+00 1.831948893439460990e+00 -1.222961041380307146e+00
-5.183799596333052762e+00 1.720677138287376451e+00 -1.511354013551311937e+00
-4.952403683877775187e+00 1.666867822080331685e+00 -1.349969444513558603e+00
-5.369055417735252078e+00 1.792489899333642001e+00 -1.356200368798817335e+00
-6.007890489936350775e+00 1.515381948190287709e+00 -1.264434340937180989e+00
-5.340554142868954912e+00 6.882329717839680283e-01 -1.691224981712516895e+00
-5.072060374112381531e+00 1.353616080440420255e+00 -9.538056811490538411e-01
-5.759269284703965042e+00 1.103718608978988991e+00 -1.582865737063968936e+00
-5.659147433784363912e+00 7.726227029170599225e-01 -1.210641027745432918e+00
-4.796058134371884663e+00 1.724607604236118696e+00 -1.571942467949749567e+00
-5.625767891033905954e+00 1.845430181078004939e+00 -1.144985513881768835e+00
-5.750832596781010331e+00 1.021291015171200467e+00 -1.071670300019794908e+00
-5.713899996555974248e+00 1.119357514157218292e+00 -1.083093174809186987e+00
-5.385977851823547269e+00 9.009272834727093393e-01 -1.381459979219707535e+00
-5.190420273658631345e+00 9.904963058370255258e-01 -7.959181849124141728e-01
-5.332077518740529598e+00 1.403951670009915942e+00 -1.261885763230198521e+00
-5.461441760820600955e+00 1.745180097485427018e+00 -1.221075738510446262e+00
-5.269548999652788446e+00 1.734879653899548124e+00 -1.540323164825669222e+00
-5.858206847687650765e+00 1.008384256918783528e+00 -1.262339684741764723e+00
-5.090728093680072064e+00 1.131226730312889339e+00 -1.485846665230484254e+00
-5.630031963231314052e+00 1.332333669771069040e+00 -9.694452898896688264e-01
-5.513298515347568873e+00 1.759938637755976920e+00 -1.599771907146724015e+00
-5.303336670788768359e+00 1.233333635174420628e+00 -1.144522882302401179e+00
-4.559064018655981876e+00 7.583104978066412816e-01 -2.127970012482746309e+00
-5.316360978722883601e+00 1.521449192422204000e+00 -1.286930579087732784e+00
-5.591370148168580911e+00 1.144389420876683827e+00 -1.505833162595420216e+00
-4.403509982426944802e+00 2.010120615615296646e+00 -1.648555677365971750e+00
-5.784853510074644767e+00 2.701479187859210374e+00 -9.794106131757083222e-01
-5.520261434233991515e+00 8.178484671615586787e-01 -1.050958670534648087e+00
-5.051366992668450351e+00 1.512898390672980042e+00 -1.590947834068918487e+00
-5.672752624276889755e+00 1.730402520792661658e+00 -1.208033407101135603e+00
-5.533956271000314509e+00 1.134987996278643996e+00 -1.313364543285259645e+00
-5.847821779411593646e+00 1.478059519101198260e+00 -1.346404732336039745e+00
-5.257739389727604795e+00 1.372340446073348597e+00 -1.246129867958846837e+00
-5.615018467119642587e+00 1.656780781153894599e+00 -1.491228499104541916e+00
-5.010830645361461499e+00 9.127670700393072378e-01 -1.267651036187755098e+00
-4.907448985850744627e+00 1.215513447181138185e+00 -1.643898866346009013e+00
-5.400677602209063011e+00 1.727959831599588769e+00 -1.489117905614288473e+00
-5.586477712864044598e+00 8.634999501889161211e-01 -1.134788276152784325e+00
-5.431144139869648946e+00 1.284023816325739364e+00 -1.205577269837061039e+00
-5.194164552835203175e+00 1.227902004280255532e+00 -1.421965081734370528e+00
-5.440024952520205126e+00 1.764474690705069460e+00 -1.361553356146281590e+00
-5.256852642338998294e+00 1.400798491903238130e+00 -1.332080289608459367e+00
-5.507935235399801677e+00 1.845888792351921603e+00 -1.222736244659434535e+00
-5.537295358500712972e+00 2.154301414491444078e+00 -1.205500246008791798e+00
-5.161027550158815203e+00 1.521724956427941144e+00 -1.382870371816053989e+00
-5.744633709030551039e+00 7.738812789867258735e-01 -1.078783806563896164e+00
-5.400477504618547364e+00 1.787123186765205096e+00 -1.626221465273214095e+00
-5.110321519932312206e+00 2.079464151984773412e+00 -1.312021004428551185e+00
-5.272377178652872587e+00 1.818029574210106913e+00 -1.244891843253578712e+00
-5.827872322641467484e+00 1.499315606891296726e+00 -1.180343769289233125e+00
-5.479040341693644400e+00 9.484758221051327043e-01 -1.137422900964261574e+00
-5.340282269493015654e+00 1.306960450815573882e+00 -1.338370958451130299e+00
-5.305604190016406818e+00 1.648874402763899738e+00 -1.479376494252601537e+00
-6.056327563356739496e+00 1.065150191944413738e+00 -1.043417772891476192e+00
-5.203320699009672090e+00 1.438753261838380926e+00 -1.367927073741120214e+00
-5.506992339033316419e+00 9.159624807519590739e-01 -1.381589510604648963e+00
-5.424068246396189785e+00 4.418551024544240535e-01 -1.852270273242565768e+00
-5.366431493232930450e+00 1.778942040410171010e+00 -1.117520268687473672e+00
-5.691456259024141318e+00 1.393861204709880841e+00 -1.489975477276003213e+00
-5.776028110710992536e+00 9.369572904198355534e-01 -1.102155811947684860e+00
-4.942821496925254188e+00 1.380546590479761138e+00 -1.140968505263075805e+00
-5.302648285854853150e+00 1.174812289645624341e+00 -1.523774835096254332e+00
-4.769833214805609067e+00 1.305437490857794369e+00 -1.772887652453055907e+00
-6.008882147675711494e+00 1.341576038067195276e+00 -1.332313419311559333e+00
-5.581313769400805036e+00 1.221273238612374135e+00 -1.302991118656922520e+00
-6.103952378946901014e+00 1.347521599504034162e+00 -1.186762323416466591e+00
-4.998056272786324250e+00 1.801271855044753067e+00 -1.325943771997678766e+00
-4.822982649866949245e+00 1.559432601962929432e+00 -1.417817257821370802e+00
-5.416118992674387123e+00 1.044362154264547149e+00 -1.010453263381056566e+00
-5.194119589638814816e+00 7.830579424511069364e-01 -1.365172623844089328e+00
-5.376649069668951952e+00 9.904076846077348728e-01 -1.392270579939753894e+00
5.547868009998744299e+01 -2.215463385976133281e+01 8.908644216163974505e-02
-5.428897071726606072e+00 1.854136322855703067e+00 -1.500798284429145424e+00
-4.876935880378092669e+00 1.633801360508437384e+00 -1.262944042061848737e+00
-5.538372668107795604e+00 1.394066682411344793e+00 -1.122331958642699412e+00
-5.595748108963147338e+00 1.934759795936253468e+00 -1.392063635702824209e+00
-4.798008089855787084e+00 1.467670695106017886e+00 -1.169053391917120877e+00
-5.347900479028051102e+00 1.372161024873091550e+00 -1.363393715501646231e+00
-5.482613031808625692e+00 1.305789862023740922e+00 -1.261939200700157748e+00
-5.229453783290161084e+00 1.516554049716530184e+00 -1.327829608879965040e+00
-4.990027926923298551e+00 1.571397374290811610e+00 -1.635509240627075478e+00
-6.096202982926645753e+00 1.847542172802026261e+00 -8.199021449512330917e-02
-6.017785103642075306e+00 1.105892038566361979e+00 -2.282547739017549926e+00
-5.568267854438445852e+00 1.062429638261109366e+00 -3.028093714826021188e+00
-5.470099203253282916e+00 8.256606343914643098e-01 -2.303085434560277367e+00
-4.893476337216774219e+00 1.441578482829640295e+00 -1.467131854234929644e+00
-5.705575942072989903e+00 1.351311826373958969e+00 -1.020599701833611261e+00
-5.035565910107083099e+00 1.704891855494186315e+00 -1.371263765346501629e+00
-5.369018734506493473e+00 1.250876280717680311e+00 -1.356908204543308294e+00
-5.132973520340656570e+00 1.263999379060797734e+00 -1.269813253966330491e+00
-5.887361539095666174e+00 2.366515778478817555e+00 -2.077715984902791302e+00
-5.905443007688420565e+00 1.167579090401716702e+00 -1.260649339300888849e+00
-5.450937929778516988e+00 1.494231755983489229e+00 -1.272366105788098611e+00
-4.340409485545756674e+00 1.582031144688412772e+00 -1.326574790248919333e+00
-5.440994588288960543e+00 1.429738825197147678e+00 -1.520693194304025608e+00
-4.701024173034141995e+00 1.742184670251326617e+00 -1.140931994705167707e+00
-4.546695288703819671e+00 8.661549162093482579e-01 -1.512863933083768986e+00
-5.433907484597360060e+00 6.518738263740702088e-01 -1.400323513792657293e+00
-5.659398009845427069e+00 1.893864206540673223e+00 -1.149046006468676495e+00
-5.178646699640872875e+00 1.270030921952520320e+00 -1.115830346059936362e+00
-5.742677076434846484e+00 1.324621741501816441e+00 -1.303349603280019808e+00
-5.784466144605468152e+00 1.075035115502858352e+00 -1.326114993307973000e+00
-5.479945431236257214e+00 1.692232007095696433e+00 -9.225612676910587284e-01
-5.346205589455424345e+00 1.122621292489454081e+00 -2.001215830759204728e+00
-5.529183026760096098e+00 1.164064027369039689e+00 -1.319729734725298087e+00
-6.108971541897729729e+00 2.069490551192686656e+00 -1.638875715011356871e+00
-5.988443647489870791e+00 1.132174830577395319e+00 -1.151203670336638840e+00
-5.338811655697762504e+00 1.892158151748308148e+00 -1.323278107008448057e+00
-5.620892114517850757e+00 1.234698532933292237e+00 -1.311116608182236742e+00
-5.653272882880016503e+00 1.103838965669963201e+00 -1.460912170280287414e+00
-5.703168416822671283e+00 1.318468509329607130e+00 -1.306924618005992800e+00
-5.553086412681873085e+00 1.067585973006540900e+00 -1.445790475763941263e+00
-4.729065124268465148e+00 2.222404255410844076e+00 -1.149605251687302099e+00
-6.126440622852459938e+00 1.239321195295761013e+00 -9.685507184244716017e-01
-5.615194427725427317e+00 1.064186699537348124e+00 -1.206364183074375207e+00
-5.363512621345405407e+00 1.569617513396492470e+00 -1.260080140588633935e+00
-5.493437878787413631e+00 1.415553826567357065e+00 -1.341587852909259304e+00
-5.340976483576824307e+00 1.631510420327352939e+00 -1.215063059830989278e+00
-4.152535549833283213e+00 1.174916601250540094e+00 -1.620065420995838723e+00
-5.663428858791865750e+00 1.241211719617413722e+00 -1.484531562989667819e+00
-4.775209082948665973e+00 1.354481856140605123e+00 -1.425732172290352207e+00
-5.394987905948857687e+00 1.822138696932486646e+00 -1.585828198763989061e+00
-5.372240636820466264e+00 1.459621035120864940e+00 -1.328386666360721113e+00
-5.707797111726256922e+00 1.550195895810261071e+00 -1.217030990783922517e+00
-5.368753325900605056e+00 1.245357082880450550e+00 -2.896844086805434149e+00
-5.445715296601870925e+00 1.008155241218542164e+00 -1.228391732828070460e+00
-5.250005964224512489e+00 1.501704462438644860e+00 -1.267847693808700216e+00
-5.323165725469410248e+00 1.195212169874751984e+00 -1.334085477936521213e+00
-5.449465503057232318e+00 1.032619127086275457e+00 -1.142098923994601112e+00
-5.816630974164211487e+00 9.690941279376628081e-01 -1.350154928618750638e+00
-5.535131705857180506e+00 1.453051798574954478e+00 -1.462568531299853980e+00
-5.285153532430626910e+00 8.116477240624675460e-01 -1.264321249776475531e+00
-4.988459140617102605e+00 2.163642351699675448e+00 -6.372690022067398763e-01
-4.670998218645407540e+00 8.541372409423785284e-01 -2.032121489997420927e+00
-4.739118534275839956e+00 1.913772101902815548e+00 -4.439605909904037473e-01
-5.410426354572152263e+00 1.919987317038048147e+00 -1.096268161809915487e+00
-6.459790004875264557e+00 1.624836089101336700e+00 -8.217730527280755481e-01
-5.570979465000284847e+00 8.669780611436277429e-01 -1.104050173480924046e+00
-5.022615657284934976e+00 1.448611040472733702e+00 -1.908880076184420016e+00
-5.328505795706990789e+00 1.312215342264988704e+00 -1.513181783739434350e+00
-5.520851799250389824e+00 1.595397237307009330e+00 -1.307028838506838486e+00
-5.625220215961096670e+00 1.551667826679576923e+00 -1.367756536971026282e+00
-5.627928919931625806e+00 2.240014731985219942e+00 -1.170292834305455276e+00
-5.588260392852136604e+00 1.157960637174095364e+00 -1.231190735429585681e+00
-5.208906382162349580e+00 1.857012667601576128e+00 -1.440029743261318496e+00
-5.489676323178854567e+00 1.232097480167300585e+00 -1.116250920279072467e+00
-4.861671358666727727e+00 1.392722515607362377e+00 -1.184972218954082335e-01
-5.526724436917827887e+00 1.237783998062761626e+00 -1.675729499478229023e+00
-5.527418946249262000e+00 1.073308228959800825e+00 -1.000820350054066443e+00
-5.409398916453076467e+00 2.035127127511279443e+00 -5.894449068547789050e-01
-4.739089573771436470e+00 7.416403415263274068e-01 -1.072831137039374161e+00
-5.470721230572166860e+00 1.131853922519151956e+00 -1.183711053535577484e+00
-5.204440477093964290e+00 1.486114384743186578e+00 -1.353445472256866067e+00
-6.263425892739451939e+00 1.394626890541878383e+00 -1.532367174725538295e+00
-5.021925653158806568e+00 8.461741481930948883e-01 -1.273455328574948808e+00
-5.349701294426377984e+00 8.130891625189887728e-01 -1.354191153286924632e+00
-6.113084305761219639e+00 8.861835409637927041e-01 -1.407102578076711019e+00
-5.708580826951480169e+00 1.690257766474112744e+00 -1.257832377945563795e+00
-5.658811624869122703e+00 1.710506550778808199e+00 -1.301874279956845237e+00
-5.061690208827841708e+00 1.889906825147428915e+00 -1.290269411848722125e+00
-5.576634207176572211e+00 1.801804329346638145e+00 -1.293384992477928153e+00
-5.114743472390612666e+00 1.019179061095594196e+00 -1.300970581324791153e+00
-4.815816916238627066e+00 2.314912324802242960e+00 -7.412959168432953216e-01
-6.392397389426047738e+00 1.689404690682608567e+00 -2.145875664288220630e+00
-5.136375778028425820e+00 1.428825270540676318e+00 -1.652007159300967531e+00
-5.328179146941860900e+00 1.527782145444321893e+00 -1.098462225138610249e+00
-5.537383596886271242e+00 1.456905659368038286e+00 -1.341096037949771835e+00
-6.159312674686279188e+00 1.320695661228468598e+00 -8.568769447122357441e-01
-4.774310157714661607e+00 1.504285508223410561e+00 -1.278489365571453096e+00
-5.412927767896099418e+00 1.068725834126611485e+00 -1.233744456496220776e+00
-5.366795866937835058e+00 1.816118785262375246e+00 -1.412309543648688104e+00
-5.129622793939094372e+00 9.106262862830770688e-01 -1.185956404465620784e+00
-5.122902610381885324e+00 1.619420070993203842e+00 -1.384542037472488829e+00
-5.682134702628403922e+00 1.566223264699577289e+00 -1.086069376830717470e+00
-5.490912390271509125e+00 1.161643964710777022e+00 -1.452235899636153738e+00
-5.690907731334101882e+00 8.925807316881471110e-01 -1.138154603366258844e+00
-5.866915777415904643e+00 2.035688304503656454e+00 -1.307940389047409724e+00
-6.017496324606983471e+00 1.403083281337026422e+00 -1.326044123456491253e+00
-5.377384901679210572e+00 1.329417351691698723e+00 -1.471265406394125286e+00
-4.993878980117769650e+00 1.552044816041564967e+00 -1.356336761432856974e+00
-5.594654300515916390e+00 1.626630666380321166e+00 -1.207095498817762458e+00
-5.901223669488065759e+00 1.569647683919404901e+00 -1.396243192619971651e+00
-5.416919600642125410e+00 1.086949703580829540e+00 -1.922375940006281869e+00
-5.382209251595672761e+00 1.051261421745093294e+00 -1.534907565927173811e+00
-5.876727433781407051e+00 1.408246025264148216e+00 -1.133577550849786952e+00
-5.774980938715292389e+00 1.742142622738098945e+00 -1.577625674276100565e+00
-5.022065732145096995e+00 1.690315855388010879e+00 -1.528986304841370103e+00
-5.191993916657549946e+00 1.274553135577232599e+00 -1.125473672588986673e+00
-5.172009061191475077e+00 1.264829476885532378e+00 -8.268455176277553775e-01
-5.527265202213792250e+00 1.494841681233952890e+00 -1.306216324150610841e+00
-5.026123599325253544e+00 1.743212306134700240e+00 -1.552507649528279909e+00
-5.406030660173120062e+00 1.527017030460291025e+00 -2.469618960436293698e+00
-5.796279378520889480e+00 1.438787098259280084e+00 -7.723720597842911317e-01
-5.019697947657345338e+00 1.778332769412230618e+00 -1.613290134193702707e+00
-5.477352643840576185e+00 9.746838014221249624e-01 -1.273712551646173585e+00
-5.277282391381869608e+00 1.355626901244541438e+00 -1.152899120204565087e+00
5.550209457410516478e+01 -2.975997046578341099e+01 -7.117917041970271974e-01
-5.390822405706310327e+00 1.198592239236433654e+00 -1.330795053967047004e+00
-5.638782804678760918e+00 1.172108662852076488e+00 -1.362506188505542282e+00
-5.809611777027150481e+00 1.581032360445490115e+00 -1.428954437519996956e+00
-5.427243746370351118e+00 1.134525255875207916e+00 -1.116241707328904376e+00
-5.876422164114789126e+00 1.542249243500631639e+00 -1.186666202785953583e+00
-5.656521812650898262e+00 9.461886368876076814e-01 -1.156924447019984425e+00
-5.414493687713647141e+00 1.426917437778482123e+00 -1.053121099695676355e+00
-5.297799214278471780e+00 1.645564050127187761e+00 -1.384759055940483652e+00
-4.559253086508165076e+00 1.425431218436586711e+00 -1.335217156661445470e+00
-5.561380473339673003e+00 1.703020401147812501e+00 -1.575954395195319435e+00
-5.719880648374157772e+00 1.595078944137246824e+00 -1.100987377575311177e+00
-6.275623141074953004e+00 1.560601966075336522e+00 -1.520677876939064976e+00
-5.566300870999900674e+00 1.499398245603163149e+00 -1.394320481718343885e+00
-5.467677576853086308e+00 1.965825008451525857e+00 -1.392038344671774563e+00
-5.243246390290604353e+00 1.551681424032722800e+00 -1.305976634140947334e+00
-5.663465838874800262e+00 1.829761385711777155e+00 -1.672801811850693321e+00
-5.624879260431701056e+00 1.818815310407094543e+00 -1.091398790392814622e+00
-5.656729228144043553e+00 1.462426205727417772e+00 -1.638723954219807766e+00
-5.725831061281017931e+00 1.180917725546386299e+00 -1.350978224968331087e+00
-4.978367042437795043e+00 1.303615707432557169e+00 -1.430278635850787294e+00
-5.356317742801571136e+00 1.162496284321272055e+00 -1.466110799392552400e+00
-4.856070076289620729e+00 1.663723333573475127e+00 -1.530403921877379503e+00
-5.381534001139268497e+00 1.068906048591531821e+00 -1.195185345700757962e+00
-5.663087807662441797e+00 1.396998712325048242e+00 -1.919687526046256476e+00
-5.384512532826153830e+00 1.752854539466697892e+00 -1.802922603820566738e-01
-5.204276915981483675e+00 1.377949601285280545e+00 -1.405717327225056046e+00
-5.229926500015601221e+00 1.834288825078237206e+00 -1.394151746742831710e+00
-5.473492084297030935e+00 1.641575216189441466e+00 -1.923723938002690259e+00
-5.314787046724709363e+00 1.502756091720390597e+00 -1.325382972054049979e+00
-5.452939193951280572e+00 1.719825698556242122e+00 -1.642488527841829304e+00
-4.966032390183736211e+00 1.276966188743971609e+00 -1.434701514666203881e+00
-4.860171820952846389e+00 1.564105997594886777e+00 -1.207940518823005460e+00
-5.661445215531657915e+00 1.703637001263425210e+00 -1.473346580183382493e+00
-5.629876883122294728e+00 1.003508898208942179e+00 -2.483216593984906684e+00
-5.759437812029589487e+00 1.503969324044414524e+00 -1.657659624861426817e+00
-5.638266341441615204e+00 1.494890417665925897e+00 -1.302578430168215284e+00
-4.848941213668656047e+00 1.410530157277268382e+00 -1.306038259769231047e+00
-5.398941026003139854e+00 1.980920271836596358e+00 -1.509767676450311180e+00
-5.432948079450403256e+00 1.907568503764245582e+00 -1.409946243963023704e+00
-5.610908313144866710e+00 1.108329392937837721e+00 -1.457708920288367738e+00
-5.647552852820150626e+00 1.104860874331274889e+00 -1.299489255408186716e+00
-5.242129824173932029e+00 1.523925863683752047e+00 -1.359329931441546568e+00
-5.436465120917542748e+00 1.873371130168426602e+00 -1.302374277474539710e+00
-5.727668866626787647e+00 1.274443180683901611e+00 -9.568172639860788031e-01
-5.321145276218361531e+00 9.574897055346696106e-01 -1.295935419221611928e+00
-5.634693611340367170e+00 1.820809236984517243e+00 -1.163293149101062740e+00
-5.482803405475568326e+00 1.090074961370537387e+00 -1.234597131345903431e+00
-5.149540223187495158e+00 1.245701617716869603e+00 -1.189887507260198429e+00
-5.999130934160720408e+00 1.643926312112281352e+00 -1.351556500126197102e+00
-5.332908784146898284e+00 1.885198289701907282e+00 -8.398323195995117674e-01
-5.038447462240223551e+00 1.837752234927012340e+00 -1.297588026095623404e+00
-5.339944597243627911e+00 1.765000747195846209e+00 -1.463543069682633035e+00
-5.560724744326019930e+00 1.454353622677080127e+00 -1.430680143333529442e+00
-5.332357612926642787e+00 2.323389708194585346e+00 -1.367846584361839479e+00
-5.538356918875699364e+00 1.766823623971407020e+00 -1.407994668160626350e+00
-5.581899529532101667e+00 1.852349802529638101e+00 -1.482247498943240371e+00
-4.340024621087812839e+00 1.173960759089097694e+00 -1.283316556442698264e+00
-5.765465414015989332e+00 1.461143193664654616e+00 -1.879663897363150982e+00
-5.588697009194102172e+00 1.205987497996501512e+00 -1.458603153855896561e+00
-4.680527457983424178e+00 1.924190639633508226e+00 -1.369846422905479422e+00
-5.663941199814905403e+00 1.620583210477515523e+00 -1.512007885051006362e+00
-4.280692893531208298e+00 1.123269068311258945e+00 -1.468480510322216270e+00
-5.176024879109487387e+00 1.616085446100900658e+00 -1.712271949547492234e-01
-5.565713051187490379e+00 2.146275546104473353e+00 -1.446604009082740783e+00
-5.233544300769310098e+00 1.075101470852306340e+00 -2.163099262980563875e+00
-5.472747543408760684e+00 9.083502578309047282e-01 -1.189667971378672640e+00
-5.500648265157447092e+00 1.392724193785990883e+00 -1.376075883545912149e+00
-5.585410141405718676e+00 1.193325458188855270e+00 -1.271626551886122281e+00
-5.122048244742710921e+00 1.442860281402405631e+00 -1.306098514745783978e+00
-4.618652649459555448e+00 7.942206462803066414e-01 -1.538935469526899524e+00
-4.930411334362116094e+00 1.091469311022279065e+00 -1.230185886791449912e+00
-5.105599543159190290e+00 1.503752708510659009e+00 -1.220146954531267314e+00
-4.484525242647539933e+00 7.012178773066033433e-01 -1.702929868677105718e+00
-5.517553496047204575e+00 1.152540655467476416e+00 -1.066673465809315546e+00
-5.750381386246539606e+00 1.874145016173984768e+00 -1.820767477753087338e+00
-5.310575067798375848e+00 1.202551226138631302e+00 -1.125810066837737100e+00
-5.033530345482722268e+00 1.136550740452875186e+00 -1.269101245665412492e+00
-5.594224783941463386e+00 1.648744517596268278e+00 -1.360166939462042368e+00
-4.938087042810985317e+00 1.770502197589578941e+00 -1.210442512032754658e+00
-4.713346333548162903e+00 8.194080383611908047e-01 -1.071091477066422604e+00
-5.919750886975670312e+00 1.439173340699405612e+00 -1.419297775717894616e+00
-5.068834293521965684e+00 1.135841405020000749e+00 -1.225927270571067318e+00
-5.472364350617692885e+00 1.444860717215507684e+00 -1.335750712943727159e+00
-5.886543449938216099e+00 7.518772339002803839e-01 -1.488917656543868651e+00
-5.487818546854131618e+00 7.547190491632381759e-01 -1.283841320925123153e+00
-5.523640876679059453e+00 7.621987830059923086e-01 -1.290283700551554835e+00
-5.403426992780585358e+00 1.151594150805636652e+00 -1.822792096251404592e+00
-5.278022045508993010e+00 1.365064706824070884e+00 -1.151125757777882397e+00
-4.851400925443155820e+00 1.356332131018412213e+00 -1.515933836127322243e+00
-5.534439689755211944e+00 1.260274603659165438e+00 -9.149768074280885122e-01
-4.978542269938104781e+00 1.356612378976379985e+00 -1.230406981275893319e+00
-5.393392969538393089e+00 1.687152032694893222e+00 -1.198462024950627258e+00
-5.554463209117232125e+00 6.439744045437122422e-01 -1.723029577555398539e+00
-5.661761864924366172e+00 1.188303955765264597e+00 -1.386806305314850052e+00
-5.090533117902563909e+00 2.257029369021609000e+00 -1.726574736052824077e+00
-4.916616133508453501e+00 1.583144627176580110e+00 -1.300121728833162793e+00
-5.101861567469287095e+00 1.266426734631617812e+00 -1.083832808048876162e+00
-5.420355171608934874e+00 1.360995242995379995e+00 -1.299786666974942051e+00
-5.057041602412714276e+00 8.234300730535931701e-01 -1.358504069438273953e+00
-5.189210082226187737e+00 1.186777746125301736e+00 -1.679151864889035561e+00
-5.148043912031112335e+00 1.581232820135717532e+00 -1.446193230133640650e+00
-5.782897670523147404e+00 9.944977993701089591e-01 -1.209550589698900502e+00
-4.493201744880713555e+00 1.133978428338977773e+00 -1.343928840669150748e+00
-4.750986441765953749e+00 1.834794382530748669e+00 -1.313598870596923041e+00
-5.738892455646098512e+00 1.625369739848765205e+00 -1.352134782879799157e+00
-5.348899274192442377e+00 1.592373901717069717e+00 -1.735474510440434548e+00
-5.216105793709395755e+00 1.051024717510185669e+00 -1.548529581762325691e+00
-5.186539555662139200e+00 1.765772138448457484e+00 -1.242094736959219237e+00
-6.036270221348068787e+00 1.508389319067461098e+00 -1.458630242529129095e+00
-5.028548016724024627e+00 1.363204266261170527e+00 -6.270737142222517768e-01
-4.813600963630941365e+00 1.446069141029692195e+00 -1.387161339929511294e+00
-5.727074707471975223e+00 1.516240886677943323e+00 -1.574702022596832673e+00
-5.512979615341396133e+00 1.558689175412071304e+00 -1.131331784110452432e+00
-5.284721313688199196e+00 1.289529113324690446e+00 -1.124990116673013851e+00
-5.204376425439880549e+00 1.617000882920583749e+00 -1.174022319567384676e+00
-5.532542307900615519e+00 1.779255744370798364e+00 -1.365221995643296715e+00
-5.675034947078921199e+00 1.046661047877491146e+00 -1.412693648063561458e+00
-5.663351841075624726e+00 1.641202992479830813e+00 -1.555155451541543554e+00
-6.210469650750091830e+00 8.554495790023145529e-01 -2.121505269779958347e+00
-5.885398728136223667e+00 1.206950823651243176e+00 -1.928210196736684034e+00
-5.594110035395343239e+00 1.119180532990339927e+00 -1.036497545611018145e+00
-5.668199785673384561e+00 1.095775078712531325e+00 -1.317732016668684114e+00
-5.445245287957177993e+00 1.229706667528936315e+00 -1.323967354883913261e+00
-5.613285770767930671e+00 2.000246642796788432e+00 -1.027190548182127960e+00
-2.839930589154377216e+01 -6.262124172286603851e+01 -6.600355811607616641e-01
-5.653794544340556172e+00 1.649163725367584599e+00 -3.253181055027513646e-01
-4.890430807445852679e+00 1.239099627715414043e+00 -1.518705121918573875e+00
-4.887064987230202107e+00 1.015976367007509040e+00 -1.465632860852551067e+00
-5.058402167893616408e+00 1.532354398244916593e+00 -1.647671817117258408e+00
-5.621209884680784086e+00 1.134253311823592236e+00 -1.067967497057350945e+00
-5.649872100309553780e+00 1.484915655194700479e+00 -1.559227213948182422e+00
-5.205242760495861987e+00 1.698000453976682866e+00 -1.298179044803650317e+00
-5.166472062440705670e+00 1.440277739126730072e+00 -1.261991929251544020e+00
-5.080199105314136432e+00 1.022872348280720045e+00 -1.398270506021020543e+00
-5.522444113078745609e+00 1.199472385537007746e+00 -9.079359024495168295e-01
-5.611874156818124071e+00 1.150481537631993012e+00 -1.249107721176015762e+00
-5.352373166384268188e+00 1.012400780911688836e+00 -1.363641630983207120e+00
-5.484225845462530557e+00 1.060412468758932691e+00 -1.000475711889602159e+00
-5.440434239028096641e+00 1.463409325720302911e+00 -1.462805586535141034e+00
-4.916395923606898144e+00 1.088567909054486416e+00 -1.196012248069169281e+00
-5.270968221501199480e+00 1.623553045019689778e+00 -1.438264453590735403e+00
-5.870813179253539182e+00 1.417499018714878156e+00 -1.453170742674000149e+00
-5.041664048887807503e+00 1.607827950472887624e+00 -9.672813757485715369e-01
-4.459413154191767426e+00 2.230066350919553297e+00 -1.704528608436254533e+00
-5.313037116858517983e+00 1.607391527830059230e+00 -1.175920280375605254e+00
-5.298039540188810292e+00 1.832382801185969745e+00 -1.545425066664096958e+00
-6.231043032581555785e+00 1.640048651361880605e+00 -1.338277474375617171e+00
-5.054799153386480448e+00 1.889037939018641143e+00 -1.240817643952527805e+00
-5.706912082121268881e+00 1.128398961880925366e+00 -1.166758839081341703e+00
-6.175187464390935688e+00 1.987042422863228852e+00 -1.111857872414767856e+00
-5.519937382879865240e+00 9.785862587109669386e-01 -1.490850040865326243e+00
-6.173131436716857934e+00 1.473897517964467330e+00 -7.693467616550022647e-01
-5.682561552559392659e+00 1.936950915621601155e+00 -1.487753461916274222e+00
-5.111088762795564122e+00 1.085410205425576091e+00 -1.159673159562184086e+00
-5.087474790979817030e+00 1.624454051901606189e+00 -1.460528655055865377e+00
-5.437434897948678625e+00 1.660136627261277198e+00 -1.348577862488592016e+00
-5.071109214614803129e+00 1.507697009552204204e+00 -9.738947632898928841e-01
-5.330632531602987001e+00 1.591811576449894794e+00 -1.410210201603465219e+00
-5.020556352271560385e+00 1.482108625541993074e+00 -1.561844825895108313e+00
-4.845638989869537561e+00 1.236316905845097125e+00 -6.704757737467043066e-01
-5.114821420168291333e+00 1.967075145215188892e+00 -1.318375319679688795e+00
-5.615010211657953221e+00 2.333216111165385076e+00 -1.003883354325676880e+00
-4.887154844707046308e+00 1.883339167419094018e+00 -1.325627321291201310e+00
-5.044400432536436441e+00 1.160078332362223907e+00 -1.576788102604007813e+00
-5.288145786134354154e+00 1.705345355733032031e+00 -1.359985502546769975e+00
-5.545136871982799143e+00 1.737471777702427111e+00 -1.355924820774846884e+00
-5.738711205301436635e+00 1.474807218389352581e+00 -1.790989518820989890e+00
-5.024210066888910475e+00 1.892575073432587907e+00 -1.371082035160231305e+00
-5.029295536667895306e+00 1.583605602428633574e+00 -1.450207630638276513e+00
-5.483755634836184889e+00 1.675105967479413760e+00 -1.245205450237798717e+00
-5.349276435755065506e+00 1.443990863701457572e+00 -1.293627883565489078e+00
-5.366829337712674786e+00 1.899115664921844138e+00 -1.353354093894719945e+00
-4.952387413172989916e+00 7.072872419135494138e-01 -1.861570486592506013e+00
-5.848828210580891529e+00 1.204218934423144205e+00 -1.269799322841332012e+00
-6.016013489647265899e+00 1.428991043155098284e+00 -1.529674194408271903e+00
-5.502438450701127692e+00 1.725979326090836929e+00 -1.253346486866840026e+00
-6.318554857526517132e+00 1.015003012267496674e+00 -9.463244823371650405e-01
-4.927322230125728453e+00 1.264477510226331258e+00 -1.391167118604403230e+00
-4.880798889886043490e+00 1.228694141911727877e+00 -9.332288899486934630e-01
-5.363387129016414789e+00 1.050530565889398638e+00 -1.234510447505634323e+00
-5.407157144077102906e+00 2.060752454381705956e+00 -1.045232548310512266e+00
-5.875548384346383379e+00 8.082507816656647748e-01 -1.391046222198647708e+00
-5.574384418348157233e+00 1.153897891790487185e+00 -1.378244591258802165e+00
-5.265420668733941767e+00 1.337129012524783001e+00 -1.355760291949556828e+00
-5.390514242358057651e+00 1.283715029832996901e+00 -1.301928691778426739e+00
-5.966471659496091817e+00 1.550613151822128000e+00 -1.090406608024817592e+00
-5.432701551288885433e+00 1.849193782841759948e+00 -1.440908071536517010e+00
-5.298269361101126229e+00 1.775459032886065103e+00 -1.533323835355117071e+00
-4.864960782360193470e+00 1.206697192630071580e+00 -1.475691115546860388e+00
-4.829994337367689461e+00 1.650192612462054065e+00 -1.296865116591994882e+00
-5.533356459079427303e+00 1.207459999318379884e+00 -1.381796905100887152e+00
-5.906497829875426930e+00 1.124081951203529384e+00 -1.163846600283349186e+00
-5.373597607916174468e+00 1.055999962209907661e+00 -1.101818239094681795e+00
-5.005115073846983620e+00 1.672272718096301070e+00 -1.650107986424904416e+00
-5.031198162434322718e+00 1.080404642385081937e+00 -1.243167677296819207e+00
-4.913457865739929709e+00 2.055009379102293199e+00 -1.433467206361960011e+00
-5.432719955632187236e+00 2.184750634287598636e+00 -3.989285332794568206e-01
-4.820963291651620075e+00 1.886278468614877024e+00 -4.347415091477964677e-01
-5.394597799331278587e+00 2.064850339057026307e+00 -1.353902664916903920e+00
-4.967906849360973709e+00 1.647730081891722875e+00 -6.571645295856699542e-01
-5.657867471301084805e+00 1.266245722981989008e+00 -1.378321140647611687e+00
-5.681050513804057012e+00 1.640004248337291193e+00 -1.217190214757735367e+00
-4.841320377527627450e+00 1.695876708793569554e+00 -1.201891253580207541e+00
-5.250107632946453329e+00 1.618196123089502114e+00 -1.205207836570235447e+00
-5.019031937213441985e+00 1.285191232168779063e+00 -1.793094748946255201e+00
-4.933145308695674025e+00 1.624938208435727338e+00 -1.272646474484287804e+00
-5.287047892888090850e+00 8.653969234770116925e-01 -9.091917653309191660e-01
-6.373520994901015868e+00 5.710930996127432380e-01 -1.279539889563624522e+00
-5.221986384678619864e+00 9.311786036620586238e-01 -1.332940311036274306e+00
-5.193251587595630880e+00 1.107558939301722001e+00 -1.979173898061917347e+00
-5.059706293327376869e+00 1.379905967016956447e+00 -9.850341238279488598e-01
-5.456695371613454526e+00 1.532123190898512011e+00 -1.241682908181050315e+00
-5.206691035870849582e+00 8.898940893250206763e-01 -1.334412653304876573e+00
-5.414495695363957140e+00 1.766273690947238739e+00 -1.389730986517274447e+00
-5.764175455864767983e+00 1.542806601541916400e+00 -1.317415804527289014e+00
-6.196566632956592713e+00 9.263274145024071871e-01 -1.458370785535980207e+00
-5.364809940760365770e+00 1.433741918917300406e+00 -1.329402330176111757e+00
-5.717028828413964980e+00 9.736735840905347272e-01 -1.195296972548384629e+00
-6.105608354521102399e+00 1.353442503995129442e+00 -1.375783491524631863e+00
-5.659524494750337809e+00 1.210489064880188037e+00 -1.347176961502593695e+00
-4.894087044511504558e+00 1.588732011632786545e+00 -1.982838918679775908e+00
-5.759491413490558820e+00 1.600002510060496208e+00 -1.331907681989625836e+00
-5.318675696760447380e+00 1.516498973945202833e+00 -1.429562623642947061e+00
-5.049411427101786920e+00 1.534288740835371589e+00 -1.589174019019815587e+00
-5.315731055982010567e+00 1.406904906192456561e+00 -1.433702029758104235e+00
-5.396452194750455789e+00 1.404087210948053110e+00 -1.210592691639466034e+00
-5.971717803720929751e+00 1.372572035464470819e+00 -1.501475400893539147e+00
-5.360430845296426661e+00 1.681276798089867297e+00 -1.573986839646195790e+00
-5.882907198609208521e+00 1.352061309953102475e+00 -1.326781139775383034e+00
-4.818314902326103599e+00 7.589079769630256989e-01 -1.628980097083721601e+00
-5.827784085971488004e+00 1.612311054403248178e+00 -1.549184586459019020e+00
-5.379199563313734167e+00 1.506995381278505963e+00 -2.060594699170119615e+00
-5.101357989574931473e+00 8.575539327000957224e-01 -2.076006517005917207e+00
-5.871505642301461769e+00 1.231356667650089998e+00 -1.267252032044401844e+00
-4.922379087444360479e+00 1.922014566674541847e+00 -1.453714346642680066e+00
-5.211431668329305822e+00 1.245382103661279105e+00 -1.107603058676923213e+00
-5.107589607960098199e+00 1.801211702647739221e+00 -1.733189526477830755e+00
-4.946012818646734921e+00 1.578011030829551631e+00 -1.459487317885461710e+00
-5.308990056959816073e+00 1.059731348713399468e+00 -1.347573437919363792e+00
-5.182917918111667355e+00 1.727650478750399898e+00 -1.413578171841973097e+00
-5.643327837518815393e+00 1.025078425274103422e+00 -1.115546120179526035e+00
-5.444034141136059546e+00 1.183777330324729871e+00 -1.282747664683302924e+00
-5.027631403690211442e+00 1.508935176815600965e+00 -1.389794825268443113e+00
-5.764133923222703793e+00 1.661024820855292683e+00 -1.341144751019823556e+00
-5.273845386889415288e+00 1.331064183391836409e+00 -1.167152715825168441e+00
-4.961862115460323075e+00 1.275092875023509542e+00 -1.303150414953927250e+00
-5.673067233201638082e+00 6.665889036698114944e-01 -1.784255190413731151e+00
-5.476828264030749516e+00 1.133548141166279777e+00 -1.306704805452064688e+00
-6.254674507410101114e+00 1.692947416775063108e+00 -9.033565593033420216e-01
-1.093067820086712238e+01 -7.110907800105721321e+01 -7.523885692792182667e-01
-4.356419050132897652e+00 1.223916151581023959e+00 -1.112687261939957928e+00
-5.341681358759548637e+00 1.873975781218743863e+00 -1.453031693459255091e+00
-5.858694561881897300e+00 1.179432685994498131e+00 -1.378777320682007979e+00
-5.304577353722571331e+00 2.004101475272545230e+00 -1.286832190249944441e+00
-5.712927035900664308e+00 1.089744155180047525e+00 -1.342273606347825776e+00
-5.593447028371431706e+00 2.172334020053436898e+00 -3.404879869006846582e-01
-5.070147131039360211e+00 1.438788415835113632e+00 -1.221154061935346702e+00
-5.416568881851193673e+00 1.104191462614628305e+00 -1.325782328859359316e+00
-5.725687236185152962e+00 1.414948605416824101e+00 -1.377061707849191574e+00
-5.296496463000000432e+00 1.843275412302405325e+00 -1.357161250154375942e+00
-5.157190730945575119e+00 1.741057135611232098e+00 -1.316026270613966931e+00
-5.359468474155456796e+00 1.531652259338583733e+00 -1.350038798844863441e+00
-5.547142687198488353e+00 9.994437321301260502e-01 -1.237931463822554701e+00
-5.469806583417197388e+00 1.258791022444846419e+00 -1.621481369950364737e+00
-5.275728017373294776e+00 1.937752349655590844e+00 -1.264678982339442426e+00
-5.563256030675167274e+00 1.758690324834002450e+00 -1.472670556207282599e+00
-5.438956095699865934e+00 2.221306277383131356e+00 -1.301351029228933642e+00
-4.900891350621885856e+00 1.718651142724571645e+00 -1.532412409345347948e+00
-5.348050283019517792e+00 1.416501970145330525e+00 -1.242109059527608306e+00
-5.655129341421085698e+00 1.041318212256407083e+00 -1.365168017326415795e+00
-5.091762770646611536e+00 8.729138002703754617e-01 -1.225990316144300651e+00
-5.463269882199683458e+00 1.452918099765485138e+00 -1.453112926727271992e+00
-5.818508041900687822e+00 1.121667489602209855e+00 -1.548632779225239453e+00
-5.202304284098662635e+00 1.582422100276838606e+00 -1.585870221878208808e+00
-4.768764637941895757e+00 2.225137113361103314e+00 -1.279368609286976932e+00
-5.353885569428145530e+00 1.654069226110084001e+00 -1.411461823832184548e+00
-5.310548737862571755e+00 1.866863450338323016e+00 -1.234347008789815403e+00
-5.562442168156192857e+00 1.096358928294891566e+00 -1.438312531316728204e+00
-6.197579139852446239e+00 1.731794194941821186e+00 -1.822439014468717033e+00
-5.784571768440019746e+00 1.319402599078948413e+00 -2.216018657223135069e+00
-4.578097813672019178e+00 1.059175262483815327e+00 -1.894433864111916943e+00
-5.137609814371788985e+00 9.042920553879530976e-01 -1.362527406237980632e+00
-5.574511935085109116e+00 1.746017230399106834e+00 -1.325456523958681965e+00
-6.159188437431452279e+00 1.450555145950787495e+00 -2.191243935006451871e+00
-5.459576270734396886e+00 1.460613499506325574e+00 -1.539469316991077141e+00
-4.969224405398659172e+00 1.708513588560313101e+00 -1.441876460133353799e+00
-4.917402897762742420e+00 1.226575994551108995e+00 -1.443636671001518934e+00
-5.684860871756621137e+00 1.691752609292516807e+00 -1.215449263522959011e+00
-5.191547936682435527e+00 1.950892745632330172e+00 -1.457536109417635117e+00
-5.474981971768300149e+00 1.222422938296620964e+00 -1.092142122694359729e+00
-5.682043268563785610e+00 1.791305004678514390e+00 -7.914991986105158750e-01
-5.870047034630730742e+00 1.774753672712630737e+00 -1.769832313343844277e+00
-5.780321727386056097e+00 1.530992253998602948e+00 -1.249760406040166361e+00
-5.147534952635390404e+00 1.854247625065161165e+00 -1.362954416362163190e+00
-5.618378156913513166e+00 1.065479571247481605e+00 -1.414515574176504975e+00
-5.140917743506249415e+00 1.042449266687702325e+00 -1.338137693179343835e+00
-5.350012719962899510e+00 1.259642787209710901e+00 -1.439968882728737354e+00
-5.206399980427283580e+00 1.501366204485608202e+00 -1.322946953001220338e+00
-5.549365996948102620e+00 1.333301178583307767e+00 -1.179048888827932906e+00
-5.508467325244671642e+00 1.801406704959171101e+00 -1.513533828817126059e+00
-5.582336247967633724e+00 2.282078199458174694e+00 -1.135852103187150686e+00
-5.867417135050840393e+00 1.165100045003669926e+00 -2.705800349151330941e+00
-5.199150331497924604e+00 2.010178210512069352e+00 -1.379670778897720940e+00
-3.879070155328045111e+00 1.796829347912719088e+00 -9.675749103659491146e-01
-5.063536768801946586e+00 6.951174989262360882e-01 -1.689849812417335562e+00
-5.732068724642775059e+00 1.247955989530702636e+00 -1.544270881162351339e+00
-5.138214375658732180e+00 1.419280123833145391e+00 -1.426234014251863469e+00
-5.318136862272825560e+00 1.392405387276300033e+00 -1.182229695418506310e+00
-4.997868202840497709e+00 6.514320807305093997e-01 -2.096039583961831099e+00
-5.606257043690503927e+00 1.415295670636910863e+00 -1.553791775986805401e+00
-5.316265832597727226e+00 1.193281963995516781e+00 -2.147090873146356493e+00
-4.782735375950810663e+00 1.789656854682105447e+00 -1.536618503947613679e+00
-4.866509689813882211e+00 1.510655309835316373e+00 -1.634893254909620230e+00
-5.511276786990888077e+00 2.153665174618698774e+00 -1.469858784801524543e+00
-5.708393153938352782e+00 1.817637747388350267e+00 -1.340488556151411492e+00
-5.688628371749078205e+00 6.790284799204253652e-01 -1.566721905737983311e+00
-5.088297296955656357e+00 1.391932399761983907e+00 -1.116888797153922752e+00
-5.282114279763952425e+00 8.882197046243590632e-01 -1.478159088261850718e+00
-4.896750875207273701e+00 1.048117001271788418e+00 -1.633281375923711032e+00
-5.170974872064084238e+00 2.076837103939418228e+00 -1.237659186443725190e+00
-5.423508444253246630e+00 1.607323354202383703e+00 -1.201189350206167461e+00
-6.338761136555066678e+00 1.070323098612309121e+00 -1.118645057517752672e+00
-4.935867800493764612e+00 1.321667371541596525e+00 -1.372046881209421754e+00
-5.737261584977384032e+00 1.474440513534821751e+00 -1.395420291576773941e+00
-5.356611172888271710e+00 1.187280081923843600e+00 -1.216645475399549037e+00
-5.435162119013845050e+00 1.151254848112951645e+00 -9.695953326144256534e-01
-5.362970289498395715e+00 1.485811036071743585e+00 -1.269843306442382636e+00
-5.432437064209035604e+00 1.667099772076876318e+00 -1.401892462475469392e+00
-5.708670094756498337e+00 1.259944311403636386e+00 -1.808835941230714672e+00
-5.096443050534291253e+00 1.721977114412108101e+00 -1.996827203092752523e+00
-5.413974888350875148e+00 1.140174955165710768e+00 -1.085634148308483260e+00
-5.417615498096093773e+00 1.322364646257064846e+00 -1.435593367128271902e+00
-5.542202967509568090e+00 1.528654010524529205e+00 -1.515899061425683980e+00
-5.852385494775061758e+00 1.252808925027263154e+00 -1.514773266216623115e+00
-5.046291333653818434e+00 1.055849402561451766e+00 -1.358816895192577201e+00
-5.029301207383436889e+00 1.083111638129950149e+00 -1.315629103995246130e+00
-5.362076986372689369e+00 1.130264621608972897e+00 -1.626633395842658203e+00
-5.005888984225018490e+00 1.329850712703049442e+00 -1.399625616036979769e+00
-5.317648938901032629e+00 1.458958175103487687e+00 -1.328141478960266131e+00
-4.875902583857130601e+00 9.622213174465309438e-01 -1.195926969710177534e+00
-5.892282278893508085e+00 1.426447398444349091e+00 -1.580614796012580925e+00
-4.910291350497236529e+00 1.644209879497305238e+00 -1.228110279397139015e+00
-5.151183616341858063e+00 1.209952009573046272e+00 -1.196221195290586570e+00
-5.461920993849508577e+00 1.300965934005342994e+00 -9.472434246765563115e-01
-5.653757979882075624e+00 1.346422183904863124e+00 -1.383860586020583705e+00
-5.088496814948092251e+00 1.929331990021030840e+00 -1.553171095238003119e+00
-5.282215989675759005e+00 1.523375742818494194e+00 -1.263402294732803854e+00
-5.812997945429927427e+00 9.769047524953529127e-01 -1.193059413593136942e+00
-5.134083677421137359e+00 1.167018403072682231e+00 -1.373569425958988122e+00
-5.758879915966010898e+00 1.596686285234911740e+00 -1.338058339110890227e+00
-5.756830993063493551e+00 1.128333085645742750e+00 -1.337422783148847882e+00
-5.375266530969952328e+00 1.005663697042615601e+00 -1.281245032710559784e+00
-5.450231747893962364e+00 6.577203546606481543e-01 -1.320232816861335534e+00
-5.200961616424571332e+00 2.000535838498809671e+00 -9.939386049162513004e-01
-4.904152050518270300e+00 1.257728512669819443e+00 -9.551175255186785673e-01
-5.143164833258941471e+00 1.031125481131463184e+00 -1.411619949386799577e+00
-5.171702426210078585e+00 1.071363610080472206e+00 -1.048622767556596891e+00
-5.310020079118467962e+00 1.837600216289156929e+00 -1.378374236306293188e+00
-4.934019219084592400e+00 1.231066490722568574e+00 -1.164910039053915991e+00
-5.055426143486682733e+00 1.649486032065464070e+00 -1.414277137100488524e+00
-5.417502895812483565e+00 1.300138983742371357e+00 -1.166738132543099216e+00
-5.918189082630038733e+00 1.000248148579340635e+00 -1.257762183711397475e+00
-5.367760604724460372e+00 1.110547987754183508e+00 -1.222492927883753522e+00
-4.981026105128146142e+00 1.294327540255323594e+00 -9.623767990275688966e-01
-5.113502437547775337e+00 1.231542655879559467e+00 -1.233981018008883934e+00
-4.885602824502217167e+00 1.271690234329498459e+00 1.431825020849769037e-01
-4.965597618652247469e+00 1.630250897129577936e+00 -1.385247704193619533e+00
-5.646650262190385128e+00 1.298966201129559295e+00 -1.322786381818816581e+00
-5.814066186928203095e+00 1.084382189034901245e+00 -1.063032833332398397e+00
-4.975417097102403652e+00 2.026951312960829199e+00 -5.514777444416948393e-01
-6.370188910862589537e+00 1.291885920632157347e+00 -1.485588141369758253e+00
-5.720591513815382001e+00 1.940934242713800106e+00 -1.170245855508413202e+00
-4.970910982143412760e+00 1.095130461893530915e+00 -1.423508793706064868e+00
-5.348279486753980905e+00 1.134285806963404086e+00 -1.470594131006679239e+00
-3.647173767762736052e+00 8.548828674753225698e+01 -4.083708600627724561e-01
