-7.496488684439207795e+00 2.294112914517322466e+00 -1.705243424046401612e+00
-7.374109103014506061e+00 2.704564205295164836e+00 -1.008732589963102333e+00
-7.392297326045766503e+00 3.154360414931552281e+00 -2.231379108311878579e+00
-7.429268875969905039e+00 2.573712509649463076e+00 -1.464768622879842219e+00
-8.336916613774969065e+00 2.230517011247843406e+00 -1.012694127917143305e+00
-8.154011806836491516e+00 2.269912144944997934e+00 -1.389142492034559861e+00
-7.976918633195017705e+00 1.998609440350225697e+00 -1.513300510954957323e+00
-7.975201651852805718e+00 1.892218870359285487e+00 -1.734256775581014542e+00
-8.421013881107116461e+00 2.419041943814290718e+00 -1.254521294496708572e+00
-7.967192237115400033e+00 2.475315834493708067e+00 -1.380481956520147602e+00
-8.012390128900172215e+00 1.696086983476262855e+00 -1.377395037587691995e+00
-7.242626779793167380e+00 1.976661203576923320e+00 -1.273338526604432364e+00
-7.913608191512043533e+00 2.038123745339047943e+00 -1.483222055938908435e+00
-7.640078250460180520e+00 2.105003811850751028e+00 -1.565988310287791174e+00
-8.232881721995864766e+00 2.425611410519604050e+00 -1.097190128976941681e+00
-7.974567747953368979e+00 2.831785201861661161e+00 -1.651706667956371000e+00
-7.864627449876740783e+00 1.690283319734078082e+00 -2.049347062572641320e+00
-8.323964800336925762e+00 2.845884396157334795e+00 -1.409941641447873373e+00
-7.767087633704164773e+00 1.913129940808979690e+00 -1.504395478815379494e+00
-7.527435006729744416e+00 2.039859205660468078e+00 -1.337252879649615256e+00
-8.336696133624661442e+00 2.186349337788125791e+00 -1.480566845157421652e+00
-7.211085202602554034e+00 3.190958157834471898e+00 -1.391105523631692265e+00
-8.118353609757937406e+00 2.313098265011076737e+00 -1.824936036568113762e+00
-7.771474274226023660e+00 3.337293246999656127e+00 -1.553049176620634908e+00
-8.135417193044665041e+00 1.956487092246896875e+00 -1.809527077545836971e+00
-7.619873163481440059e+00 2.300180562060126999e+00 -1.436737074667584713e+00
-8.239544205049753600e+00 2.425322354898446164e+00 -1.351092462287130536e+00
-7.083994694909513612e+00 1.655173190875698808e+00 -1.281884849288956740e+00
-7.970609312985839523e+00 1.914361254858232719e+00 -1.420001570224213472e+00
-7.465085083303221403e+00 2.416306920034454908e+00 -1.268872276595353732e+00
-8.280739071634195980e+00 2.277469899280406995e+00 -1.502948080655068575e+00
-8.004051045386752605e+00 1.906760964238262801e+00 -1.052795680418802782e+00
-7.613215457642098727e+00 2.228220575310799756e+00 -1.591782914470143417e+00
-8.358748830548867303e+00 2.993127712041165456e+00 -1.338298376051900940e+00
-8.618674350534973883e+00 2.488032441743405876e+00 -1.183888744958287997e+00
-7.654557854220645829e+00 2.746007865354613831e+00 -1.546323460260120797e+00
-7.740838041823631777e+00 2.177237989155406339e+00 -1.463428355173346684e+00
-7.747925676628812042e+00 2.784909212389524047e+00 -1.158485359334727072e+00
-7.631448293666826643e+00 1.792187785868303962e+00 -1.535895988099881482e+00
-8.285340280878996211e+00 2.065953371026379326e+00 -1.607390899647105797e+00
-7.329918077665471543e+00 1.505890853090932291e+00 -8.040292237524084840e-01
-7.630417525224877373e+00 2.110863298286040468e+00 -1.466485560991911186e+00
-7.416298518082847124e+00 2.520656103306033735e+00 -1.745571640671945923e+00
-7.820130450637616804e+00 1.774385167302710009e+00 -1.513302920291144771e+00
-8.336221146333871346e+00 2.547825713405348136e+00 -1.635373323288828340e+00
-7.741128725196695370e+00 2.995047904746109602e+00 -1.506478557035842769e+00
-8.064608825920377200e+00 2.870483120597987714e+00 -1.515511167845099649e+00
-8.295184700708574610e+00 2.987349209891248414e+00 -1.325812933134524529e+00
-8.029077549257399582e+00 2.415703756284221182e+00 -1.221471978144376580e+00
-7.682393085357906770e+00 2.599891330639574782e+00 -2.034904480773192414e+00
-7.973766536763506885e+00 2.207080627227399727e+00 -1.660876122457621396e+00
-7.630254844386674229e+00 1.873832341147360525e+00 -1.654908478633852820e+00
-7.831214361571523952e+00 3.182451492129553472e+00 -1.838896823027364347e+00
-7.632516302451734624e+00 2.834134045051932116e+00 -1.045342989176721638e+00
-8.475649098854205477e+00 3.071891505318481208e+00 -1.871491297459070946e+00
-7.890186555898066167e+00 2.013460306224634788e+00 -1.363244534473650571e+00
-8.181243817566288712e+00 2.058520823679496292e+00 -1.599484774153318911e+00
-7.946359657488602402e+00 2.298525843009192826e+00 -1.511005227618358537e+00
-7.793644036402282538e+00 3.157538059937840647e+00 -1.373153159179320459e+00
-7.522074513888507674e+00 1.972085918486893963e+00 -1.301603867423165806e+00
-8.144089391987741067e+00 3.147205876800219571e+00 -8.248996928962195607e-01
-7.506421474555736495e+00 2.662770083841341950e+00 -1.743286345574047935e+00
-8.200554251033864261e+00 1.678273101124602595e+00 -1.643028769052433891e+00
-8.001273453594412999e+00 2.405877580085606482e+00 -1.482105626420946676e+00
-8.109019249149628905e+00 2.696661137743047831e+00 -1.422671683118791330e+00
-7.325713195179941906e+00 2.152872111234092500e+00 -1.475117670463649056e+00
-7.870466123713521611e+00 2.829628188963420499e+00 -1.269833924325334040e+00
-7.693971353616833042e+00 2.466570052472117247e+00 -1.500361910804626220e+00
-8.437550884266936890e+00 2.216075912436803907e+00 -1.581624302127477399e+00
-6.924454424476046199e+00 1.376487777289443271e+00 -1.450888074058373167e+00
-7.443220900971881271e+00 2.321373825745778330e+00 -1.293281613377885719e+00
-8.141150900516656463e+00 2.354687669555320273e+00 -1.436544353719956035e+00
-7.846669362408505322e+00 2.382502646600435092e+00 -1.525122286854140308e+00
-8.043841758331225833e+00 2.565668020287306561e+00 -1.583502846498995087e+00
-7.919551130466746081e+00 1.864850279800392308e+00 -1.597193676494949033e+00
-8.321086869030873245e+00 3.263053979890306433e+00 -1.911366275699533768e+00
-8.582059658589061613e+00 2.622530048765408850e+00 -2.309553866756332674e+00
-7.690042611508124182e+00 2.346801507152454391e+00 -2.073079167928512323e+00
-7.922647804733210286e+00 2.409059970122719108e+00 -1.454595062110029646e+00
-8.369658145881674116e+00 2.257842405636266037e+00 -1.368737683424823492e+00
-7.700071319218883659e+00 2.345534177259497532e+00 -1.734632031075011627e+00
-8.281584049515302581e+00 2.809022902527622545e+00 -1.243984257816962202e+00
-7.837716810595003913e+00 2.386152560121984845e+00 -1.483922883573421725e+00
-8.297838470769017150e+00 1.917074242594552613e+00 -1.941035747828695035e+00
-7.901553245801189007e+00 2.105743454383565361e+00 -1.568540830676493414e+00
-7.866832861179902991e+00 2.022686916068042073e+00 -1.403564718261903321e+00
-7.625780147112916296e+00 2.701600869495119017e+00 -1.387317168967280301e+00
-7.712132838100616006e+00 2.259407368486217926e+00 -1.702481109213831001e+00
-7.530897470033814045e+00 1.850530327664396735e+00 -1.394662105919330930e+00
-7.713702099536799750e+00 1.971363769795912990e+00 -1.643581284359017181e+00
-8.130026258121828775e+00 2.493738190908976637e+00 -9.795547415512845246e-01
-8.305868776997133551e+00 2.336979086631420177e+00 -1.349376483857802622e+00
-8.429776009950117555e+00 3.109365926027390259e+00 -2.072619762250369480e+00
-7.874811937497628200e+00 2.156199295178775177e+00 -1.294697213787891377e+00
-7.295321757014528785e+00 2.317295145494590258e+00 -1.380174903766085537e+00
-7.542540878147172556e+00 2.176095713597319126e+00 -1.696892741732180410e+00
-7.973631279549636020e+00 1.220885582002709135e+00 -1.070779251957788558e+00
-7.816486244323268551e+00 2.558407197345450967e+00 -1.309006998933845090e+00
-7.883085668351121456e+00 2.615443524778267026e+00 -1.697194797883748052e+00
-7.793980389056292424e+00 2.582309874982588127e+00 -1.538796379919664670e+00
-8.053116099671402850e+00 2.351808559801391585e+00 -1.563191540298003446e+00
-7.267246610758586023e+00 2.324075119789193344e+00 -1.522138874280187126e+00
-8.597150032264117669e+00 1.774499874390123910e+00 -1.758863988002639100e+00
-7.570307221210545556e+00 2.538224473445807483e+00 -1.494417854592416717e+00
-7.712294757413502566e+00 2.344663194471472867e+00 -1.468369140044844423e+00
-7.754380573878778549e+00 1.991590322258615764e+00 -1.518833034773156676e+00
-7.422151732205338526e+00 2.166933208085590756e+00 -1.645859131059062896e+00
-7.331241888473775781e+00 3.161101901802176872e+00 -1.470963156444623054e+00
-8.085979469309210188e+00 1.782924433272517151e+00 -1.522266397715126951e+00
-8.067374210826182335e+00 2.569918412779936379e+00 -1.356727467842247403e+00
-8.100075577552932060e+00 2.338573018221784316e+00 -1.645432922350578586e+00
-7.626308956137282102e+00 2.410919712695468231e+00 -1.473778648164643990e+00
-8.288810590951458224e+00 3.004149206742604328e+00 -1.315154993844677600e+00
-8.668706143116292395e+00 1.639128395763074453e+00 -1.970117257643682063e+00
-7.259519642851634202e+00 2.454031587946300608e+00 -1.104898695414874066e+00
-7.297923095592222964e+00 2.430064480578369324e+00 -1.210242215536999844e+00
-7.774357810573490291e+00 2.398845162072436921e+00 -1.530800497185541786e+00
-8.093703812746028348e+00 2.187909384989797257e+00 -1.368967860766206801e+00
-7.975628681159324884e+00 1.529881673556931165e+00 -8.838390176476590421e-01
-7.969291793313596273e+00 2.492502381466061845e+00 -1.453119517678456152e+00
-8.008500007745514182e+00 2.394530094807117759e+00 -1.434312275487763966e+00
-7.884494772811614816e+00 1.888101902645727526e+00 -1.744015039829651004e+00
-7.089464207904662807e+00 2.108094498909774739e+00 -1.598768249414642240e+00
-7.815213168432473267e+00 2.254362621528061439e+00 -1.346255769068217534e+00
-2.806274396332344523e+01 6.789612018245152569e+01 -3.091649241597513864e-01
-7.613702304977650215e+00 2.257244882011248066e+00 -1.417258941617137058e+00
-7.821066006743823351e+00 2.121159981754906276e+00 -1.614799115028647369e+00
-7.687335693970448247e+00 2.697968022430603963e+00 -2.000569580499951261e+00
-7.732985741583319417e+00 2.917417790920358911e+00 -1.532658234250230178e+00
-7.966275436455027226e+00 2.805146126403719631e+00 -1.539795854825501076e+00
-8.120339785855897219e+00 2.518715509081859150e+00 -1.682694008816563613e+00
-7.968020088636754039e+00 2.726704704794190359e+00 -1.351045896439453164e+00
-7.978955935176621495e+00 2.958382053703179082e+00 -1.112318578532033531e+00
-7.463327640855040634e+00 2.358879337021900113e+00 -1.517830248638098123e+00
-7.830474942958399076e+00 1.750480929573670297e+00 -1.436224825077388578e+00
-8.429324224158241563e+00 2.356882783361754718e+00 -1.105965978975330000e+00
-8.183708381305489610e+00 2.084654320635478619e+00 -1.787029346791596307e+00
-8.086147253303328952e+00 2.869791379759709660e+00 -1.354234711618282905e+00
-7.541370024856736798e+00 2.812259579603904935e+00 -1.616291681927249702e+00
-8.301124249260094956e+00 2.563376775412268493e+00 -1.276860739072372963e+00
-7.360740976150482062e+00 2.070819750324302877e+00 -1.440075705925220717e+00
-8.145887441089177727e+00 2.769588483635939902e+00 -1.775513459700019947e+00
-8.047267248692373087e+00 2.214954566654416368e+00 -1.431558500459975125e+00
-7.390906807987171590e+00 2.106559012787623697e+00 -1.347013977407842900e+00
-8.103054503011769327e+00 2.775698136066605315e+00 -1.502989085031052774e+00
-7.925764202854072238e+00 2.397334365009294643e+00 -1.644481209927320053e+00
-7.518221824124096564e+00 2.403648502073351789e+00 -1.307068969744973552e+00
-7.725611350026698076e+00 1.809609923266597642e+00 -1.637725712272728895e+00
-8.112642686350637788e+00 2.495848041136727424e+00 -1.718014222727213269e+00
-8.249502414907748715e+00 2.067083177902528490e+00 -1.090876306768581827e+00
-8.289168163246298349e+00 2.200830274233034789e+00 -1.425080218266303378e+00
-7.617649001882324633e+00 2.616214901411040739e+00 -1.442461615458065616e+00
-8.295554700165730821e+00 2.563378949538653639e+00 -1.309493700776084513e+00
-8.031735055442558391e+00 2.225061763988762653e+00 -1.726407525605941462e+00
-7.543428005911541945e+00 1.941578714530200145e+00 -1.378609013295100105e+00
-8.265803249656533680e+00 2.025699217789985074e+00 -1.991233752143056090e+00
-7.853674272639514342e+00 2.389880282405897560e+00 -1.561983382913870289e+00
-7.858921026573878699e+00 2.657552044449302819e+00 -1.061361731488296378e+00
-8.938145818986081181e+00 1.814766285079585595e+00 -1.470446488887011682e+00
-7.592596254972638015e+00 2.658868611398232495e+00 -1.394183386124739688e+00
-7.737979555663320852e+00 2.477402323673699058e+00 -1.248720074134270996e+00
-7.944844270383951468e+00 2.019501601003516278e+00 -1.767748608828419998e+00
-7.492230535070964592e+00 3.074590559719370120e+00 -2.107983174239511648e+00
-7.541141397701720983e+00 2.007673077448942411e+00 -1.515170077784063540e+00
-7.990397507321327808e+00 2.071332411572959220e+00 -1.482913812911858864e+00
-8.328969962175378328e+00 2.188922036733996990e+00 -1.642669104616866216e+00
-7.610007270971008708e+00 2.432215322792846912e+00 -1.381473809929301577e+00
-8.106161192385190617e+00 2.248976879472179835e+00 -1.282055972122160048e+00
-7.612277026408716729e+00 1.160872486417996452e+00 -1.556565920638790956e+00
-7.187492371872880703e+00 2.315147107627504752e+00 -1.491760170698205767e+00
-8.173565127783712470e+00 2.199336082237309142e+00 -1.519821796406165770e+00
-7.795657128542392122e+00 1.797796742369659473e+00 -1.430536494068392672e+00
-7.689734779033990719e+00 2.098073832964852059e+00 -1.589493677481632838e+00
-7.956918668209097767e+00 1.996889792430339705e+00 -1.394170592999206093e+00
-7.845505653122392786e+00 2.369517954796979353e+00 -1.126174901593373523e+00
-7.886989774453524227e+00 2.646750920296614407e+00 -1.336045414597784253e+00
-7.776746232692191008e+00 2.818558753592105504e+00 -1.599599543823790215e+00
-8.014412677014048469e+00 2.051100020204691621e+00 -1.648154991509714895e+00
-7.877115334744094532e+00 2.219163989836786754e+00 -1.381023553033376317e+00
-8.096241963321807233e+00 2.495162853789735458e+00 -1.429290577636971538e+00
-8.004380171161834312e+00 2.055603855365160104e+00 -1.264076728041255926e+00
-7.614503400714403902e+00 1.867438615795570689e+00 -1.566507262657064636e+00
-7.354256553401353536e+00 2.596901585841078219e+00 -1.697145333943313128e+00
-7.537989882333063996e+00 3.463723799073846088e+00 -1.658648125909991666e+00
-7.646515541126849058e+00 2.802967426110884563e+00 -1.358557214680660152e+00
-7.865736377659849232e+00 2.385339883652110693e+00 -1.506620629870423000e+00
-8.187284842287269271e+00 1.947518438396260043e+00 -1.377937741758327395e+00
-7.770854551477265559e+00 2.536395408300337717e+00 -1.551948094810183365e+00
-8.275870753822148984e+00 2.641361396326631361e+00 -1.674318932308788366e+00
-7.939345734643158181e+00 2.763515223781658481e+00 -1.533953568427884440e+00
-8.296128086228010901e+00 1.526018322216882606e+00 -1.933123601530230884e+00
-7.613474299400092349e+00 2.811386850693135653e+00 -1.670915351022113526e+00
-8.424764749925673257e+00 2.177099624156747737e+00 -5.161706002264135895e-01
-7.345901065729105284e+00 2.289037422889232065e+00 -1.238043942338502790e+00
-8.659160466871696826e+00 1.823641806563783163e+00 -2.247079365419574870e+00
-7.646348722174604262e+00 3.805539765564450505e+00 -2.228726884654677054e+00
-8.488561808319973423e+00 2.159949229957258687e+00 -1.112535925421263894e+00
-7.467823701641372658e+00 2.147891465491680307e+00 -1.432125127949353205e+00
-8.048808395643824554e+00 2.972906478302231204e+00 -1.455975715338673204e+00
-7.815231665089648949e+00 1.841559486474975804e+00 -1.832168454224187615e+00
-7.518401548200865037e+00 2.348239358699911961e+00 -1.119116585074898751e+00
-7.584687362318245363e+00 2.810234284703247987e+00 -1.112189183137306969e+00
-7.756957978549546162e+00 2.030101952084498507e+00 -1.455256999765480286e+00
-8.089858542771562355e+00 2.926276071243580024e+00 -1.850870758291794926e+00
-8.240637865366570836e+00 1.984504276159741787e+00 -1.612088874494148172e+00
-7.813752995935217882e+00 2.528981085472509882e+00 -1.587974496247561040e+00
-8.115279292455086946e+00 1.953654858801716410e+00 -1.532680418865543848e+00
-7.476519240034643410e+00 2.005060631644048019e+00 -1.415297650971714560e+00
-7.524103163153622376e+00 2.336633914256225797e+00 -1.224315908942326558e+00
-7.554655370104253365e+00 2.761597171064554601e+00 -1.727973529849230916e+00
-7.174702077792158406e+00 3.122278013715741540e+00 -5.499846211076231395e-01
-6.878189292869489435e+00 2.811756589588982891e+00 -1.502661591684837372e+00
-7.422133253203925030e+00 2.204731541915680104e+00 -1.737152198821676263e+00
-7.359032288519443021e+00 2.171491117880350430e+00 -1.501466500105800517e+00
-7.985656101156913600e+00 3.108452699291161636e+00 -1.816888212315704854e+00
-8.056859194885577224e+00 1.980960928518055830e+00 -1.543129001209826212e+00
-7.449306618133567426e+00 2.895567768547181231e+00 -1.614264989957251428e+00
-8.516968908147550366e+00 2.688599077118046132e+00 -1.449982522301743959e+00
-8.310205883805521054e+00 2.382942648253329132e+00 -1.549838699483832016e+00
-7.297547628691321009e+00 2.472879055609336962e+00 -1.558784024038445182e+00
-7.829301174979502953e+00 2.155903774731929623e+00 -2.172200253440477624e+00
-7.969073745664333686e+00 2.464060556104888278e+00 -1.604499462082670691e+00
-7.586374785451999614e+00 2.453146645709266327e+00 -1.705882824262898056e+00
-7.794650781580899412e+00 2.267346250360153803e+00 -1.306993361511827878e+00
-7.706960176671755924e+00 1.388536075373513867e+00 -1.446890692532856626e+00
-8.120064354624021874e+00 1.939454425958905492e+00 -1.329715459393061350e+00
-7.911547354896334205e+00 2.237682486767419210e+00 -1.770906889801810769e+00
-8.259975057852141589e+00 2.161971307596154190e+00 -1.538125043388188562e+00
-7.699493199255934783e+00 2.270076355097089049e+00 -1.599874510570485464e+00
-7.538381229648758008e+00 2.381817240260915902e+00 -1.653490054951164412e+00
-7.820467358252583878e+00 1.893422300755539744e+00 -4.663402653223476801e-01
-7.450291508859541167e+00 1.765901149177953045e+00 -1.492942330243781202e+00
-7.910482283470002152e+00 2.103959398884098331e+00 -1.525429484829216475e+00
-7.348160537477427035e+00 1.862739150395447796e+00 -1.556718794710579834e+00
-7.915644632013020043e+00 3.056848143998575296e+00 -1.303597508664590121e+00
-7.754814433278597541e+00 2.606672499681011335e+00 -2.012221954650187161e+00
-7.409089780319118468e+00 2.314839222617093739e+00 -1.554913340290917212e+00
-8.450054872700404118e+00 3.114980548199763000e+00 -1.696619301209387976e+00
-7.812479759961319381e+00 2.849320669791451266e+00 -1.420333368761517168e+00
-7.374244480753850972e+00 2.471283482193951109e+00 -1.427484472259820114e+00
-7.482360037189573987e+00 1.834751875953940070e+00 -1.451592538877336303e+00
-8.361519905996795288e+00 1.643190300346019761e+00 -7.213602060658529380e-01
-8.528248355514689294e+00 2.668257734353171262e+00 -1.479231509568613268e+00
-8.634844021443322859e+00 1.795421810244764549e+00 -1.556046458387683407e+00
-8.261131141184559823e+00 2.972335796417528542e+00 -2.240112831491271717e+00
-8.204558534484183596e+00 2.160678771570777812e+00 -1.568491406635259322e+00
-7.862353248748462420e+00 2.111526517102783274e+00 -1.514154482351517617e+00
-8.238680901281481894e+00 2.550714060074434908e+00 -1.372986454202511641e+00
-8.183637652953374086e+00 1.602380190376640368e+00 -9.446947798759199877e-01
-2.377978116223031080e+01 1.589183642729729229e+01 3.986434790073767331e-03
-8.103007899832403993e+00 2.463646644879937675e+00 -1.610946888419221068e+00
-7.876788203012737632e+00 2.763796277622870168e+00 -1.590153142724199498e+00
-7.607812005882896855e+00 2.333957346007577094e+00 -1.700308841687549588e+00
-8.042406293499514192e+00 2.394031520256036938e+00 -1.403183117478240982e+00
-7.797072896395991215e+00 2.246795070792780624e+00 -1.815581929598620636e+00
-8.105271275931997366e+00 2.547228717140608723e+00 -1.352439922293804386e+00
-8.093116298068215642e+00 2.024695306977196907e+00 -1.394626213083821398e+00
-8.005798480175490894e+00 2.144358753398928563e+00 -1.494115322892531239e+00
-7.615641431658964677e+00 2.697258570018042700e+00 -1.334366265828086373e+00
-7.661760669082835484e+00 2.152217343727627963e+00 -1.813197611516662811e+00
-8.248752680383365288e+00 2.355655847364442668e+00 -1.622470640147090304e+00
-7.820476095603702937e+00 2.933938110689234602e+00 -1.594902414715607231e+00
-7.419545298470574757e+00 2.020338421213119684e+00 -1.399496208938107999e+00
-8.188276195300343119e+00 2.393982767591107397e+00 -1.332340196279246713e+00
-7.656052324209587923e+00 2.568619223951939645e+00 -1.509642496583337712e+00
-6.963337133073270735e+00 2.447344010151951021e+00 -1.480735672677566672e+00
-7.490381588602432750e+00 2.177096064636168560e+00 -1.626180795795904688e+00
-7.673873664296077202e+00 1.627135247906571047e+00 -1.497440354557443953e+00
-7.603389243178685142e+00 1.866707081133678559e+00 -1.303046914436577497e+00
-7.636658676295849268e+00 2.512553304224094397e+00 -1.992987013119488227e+00
-7.875155604634198170e+00 2.488935052166189266e+00 -1.398185167987091582e+00
-7.837600360074867822e+00 2.677922072531194075e+00 -1.427457559387060870e+00
-7.413075307296664640e+00 2.438426738204831246e+00 -1.569382869485472343e+00
-7.427244729169869331e+00 2.493669006101256524e+00 -1.478219093161901032e+00
-8.128539962067064195e+00 2.705414160450794636e+00 -1.567190710200041304e+00
-8.228030934276835850e+00 2.047804311302757974e+00 -1.610545714560715158e+00
-7.732962390360908600e+00 2.352012353062429728e+00 -1.571599598630048389e+00
-7.345342109347637205e+00 2.110669118913439668e+00 -1.653471157422987226e+00
-8.187842976081869395e+00 3.298267837979322437e+00 -2.359216239692205175e+00
-8.314137741791379099e+00 3.168225209007669019e+00 -1.862785134630226880e+00
-7.461325990997148772e+00 2.333620710646239882e+00 -1.609422524106128849e+00
-8.267689073775127184e+00 2.769677374275639536e+00 -1.396577944381240943e+00
-7.672898228241691321e+00 2.047380510872803594e+00 -1.783628771598813501e+00
-7.615295468547396140e+00 2.104777282893972146e+00 -1.656353247976969145e+00
-8.067496291868822667e+00 2.448318191642777641e+00 -1.419897820292522983e+00
-7.936686658608056000e+00 1.667990277597665161e+00 -1.297779969691547075e+00
-8.045304639715803674e+00 2.061718875119926242e+00 -1.404335322308480682e+00
-8.440263953552873843e+00 1.723739260486177427e+00 -1.604679196189235491e+00
-7.407672677251317062e+00 2.644507540004225277e+00 -1.524509446848360206e+00
-7.391084603008374110e+00 1.926903003951605742e+00 -1.407410435867110010e+00
-6.852198957548954361e+00 3.049182460566237207e+00 -1.433781548213337365e+00
-8.284519331286260169e+00 2.337563037794598841e+00 -1.653157789718480375e+00
-7.800035834841732019e+00 2.815755289600450517e+00 -1.668468358511461025e+00
-7.607874633745390192e+00 2.587784407135311771e+00 -1.522313103399411505e+00
-8.651258376229403524e+00 2.689485074402504061e+00 -1.641303828177313129e+00
-8.158179017207162431e+00 2.315485856698901834e+00 -1.418518897047006178e+00
-7.421716728014058795e+00 2.471726246838625407e+00 -2.308670509582912533e+00
-7.977967752327660200e+00 2.740799003751366314e+00 -1.316807348387414089e+00
-7.853431528471737977e+00 1.819887606029375604e+00 -1.381666677507610519e+00
-7.824575110901348829e+00 2.219361764902951784e+00 -1.239568081429488489e+00
-7.633216248002497650e+00 2.257440198213254590e+00 -1.553367140570926397e+00
-7.628763020473752654e+00 2.715028656166822874e+00 -1.580233975837706639e+00
-7.426994317376688137e+00 2.289263451476994948e+00 -2.473148198674008924e+00
-7.461601161060563037e+00 2.155857314967752902e+00 -1.506698461023895597e+00
-7.470053916265745109e+00 2.629460406620031332e+00 -1.349723052633597042e+00
-8.119797526698507184e+00 2.465725131345050336e+00 -1.810256414714415563e+00
-7.464671342343073945e+00 2.474783590222899843e+00 -1.444555281710014016e+00
-7.806812396041928004e+00 1.905943413207069614e+00 -1.725210045058895858e+00
-7.911052672322800738e+00 2.812400322061272551e+00 -1.391688898217782855e+00
-8.074427139120684771e+00 2.319603512804634615e+00 -1.046833386622356921e+00
-7.909801842678852779e+00 2.928874250854361261e+00 -1.273873155690810943e+00
-7.775692616820388814e+00 2.609550808704998115e+00 -1.362925234218925530e+00
-8.017260660890535462e+00 2.959491158923800214e+00 -1.237274393197945521e+00
-7.324273873479240748e+00 2.129259301738415822e+00 -8.993270190663902319e-01
-8.790546880086974824e+00 2.457210235222580863e+00 -1.439743724782176715e+00
-8.335841353067124260e+00 2.516599305996429337e+00 -1.425866712595270647e+00
-7.642700002019082284e+00 2.641774117771288122e+00 -1.099441664495292237e+00
-8.319601102942597137e+00 2.123162908250590508e+00 -1.451967457172993248e+00
-8.125146790323354296e+00 1.623574094609747664e+00 -1.046279117124820912e+00
-8.165883431377658042e+00 2.274799381796770437e+00 -1.692061587847399018e+00
-7.927080490715063377e+00 2.253641632450371635e+00 -1.556384530798850641e+00
-8.200286554703902553e+00 2.857070593876616105e+00 -1.772866996834018716e+00
-8.537352779804999514e+00 1.791885971789568988e+00 -3.688907433825950322e-01
-7.331793272059360156e+00 2.730435653966931664e+00 -1.487677226004698872e+00
-7.366794102137266265e+00 2.120848244582088871e+00 -1.484080913729089124e+00
-7.872370421009221353e+00 1.907490723930815202e+00 -1.658686867955745825e+00
-8.209672763850640820e+00 1.938082263093981350e+00 -1.216041852442905302e+00
-8.009770259780639279e+00 2.366421828230970359e+00 -1.921829806000056262e+00
-8.166148481556605887e+00 2.577627322613078586e+00 -1.531187432555839223e+00
-7.983269364239605537e+00 1.897553307487720220e+00 -1.133824236984316558e+00
-7.393383376880828806e+00 2.173174755153862936e+00 -1.575589234889170243e+00
-7.810387036870149124e+00 1.617288234488668541e+00 -1.707402065113749368e+00
-7.507763799000978011e+00 2.489766120609071098e+00 -1.944723730363453251e+00
-7.910644587955388829e+00 2.360518976966201610e+00 -1.403702925434043625e+00
-7.949993407137942114e+00 1.811092293098710115e+00 -1.668242128227062082e+00
-7.203845094453845022e+00 2.319066072269877044e+00 -1.815619019465440909e+00
-7.522997246118513281e+00 2.242661864098324909e+00 -1.540067090235991865e+00
-8.057733836740833766e+00 1.985314910504441199e+00 -1.527458159920836556e+00
-7.409393153635302376e+00 2.643707184239338925e+00 -2.012885934298599189e+00
-8.008616075258000677e+00 2.396542373626893152e+00 -1.522575157495543285e+00
-7.445475778823802848e+00 2.684528138854460177e+00 -1.582385033589861711e+00
-8.153339866561873706e+00 2.572176160423480962e+00 -1.405656553856433622e+00
-8.117667879247999707e+00 2.527145805899009723e+00 -1.224255189445969227e+00
-7.441722851038497843e+00 2.682182529460470644e+00 -1.757701264072081937e+00
-7.442410228623350221e+00 2.002366517850861172e+00 -1.241208831690577163e+00
-8.241433019178380448e+00 2.683301162837279374e+00 -1.585959623409505026e+00
-8.134019778239558462e+00 2.573979472248382194e+00 -2.022082629650428842e+00
-8.061119691572258716e+00 2.002055347961117615e+00 -1.522834910251536833e+00
-7.878280615544174026e+00 2.331751420120687701e+00 -1.477204343003819087e+00
-7.842971897758824973e+00 2.180658805711511050e+00 -1.554710216492310337e+00
-7.715571510637484920e+00 1.997798674538907582e+00 -1.525776467150325333e+00
-6.879901051004156720e+00 2.213941141376300159e+00 -1.402370517019286167e+00
-8.011004748097569461e+00 2.582641308122558321e+00 -1.389661211396452378e+00
-7.626910509745629341e+00 2.164669204278229842e+00 -1.357847584693649079e+00
-7.745348194456927793e+00 3.353926842405707820e+00 -1.458879775345956809e+00
-8.124368586556620642e+00 2.737168036173384777e+00 -1.358122207263012360e+00
-8.461611020884072687e+00 1.922099884286336158e+00 -5.201307494565903244e-01
-7.904424320680702110e+00 1.952529953193588463e+00 -1.460429672436174053e+00
-7.981974474666128749e+00 1.859782476731923540e+00 -1.457346892187775467e+00
-8.284833357746341775e+00 2.043140223786034326e+00 -7.286338935870358968e-01
-7.589863588898592361e+00 1.644505049393444995e+00 -1.272163251053707755e+00
-7.708263567695391671e+00 2.446903847712298408e+00 -1.636941848058306004e+00
-7.436557584663137987e+00 8.146153138425513696e-01 -1.378421411521587814e+00
-7.780757069984507446e+00 1.961148922973701136e+00 -1.190541303015896446e+00
-8.348143718686824144e+00 2.470209379199943545e+00 -1.485458906005712176e+00
-7.525952273204128851e+00 2.297289204394538320e+00 -1.600263113462350395e+00
-8.705715963434295546e+00 2.376637346483796875e+00 -7.531334637704953927e-01
-7.885115370526399659e+00 2.898797164042984154e+00 -1.295690576818089079e+00
-7.418343296445735646e+00 1.967652412007606877e+00 -1.670559630669125495e+00
-8.324694481947711111e+00 2.259484943610902352e+00 -1.415696540257711078e+00
-7.654485293031215498e+00 2.469377629750225456e+00 -1.354490444998355470e+00
-7.786796898405663470e+00 2.676973614147913683e+00 -1.625134373162280710e+00
-7.288086714476303740e+00 2.398313423080504325e+00 -1.473165973160246223e+00
-7.485838007649417314e+00 2.202704000273739471e+00 -1.442179451766763876e+00
-5.098865444420186321e+01 1.661086352911949859e+01 9.802534769534720915e-02
-7.810559215978667424e+00 1.593245016202390785e+00 -1.592364417501947571e+00
-7.377515241084501518e+00 1.960725082813786990e+00 -1.536596838415627886e+00
-8.084663929813379113e+00 2.464594218317315732e+00 -1.559449853452760770e+00
-7.916723251113143789e+00 2.813960442835143905e+00 -1.389797578284616586e+00
-8.375007970740991681e+00 2.450097340739805674e+00 -1.606457555567317508e+00
-8.282477725225607657e+00 1.876482443305423908e+00 -1.115526524453261281e+00
-8.179198791940530455e+00 2.239809879210215904e+00 -1.353707368999651273e+00
-7.795942251026702685e+00 2.712456941886520756e+00 -1.323427064652670238e+00
-7.837155676098023882e+00 2.207476924849650413e+00 -1.434769310301079015e+00
-7.434166210672306541e+00 2.228861903971546266e+00 -1.594382245174922774e+00
-7.449463957198354080e+00 2.391176021800456297e+00 -1.538269818052320881e+00
-8.076697301109271976e+00 2.587787317263389841e+00 -1.955883333413044767e+00
-7.958833119270909862e+00 2.245662132820890555e+00 -1.271035595097188775e+00
-7.764562168626983230e+00 2.483360167257130602e+00 -1.453007040071051748e+00
-7.227516974249995840e+00 2.499993365854718430e+00 -1.438706478927021415e+00
-7.622273243356906036e+00 2.013993855134537103e+00 -1.339316598763054644e+00
-7.658563054605800779e+00 2.410950551353555404e+00 -1.962995222353257629e+00
-7.109551888731813207e+00 2.680488103108828568e+00 -6.089823486557713883e-01
-7.936563571730723687e+00 2.430220064894540233e+00 -1.457306217919686286e+00
-7.451007172449463312e+00 2.593049669875489016e+00 -1.656180490575824171e+00
-7.623815671301568564e+00 2.427484695743502563e+00 -1.399059796017493529e+00
-7.819372929718216625e+00 3.587541402714161443e+00 -1.156067165988933665e+00
-7.297504448433546287e+00 2.374149879718457257e+00 -1.716306564728011130e+00
-7.171325523308001770e+00 1.943099493753021267e+00 -1.208948812031966469e+00
-7.461628726555394664e+00 1.303288214969697156e+00 -9.807116928000975120e-01
-7.902035674244619834e+00 2.003955222921187218e+00 -1.528903353508298091e+00
-7.333531716657220478e+00 2.197446034808671289e+00 -1.498704275634905159e+00
-8.047326993175374810e+00 2.133370181868406767e+00 -1.523189346280591439e+00
-7.882211377010150954e+00 2.237095835239603314e+00 -1.619836909159245053e+00
-8.186528472348935992e+00 2.409864290394024611e+00 -1.620126388010211027e+00
-7.534929132221305892e+00 2.762878295688757646e+00 -1.403960703237716823e+00
-7.807153362610150360e+00 2.966407256714067131e+00 -1.307742378413753848e+00
-9.115726015640634117e+00 1.958940050576230663e+00 -1.806759559695954032e+00
-8.467449231161245038e+00 2.805934350257769161e+00 -1.402519381820775957e+00
-8.012238738764521528e+00 2.210157825221074734e+00 -1.183274409461636312e+00
-8.269307441967825412e+00 2.700309796062906997e+00 -1.409080183732497549e+00
-8.015981284479128277e+00 1.984973735726262456e+00 -1.507373712970958124e+00
-7.576128872838003403e+00 1.849175944989302822e+00 -1.725870646526370678e+00
-8.475963473662856629e+00 2.650296831961724831e+00 -1.388284227547835981e+00
-7.797220521916838010e+00 2.283530774679105146e+00 -1.320330494394645227e+00
-7.178610622984460399e+00 1.898993352112045230e+00 -1.721865330582762255e+00
-8.496987184696664031e+00 2.061938415835239624e+00 -1.451064170191657121e+00
-7.762751427750909983e+00 1.457491847657076400e+00 -1.639608932571986699e+00
-8.115429783499251926e+00 2.132737947936371281e+00 -1.470597389435755353e+00
-8.268485929876746354e+00 1.549748973333161528e+00 -1.135943033258110857e+00
-8.082518739736702429e+00 2.965008456042918628e+00 -1.316464360045902282e+00
-7.779746818574479583e+00 2.039967350725913509e+00 -1.533677354648507851e+00
-7.412492743811129436e+00 1.982994393198435290e+00 -1.475483025437464457e+00
-7.710116704492346429e+00 2.894948245691694400e+00 -1.404449765568414277e+00
-7.649998891632825426e+00 2.490330500900733046e+00 -1.074544529372093660e+00
-8.082175524724407367e+00 2.438084991542934343e+00 -1.850675212475546783e+00
-7.490835653590843357e+00 2.341790331172546313e+00 -1.436346952162205870e+00
-8.294475235313473860e+00 2.256720128444599460e+00 -1.530248917383489671e+00
-8.048882835286157444e+00 2.366417922422544784e+00 -1.138752258951976515e+00
-7.916641218302475025e+00 2.921418686754821969e+00 -1.594933288488631362e+00
-8.036296232951260166e+00 1.972620430241480260e+00 -1.337895183410764410e+00
-7.033751477813810382e+00 2.106387601836246404e+00 -1.536132892516710591e+00
-8.464645911863700078e+00 2.220845239568385310e+00 -1.412111173488008298e+00
-8.014950766925519332e+00 2.508250476195868384e+00 -1.740653007587195100e+00
-7.454934622998745652e+00 1.959078013619770520e+00 -1.425258645858402007e+00
-7.588226360909009038e+00 1.703880740518784576e+00 -1.285072114461231596e+00
-7.309206246834908605e+00 1.918976942268945551e+00 -1.307326524559291769e+00
-8.396092006215864600e+00 2.546851990982391456e+00 -1.553643588063139402e+00
-7.451426481507064103e+00 2.835740737054045280e+00 -1.848265842284726013e+00
-7.409522185818746109e+00 2.407747311688650527e+00 -1.468949671905738219e+00
-7.731496160105622906e+00 2.829733994281278253e+00 -1.637568988380758706e+00
-7.801141725392737314e+00 3.029706589456383714e+00 -1.693900844957812568e+00
-7.938293313177529065e+00 2.443281515627158118e+00 -1.474332505588223041e+00
-8.090542513775195843e+00 2.631916892107883488e+00 -1.327061799713334045e+00
-7.414294598134143932e+00 1.995150559548681590e+00 -1.612352510462060629e+00
-7.475647878985380856e+00 1.724877992938891769e+00 -1.415805281836327811e+00
-7.691012199498459267e+00 2.192406485075237832e+00 -1.372676521861160959e+00
-7.717383444196419084e+00 2.754874127912307902e+00 -1.489552850375995829e+00
-7.764728279221924545e+00 1.827995905820958056e+00 -1.177994071374876217e+00
-7.399759595376139032e+00 2.023438223770525735e+00 -1.300648884339590250e+00
-7.061648640781923447e+00 1.752920516884114432e+00 -5.575054209927349236e-01
-7.937900924662014468e+00 2.482907709453823220e+00 -1.471711767902450063e+00
-8.109346299214307052e+00 2.608561445488046360e+00 -1.609790147517506487e+00
-8.189484674577355960e+00 1.499216530211337606e+00 -1.389068972919010658e+00
-8.141293146039700446e+00 3.263909789982820442e+00 -1.915156666982899658e+00
-8.250633349211526024e+00 2.083638752317606979e+00 -1.690884502724918637e+00
-8.868677745569565118e+00 2.666090848992940465e+00 -1.918098987466891892e+00
-8.032239562103377750e+00 1.869045470869498349e+00 -1.616664884163279359e+00
-7.489479278331443446e+00 2.318476046910327604e+00 -1.510031109786848624e+00
-7.877936280423526227e+00 1.636209598190470738e+00 -1.462232459008698138e+00
-8.112529046289532531e+00 2.411133480415935004e+00 -1.441499410016477078e+00
-8.165783150381241029e+00 2.437810046469013336e+00 -1.555212162325466885e+00
-7.172150517553379068e+00 2.404068620181325944e+00 -1.392669751294430602e+00
-7.956052505910657047e+00 3.156024651779731460e+00 -1.988005549535905692e+00
-7.652126810288721437e+00 1.899065908749001830e+00 -1.557722615981586012e+00
-7.384087870217148186e+00 2.681298454241106910e+00 -1.349132374606586859e+00
-7.483334617135200872e+00 2.270498629498036269e+00 -1.619021975315508177e+00
-7.973158547218196723e+00 2.247017210774149287e+00 -1.872505570240790229e+00
-7.900844971175811082e+00 2.347600096474602438e+00 -1.460880836796606852e+00
-7.862660511740441116e+00 2.372085495621740314e+00 -1.426119430291339807e+00
-7.859518997246883742e+00 2.625553642901184759e+00 -1.401829896914353890e+00
-6.805987200699513018e+00 2.517623624838839724e+00 -1.233788144446857693e+00
-7.688768570349721720e+00 2.038711451317985368e+00 -1.439557097252756046e+00
-8.244362072443108147e+00 2.391034230827908225e+00 -1.199621183081926556e+00
-8.339116162600141990e+00 2.633345792756423442e+00 -1.803932638777423714e+00
-7.660191702224382837e+00 2.086016755918264298e+00 -1.443619483250337510e+00
-7.505101380528652832e+00 2.557386585844557914e+00 -1.521321655630068603e+00
-8.364048092188458128e+00 2.494658655289532234e+00 -2.321607518128945724e+00
-7.616131451357638582e+00 2.740407381478676019e+00 -1.475971084289001034e+00
-7.787566282767390824e+00 2.507978815965313135e+00 -1.451544662220991988e+00
-8.099043769175302998e+00 1.862840883588079866e+00 -1.723371055654387529e+00
-7.899121429132821781e+00 2.600161817247097940e+00 -1.357405660869718700e+00
-7.769187909845798323e+00 1.798765960931599794e+00 -1.301797032019093248e+00
-7.544101196533993026e+00 2.808034213160586212e+00 -1.496609374806816550e+00
-8.928727234800918566e+00 3.206999047697593141e+00 -1.938816369630864012e+00
-8.095049507367066965e+00 2.111047709700781816e+00 -1.431878249829755090e+00
-7.697815296761991277e+00 2.727791277832571915e+00 -1.577805980662492225e+00
-7.425353531031752219e+00 2.424564004267752981e+00 -1.497716125165159617e+00
-8.180101900413465188e+00 2.206254713188434025e+00 -1.249880153394561155e+00
-7.704217164091195613e+00 2.214501580978795126e+00 -1.196415501716935781e+00
-7.330641016474727323e+00 2.271355318665367218e+00 -1.244098791843373020e+00
-7.536593632747528915e+00 2.431236749069157987e+00 -1.561421386959079616e+00
-7.743823812274878371e+00 2.298250973587147694e+00 -1.673803553537058120e+00
-7.788063108847123495e+00 1.534075903719977152e+00 -1.295474346232414753e+00
-8.011529127871682476e+00 2.743323159952586021e+00 -1.418034093826891606e+00
-8.163725816085060316e+00 2.846557756884582790e+00 -1.426123482127498177e+00
-7.737458469642868764e+00 2.763108993041464956e+00 -1.505636019513703072e+00
-8.167973755886988485e+00 2.196317583223956760e+00 -1.505891250058992270e+00
-6.938329530117132826e+00 2.475358787476527933e+00 -1.627199437393862969e+00
6.922341809446847094e+01 -2.746243692652055302e+01 8.908644216163974505e-02
-7.540260187329642427e+00 2.543700637652720697e+00 -1.316369619903922761e+00
-7.923130370356766150e+00 1.961606056786872054e+00 -1.444008051776595192e+00
-7.825960608694234821e+00 2.556164294075816912e+00 -1.543509038246636100e+00
-8.316973232099638125e+00 2.423357180951460688e+00 -1.360461539067175707e+00
-7.681791247768937403e+00 2.698922207170352472e+00 -1.274763984138341799e+00
-7.499244208142834545e+00 2.343621614871018277e+00 -1.321479553876719892e+00
-7.535280236545592203e+00 2.450146432346520964e+00 -1.547722659077965357e+00
-7.922097998356679938e+00 2.424612976317988000e+00 -1.522151520029532579e+00
-8.485662275897967177e+00 1.928267380812206611e+00 -1.800981362435134292e+00
-6.663007631398247810e+00 2.779923227389430540e+00 -6.783844452037433026e-01
-9.035114430602083857e+00 2.047580165554989229e+00 -1.621455840381579749e+00
-7.053852688379943281e+00 1.174096321236439699e+00 -9.139717055289211523e-01
-7.703972711682039787e+00 3.110791829644952156e+00 -1.988827500549360749e+00
-8.212438286894538919e+00 2.201465874580720961e+00 -1.593099629845867282e+00
-8.148893738129499908e+00 2.003530742979605428e+00 -1.243914440303776958e+00
-7.950991272555978817e+00 2.022428984041315658e+00 -1.519390216287349604e+00
-7.798781527543056313e+00 2.606065596321246680e+00 -1.452892707536888706e+00
-7.414734922619680368e+00 2.304167290051535755e+00 -1.475912249994442371e+00
-7.804762818994948503e+00 3.201701604432090065e+00 -1.322612045285430415e+00
-7.373160871342631317e+00 1.978264167261642559e+00 -1.451621693763812893e+00
-7.752693358996677553e+00 2.542910257754811276e+00 -1.547532727660485108e+00
-8.659671140549647816e+00 2.479117250179792897e+00 -1.159338988676981597e+00
-7.576251882060669018e+00 2.472272054842605371e+00 -1.158432412474980078e+00
-9.388821916814972468e+00 1.959163628696237947e+00 -1.613530441717560215e+00
-7.032620776860470713e+00 1.714066136076956681e+00 -1.873965469623356084e+00
-8.577403795743698822e+00 2.301787275512901410e+00 -1.402513651883201318e+00
-7.931157935022007166e+00 1.999613359477629526e+00 -1.036535096262650502e+00
-7.546838196291252743e+00 1.977365944267540421e+00 -1.568380658104935987e+00
-7.472838080693752438e+00 2.427517293532344578e+00 -1.262767183338905363e+00
-7.153774209307903753e+00 2.184971988493099371e+00 -1.396364546731954537e+00
-7.810619820719137074e+00 2.679788627477968532e+00 -1.946963019748738644e+00
-7.698364854268145763e+00 2.090648752418588607e+00 -1.028077943320023113e+00
-7.561194205296218662e+00 2.369630330954262565e+00 -1.572828965008822300e+00
-8.059753173868370979e+00 2.698340180660805387e+00 -1.706658117840792466e+00
-8.508756607256493965e+00 2.994019819296441121e+00 -1.805589025922244018e+00
-8.348806853677851691e+00 2.356320427709432064e+00 -1.385507634076281525e+00
-8.100383098537044191e+00 2.274895048874315595e+00 -1.416879132869219626e+00
-8.196132232806505158e+00 2.598211517839606799e+00 -1.386004301251740012e+00
-7.745488425598363591e+00 2.509253699190443498e+00 -1.673292513821909022e+00
-8.108473920358383324e+00 2.287756915175391814e+00 -1.312424087573343279e+00
-8.583010251466998142e+00 2.195336036203053176e+00 -2.427558944945665154e+00
-7.858955148448466765e+00 1.885630016582068302e+00 -1.278787879548099582e+00
-8.353535813398758947e+00 2.429467793737086989e+00 -1.472804772879016788e+00
-8.034442819916172596e+00 2.441360306671251035e+00 -1.565955953503673559e+00
-7.579836389204691827e+00 2.406185754585712822e+00 -1.548951824207618122e+00
-7.879074524259633172e+00 2.179500933614578972e+00 -1.151912429299719598e+00
-7.469735269727613591e+00 3.209046882980300275e+00 -1.144439554049524910e+00
-7.529599824580008871e+00 2.684329264384615499e+00 -1.262860633991818249e+00
-7.705614269089356760e+00 1.659768001710249186e+00 -1.172750791685720717e+00
-8.404825304398775287e+00 2.108466007808762033e+00 -1.323022399996677922e+00
-8.006146486948155783e+00 2.402855157046433376e+00 -1.480630382601631823e+00
-8.145682657166538831e+00 2.422849076474856034e+00 -1.242337050507008822e+00
-7.224249088607739289e+00 2.807027298573712137e+00 -8.768468723494501349e-01
-7.875176004623576809e+00 2.190237830639361505e+00 -1.317825871874330756e+00
-7.725449825704143514e+00 1.960950090935094536e+00 -1.611570749603793429e+00
-7.948108635165118230e+00 2.572332877497213843e+00 -1.466847083471457758e+00
-8.162665622467955018e+00 2.241992105971295057e+00 -1.485888672137332778e+00
-7.554594863270235550e+00 2.713139417917477036e+00 -1.568578834556690227e+00
-7.506569559106224254e+00 2.492516161801369368e+00 -1.517273060922662786e+00
-7.458430095095560652e+00 2.561197202797190986e+00 -1.731534928692542330e+00
-8.369761427767688389e+00 2.470445441947093368e+00 -2.214549299567282858e+00
-8.027278810430521716e+00 2.722352766246080691e+00 -1.836112714677428759e+00
-7.984980724877563496e+00 1.751573463692976729e+00 -2.233093820825958975e+00
-6.972811375980326076e+00 2.706244151045455126e+00 -1.293836361887465092e+00
-8.571143944029634199e+00 1.323106146671865213e+00 -1.812663993622230851e+00
-7.467337730377425764e+00 1.998048058672196481e+00 -1.499225502481999373e+00
-7.223500266501755362e+00 2.354723067135958026e+00 -1.216100929146040732e+00
-7.932173156386998158e+00 2.536737293761304191e+00 -1.621894198195308334e+00
-7.775910806454843005e+00 2.305784397804068853e+00 -1.516981186077256627e+00
-7.835437379450265638e+00 2.272278441935972282e+00 -1.445457475235790712e+00
-6.907103203485095655e+00 2.054994673325688748e+00 -1.114903654390963617e+00
-8.178429921976363204e+00 2.294401249509857799e+00 -1.626234141873507122e+00
-8.092273628607554059e+00 1.985952610520525186e+00 -1.577834791480278387e+00
-7.842517899399216397e+00 2.239168898592262202e+00 -1.382821748458923583e+00
-7.226904976958022253e+00 1.157809348652005577e+00 -1.199483832276238227e+00
-7.549080337313984757e+00 2.484412162203637031e+00 -1.243737219440427477e+00
-7.444708916849221758e+00 2.401999392529183819e+00 -1.811223042089536106e+00
-6.816927966111583359e+00 2.387942377997452237e+00 -1.806258781705747163e+00
-7.818039802887255973e+00 1.362110026395310092e+00 -1.373895782331588933e+00
-7.724549434516648105e+00 2.258954004568130447e+00 -1.603245129582696160e+00
-7.807135614253374101e+00 2.546105376361849082e+00 -1.399185998229881767e+00
-8.664922043352802916e+00 2.312790217173273710e+00 -1.246826624604703060e+00
-7.852999762069575951e+00 1.812331239333054178e+00 -1.458452931322449464e+00
-7.177335901579705357e+00 2.202941731871484787e+00 -1.353853369120358030e+00
-8.121569258446145412e+00 1.954534325219047686e+00 -1.026881930186267500e+00
-7.954124747671353468e+00 2.631870354083942765e+00 -1.437804982377989038e+00
-7.897870578030242505e+00 2.685938089576668020e+00 -1.498758748958285425e+00
-8.269387818139742663e+00 2.367932123624696850e+00 -1.633799682905974437e+00
-7.393847668268435314e+00 2.394870432585013198e+00 -1.497269848534810377e+00
-7.613672729963083974e+00 2.975204249279970625e+00 -1.527224227742531193e+00
-8.837715747325441740e+00 2.543981686503918205e+00 -2.121775999438073157e+00
-8.466450178663366799e+00 2.974146171582175313e+00 -2.193007892460786312e+00
-7.672635007551675379e+00 1.917014883856477336e+00 -1.742151239496334547e+00
-7.820697182708667761e+00 2.504392560780157595e+00 -1.357936800390997956e+00
-7.584182359940369267e+00 2.542626867064434304e+00 -1.454365171378317223e+00
-8.519277546327723272e+00 2.791726840333841331e+00 -1.750381284173993857e+00
-7.475084448052530917e+00 3.284391249389100320e+00 -1.547813720791439529e+00
-8.159537965842941887e+00 2.348942506595157464e+00 -1.341987718895253145e+00
-8.153355047370258291e+00 2.549757043276308366e+00 -1.563863378643436164e+00
-7.198216760181454177e+00 1.960368717177496167e+00 -1.383901665031598727e+00
-7.941519459537706993e+00 2.033381948113584858e+00 -1.250252139691858888e+00
-8.152465388427563298e+00 2.394835595705574249e+00 -1.444024574959563934e+00
-7.556131971849807449e+00 2.222883210179207758e+00 -1.687777449673258934e+00
-7.353454525357160598e+00 2.485706876088761952e+00 -1.490634819918307041e+00
-7.964834458520207328e+00 2.381431149194203734e+00 -8.557567543293633783e-01
-7.697815674499168814e+00 2.552341298481181742e+00 -1.505572469010601599e+00
-7.716411500696706227e+00 2.426265517015242068e+00 -1.609544221586753032e+00
-7.757435609277372635e+00 1.932689527818742814e+00 -1.537024458057957066e+00
-8.144052330302008258e+00 2.454546013570759300e+00 -1.287614062532945969e+00
-7.547736069464845876e+00 2.358729804221239235e+00 -1.638369973215697328e+00
-7.662071609443577458e+00 1.466391338268768774e+00 -1.161675757929885755e+00
-7.980638207364922465e+00 2.451751388597662729e+00 -1.214230820464204275e+00
-7.519217372068001559e+00 1.927643404945057704e+00 -1.603231309199432131e+00
-8.346193979575390998e+00 2.826542227510643990e+00 -1.320308647022688353e+00
-8.255694014365161593e+00 2.362530432183119089e+00 -1.451158205967094883e+00
-7.440755970627171756e+00 2.024273122478394527e+00 -1.452481821873457202e+00
-7.798903347529114072e+00 1.954874288544949268e+00 -1.546280348875965771e+00
-7.679807785570170964e+00 2.380529552307053986e+00 -1.432669796075563662e+00
-8.172393351910699266e+00 2.077402069629424641e+00 -1.610586918323645200e+00
-8.253278198146045241e+00 1.992340521272632392e+00 -2.276915670946506154e+00
-7.762911632751972490e+00 2.027071804461819671e+00 -1.907698413425080286e+00
-7.684348640569228728e+00 2.963519790197038262e+00 -1.598372828851086336e+00
-8.149289932412598247e+00 2.731539025730794545e+00 -1.538002537512691559e+00
-7.400044401812411188e+00 2.395114514915330783e+00 -1.502755502693301715e+00
6.920774458716417143e+01 -3.707106817869142645e+01 -7.117917041970271974e-01
-7.505868404056619703e+00 2.263956178753197435e+00 -1.506384243789044453e+00
-8.198792464457728357e+00 2.558531257485941346e+00 -1.362396933701278456e+00
-7.773604391573946337e+00 2.715424319159750688e+00 -1.420143645864084592e+00
-8.127686572175170099e+00 2.578758701017783928e+00 -1.154989901004795927e+00
-8.398148724960245559e+00 2.241602421774936182e+00 -1.259264850496048194e+00
-7.378831376948236986e+00 2.574099858442474797e+00 -1.555502069412352695e+00
-7.800302206852964382e+00 2.451287985743879183e+00 -1.559601299686267817e+00
-7.853737401780009009e+00 2.381073270528571317e+00 -1.509232112167515627e+00
-7.477870493686492814e+00 1.676680744085217833e+00 -1.838998455194764681e+00
-7.750115999723005800e+00 2.595386449575219689e+00 -1.404056768026394231e+00
-7.593004382626384441e+00 2.478002858515124363e+00 -1.259759387423474486e+00
-8.445403185081721276e+00 1.788968998671295108e+00 -1.015663159089897682e+00
-8.160266695087599942e+00 2.582942704579708870e+00 -1.328711602813328119e+00
-8.174685706575028021e+00 2.110106486980272589e+00 -1.486960703293014996e+00
-7.829004074872475627e+00 2.521465391292037950e+00 -1.490942391410216894e+00
-7.946957363976678401e+00 2.846320457874765619e+00 -1.134513265805813687e+00
-8.187329348540998808e+00 2.903103215200808052e+00 -1.374219831181451079e+00
-7.880046435079949951e+00 2.511829454603196954e+00 -1.716480210042172327e+00
-7.708335969607523985e+00 2.693130906128895052e+00 -1.496177086366899722e+00
-7.809354235600358685e+00 2.086032597867531813e+00 -1.311762739487702056e+00
-7.541307222628952367e+00 2.177818163446559208e+00 -1.173145880816245379e+00
-8.296709578590123257e+00 2.457603134795975475e+00 -1.415765656226415592e+00
-7.688658464970029804e+00 2.169824547034685747e+00 -1.520262369490417820e+00
-7.270787326902998338e+00 2.219800550557494034e+00 -8.285070200906269333e-01
-8.262586994416805553e+00 2.513454339034623786e+00 -2.803299274642755190e+00
-7.403530746497932746e+00 2.189554314561140913e+00 -1.454349733787011267e+00
-7.569521934576036948e+00 2.463295581653872635e+00 -1.417249029541659100e+00
-7.640104786556306316e+00 2.400676344782189719e+00 -6.736737187149293149e-01
-7.884888397777342739e+00 2.481078938915868282e+00 -1.365120855673883193e+00
-7.132076802802059134e+00 2.601908587393435113e+00 -1.135808191605056638e+00
-7.821240248350706636e+00 2.164242880987473860e+00 -1.323791990739799473e+00
-7.488666506830909064e+00 2.817829882388453111e+00 -1.351915671324032564e+00
-7.810555971372030726e+00 2.726702462473137967e+00 -1.289207255334416935e+00
-7.892061815047465068e+00 3.894217376078226156e+00 -1.419038406609952840e+00
-7.364311026195805354e+00 1.282376709129187553e+00 -2.042141172903445323e+00
-7.702562167534052762e+00 2.392052304011611064e+00 -1.551943446593588405e+00
-8.328189488202008661e+00 2.359982328652677541e+00 -1.379992180664751045e+00
-8.282397768339876620e+00 2.528717121132777024e+00 -1.384508573370509588e+00
-8.196348106647818099e+00 2.290046787874979284e+00 -1.213248382388102842e+00
-7.997184849000327667e+00 2.326730660316772781e+00 -1.256061509826956302e+00
-8.140894272442526614e+00 2.234439391456195967e+00 -1.481694758673309797e+00
-7.318108059582728586e+00 2.320004539177948022e+00 -1.536156076753930178e+00
-8.258586994972500150e+00 1.903139051419644234e+00 -1.512876270843355409e+00
-7.593483739658942078e+00 2.035825489262864441e+00 -1.349534412456387500e+00
-7.757696669081506791e+00 2.109375861891322756e+00 -1.525581875025941114e+00
-8.070331235503328315e+00 2.997110680168540320e+00 -1.170314348897325774e+00
-7.869354848280022630e+00 2.111886566375336560e+00 -1.403388745831660955e+00
-7.364313633166110762e+00 2.076337804023209443e+00 -1.439185513877983436e+00
-8.609090872583319509e+00 1.770716012688244412e+00 -1.239996121069659729e+00
-8.166303372938040539e+00 1.973980495221635767e+00 -1.238187308498111205e+00
-8.208445874865915926e+00 2.774426908070185327e+00 -1.483115653963303693e+00
-8.176111162505502961e+00 2.513728462211248349e+00 -1.492093053895824584e+00
-7.647651233709583884e+00 2.414306065186783368e+00 -1.404686732359265111e+00
-7.754599468751775859e+00 2.803858583885912026e+00 -2.133832208830669153e+00
-8.394250943650641617e+00 2.357584093856941898e+00 -1.609180952394091202e+00
-7.431518078072967270e+00 2.478766160608394831e+00 -1.389261335551006837e+00
-8.006113917297444260e+00 2.498660884344441335e+00 -2.765395079518704891e-01
-7.960725535185817492e+00 2.739356845778259331e+00 -1.772941264825944385e+00
-7.708061068933333537e+00 2.739606427606355865e+00 -1.642143490897140623e+00
-7.756929436668243305e+00 3.469999011302388414e+00 -1.334719303996228179e+00
-8.167541269623864508e+00 2.370760563992520442e+00 -1.543894391302023328e+00
-7.944019040843186552e+00 1.870275884616190876e+00 -1.541054161666559175e+00
-9.162042598536805471e+00 1.594496478517421600e+00 -1.318699471916363830e+00
-7.105620834843314526e+00 2.394435855069674712e+00 -1.205612358623764813e+00
-7.167369021675172647e+00 2.652186226044949802e+00 -8.326404497971197083e-01
-7.224016725983596565e+00 2.361372909635711004e+00 -1.728003268239050705e+00
-7.549587992831336969e+00 2.369171657751989901e+00 -1.489527837810687316e+00
-7.918748940392265290e+00 2.398552997038765788e+00 -1.255454237749632940e+00
-7.595938601954389746e+00 2.822475863132784646e+00 -1.597356547420403672e+00
-7.417659079927018340e+00 3.369616425489828870e+00 -2.057536277369961475e+00
-8.215404924734274417e+00 2.679260399072962873e+00 -1.390948650538229359e+00
-7.740054218565580513e+00 1.991857530531265352e+00 -1.370515494842066362e+00
-8.718708473771142664e+00 2.091559738322249729e+00 -1.388281569773055946e+00
-8.130680707682337527e+00 2.370549662957071035e+00 -1.642918420644025046e+00
-8.170366356138718089e+00 2.297198353962806028e+00 -1.433215392271626420e+00
-7.644038102199260720e+00 2.198791726606933228e+00 -1.937030642695474647e+00
-8.040185440837662512e+00 2.242611293766305636e+00 -1.434205623847576216e+00
-8.094939384061024867e+00 2.409211860079232714e+00 -1.467730195505789093e+00
-8.220798637701616229e+00 2.553711306655450208e+00 -1.355096886245098053e+00
-7.237788660118524398e+00 3.046921487875867030e+00 -1.315935538003027316e+00
-7.870544321273532873e+00 1.735400511623831132e+00 -1.459970595910151880e+00
-7.643882590061845228e+00 2.091371723324068288e+00 -1.434117223946932196e+00
-7.766878818621013814e+00 2.480744902969923338e+00 -1.509133924764827439e+00
-7.646578825727827322e+00 3.049393979957716105e+00 -1.281347481779848252e+00
-8.372632725779830309e+00 2.300839531053871401e+00 -1.377166508845772297e+00
-8.602169722610044644e+00 2.339449932368575347e+00 -1.470110211076208540e+00
-7.806672161803630772e+00 2.429363945360345056e+00 -1.705283225558862803e+00
-7.893742259317643395e+00 2.540802970751844025e+00 -1.591232112534076260e+00
-7.371533818529420579e+00 2.625070396650952986e+00 -1.730931183665068041e+00
-7.814802182904983852e+00 2.387538050687234570e+00 -1.107193467391488495e+00
-8.102213809430411473e+00 2.333665257951823335e+00 -1.597465801274125630e+00
-7.932557994060076112e+00 2.402730573431298922e+00 -1.280931433932730013e+00
-7.289106282896290701e+00 3.701437826525818320e+00 -2.125225066458617196e+00
-7.923978017193853418e+00 2.704250906806461963e+00 -1.672001768817533707e+00
-8.536284531909389628e+00 1.831820160647868789e+00 -1.150125428448397713e+00
-8.087260651748122697e+00 2.099054505529676984e+00 -1.468703108021193637e+00
-7.591834714999553313e+00 2.093289916301606546e+00 -1.611592724706947921e+00
-7.468414489524492161e+00 2.360409858045890985e+00 -1.528121633399888157e+00
-8.459323647144366021e+00 2.008438147309076438e+00 -1.533191685139130955e+00
-7.879592925051657204e+00 2.235822274222812212e+00 -1.665185485422405964e+00
-7.808151602471482100e+00 1.928915132193253390e+00 -1.631782487160034822e+00
-7.509066871912732033e+00 1.925099595178625611e+00 -1.441848068649123071e+00
-7.276744113593655250e+00 2.194242999561729413e+00 -1.530331710511907861e+00
-7.299066997499182641e+00 2.644000374167533973e+00 -1.075623055112599813e+00
-7.752663777830341552e+00 2.656208481532034149e+00 -1.417509544605435989e+00
-8.123733074464936976e+00 2.144033947638217086e+00 -1.687456818144780435e+00
-7.746261589663673064e+00 1.778600718180062934e+00 -1.722242841219038034e+00
-7.674261777925937444e+00 2.665826539464798195e+00 -1.357044372784216746e+00
-8.397984324958109426e+00 2.165638379121434642e+00 -1.444887636291632083e+00
-8.184533926212601784e+00 2.476495593026389219e+00 -2.458789404010792268e+00
-7.983105837633799773e+00 2.067824787681929788e+00 -1.481901260077353344e+00
-7.597482662820211452e+00 2.656725813333488340e+00 -9.027257041604096477e-01
-7.918846432601956309e+00 2.465068890466446838e+00 -1.520542824063946030e+00
-8.524515820955111067e+00 2.791429529290485601e+00 -1.669366161418996075e+00
-7.426575405637277250e+00 2.036989161281093530e+00 -1.420213123759370255e+00
-8.152763858276175668e+00 2.487250408415234038e+00 -1.405090325792325956e+00
-8.250314178635434814e+00 2.183723303277115502e+00 -1.519667697881061041e+00
-7.391715870093809038e+00 2.063356648696120121e+00 -1.975956180994109301e+00
-8.309878621625683692e+00 2.697632135578426293e+00 -2.649008221104850236e+00
-8.405750343848522377e+00 2.154354298362448628e+00 -1.835786957285796106e+00
-8.090714203460722231e+00 2.406230280754920514e+00 -1.637661745103480060e+00
-8.227913755476953028e+00 2.241610832373551965e+00 -1.485090902786017519e+00
-7.876362963911334170e+00 2.623562819403060242e+00 -1.415599926215778126e+00
-7.410995578888321944e+00 1.120554994839925378e+00 -6.085774419458694906e-01
-3.530597807301872848e+01 -7.811098429091060780e+01 -6.600355811607616641e-01
-7.393079073417395009e+00 2.237524941091983965e+00 -8.061010554465255495e-01
-7.504166838195644118e+00 2.743314391110631245e+00 -1.679370442243125039e+00
-7.715554422706670579e+00 1.727606868034962329e+00 -1.545180542001787005e+00
-7.981114093306738155e+00 2.144343584009919645e+00 -1.667363589001643831e+00
-7.732013822483455812e+00 2.636306127686082412e+00 -1.329101577348588137e+00
-8.283736270361876208e+00 2.155340706900007230e+00 -1.977841099053863294e+00
-8.125892674806443949e+00 2.544334475147780772e+00 -1.489035469065997042e+00
-7.651745523628921575e+00 2.505601270397845859e+00 -1.268836816055840977e+00
-8.222031652701234705e+00 2.346839122152411417e+00 -1.448217185035257426e+00
-7.516762666775365531e+00 2.375643954616376341e+00 -1.773612408075148972e+00
-8.090458566802936957e+00 2.312982815261412028e+00 -1.314589789191638936e+00
-7.974765057504333399e+00 2.235078312769382958e+00 -1.421564043535788580e+00
-7.270785308905979960e+00 2.053500418363609636e+00 -1.348595058145242387e+00
-7.777585410895939688e+00 2.401280880800553685e+00 -1.509167812540257225e+00
-7.835125621777750737e+00 2.875057605234416336e+00 -1.634897546998714812e+00
-7.939282370609803685e+00 2.548371355349504874e+00 -1.505678289359243527e+00
-7.847447138374665343e+00 1.881591493741080923e+00 -1.317014957027044630e+00
-8.108550041711930945e+00 2.413260797292692050e+00 -1.337344772286410910e+00
-8.478743483019314908e+00 2.458277361726270094e+00 -1.987865119923468260e+00
-7.662328136240819987e+00 2.416380543762849165e+00 -1.525048627389473443e+00
-8.344706410743997438e+00 2.626592144509589666e+00 -1.354644994243282774e+00
-7.691009155858216317e+00 3.180654995143516128e+00 -1.567494298649436235e+00
-8.149059962006329982e+00 2.012943008394049382e+00 -1.495718909682599351e+00
-7.246451188526301657e+00 2.269160125484327661e+00 -1.560764649172373009e+00
-6.939237688244957347e+00 2.353979064629194706e+00 -1.330063125549652447e+00
-7.820606138049374323e+00 1.904623520708329076e+00 -1.746946823401805737e+00
-7.689603161332924763e+00 1.249979735827232430e+00 -1.873215704111314217e+00
-7.186611590432099739e+00 1.986211097294801053e+00 -1.382745876960261855e+00
-8.262564650680854328e+00 2.621855410133215880e+00 -1.363086216168446052e+00
-8.058176520403055321e+00 1.924390759095313541e+00 -1.533959239589242074e+00
-7.743750384163228695e+00 2.389270869519159568e+00 -1.516925965897519157e+00
-7.526512381356029735e+00 2.323681616300546260e+00 -4.455573435517437009e-01
-7.952478218838811230e+00 2.430886502463606380e+00 -1.547102923665629959e+00
-7.757672080816259808e+00 1.940928077313766043e+00 -1.255244287090904853e+00
-7.480532556162098778e+00 2.679225815037726388e+00 -2.210710055985034117e+00
-8.348120702073567045e+00 2.326282715685062286e+00 -1.583543125196651191e+00
-7.718992003329416818e+00 1.773585684563979914e+00 -1.580891090879016581e+00
-8.058375463302841268e+00 2.973029432427440000e+00 -1.443566904143072538e+00
-7.224973495380091038e+00 2.230740044739750960e+00 -1.828569634091842255e+00
-8.174664848891998403e+00 2.523597128015544033e+00 -1.338450511282291977e+00
-8.194226399387922299e+00 1.739878841946036037e+00 -8.281025979180912655e-01
-8.326376278722372959e+00 2.651063239767014412e+00 -9.615706791876663662e-01
-8.173164190538910745e+00 2.102197455758143985e+00 -1.489832034414301232e+00
-8.042270703384355457e+00 2.017127641342549627e+00 -1.572454956031027695e+00
-7.891662491223901732e+00 2.344940107635604232e+00 -1.563574237610294126e+00
-7.966869471963788918e+00 2.407726785237477074e+00 -1.423007730911894253e+00
-8.322537739893171249e+00 2.493094357721933552e+00 -1.312012997649361967e+00
-6.760492899119544319e+00 2.661740890924287672e+00 -8.194185564381786246e-01
-8.152773903028817770e+00 3.029680323645208340e+00 -1.434364321273193577e+00
-7.987250869331575132e+00 2.620420873295907782e+00 -1.915919167953618052e+00
-8.122472826708309057e+00 2.434941438594231400e+00 -1.270116140538860572e+00
-7.524319439216916372e+00 1.659036971472034994e+00 -1.706225907089828686e+00
-8.123491970067938439e+00 2.217871228457283461e+00 -1.510364956604255182e+00
-8.117238234682242037e+00 1.962215977640992426e+00 -8.586076985113796356e-01
-7.687222700057865232e+00 2.124725462345587346e+00 -1.581535235284465379e+00
-8.124986931362794707e+00 1.444407966384504860e+00 -1.160387112287706524e+00
-8.342876079052564009e+00 2.484538865163101296e+00 -1.537749988050751027e+00
-8.034767890278448732e+00 2.290620354768168276e+00 -1.556387075938680642e+00
-7.558247988103500958e+00 2.112720784795310447e+00 -1.244694434000885863e+00
-8.039869438187752237e+00 2.506764622892172500e+00 -1.500558525000797117e+00
-7.691085952317556540e+00 1.463543231259359700e+00 -1.088597099189414052e+00
-8.393217603701321750e+00 2.371996386911678023e+00 -1.342561645805056214e+00
-7.818945883652213880e+00 2.599643052387496933e+00 -1.810380221382832833e+00
-8.056602793843660848e+00 1.789790001431349475e+00 -1.351728064420445241e+00
-7.457592920400454517e+00 2.211513629360755129e+00 -1.643767555367471322e+00
-7.956028167709715326e+00 2.240216982636251686e+00 -1.446196895690337492e+00
-7.543257368318647238e+00 2.602714857831658790e+00 -1.418559475176399465e+00
-8.263912901527090682e+00 2.398169677992726623e+00 -1.565898002956894519e+00
-7.440189048772348990e+00 2.830350683564310632e+00 -1.579456580139125821e+00
-7.983513459913759824e+00 2.162836024384407807e+00 -1.451322332638640411e+00
-7.657216077393136366e+00 2.003917100510898663e+00 -1.282724492408898076e+00
-8.690319505932681210e+00 1.575396830867819897e+00 -1.503107326373118946e+00
-8.396784268567651921e+00 2.541699822684332144e+00 -2.365477219332365433e+00
-7.808685592830377331e+00 2.940644763985265087e+00 -1.514900475407225500e+00
-8.244313287210507823e+00 1.732474462260037207e+00 -7.005215954955920088e-01
-8.082135570156316007e+00 2.659450465728075308e+00 -1.487712429445086082e+00
-8.072939174510972649e+00 2.687047317968156435e+00 -1.496388752076064366e+00
-8.274471235029405847e+00 2.615996842651694632e+00 -1.670941965203684765e+00
-7.613101422118221606e+00 2.528961057203725993e+00 -1.419020733461207273e+00
-8.093201569833318842e+00 1.918180460076218452e+00 -2.022378740313957923e+00
-7.287054550420580590e+00 2.200023348169867443e+00 -1.685258512943889730e+00
-7.336864641114781094e+00 3.100701843251619128e+00 -1.492271901923565958e+00
-8.603302268740488756e+00 1.976466043107632409e+00 -1.498392763397915051e+00
-8.241835122344323139e+00 2.656156947498506948e+00 -1.515842105657426275e+00
-8.213220417140373542e+00 2.626168246672682560e+00 -1.931593079894505127e+00
-7.507487578749821644e+00 2.551111384972460261e+00 -1.167815692151343843e+00
-7.715897760886529788e+00 2.459321066202328154e+00 -1.378195180196511549e+00
-7.544834262338234510e+00 2.805013710705912544e+00 -1.422623851732547129e+00
-8.036467684244344767e+00 2.372347845255114773e+00 -1.423615587266660709e+00
-8.188398213145202220e+00 2.292178785592417611e+00 -1.410007531056310937e+00
-8.846202012801938963e+00 2.037731353869224549e+00 -1.063040698770964854e+00
-7.913120184419820013e+00 2.395370343649499745e+00 -1.500625236232222326e+00
-7.569251746963357341e+00 2.753172146000445686e+00 -1.567622362409510695e+00
-7.655625961502349419e+00 3.150436980947317167e+00 -1.404482865318816609e+00
-8.083581293671420198e+00 2.278694731355103809e+00 -1.447233995285686081e+00
-8.297274930198984322e+00 1.915555758313206347e+00 -1.668872931357729961e+00
-7.773470536500916239e+00 2.808086110140336711e+00 -1.438915862632992093e+00
-8.105864153489161339e+00 1.926898132722708823e+00 -1.768706049599463981e+00
-7.950929115771886657e+00 2.045371737748014951e+00 -1.501193719592992526e+00
-7.902996286141981130e+00 2.535990592788269105e+00 -1.558253334928013656e+00
-7.862272342018300719e+00 2.518140723082869403e+00 -1.392659365688835971e+00
-7.244035374472380440e+00 2.146512470907169678e+00 -1.729102523705976946e+00
-7.394148730735023101e+00 2.209178177259089271e+00 -1.722975478240608593e+00
-7.365895707663554504e+00 2.275655159151723783e+00 -1.461119885212037506e+00
-7.460774382178955833e+00 3.369022749056516552e+00 -1.579380708743726602e+00
-8.440364081701597243e+00 2.548115486460940549e+00 -1.874628598103383670e+00
-8.889113057526328632e+00 3.004265284090192445e+00 -1.318806678445185954e+00
-7.589615885093466296e+00 1.894830344040773218e+00 -1.288067917935770357e+00
-7.654990198190283479e+00 2.724185496422951047e+00 -1.446615341684277523e+00
-7.655715428649433996e+00 3.040777383912514065e+00 -1.354204406587009135e+00
-7.412624229246580043e+00 2.166248334623443128e+00 -1.382276985004277758e+00
-7.295452021756704930e+00 2.303421219788104768e+00 -1.106814363369806653e+00
-7.454545993839626128e+00 2.421006585265793820e+00 -1.653961131474959378e+00
-7.562529027898095890e+00 2.176057619383591213e+00 -1.471034712829014879e+00
-8.688988608416000403e+00 2.610650256699547533e+00 -1.773148620237930517e+00
-8.007201378419798843e+00 2.722373600115742587e+00 -1.421277722775933228e+00
-7.472857036091453686e+00 1.998734537393856758e+00 -1.433610641882528958e+00
-7.629988113727018906e+00 2.020689704598741088e+00 -1.439432015868140402e+00
-7.600919433369722533e+00 2.699417160138958938e+00 -1.493932053343803856e+00
-7.495668264490796595e+00 2.415548787374712347e+00 -1.356580673864207442e+00
-7.695667957587915886e+00 1.956017657266596821e+00 -1.386602254815325397e+00
-7.573702754125073433e+00 2.473276092069006893e+00 -1.829361508288009475e+00
-7.674084823400406208e+00 2.405171261878864541e+00 -1.494859249716103733e+00
-8.804318592977841362e+00 2.518099179025367729e+00 -1.231757816632292446e+00
-1.354267388500342584e+01 -8.866113258353820470e+01 -7.523885692792182667e-01
-8.312446656446869753e+00 2.362105747948777701e+00 -2.267927394876884772e+00
-7.911578509383264901e+00 1.854370999075645621e+00 -1.359174137627623402e+00
-8.336829015482921434e+00 2.905422256598459096e+00 -1.563298075578338331e+00
-8.295974599295043106e+00 2.052377588730473601e+00 -1.495298924865771983e+00
-8.022900551985449269e+00 2.717145633256627058e+00 -1.628415352529965165e+00
-7.015878663150532546e+00 3.430461215281164655e+00 -1.742315038077455469e+00
-7.630947849574391206e+00 2.074779083742320118e+00 -1.567420604215152835e+00
-7.589777081035028239e+00 2.221957759719675352e+00 -1.523727761946169545e+00
-7.915513543372905580e+00 2.375232848545504094e+00 -1.405729165465149366e+00
-8.314749902987674801e+00 2.158758060348996199e+00 -1.455552489781065217e+00
-7.978437599615121556e+00 1.964545082416100152e+00 -1.442298601657097112e+00
-7.832227249008632874e+00 2.579756786187745732e+00 -1.435907426367078354e+00
-7.268669571630805848e+00 2.555355104895498997e+00 -1.575676547827667084e+00
-7.603788585782125686e+00 2.456780824793473261e+00 -1.033265312525103674e+00
-8.058910546677223508e+00 3.078519604543683563e+00 -1.388988564563438555e+00
-8.046433259982682884e+00 1.353729553288418375e+00 -1.229993178736327852e+00
-8.023822049707955983e+00 2.609153103685189823e+00 -2.400857263237014205e+00
-8.052610590980293637e+00 2.926871658375986396e+00 -1.597980483152475983e+00
-8.077274952433057820e+00 2.383716733761655160e+00 -1.426650918788804567e+00
-7.364136089586183154e+00 2.540439225549259383e+00 -1.627726866322011690e+00
-8.175993751053225012e+00 1.858463397855084853e+00 -1.397460848384947107e+00
-7.569263486492237014e+00 2.479334495650953318e+00 -1.537674310305438441e+00
-8.397679322576852456e+00 2.456509284953047878e+00 -1.494871695795667366e+00
-7.720711480907060498e+00 1.901784441097093437e+00 -1.683995000307654699e+00
-7.445612401664391200e+00 2.622201347919010939e+00 -1.681035884780878842e+00
-7.829518420944675761e+00 2.383300459665671056e+00 -1.538177816967256417e+00
-7.780783154881030228e+00 2.661402349036768200e+00 -1.366366244297155808e+00
-7.698846148134379064e+00 2.146321822563618475e+00 -1.587864881953286789e+00
-8.386657929594949934e+00 2.860674669570732132e+00 -1.187825202315894169e+00
-7.630954549814370935e+00 2.815624244922264374e+00 -2.372487679622967249e+00
-8.760306447140933983e+00 2.084813489602672210e+00 -1.829108510400306642e+00
-6.765191248423429116e+00 2.582148147121579917e+00 -1.751009580650188635e+00
-7.729480027736954639e+00 1.838532634246541564e+00 -1.382361333977423667e+00
-7.594764539159937655e+00 2.344622936928522083e+00 -7.463959737025791519e-01
-7.591942203452464177e+00 2.279494380729457426e+00 -1.174958385960016560e+00
-8.224393440864643523e+00 2.390715027616868049e+00 -1.630385889396358534e+00
-7.332913409794218573e+00 2.432245878959770291e+00 -1.509930791381821846e+00
-7.476562059517926073e+00 2.052074768985009179e+00 -1.743059803428095966e+00
-7.431759641548145723e+00 2.400750622884247232e+00 -1.235351557169705350e+00
-7.628721683656465302e+00 2.574625319068569951e+00 -1.254046385680232190e+00
-7.831589537868017814e+00 2.903734259517587901e+00 -1.993417973339071114e+00
-8.288422147234356885e+00 1.999320797202586597e+00 -9.909370580339136314e-01
-8.043377562907949141e+00 2.631059219147327433e+00 -1.560814201968673709e+00
-8.155596335610281855e+00 2.254972283885176232e+00 -1.215362698189803803e+00
-8.082135858179219312e+00 2.326752410776717905e+00 -1.466135869026362171e+00
-7.731532909501527939e+00 2.120054825061635118e+00 -1.508906294452274643e+00
-7.565221979477721348e+00 2.041519568010668362e+00 -1.251825588253910881e+00
-7.964461231227826232e+00 2.430935839596856329e+00 -1.442528009611414141e+00
-8.252222778457701580e+00 2.483845899628365661e+00 -1.528046149841497670e+00
-7.909526731254671539e+00 2.598427219998768134e+00 -1.213907675194905389e+00
-7.342060714417368850e+00 1.609320861352202980e+00 -1.486941832013047859e+00
-8.091076377718401602e+00 3.735413338126573723e+00 -1.693754505286880985e+00
-8.342796302633740169e+00 2.755145536635351444e+00 -1.550131106270515202e+00
-8.126715397840582611e+00 1.301998343775444100e+00 -7.994457107315292577e-01
-7.643289627202672243e+00 2.675311951249863984e+00 -1.302579372149853976e+00
-7.506134309834546769e+00 2.314226355941432889e+00 -1.214522947890080529e+00
-7.664422757221795557e+00 2.153936901936517323e+00 -1.344556880331044590e+00
-7.767823751982816383e+00 2.219633875892060182e+00 -1.316780640269139990e+00
-7.165042222598052568e+00 2.187275258361069064e+00 -1.056849865894763596e+00
-7.571229210972639123e+00 2.296667820019520523e+00 -1.695112623817668807e+00
-6.919189101696562538e+00 1.553820437018929912e+00 -1.744688804173862851e+00
-7.134286085514620623e+00 2.609746604357427113e+00 -1.580039542052073420e+00
-8.259049379991727946e+00 2.585828748225316165e+00 -1.216669675775313708e+00
-7.290611613050594464e+00 2.082497670346406426e+00 -1.953280264239686925e+00
-8.136848409846036745e+00 1.934042939550359330e+00 -1.471228777054715220e+00
-8.197333061312439995e+00 2.390335877014476473e+00 -1.323781132381847803e+00
-7.807851638586257081e+00 1.825129603481808083e+00 -1.294608403060179214e+00
-7.598430524119454077e+00 2.887464317008372472e+00 -1.280929907694214887e+00
-7.596410147067595986e+00 1.807540696244753109e+00 -1.633741021579543373e+00
-7.045057660626494744e+00 3.290248571603636041e+00 -1.047127455066302781e+00
-7.784254420455188672e+00 2.586009326044180767e+00 -1.407092135409333311e+00
-8.448452555610661108e+00 2.811784652088102909e+00 -1.521610279595128290e+00
-7.682581157198764110e+00 1.992795612885256862e+00 -1.393801174015534272e+00
-8.028656963836326099e+00 2.798693721917450805e+00 -1.385313636059390952e+00
-7.631504423604487108e+00 2.332221222217561341e+00 -1.452784835791966378e+00
-7.028113130180773993e+00 2.063477974151012084e+00 -1.167135694217180442e+00
-8.028206946266248423e+00 2.423245073991456167e+00 -1.423970890467435302e+00
-7.733863376345013307e+00 2.362805228286556147e+00 -1.550753082737994282e+00
-7.969636048637269710e+00 2.203865619864832759e+00 -1.308911103903279027e+00
-7.431899548706246250e+00 2.385161335661539983e+00 -1.680714400833209332e+00
-7.701296769507941065e+00 2.229417311607625241e+00 -1.517191921392379239e+00
-7.620880913155453129e+00 2.294467209484138071e+00 -1.624864051138368515e+00
-7.741321602265536228e+00 2.365020095215733864e+00 -1.390938736972914702e+00
-8.578595775556179248e+00 2.886227130267156937e+00 -1.270344061877904496e+00
-7.352777410117066204e+00 2.668471061159544799e+00 -1.726908510754106674e+00
-7.605670570715649781e+00 2.116144966645311598e+00 -1.561596659106921470e+00
-7.622703912890637312e+00 2.716455937553374778e+00 -1.333192133545928693e+00
-7.678809516684665937e+00 2.060346926014639646e+00 -1.516475295681589008e+00
-7.970394187653609741e+00 2.462988393691101230e+00 -1.404300650612717360e+00
-8.378392859432112871e+00 1.968150617924909751e+00 -1.601110880046445972e+00
-8.401757810166881058e+00 2.644102219535001463e+00 -1.476759078156602900e+00
-8.115124276985875795e+00 2.613541251054352532e+00 -1.632411416960390493e+00
-7.523792521124000210e+00 2.127896799051513188e+00 -1.579783039678506418e+00
-7.800327581340372518e+00 2.427544425262806449e+00 -1.834698857120474980e+00
-8.251957570798264641e+00 2.303537735055930735e+00 -1.488886361243273004e+00
-7.490782667092288349e+00 2.813675082797283178e+00 -1.644849702999596985e+00
-8.021388768508581180e+00 2.517044302023213831e+00 -1.525934720951208412e+00
-7.401608648170152627e+00 2.502556168304876039e+00 -1.642096403969005136e+00
-7.595745803936328144e+00 1.932346765426675717e+00 -1.290574885696134322e+00
-7.797544831275184052e+00 2.705910835980716467e+00 -1.654422001733304448e+00
-7.344285890925307925e+00 1.874344820593517591e+00 -1.388277026072381792e+00
-8.250363434896314629e+00 2.621325297036253943e+00 -1.611552218121759417e+00
-8.497925869006214938e+00 2.083952578103362985e+00 -1.496552136366226415e+00
-7.453003180200548528e+00 2.679196150198948079e+00 -7.416109853676885466e-01
-7.910373785855603579e+00 2.770852587066455985e+00 -1.778960268079654794e+00
-8.298698765079823403e+00 2.353148216962506645e+00 -1.630967490924302377e+00
-8.063489538930115330e+00 2.272869911653937702e+00 -1.593102085950049318e+00
-7.868113200163617371e+00 1.777260245129286487e+00 -1.393056493385313788e+00
-8.106301528142886070e+00 2.219181639660630534e+00 -1.413626975011306408e+00
-7.761029419572956556e+00 1.904639116440713709e+00 -1.555311529874845888e+00
-7.462882242984695935e+00 2.255858886513575801e+00 -1.422991858798875242e+00
-7.425794265572579711e+00 2.510147948409252372e+00 -1.327029152470748929e+00
-7.929658421818066572e+00 2.243201332993392860e+00 -1.140005817036380487e+00
-7.127593978634113370e+00 2.363930468361560067e+00 -1.929130626046037911e+00
-7.480165627576021770e+00 1.995969039963610303e+00 -1.457960110892783545e+00
-7.746251683837493296e+00 3.207856824286564823e+00 -2.714492071109501747e+00
-8.018645277658691839e+00 2.061104974520508559e+00 -1.496266215445135161e+00
-7.745833346111450801e+00 2.775564505755000244e+00 -1.491970136570998973e+00
-7.440468804339110953e+00 2.041832259935663529e+00 -1.765643606015883993e+00
-7.057954230916426042e+00 2.667867275228403390e+00 -1.738267019293764148e+00
-8.709841572078111938e+00 2.789037753449043144e+00 -1.285278983682295095e+00
-8.450338827540598174e+00 2.601054745840599924e+00 -1.498968365751044862e+00
-7.575426384453414208e+00 2.852967505954383309e+00 -1.311958007742685561e+00
-7.877376691365750361e+00 2.248215858976982506e+00 -1.909792451257930956e+00
-4.767368334567959387e+00 1.065628251758323728e+02 -4.083708600627724561e-01
