-8.859498096889328878e+00 3.084359229985695006e+00 -1.599681743555989355e+00
-8.506752748755745941e+00 2.531942793341943165e+00 -1.205018536753998948e+00
-9.536097792456631694e+00 2.501412546143762849e+00 -8.771126711560257583e-01
-8.947829034384097824e+00 2.601436688679902520e+00 -1.513756597383815627e+00
-8.623649729174813316e+00 3.276064561848278434e+00 -1.659396696039175056e+00
-8.547370375075187710e+00 2.587620862115239007e+00 -1.505440291439123168e+00
-8.716569601056619376e+00 2.487672481212764630e+00 -1.419449279366992389e+00
-8.545681527873439265e+00 2.587568063342030378e+00 -1.276734269405780386e+00
-9.364152588645275443e+00 2.784803230104438310e+00 -1.821789276210691311e+00
-9.033491195949492791e+00 2.371808163406805559e+00 -1.318309960015886517e+00
-8.990821737045958884e+00 2.264396515378712671e+00 -1.599201904333068081e+00
-9.757930689969892768e+00 2.646019584095468780e+00 -8.413284741755302498e-01
-8.691442571909698600e+00 2.908500470183601472e+00 -1.611621609488656626e+00
-8.712080325839670181e+00 3.031182584497452037e+00 -1.450220003995622342e+00
-9.404478501078479269e+00 2.713332409508818710e+00 -1.807949123606983566e+00
-9.280545531810798110e+00 3.056579406647684127e+00 -1.357077841801815232e+00
-9.039226869201062442e+00 3.173275121683626576e+00 -1.143843810284872919e+00
-9.035380696028390446e+00 3.328885479340792486e+00 -1.558459719571554380e+00
-8.527448489048868652e+00 2.784654544035177981e+00 -1.759541365365771659e+00
-8.382472663907485355e+00 2.767719073028472199e+00 -1.573132523939262617e+00
-9.388851744686482093e+00 2.483962460666258032e+00 -1.526867426887542400e+00
-9.131342570256521185e+00 2.280739574573746875e+00 -2.600462385215304817e+00
-8.875884731257491111e+00 2.376133877323530541e+00 -1.261237560107628441e+00
-9.072566923114642634e+00 2.393005111646172800e+00 -1.335873938390792048e+00
-8.855468078724342718e+00 2.265948172478603695e+00 -1.208179215982243093e+00
-9.145909302326582946e+00 2.813977692616055126e+00 -1.588107104394759439e+00
-8.815046125656170517e+00 2.312555533031823707e+00 -1.456426963821289222e+00
-8.709591986733810742e+00 3.841994138961859040e+00 -1.757572082769234267e+00
-8.592099096632539457e+00 2.822685864268831946e+00 -1.498002189823669061e+00
-8.510575041420734621e+00 3.038975865315908909e+00 -1.802101769721882851e+00
-8.770953949349447498e+00 2.279901963766830963e+00 -1.607941114204320954e+00
-8.482851859636957315e+00 3.162216421544795431e+00 -2.138063890899645880e+00
-9.070877831439247529e+00 2.887924620818059562e+00 -1.573670629327940107e+00
-8.106071700037871253e+00 2.955609802089533389e+00 -1.381352511654919679e+00
-8.505656268472767678e+00 2.819235866954222569e+00 -1.045364021657658293e+00
-9.223920427440024383e+00 2.927266271176418133e+00 -1.653527449924349524e+00
-9.097677157610135623e+00 2.895823358096820233e+00 -1.492345569247992332e+00
-9.004916831076455352e+00 3.398590480244713774e+00 -1.531723735580082124e+00
-8.714280984839344768e+00 2.401804717361354147e+00 -1.447674595157032007e+00
-9.017555189903410096e+00 2.520692181587472103e+00 -2.155642240272653609e+00
-8.589109244636595974e+00 2.570529141498437031e+00 -1.208425855582208275e+00
-8.787991149888625841e+00 3.115592730560818868e+00 -1.542672040818062307e+00
-8.645618073417507432e+00 3.168059245420380421e+00 -1.599492808665056609e+00
-8.442556665292807239e+00 2.495953263621878637e+00 -1.715695960809503484e+00
-8.233157596727743055e+00 1.873398566244464769e+00 -1.453109975190794323e+00
-8.353611884349369632e+00 3.143341512059422360e+00 -1.872672259117991622e+00
-8.816317690580230959e+00 3.244261762964310680e+00 -1.935728853750357636e+00
-8.902138022717508647e+00 3.089730912204983415e+00 -1.645973238846213826e+00
-8.780098925760080775e+00 2.618525386374772612e+00 -1.331394714205880847e+00
-9.079277530674263019e+00 2.106960339249387637e+00 -1.263435575307192416e+00
-8.728006131643137877e+00 2.697192707560426506e+00 -2.013643544217284642e+00
-8.384933943163680681e+00 2.469991643750468757e+00 -1.317499792270855563e+00
-8.450056469031329343e+00 2.286835947204520547e+00 -2.106288748190657589e+00
-8.494075533435847092e+00 3.024178758739396233e+00 -1.556736431370284279e+00
-8.690145294307153989e+00 2.032743297636763202e+00 -2.159461162087365160e+00
-8.643412066536976468e+00 2.648299591742079961e+00 -1.766199610284952426e+00
-8.630469717236330496e+00 2.360073898003514525e+00 -1.462222413537926258e+00
-8.925219495319762331e+00 2.785178426820588360e+00 -1.469106472883047632e+00
-9.837289142184468815e+00 3.274350609106586152e+00 -1.082471396302003397e+00
-8.511054924962758506e+00 2.605466015370098365e+00 -1.733481469899820437e+00
-9.609140983279065296e+00 2.785917306033957264e+00 -2.241261065170512268e+00
-8.150422853973385173e+00 2.855584911929257341e+00 -1.452668955651331029e+00
-7.625216879723828001e+00 2.644947116225286443e+00 -1.316493188380926105e+00
-8.766662529225458300e+00 2.714162150984373412e+00 -1.551351127927066198e+00
-9.220621994900792373e+00 2.510349913412443179e+00 -1.546753296644190812e+00
-8.336383600052569065e+00 2.946124123813366857e+00 -1.627718432963420003e+00
-9.003967499209041492e+00 2.774872328123112020e+00 -1.336042258859366338e+00
-9.034961149160665173e+00 2.581209586432370973e+00 -1.535114955667607806e+00
-9.162428101518553802e+00 2.371742903237027189e+00 -1.440924248462384760e+00
-8.361148326012569854e+00 2.031103324358377815e+00 -1.611066246823554371e+00
-8.616691014486352884e+00 3.128522767517946335e+00 -1.883281554851768513e+00
-8.588228815128839955e+00 2.624138002085188770e+00 -1.406175378716380209e+00
-8.812349633297394291e+00 2.582995181210043345e+00 -1.507051174239996127e+00
-8.820400124229827554e+00 2.340464861308701128e+00 -1.688075378447901898e+00
-8.762821152496949040e+00 2.259917128029101718e+00 -1.386075052656719597e+00
-8.402497371206976595e+00 2.547744558355355959e+00 -1.706919084144060239e+00
-8.682223767763352029e+00 2.312692809369013780e+00 -1.165772348242928746e+00
-8.801972504133939168e+00 2.926858450804222134e+00 -2.202293641237784261e+00
-8.842078248065892154e+00 2.587864942459418227e+00 -1.512985807301032048e+00
-9.348614434751373992e+00 2.487230461416606531e+00 -1.285834376598222750e+00
-9.040154286057806132e+00 2.885866412750466736e+00 -1.798580719068824552e+00
-8.657080060213365513e+00 3.430991531842535913e+00 -1.448729017523653795e+00
-9.066689159884919746e+00 2.608208722126391432e+00 -1.444936857406908359e+00
-8.308564402420183015e+00 3.009788497957074593e+00 -2.486765802411400106e+00
-8.863601283830663036e+00 2.831505922534771180e+00 -1.463155676434111152e+00
-8.658926612174537851e+00 3.054738192989114420e+00 -1.485349031938747899e+00
-9.058640330360313797e+00 3.121244434407741242e+00 -1.731967563957793388e+00
-8.675876067053247098e+00 2.886033458883001224e+00 -1.851985014834938381e+00
-8.342621086229064176e+00 2.500677823761159768e+00 -1.598791803973756753e+00
-8.563029072023359944e+00 2.919621069257230417e+00 -1.661611262169099268e+00
-9.189725159994656778e+00 3.020885796239238807e+00 -1.519174818438594032e+00
-8.810892865680779451e+00 2.418287805095234777e+00 -1.650646019301510448e+00
-8.913296391766362348e+00 2.010816190500231748e+00 -2.766171196546113542e+00
-8.626291044218094228e+00 2.988563113897437784e+00 -1.331322118448455383e+00
-8.267531520049313798e+00 2.992637675603411651e+00 -1.379654037034214964e+00
-8.442050986473081053e+00 2.897612186828276037e+00 -1.363342010001663329e+00
-8.370162577886590682e+00 3.229161557793660098e+00 -1.130244513628937408e+00
-8.956558172071089174e+00 2.651791225793724838e+00 -1.524782429647837168e+00
-9.265434313863698534e+00 2.721401387492387691e+00 -1.279989424891378569e+00
-9.257703321088751380e+00 2.560641390746583479e+00 -1.597960553405132877e+00
-8.815551353970711546e+00 2.718497509325681349e+00 -1.487167074686261303e+00
-8.467602437039245089e+00 3.203239628698164143e+00 -1.585704579244532120e+00
-8.970960425168243546e+00 3.496117044218540748e+00 -2.111357666517734266e+00
-9.124217003246409163e+00 2.689893578492963400e+00 -1.531858082539592658e+00
-9.067613476693962227e+00 2.827065691030576033e+00 -1.546039899610996526e+00
-8.597649375160044016e+00 3.069545749995827855e+00 -1.571838343677351979e+00
-8.423323023968952938e+00 3.034469779277683354e+00 -1.277940138635324629e+00
-8.495731944634634658e+00 1.954505732770192905e+00 -1.540160265304812093e+00
-8.635471700490926494e+00 2.303002508659676373e+00 -1.429794006718879684e+00
-9.236950598557298164e+00 2.998605224052909080e+00 -1.651285948828295380e+00
-9.075344227528322705e+00 3.457377988824618331e+00 -1.490694860492615792e+00
-9.126299169849012571e+00 2.679910546771441471e+00 -1.433175629407269280e+00
-8.854646454461205352e+00 3.095996280889718566e+00 -1.497358368325819145e+00
-8.611078483917200543e+00 3.028885227619236176e+00 -1.632145632841081273e+00
-8.530781084684743831e+00 2.768758606239159814e+00 -1.780345142353467969e+00
-8.413858310130516216e+00 3.089229189237829409e+00 -1.493419583470042777e+00
-8.940710906319150553e+00 2.677697755640480626e+00 -1.457216511791696645e+00
-8.617323216636775030e+00 2.638136908762453547e+00 -1.400359609158386087e+00
-7.402791463364180480e+00 2.195495413856346723e+00 -1.336330501903244761e+00
-9.093978701898960182e+00 2.334577868284187119e+00 -1.543508333229071328e+00
-8.894074489173300790e+00 2.718504226309476746e+00 -1.581698890267142943e+00
-8.586946226164082319e+00 2.500930788360955948e+00 -1.426520532840937605e+00
-8.490046435396511271e+00 2.467406421591253451e+00 -1.552560876876419194e+00
-8.962137768742975297e+00 2.837961734852433970e+00 -1.312033009553931651e+00
-3.017757303828705417e+01 7.289610542077384991e+01 -3.091649241597513864e-01
-8.786045700986550244e+00 1.987846323824851158e+00 -1.215371485841493016e+00
-8.563156359720927924e+00 2.567418288310278296e+00 -1.536493430380452274e+00
-8.806987609454937527e+00 3.160515267674154583e+00 -1.075979668155309543e+00
-9.214272571113204080e+00 3.211813762379454040e+00 -1.484336556974193311e+00
-9.380826479942925289e+00 2.830729129305954661e+00 -1.605582134199923683e+00
-9.049488195303228011e+00 2.329081324089863347e+00 -1.642829649020865812e+00
-9.298099630502795421e+00 2.833276908803828764e+00 -1.472335403635206097e+00
-9.009504794959520169e+00 3.079029046074954312e+00 -1.534089404826217473e+00
-9.016236170002256856e+00 2.991959439168137447e+00 -1.511887095761832889e+00
-8.374647185043645692e+00 2.403257603523796693e+00 -1.623120274451867351e+00
-9.215979785440902461e+00 2.585542977910284979e+00 -1.912584151435900770e+00
-8.845125510195503082e+00 2.517605299241773675e+00 -1.172629491206355068e+00
-9.403010947424123245e+00 3.050600587216585780e+00 -1.712988647057886338e+00
-8.406927634607828992e+00 1.803859687708538440e+00 -1.722664692799327879e+00
-9.222684996483614839e+00 2.343019663492434734e+00 -1.439745508971112642e+00
-8.271700296430484656e+00 2.984782400819740555e+00 -1.556422419444491334e+00
-9.245444388218345466e+00 3.051525216739501278e+00 -1.341200135551105177e+00
-8.724018822607858326e+00 2.769664466137093495e+00 -1.558038079501578022e+00
-8.246353577375918675e+00 2.874157513834489919e+00 -1.693417211409594225e+00
-9.365944475878263731e+00 2.703924715739269846e+00 -1.380686058535235183e+00
-8.931394811342673989e+00 2.552210889151702577e+00 -1.620839851926640041e+00
-8.918148028155012952e+00 3.190559119729691417e+00 -1.400191988403480137e+00
-8.470734160715778671e+00 2.515560951044163662e+00 -1.488738659634029071e+00
-8.512603547473529986e+00 1.792298524031644691e+00 -1.113356134307581069e+00
-9.038072598424744086e+00 2.253934101885982866e+00 -1.839350179595648171e+00
-9.138130389355808347e+00 2.259210492372880630e+00 -1.485864231041721828e+00
-9.054118329490203010e+00 2.500673374625954626e+00 -1.533737972374115355e+00
-9.512938723601477520e+00 2.938811007145922805e+00 -1.738118719773352305e+00
-9.170301469834763353e+00 2.508935810831593560e+00 -1.516476408126864017e+00
-8.453376418214009647e+00 2.411511935233520365e+00 -1.591633589437792429e+00
-8.568313634444384874e+00 2.986815452458982278e+00 -1.091863886808108530e+00
-8.982082879416791954e+00 2.684478543092216896e+00 -1.407858786298095133e+00
-9.158974999203122636e+00 2.907175470866658173e+00 -1.956189298962462741e+00
-8.564734703286578821e+00 2.804890198319796468e+00 -1.464243394524287645e+00
-9.115507680665519530e+00 2.654049475927891866e+00 -1.496959158486267594e+00
-9.156347483057095005e+00 2.953143719280283186e+00 -1.360622960543599547e+00
-8.605358965276373340e+00 2.682457664736908942e+00 -1.629570770142206859e+00
-9.337740681135228371e+00 3.212436669195451344e+00 -1.250831172597201668e+00
-8.630396883406701747e+00 3.012408983211275704e+00 -1.540803799765386506e+00
-8.781932070185577643e+00 2.920962522723803634e+00 -1.479968138318557891e+00
-8.848689145489963437e+00 2.233619245191197589e+00 -1.502627819469327664e+00
-9.126276904125260714e+00 2.689518981860406832e+00 -1.524644401819900130e+00
-8.650522689608589388e+00 2.708500414354728658e+00 -1.414817252337862152e+00
-7.874077993170386591e+00 3.485727595385714750e+00 -1.715534341434633570e+00
-8.251324357830538858e+00 2.872101760683114069e+00 -1.600508119925760031e+00
-8.631526099292820220e+00 2.694099114297749509e+00 -1.586620426640407366e+00
-8.417571246305621813e+00 2.680959154397317690e+00 -1.579586390754935232e+00
-8.777217967131862864e+00 3.055986614585711969e+00 -1.552677473834126909e+00
-8.671874778477764778e+00 2.694133473947248891e+00 -1.571986698231397694e+00
-8.544423487112160487e+00 3.122332856529181466e+00 -8.498372762001362712e-01
-9.241715753904355068e+00 2.821323309209034402e+00 -1.471203654374191538e+00
-9.142205604896089355e+00 3.068914048421095053e+00 -1.405609823633413802e+00
-8.613427697574884689e+00 2.612387412007397103e+00 -1.522225729420901619e+00
-8.903471344985996794e+00 2.863569355659870475e+00 -1.358405848198922294e+00
-8.748157805813455923e+00 2.571749040775641593e+00 -1.604204898767759735e+00
-8.678158563978062290e+00 2.826784714410308652e+00 -1.327846452142136036e+00
-8.334849048178835318e+00 2.568488077571369654e+00 -1.504173840461940248e+00
-8.695003920185611079e+00 3.241893110222292318e+00 -1.329399555251654208e+00
-9.601421379228971986e+00 2.283592770485062928e+00 -1.400773795772342289e+00
-9.191942546749524823e+00 3.054636730254970622e+00 -1.506504389610280104e+00
-8.961353803247876115e+00 2.685632007140068556e+00 -1.429427595921226812e+00
-8.826853287591150732e+00 2.381050299646833235e+00 -1.732118224187196187e+00
-8.904101955272588853e+00 2.385791099816998884e+00 -1.432286561158839566e+00
-9.361205771965785516e+00 2.540125816650991464e+00 -1.278150186278562472e+00
-9.084012764247717087e+00 2.999262056059966763e+00 -1.509797329316946657e+00
-9.006121538886690203e+00 3.306646367471489434e+00 -1.824700256118643615e+00
-9.150637792267298565e+00 3.094401152657373366e+00 -1.649703663939169784e+00
-8.336341392886263080e+00 2.485457843686794011e+00 -2.217279192377713315e+00
-8.479808745895311972e+00 3.071288803186424943e+00 -1.787841142879230905e+00
-8.029550596322467371e+00 1.856104666392596414e+00 -1.097113249048075945e+00
-9.579217831554339924e+00 3.399518644639423215e+00 -1.050963023737751412e+00
-9.590565989721643092e+00 2.829037682556413635e+00 -1.122681681363851158e+00
-8.701641529388734142e+00 3.112627991052422605e+00 -1.444910703695002407e+00
-8.059701954793283107e+00 2.929613530060520166e+00 -1.607281447458205781e+00
-8.550563406440002012e+00 2.490677917996267698e+00 -1.186082936908831709e+00
-8.692611720869662051e+00 2.993620666108436801e+00 -1.871427832605331298e+00
-8.631218402551265712e+00 3.168750242629260860e+00 -1.771121015180987524e+00
-8.627657076390917723e+00 3.101934482536668813e+00 -1.550062239970957378e+00
-9.783909778897148968e+00 2.602698084297144998e+00 -1.195898141281006355e+00
-8.770367577702995021e+00 2.235378418239799547e+00 -1.466990637311637258e+00
-8.909402296351057515e+00 2.397100618936738314e+00 -1.476398616801765540e+00
-9.334825154534819092e+00 2.246216463689897580e+00 -1.511687568167656925e+00
-8.352810231380848549e+00 2.691324642334157247e+00 -1.573999225480655184e+00
-8.658457494258374965e+00 2.798701297635832308e+00 -1.787373334529507751e+00
-9.110354267704236619e+00 3.154115545833040990e+00 -1.461570205361610864e+00
-7.967864925653344699e+00 3.194837129591886704e+00 -2.652345146131612097e+00
-9.013287509799875252e+00 1.762188873139258982e+00 -1.344711097008964185e+00
-8.158902705224470253e+00 2.782616070522021534e+00 -1.564155293594625906e+00
-8.439306360522399686e+00 3.096741317040544672e+00 -1.614674154934349293e+00
-9.376901384374814796e+00 1.949954713138547291e+00 -1.200982537832955277e+00
-8.959032820265843355e+00 2.549368186521609569e+00 -1.044874692789862891e+00
-8.754472622138862903e+00 3.208131289301669131e+00 -1.441467678244834349e+00
-8.966585258338627185e+00 3.430175907820788073e+00 -1.479957609395975870e+00
-8.961785341447949804e+00 2.236015795170991360e+00 -1.367960789150838963e+00
-8.549362817964524908e+00 3.262194462828875263e+00 -1.414241300391897216e+00
-7.779059631872338620e+00 2.586896955396783770e+00 -2.627550034045066152e+00
-8.808613142736165358e+00 2.491638537934080411e+00 -1.465002336306357344e+00
-8.986651596023143895e+00 2.976188383986529296e+00 -1.629170873762745941e+00
-8.956712500213198425e+00 2.792815532180348281e+00 -1.544754831265977568e+00
-9.498027187659625170e+00 3.374075120879169720e+00 -1.550668779970304056e+00
-8.998792224118290051e+00 2.472638711087563390e+00 -1.038741212228262656e+00
-8.656050582317146080e+00 2.617013961455500581e+00 -1.451666715441194411e+00
-8.713360540207220950e+00 2.370507787146815648e+00 -1.539915214709813851e+00
-9.095684909429376575e+00 2.832962701829508045e+00 -1.528944028969071889e+00
-8.766807908590870113e+00 2.981256712367412742e+00 -1.274302570502567900e+00
-9.133763274880857708e+00 3.447001793768352584e+00 -1.269013247186616455e+00
-8.751266155783982370e+00 2.254170940321705618e+00 -1.244795686544288404e+00
-8.757097137721583380e+00 3.036853437076189266e+00 -1.530352801169207133e+00
-8.584091449018192321e+00 2.264492215327044367e+00 -1.544310600350583096e+00
-9.040485814751084703e+00 3.081930608347827061e+00 -1.714132078944720528e+00
-8.619542009125888526e+00 3.255404073145544253e+00 -1.790804119633303548e+00
-8.600658575241860504e+00 3.144596471949353766e+00 -1.680248926624483552e+00
-8.499627370297741180e+00 1.875867998341322007e+00 -1.224329367866584972e+00
-9.141744438690952990e+00 3.024493465095508427e+00 -1.380531541586302202e+00
-8.857780415366022453e+00 3.220949373506670987e+00 -1.416587112925442371e+00
-8.431034286159061253e+00 2.633066402479070867e+00 -1.575235659899914875e+00
-8.724678767784745048e+00 3.212915787801043255e+00 -1.343062337294555819e+00
-8.784224428864833456e+00 3.416082753569423591e+00 -1.575069307724184853e+00
-9.111970732946190310e+00 3.588033297723419945e+00 -1.207587155868396600e+00
-8.735611866606138420e+00 2.105804036893766273e+00 -1.225661346627525017e+00
-8.670309188814874446e+00 2.885109516181186162e+00 -1.634785475323783377e+00
-8.560472384997201090e+00 2.819848229289503738e+00 -1.361199991226281103e+00
-9.520055649807630971e+00 3.003854919258302392e+00 -1.524271269980554511e+00
-7.952356251518378549e+00 2.969584615171354081e+00 -8.904589866938343867e-01
-2.554773277151366884e+01 1.704989057035199096e+01 3.986434790073767331e-03
-8.915820951227871660e+00 2.366753382234303871e+00 -1.624404203660464896e+00
-9.194234664179948169e+00 3.075351843284841458e+00 -1.360468986598930563e+00
-8.817138602681223958e+00 2.938432118529238135e+00 -1.496089002586922012e+00
-8.828660009965565436e+00 2.686120846159374853e+00 -1.556094599295009040e+00
-9.014562586367199870e+00 2.428257181578512558e+00 -2.189574968442598024e+00
-8.734379914836063463e+00 2.477159467566862894e+00 -1.346834191103637224e+00
-8.651843229283379344e+00 2.481032938299384760e+00 -1.652821949622929720e+00
-8.735030994317730446e+00 2.778735248651069245e+00 -1.471222902531849730e+00
-9.224398717239782997e+00 2.953860526895411454e+00 -1.776313684954865302e+00
-9.427338593134901856e+00 3.297420096916981791e+00 -1.136065952275247870e+00
-9.052879326277256666e+00 2.350191576945443561e+00 -1.563941508264930835e+00
-9.327504059969276895e+00 3.222769423436538272e+00 -1.407560677538311822e+00
-8.355083732351678449e+00 2.713126959312855746e+00 -1.657924077881680835e+00
-8.585752131566325218e+00 3.010227061914618751e+00 -1.545790655521797952e+00
-8.985849716983626223e+00 2.539459735805743801e+00 -1.505978786680864490e+00
-9.211237792665134094e+00 3.936413834507797915e+00 -1.536398055823306574e+00
-8.449318891135645160e+00 2.959825306137939371e+00 -1.524754330357707355e+00
-8.659283203778437965e+00 2.031800769760332415e+00 -2.974717443993594834e+00
-8.506853849236364340e+00 2.340026069773070816e+00 -1.718415346211712880e+00
-8.492637562764512538e+00 3.038393118887812605e+00 -2.408889359972387290e+00
-8.791715530719223182e+00 2.493528019058828704e+00 -1.584914976407115539e+00
-9.246773392180893225e+00 2.697403038901916350e+00 -1.301952064531071374e+00
-8.990580712161102994e+00 3.086528870243350653e+00 -1.502729558381765251e+00
-9.152971173614220746e+00 2.932615311383984569e+00 -1.503028266728390294e+00
-9.212406219141239916e+00 2.577905228487739731e+00 -1.652891183558555799e+00
-9.044945573714107567e+00 2.289619622169437818e+00 -1.359405410387444224e+00
-8.981184108781770092e+00 2.710147500817941868e+00 -1.399649088984543654e+00
-8.273170126352910714e+00 2.701048929666198806e+00 -1.521182111252187497e+00
-9.790426187776835931e+00 2.506467684240042626e+00 -6.685445899478640319e-01
-9.330081198721961400e+00 2.832568601625176541e+00 -2.815147412637724056e+00
-8.598963939590941408e+00 3.182597653628717715e+00 -1.265348574513394331e+00
-9.578922310981202060e+00 2.836628203756030864e+00 -1.564989035952968788e+00
-8.530126620990889919e+00 2.827475483967590630e+00 -1.306754128766943301e+00
-8.793393612359903244e+00 3.045167323279740934e+00 -1.694262743878242938e+00
-8.763923437954378670e+00 2.589491708954284821e+00 -1.661440017685247517e+00
-9.540502136117142484e+00 2.949436067748888668e+00 -1.231505835896029799e+00
-8.648064979903995919e+00 2.907165445216207011e+00 -1.553307044715639185e+00
-8.749779279495887963e+00 3.177877994185170252e+00 -1.960050491167629527e+00
-9.033814842966096492e+00 3.180636074321725459e+00 -1.452607259228292591e+00
-8.876706515202814174e+00 2.401189436445229308e+00 -1.615396739167821671e+00
-9.133052531907924987e+00 2.524329601939780066e+00 -1.434595236801769813e+00
-8.891530882424858007e+00 2.283340938717926871e+00 -1.527567829134802935e+00
-9.254545817927684936e+00 2.989392164950118502e+00 -1.378766273505656725e+00
-8.351820852402765283e+00 2.244686110974441373e+00 -1.438818053200355829e+00
-8.655483589186687254e+00 2.497295583730168023e+00 -2.190970759477442353e+00
-8.626904281842840305e+00 2.650191946307702384e+00 -1.519908928724814423e+00
-9.115214185807266389e+00 2.001390708217678949e+00 -1.495767934130393551e+00
-9.356127520339478920e+00 2.746384478676775043e+00 -1.709550521929154465e+00
-9.444856436754857754e+00 2.715497044870106347e+00 -1.421687725869658081e+00
-8.879802479098804824e+00 2.897026926529197688e+00 -1.306949118898283579e+00
-9.040294540562731740e+00 2.943717489215120775e+00 -1.530663891539927546e+00
-9.297741831243582666e+00 2.810638322668136180e+00 -1.623246429449838324e+00
-8.472508331095626843e+00 2.147642121559268258e+00 -2.773634720475482762e+00
-8.445804459101788453e+00 2.965529431791553261e+00 -1.683415321786501551e+00
-8.982401046215546359e+00 3.156165562444215755e+00 -1.521639501967682717e+00
-9.164066250526330393e+00 2.559805765501438124e+00 -1.664040365294219281e+00
-9.112304228806454631e+00 2.794080540750499608e+00 -1.477763523372165544e+00
-8.592064064149614211e+00 2.449158318354941688e+00 -1.268519210676774867e+00
-9.312403607172552000e+00 3.129918209129465723e+00 -1.643999904404357393e+00
-9.268751307048555432e+00 2.622801916075936823e+00 -1.629105358357780808e+00
-8.442075915802021768e+00 3.271198217222043958e+00 -1.230531214984692756e+00
-8.916462486473157867e+00 2.388064848583809408e+00 -1.546498423711456294e+00
-9.340917408005912748e+00 3.149798656997363278e+00 -1.813070586380290949e+00
-8.989737678330076420e+00 2.217710276109587486e+00 -9.659369356942631990e-01
-8.125547656683481890e+00 2.941355737699184569e+00 -1.717663129830320212e+00
-9.500044894090994063e+00 2.780917715871459972e+00 -1.305548558587433572e+00
-8.222488829004589661e+00 2.744118129470302758e+00 -1.138175257982014354e+00
-8.874258301759741840e+00 2.230720700054694916e+00 -1.304648799494835698e+00
-8.922848809561099159e+00 3.060623994884143606e+00 -1.041752146430924508e+00
-8.518159541312723348e+00 2.397760276015511227e+00 -1.150093730321386287e+00
-8.909832762892110125e+00 2.818830791444419059e+00 -1.420746165852722731e+00
-8.112953768451443892e+00 2.440342292086164822e+00 -1.957817760059651135e+00
-8.080744460264146056e+00 3.370657962218590153e+00 -4.767081927403676311e-01
-8.357931223454134084e+00 3.174087633611297754e+00 -1.550135946735668790e+00
-8.340814074164896397e+00 3.047842631270650582e+00 -1.611240980281322788e+00
-8.540514949689676172e+00 2.632242332677595442e+00 -1.687882945436202320e+00
-9.131143577490838936e+00 3.256712699269461275e+00 -1.457722727690508702e+00
-8.949025978371473400e+00 2.523162462709929166e+00 -1.104855771906211759e+00
-8.714463004980238736e+00 2.333606315671068465e+00 -1.572385441333852940e+00
-8.843251728789578436e+00 2.275392216139553891e+00 -1.836433301163649112e+00
-8.482277896615322277e+00 3.172988914009438499e+00 -1.474146291037962131e+00
-9.326904178382021016e+00 2.287182910186625673e+00 -1.487001618002520509e+00
-8.577208830401723105e+00 2.459881560276106161e+00 -2.013481889654329393e+00
-8.924440391375647152e+00 2.730782871534739975e+00 -1.704107366305758653e+00
-8.607050720624744855e+00 2.325063408735946524e+00 -1.417670701540999278e+00
-8.123545567426843306e+00 3.844190072060028829e+00 -1.461358761204497370e+00
-8.866227744977102532e+00 2.963277832884786189e+00 -1.636281257910153997e+00
-8.724427721261738711e+00 2.581354760430845996e+00 -1.808007365565867275e+00
-9.355025715288315169e+00 2.970523413105979671e+00 -9.068740764670654153e-01
-8.824170270891581680e+00 2.708251233794077173e+00 -1.465610248033339502e+00
-9.102171652836462457e+00 3.130222687791249125e+00 -1.467163180183027382e+00
-8.845108633042578106e+00 2.269879144095621193e+00 -1.431316417780529981e+00
-9.075853519821647453e+00 2.460299140360949988e+00 -1.514206020815757947e+00
-8.903988972064958318e+00 3.129752775251195995e+00 -1.286329196858778223e+00
-8.629171860750266987e+00 2.168404465475627596e+00 -1.598096538663341004e+00
-9.498961350679602234e+00 2.829361111940041251e+00 -1.537709275064415904e+00
-9.156098329321762819e+00 2.989626508708108865e+00 -1.751436942576079847e+00
-8.692839474488971874e+00 2.411133085165526158e+00 -1.353860962786207267e+00
-8.930219709121708149e+00 2.754540390882083578e+00 -1.359899199590842489e+00
-8.733501222687358734e+00 2.733830567294023517e+00 -1.850256527033643072e+00
-8.745379734426967033e+00 3.104251755942504687e+00 -1.523333443761137884e+00
-9.222128657976007560e+00 2.123965035791779421e+00 -1.426377750840465808e+00
-8.804407011726791410e+00 2.431137839352560004e+00 -1.330924421720849349e+00
-8.691581581543351476e+00 3.089851410133634069e+00 -1.375530084870748571e+00
-8.264843427228738548e+00 2.444730914865225646e+00 -1.175354749053937553e+00
-9.261863938561493370e+00 2.588754136367652059e+00 -1.513817579962138060e+00
-7.904399238725187793e+00 2.057392022777978280e+00 -2.062970930934870495e+00
-9.323478037257892481e+00 2.857604931064868570e+00 -1.583086903235391141e+00
-8.584132084753107961e+00 2.635678625387282370e+00 -1.783204505466686074e+00
-8.317577084823438938e+00 2.927081535606458562e+00 -2.194164535926132142e+00
-8.673093530773122950e+00 2.414740206849594450e+00 -1.639787735730454221e+00
-8.987717446979230473e+00 2.929927123293567970e+00 -1.882347025947519237e+00
-8.647913851437948551e+00 2.320076444683734529e+00 -1.782632823765495811e+00
-8.528874012416544304e+00 2.701114576746029616e+00 -1.772913778318624844e+00
-9.364606456861501727e+00 3.174736247994240035e+00 -1.275498592950365273e+00
-8.564018583535874640e+00 2.986973591740802458e+00 -1.374342440672887911e+00
-9.266223241912541653e+00 2.923537339970679660e+00 -3.582987869035781370e-01
-8.661710743099408916e+00 1.738201490951340356e+00 -1.333068369670466602e+00
-8.353903883303905431e+00 2.455419490440485575e+00 -1.284790512316350997e+00
-9.335562103055638161e+00 2.368746194857256793e+00 -1.536136899660291322e+00
-9.051574456028873783e+00 2.836062320130330772e+00 -1.360888681858142046e+00
-9.302107924920401061e+00 2.749939301676577408e+00 -1.662926451955927254e+00
-8.586080824040553949e+00 3.247828275368196849e+00 -1.562227269561199172e+00
-9.058928522673047823e+00 2.057287301926783663e+00 -1.195697513769496734e+00
-5.476738213339233852e+01 1.780418569934239770e+01 9.802534769534720915e-02
-8.971463702661747419e+00 2.321454475613462520e+00 -1.515008524101677967e+00
-8.245624659921936939e+00 2.579888171544397757e+00 -1.548755239956181029e+00
-8.736526437380952359e+00 2.625083820166306925e+00 -1.489822791668627300e+00
-9.311238370525186880e+00 3.131952078749127732e+00 -1.643276583022301063e+00
-9.000970599558105079e+00 3.161004885827816580e+00 -1.735127498764146958e+00
-8.437799312719420186e+00 2.382241946634171992e+00 -1.262325330590326589e+00
-8.599018022809810091e+00 2.401532858796909142e+00 -1.552295180249228856e+00
-9.077566116292413056e+00 2.729620100104388492e+00 -1.381004493923391196e+00
-8.663115897231854490e+00 2.932918727047476359e+00 -1.445277262636344151e+00
-8.611171643413282339e+00 3.170801544827801521e+00 -1.642654623995699392e+00
-9.064381270653315781e+00 3.095692301395974955e+00 -1.547950449706215981e+00
-9.158259475365882807e+00 2.930116597938000389e+00 -1.280922222836807123e+00
-8.863321959477636014e+00 2.842727402441281637e+00 -1.375407820108708989e+00
-8.951769685621989936e+00 2.588067511881865901e+00 -1.658469853804107608e+00
-9.750346495630047627e+00 3.125468478137081174e+00 -1.413164851929461729e+00
-8.611802943157458756e+00 3.101218060323733816e+00 -1.694643989193324929e+00
-8.579791030695032461e+00 3.051303178137156014e+00 -1.792709128292113485e+00
-9.745246434245544265e+00 3.097816785390707039e+00 -1.733817756817322531e+00
-8.864417977289971162e+00 2.577534456610253599e+00 -1.494414292219098606e+00
-8.929997619359083316e+00 3.210049966941758370e+00 -1.485203005617200533e+00
-9.103539598862395721e+00 2.692537934357043916e+00 -1.389226720240168023e+00
-9.625328818771958339e+00 2.774878915295560855e+00 -1.019432310719245560e+00
-8.299664232255853591e+00 3.104146682120398015e+00 -1.422377465469787383e+00
-9.260729424057712933e+00 2.935572628919963289e+00 -1.238894791921311800e+00
-8.495526857594093428e+00 3.772484177170110531e+00 -8.969597035833187793e-01
-8.588666946491668952e+00 2.947210504037375056e+00 -1.586799936506315900e+00
-8.614814626488577431e+00 3.186510837663105722e+00 -1.526762856436538529e+00
-8.770673216165228325e+00 2.905294922934082980e+00 -1.546625311177900253e+00
-8.957384306249421613e+00 2.929190779233720399e+00 -1.560740794072336124e+00
-8.681162157987802885e+00 2.580179990943218815e+00 -1.668585073905052507e+00
-9.157230932155469461e+00 3.091877068116015259e+00 -1.630912515625444037e+00
-9.346792849079744059e+00 2.059456048157128460e+00 -1.932303403905966999e+00
-9.273995007256489842e+00 2.503773763018605436e+00 -2.360524036703076423e+00
-8.780922029789106631e+00 3.512349408185051036e+00 -1.483743855585347715e+00
-8.606304516261165105e+00 2.708805188484098458e+00 -1.548511312983272825e+00
-7.921607370286582572e+00 2.378912591431650014e+00 -1.604910686126262087e+00
-8.476912038441449582e+00 2.674472690191892710e+00 -1.347521161050142080e+00
-8.952300370552318753e+00 2.570928981187289963e+00 -7.726296357232182999e-01
-8.046427794556555213e+00 3.350410732063563213e+00 -1.523419025945916161e+00
-8.747618298917826607e+00 2.911051251372190229e+00 -1.905559874888704375e+00
-8.544261762484088862e+00 3.507966649320402475e+00 -1.353677535065523019e+00
-9.161638842615026590e+00 2.417229096270906208e+00 -1.562161929175596153e+00
-9.741908867196899635e+00 2.582293624472757898e+00 -1.575163342477380324e+00
-8.624579534743110898e+00 2.426028652400583407e+00 -1.789829247342577423e+00
-9.098458753667602039e+00 3.322591988014464981e+00 -1.722711175563719666e+00
-9.369579368151905285e+00 1.802169319779739487e+00 -1.833920677874087968e+00
-8.636360256310689820e+00 3.001138908225752466e+00 -1.588975675689107359e+00
-9.087880744448899151e+00 3.526806230062355496e+00 -1.875140975110516139e+00
-8.966109803396212996e+00 3.220289840583744567e+00 -1.310928725593248467e+00
-8.971179030103924035e+00 2.979927995781741501e+00 -1.915037624475868006e+00
-9.000630622971337758e+00 2.513690135448822804e+00 -1.228545779605177524e+00
-8.087112189565761611e+00 2.667213587075811354e+00 -1.627063575289681818e+00
-9.217084134863108957e+00 2.232509352697843674e+00 -1.451600291019200961e+00
-8.857691351440822203e+00 2.432431602896224732e+00 -1.920392745587090610e+00
-9.216975432336084850e+00 3.034831022956416824e+00 -1.445635429971292574e+00
-8.688719791291722672e+00 2.512088754989509010e+00 -1.566146928369885005e+00
-8.661989684936775902e+00 2.145305511425454004e+00 -1.471620235227303564e+00
-8.922406597743204770e+00 2.952319878531730613e+00 -1.790312698726655993e+00
-9.163215406506033389e+00 2.662057139767884717e+00 -1.170212712291581525e+00
-8.407924578383443759e+00 2.659868007707747228e+00 -1.181627567707965509e+00
-9.089074558170860740e+00 2.249028295310160352e+00 -1.558743079665180886e+00
-8.742333669462290402e+00 2.222619776821498139e+00 -1.619961831677275477e+00
-9.159795086377389595e+00 3.131724362779793491e+00 -1.215313769023864232e+00
-8.486459478473364015e+00 2.851736782441959939e+00 -1.847074744981707539e+00
-8.881320549448249224e+00 3.118183954946320835e+00 -1.678188525645379681e+00
-9.192535054256593341e+00 3.159345155862798293e+00 -1.362857649828623785e+00
-9.661049608634696639e+00 2.211640603615246281e+00 -9.468306714654667333e-01
-8.867657660189248503e+00 2.592207819137392733e+00 -1.552499309014620410e+00
-8.774554535670768374e+00 2.351653664743158068e+00 -1.408487304173130727e+00
-8.327707322757721187e+00 2.903497876220083818e+00 -1.591186553238476575e+00
-8.584848889055001209e+00 2.453295678439158856e+00 -1.588500314005275804e+00
-8.832454495568223152e+00 2.966987288409753454e+00 -1.459688998419599759e+00
-9.026526279588544810e+00 3.084700225707102117e+00 -1.315391490036571742e+00
-8.677763370230980655e+00 2.292116193138099334e+00 -1.797709848340031780e+00
-8.341321048134066274e+00 2.817109113698217815e+00 -1.725482754459020995e+00
-7.905374921093413221e+00 3.265281966064100594e+00 -2.031148974546974184e+00
-8.850998766345064439e+00 2.626902293221156537e+00 -1.569810488967637196e+00
-9.248252327284296470e+00 2.654852663131193058e+00 -1.627609424306262209e+00
-9.212724972944359436e+00 3.190221494661900081e+00 -7.812137834222712129e-01
-8.946426513336311004e+00 2.544721238621599824e+00 -1.400577992542069161e+00
-9.308644637325459215e+00 2.388560114135660495e+00 -1.231831790760543388e+00
-8.531731800333368199e+00 1.705848854062381070e+00 -1.880282017450868537e+00
-8.549743127254004094e+00 2.550504385495104831e+00 -1.515858957575124455e+00
-9.105042837588548821e+00 2.926712757831607004e+00 -1.605997245920237404e+00
-8.620610923747962673e+00 2.346160204822367312e+00 -1.504068413418478078e+00
-8.746700847732702400e+00 2.719012443012172486e+00 -1.554081292315813378e+00
-8.686997045454072364e+00 2.559510655411253666e+00 -1.672452923898468891e+00
-8.373798363171518488e+00 2.935550243607713661e+00 -1.651920131511222856e+00
-8.402121256297430563e+00 2.475243757931117727e+00 -1.577346700748911257e+00
-8.494732030723623595e+00 2.629655236626446513e+00 -1.659024176933496131e+00
-8.911590008063535961e+00 3.123089282230944619e+00 -1.487024817347620376e+00
-8.852595218779617525e+00 3.064169503080704349e+00 -1.409076415067345822e+00
-9.040737171142072981e+00 2.771599660364587159e+00 -1.543290366412647829e+00
-8.972781411188508471e+00 2.723943421444277035e+00 -1.504440465172630192e+00
-8.830252713149011612e+00 2.633914312294798332e+00 -1.514221949209713758e+00
-8.931277200421735785e+00 2.296570335107500860e+00 -1.446602369534104149e+00
-9.698349993539462588e+00 2.858179891246507953e+00 -1.553381705770278343e+00
-8.474771424302856460e+00 2.815451218006406187e+00 -1.542199212180999313e+00
-8.034787259682136806e+00 3.002957604196432762e+00 -1.112361412818741124e+00
-9.327481026004916131e+00 2.762526269206109664e+00 -1.179082558737180486e+00
-8.963207784506360909e+00 2.284816344579633896e+00 -1.452588766077498317e+00
-9.183973050432422625e+00 2.743233469964229343e+00 -1.474741654087629250e+00
-8.416935063039284515e+00 3.486258613249726857e+00 -1.483751683143386346e+00
-8.999134488422315670e+00 3.113404021058741034e+00 -1.629197425793444953e+00
-9.002503396660200607e+00 2.792226647903106151e+00 -1.378862603197365422e+00
-8.687653749590898755e+00 2.326974141628308956e+00 -1.179464242597920043e+00
-8.266578764932157597e+00 3.175299773910304157e+00 -1.402849017184162328e+00
-8.386519661758635280e+00 2.610608648889290784e+00 -1.673642012561784576e+00
-8.851796840806629874e+00 3.225660496194564519e+00 -1.533873704346964351e+00
-1.010644013916780359e+01 2.185851304497838932e+00 -8.003169572396715559e-01
-8.626315851002999580e+00 2.925452930853464029e+00 -1.653917258756767650e+00
-9.260488771070653158e+00 2.898823644342392480e+00 -1.326179561717504729e+00
-8.785279430925410082e+00 3.220545647878617412e+00 -1.643320065333395252e+00
-8.651520667013466337e+00 2.798504964143278428e+00 -1.317323609312851085e+00
-8.897703922217061745e+00 2.927926826843154640e+00 -1.581356795970285889e+00
-9.928765631813114112e+00 2.818145058261050995e+00 -1.687324617765042278e+00
-9.184867978513990394e+00 2.956111035373554241e+00 -1.608983062451617485e+00
-8.890471624659079808e+00 2.980477786537546692e+00 -1.744675914492237911e+00
-9.127876706257428197e+00 2.893836535532825938e+00 -1.547726238748679428e+00
-9.320531342231371141e+00 2.888898045469369347e+00 -1.514786238098566606e+00
-9.491940600848643328e+00 2.826064535996158256e+00 -1.530691477847847981e+00
-8.760640577384885219e+00 3.331990315671686353e+00 -1.971288866286963870e+00
-9.558262123837927504e+00 3.067416480776853138e+00 -1.457140682452586322e+00
-8.679018261624845465e+00 1.907811318715750382e+00 -1.513451462647467549e+00
7.435699493580797537e+01 -2.944486939723785213e+01 8.908644216163974505e-02
-9.192933913982246352e+00 2.849732246346766917e+00 -1.364542269777924810e+00
-8.540298817072587312e+00 2.854202879656914771e+00 -1.456246472621379739e+00
-8.931420951477102577e+00 2.626602869503864124e+00 -1.703063994373226198e+00
-9.407575542127519341e+00 2.500605363905602729e+00 -1.606673414898030172e+00
-8.709799449078287736e+00 3.144945705438222827e+00 -1.778830761939659943e+00
-8.740420133270204062e+00 3.093297166905764062e+00 -1.858665409321308415e+00
-9.159668091695779779e+00 2.805660614274321674e+00 -1.475165011089558442e+00
-8.954715699771915283e+00 2.604183819446205028e+00 -1.497124398675567347e+00
-8.922533977522858706e+00 3.595549450726170715e+00 -1.320163254999355162e+00
-9.254876488767175502e+00 3.756450667953867839e+00 -7.957678526273289643e-01
-8.398435646787726583e+00 2.604076092778969009e+00 -2.832251600756742427e+00
-8.583759863496270626e+00 2.615351664258904307e+00 -6.947723626404798125e-01
-9.742473247174670448e+00 2.209196464532608761e+00 -2.041137251182654211e+00
-8.610999797654855570e+00 2.647366266171246707e+00 -1.643721398075094875e+00
-8.858196740100403588e+00 2.296463345595932015e+00 -1.709678724137955186e+00
-8.449796818954210309e+00 2.707514402735299974e+00 -1.419153580602653841e+00
-8.924943436148295106e+00 2.391809210139710373e+00 -1.549950881180435891e+00
-8.698435096618331031e+00 3.228401255191141850e+00 -1.508312428423311369e+00
-9.810753908096113918e+00 2.484153210096831099e+00 -9.452269754246062083e-01
-8.195221954510216733e+00 2.745217345744169979e+00 -1.638805181793421939e+00
-9.051005863735714030e+00 2.561647743950159928e+00 -1.666034558896700046e+00
-8.661874162659184861e+00 1.771382271521700025e+00 -2.061883205369119398e+00
-8.723142210509832850e+00 3.139148013633885181e+00 -1.769506495099965049e+00
-9.476189805691412005e+00 2.637544561170794388e+00 -1.819953938193573872e+00
-9.718496465856606648e+00 2.595402782430075828e+00 -1.800371448837973176e+00
-9.476537198127763517e+00 3.067646470035231943e+00 -1.610722470550821406e+00
-8.959047333346363828e+00 3.020832201684131579e+00 -1.340169727725743831e+00
-8.397428613349029902e+00 2.702571765847221030e+00 -1.465298661842251438e+00
-8.704737323998212872e+00 3.081078565371466738e+00 -1.775858800857202713e+00
-8.494221703640427279e+00 2.599974352623461993e+00 -1.638158443828944932e+00
-8.986511892682857550e+00 3.239440082741985361e+00 -1.809075257089363342e+00
-8.866974705353806385e+00 2.407044328158579827e+00 -1.998587111307610353e+00
-9.155378068813297077e+00 2.916335770106333936e+00 -1.584988750910711452e+00
-9.175609551496640037e+00 2.600475995898472448e+00 -1.174047569016840820e+00
-8.788723338473936053e+00 2.293739526567185383e+00 -1.392163880816346566e+00
-9.518149873318069609e+00 2.614869929181570463e+00 -1.637549963067447489e+00
-8.702933721029241454e+00 2.741378704652674969e+00 -1.562101131292285672e+00
-9.221541343726801898e+00 2.532430307811563086e+00 -1.751856303482356436e+00
-9.040639256188800488e+00 3.028962761821256677e+00 -1.143467596240575368e+00
-8.832703573814024267e+00 2.616506008876724465e+00 -1.520356231503404043e+00
-8.743655250641936050e+00 2.550041299942646500e+00 -1.373884515389328209e+00
-9.485297390926035632e+00 3.332480422825819133e+00 -1.069372114073056546e+00
-9.082641998210501555e+00 2.271527648314194625e+00 -1.629393223123996259e+00
-8.838753123017772495e+00 2.512890744827589895e+00 -1.727750676990103873e+00
-8.768112809604771130e+00 2.888304689765951672e+00 -1.261502660646534713e+00
-8.615833341404082191e+00 2.414054993731452381e+00 -1.752412893899190083e+00
-8.956313592547109792e+00 2.383924019738504985e+00 -1.767258896296180604e+00
-9.091074917549921253e+00 3.067199523716890752e+00 -1.427923575473067253e+00
-9.093522409225581526e+00 2.295531460851941929e+00 -1.180388779921824671e+00
-9.084783887555307302e+00 2.275952410512688040e+00 -1.665679193518313284e+00
-8.781469399096023309e+00 2.694669868808702073e+00 -1.552943455958527341e+00
-8.872988302840454367e+00 2.410185773643128915e+00 -1.377674103396139493e+00
-9.099395471753011222e+00 2.762519413375581045e+00 -6.562678576315357504e-02
-8.896260473840927219e+00 2.886357048001757075e+00 -1.576975652224994251e+00
-8.522939146776346675e+00 2.547792771057097116e+00 -1.366165604334578454e+00
-8.781602010164906602e+00 2.415355120165987746e+00 -1.537647605570822806e+00
-8.641010856002440121e+00 2.707209488854889212e+00 -1.445947046354196797e+00
-9.252878291323286319e+00 3.022752517088766577e+00 -1.516419846763203960e+00
-9.181814548817923693e+00 2.705478036059016933e+00 -1.600092199656927949e+00
-8.449091505098563104e+00 2.975831689396203128e+00 -1.317529220156920422e+00
-9.934264522799271191e+00 2.119343579980522030e+00 -1.810407189396463057e+00
-8.853867633027858730e+00 2.046908032062401350e+00 -8.862756559524408440e-01
-8.945669189482158501e+00 3.505560640139841588e+00 -2.115468286067046844e+00
-9.482557385094965596e+00 2.929361658315466688e+00 -1.350687182432814382e+00
-7.937517012590430632e+00 2.222719424266903498e+00 -1.197055509974547238e+00
-8.241857802725235160e+00 2.586465794548149510e+00 -1.587183988591260642e+00
-9.362848614676902770e+00 3.525153939271655990e+00 -1.983634697951114800e+00
-8.822688667986501088e+00 2.474874995525263799e+00 -1.278278277777198824e+00
-9.015840581637801776e+00 2.797284792945168075e+00 -1.383794407810245986e+00
-8.954426777396406578e+00 2.898650959027301521e+00 -1.550265624463746494e+00
-9.010351882640144083e+00 3.624512884616963415e+00 -1.785313568163739539e+00
-8.946054703288279342e+00 2.384368719106985335e+00 -1.800509902989542388e+00
-8.486269908502158899e+00 2.609555611168288269e+00 -1.505221536868985188e+00
-8.962668175311382157e+00 2.839079129795269552e+00 -1.329065569153911941e+00
-8.562425498666584645e+00 3.223876234391464202e+00 -3.184244606186470428e-01
-8.854217576378417220e+00 3.048925109614069040e+00 -1.384226619430663829e+00
-8.770841018800222599e+00 3.112881973276258929e+00 -1.365340806841001120e+00
-8.102712632806722937e+00 2.448694084089399592e+00 -1.909848485653575123e+00
-8.814710462758846177e+00 3.495772029023032523e+00 -1.323180173661061110e+00
-8.967885005244177421e+00 2.979268641102963411e+00 -1.708181083053551097e+00
-8.983781242018137547e+00 2.346877952317290461e+00 -1.533851823513863177e+00
-8.942709060034552238e+00 3.503282850438990348e+00 -1.364125051581899450e+00
-8.805042691442267255e+00 2.084290567634329072e+00 -1.470385010115264901e+00
-8.324487250912529390e+00 2.623807499140447419e+00 -1.529838993677935077e+00
-9.077706797753926082e+00 2.216621758353657157e+00 -1.307062938663815066e+00
-9.193784921405198318e+00 2.463887285233170132e+00 -1.510256891060091977e+00
-9.299604920610212488e+00 2.645480365085845165e+00 -1.560763899550853040e+00
-9.350265703480092228e+00 2.619148818587110572e+00 -1.286306666849069025e+00
-8.948965440541764238e+00 3.153879584813436665e+00 -1.431441686748355258e+00
-9.020792406655253615e+00 3.212995267367495522e+00 -1.487229126509220567e+00
-9.514832070067058112e+00 1.408123995027664721e+00 -1.721578644995439111e+00
-8.974984577420318743e+00 1.613079435204498813e+00 -2.183365240837359167e+00
-8.443568003649845721e+00 2.733914938383008586e+00 -1.544591551149415043e+00
-9.040769663289980329e+00 2.763102271269858523e+00 -1.352268622041247648e+00
-9.116999491378800613e+00 2.645088897846215037e+00 -1.578307618614648966e+00
-8.223068755608140989e+00 3.320289463594159773e+00 -1.469483362667891813e+00
-8.862145941179942810e+00 2.274087487950848363e+00 -1.570569583155233317e+00
-8.711803878597519812e+00 2.420457792816419040e+00 -1.338046012808928875e+00
-8.906124012437189208e+00 2.384857492670362067e+00 -1.587059321734141770e+00
-8.619776812006790578e+00 2.312548418179065646e+00 -1.600211145141715807e+00
-8.462443885111039066e+00 2.605438159270264897e+00 -1.473542014954356549e+00
-8.902291858673752500e+00 2.575177349122840909e+00 -1.574058943827084223e+00
-8.762358917085519394e+00 2.976826042330724231e+00 -1.537165274399624026e+00
-8.782621129267473847e+00 3.252738137041404798e+00 -1.592105365604377321e+00
-9.004628736457009452e+00 2.218543865873247700e+00 -1.513032834215793709e+00
-9.367068473392835770e+00 2.876780167943163935e+00 -1.551269563375515803e+00
-9.052859507216714618e+00 2.878571642150510979e+00 -1.674004941097369858e+00
-8.470501070632847629e+00 2.894956037504942348e+00 -1.616017947901555951e+00
-8.777968106281582195e+00 2.452049970040451221e+00 -1.359949481808824689e+00
-8.912640114310788064e+00 3.144346580663330837e+00 -1.727095052936033381e+00
-9.021822061028281325e+00 3.024451486594996297e+00 -2.076160345480198011e+00
-8.776967917943965247e+00 2.578828722383466499e+00 -1.272572309091991372e+00
-8.301853022057176901e+00 2.560318334518641770e+00 -1.454560094747536336e+00
-8.928919932418539318e+00 3.321245971782837536e+00 -1.746442517445909504e+00
-8.824945612980005905e+00 2.335357017827087933e+00 -1.387792737820778166e+00
-8.354297500119308495e+00 2.931020093873355492e+00 -1.626533353807092741e+00
-8.550874514430731210e+00 3.620340045750459090e+00 -8.381708039670067167e-01
-9.094726593150056715e+00 2.796356097401421881e+00 -1.471591511499208638e+00
-9.263287402942140147e+00 2.510708508048259180e+00 -1.090295449139649930e+00
-8.477794413773471760e+00 3.075434721762293044e+00 -1.397616624616183412e+00
-9.225362150738652289e+00 2.480082004546004359e+00 -1.293908195156472152e+00
-8.996676761557889535e+00 3.217363744832709926e+00 -1.707009303973759051e+00
-9.322611063964185263e+00 2.636576668892467001e+00 -1.529608709815897249e+00
-8.809461876936612867e+00 3.127689254369673932e+00 -1.326873274879605935e+00
7.432672230285768933e+01 -3.980171913171201226e+01 -7.117917041970271974e-01
-8.885660054832124288e+00 3.166015325672608238e+00 -1.513380956554189583e+00
-9.121847434969934554e+00 2.436856291058042245e+00 -1.514297052061524873e+00
-9.341978745410614238e+00 2.817485309816865957e+00 -1.695705163590373710e+00
-8.843325094085983551e+00 2.571733236717601567e+00 -1.382869624043366885e+00
-9.330483009662160043e+00 2.398477872393685040e+00 -1.695535626408689156e+00
-8.782708344374341891e+00 3.236597094837901256e+00 -1.515202831101696956e+00
-8.805466781377722540e+00 2.785115509767812636e+00 -1.716054647441150438e+00
-8.961568593597100119e+00 2.625572076974987734e+00 -1.495560956332928626e+00
-9.240542032640394865e+00 2.669451532357555390e+00 -7.404231963875451683e-01
-9.175172783072541804e+00 2.888820833840572089e+00 -1.894170326211060296e+00
-9.043588624568815959e+00 3.176457806661187711e+00 -1.541477032151473914e+00
-8.698707707413818824e+00 2.162488548966876589e+00 -1.801489703749114213e+00
-9.266616627409256068e+00 2.455641522452194803e+00 -1.604399851406671740e+00
-8.568081407201503907e+00 2.341371071802472503e+00 -1.495181246748940929e+00
-8.895920786308403549e+00 2.467082461235542645e+00 -1.498483611684351846e+00
-9.379646326378431098e+00 2.576531623923948633e+00 -1.500019559530054281e+00
-9.129759561039254123e+00 3.101134818807750104e+00 -1.369156292328602476e+00
-9.227246252679556449e+00 2.697780548057036487e+00 -1.638864704911622283e+00
-9.055225479265502031e+00 3.086465728330322733e+00 -1.577477698803984474e+00
-8.762568097128934141e+00 2.974705565193715984e+00 -1.442470186270037091e+00
-8.515896569306002917e+00 3.037388112953669062e+00 -1.768098722729494643e+00
-9.099094245200882725e+00 2.336099231749741101e+00 -1.321746663549575151e+00
-8.962560078393893903e+00 3.026919478298473187e+00 -1.678517600308932378e+00
-9.494088046895988953e+00 2.856007827415474765e+00 -1.432643825425194306e+00
-8.597913219360590276e+00 1.629055623302625433e+00 -2.175980030424485179e+00
-8.420553475977987645e+00 3.022343452416259790e+00 -1.433658257882965081e+00
-9.116056008180763115e+00 3.137633271916156374e+00 -1.415059503877300617e+00
-9.130984459893555893e+00 2.343530111131195248e+00 -9.584943468800296573e-01
-8.839184915890966110e+00 2.523008898703634983e+00 -1.621775142185367891e+00
-8.589472038334594828e+00 2.648930927687569437e+00 -1.634715881517997627e+00
-8.699820604126216494e+00 2.965202263739091570e+00 -1.428416464668346153e+00
-8.235886575133031684e+00 3.089844694004589609e+00 -1.691309647424036777e+00
-9.123383591882234356e+00 2.783746285298208889e+00 -1.360509978534521380e+00
-9.228679552411106712e+00 3.007678766702583939e+00 -2.619430542483983437e+00
-7.680821884715485659e+00 2.936763086284079449e+00 -1.481501707543670499e+00
-8.979205754307010068e+00 2.788412022149755476e+00 -1.435400922608844887e+00
-9.025607470191543413e+00 2.251626482509840876e+00 -1.519286042247992130e+00
-9.445234077071610557e+00 2.639764562795118508e+00 -1.601862552004670315e+00
-8.741385333397861501e+00 2.400744766565499955e+00 -1.616195427861881084e+00
-8.815798906169433735e+00 2.730405780606790955e+00 -1.530366393164881211e+00
-8.678538073354390647e+00 2.845472999163820571e+00 -1.521028967648371477e+00
-8.562120302882387790e+00 3.232077778852005867e+00 -1.396965801530333229e+00
-8.740597537999100552e+00 2.215501150969613864e+00 -1.358378365909730601e+00
-8.637475760393861890e+00 2.662808013118734607e+00 -1.101111026303124740e+00
-8.714002156881168304e+00 2.962591337358663868e+00 -1.584203958014853253e+00
-9.083055755068754067e+00 3.033142310640301709e+00 -1.634109753800935927e+00
-8.902390184851100230e+00 2.993226737550893635e+00 -1.575771147387682092e+00
-8.279065682038558194e+00 2.981881415118139422e+00 -1.554076980535425090e+00
-9.202444842681146042e+00 3.357034074839680748e+00 -1.357789153477943156e+00
-9.185995422949748246e+00 2.489658664522436116e+00 -1.848196054677950340e+00
-9.452910396209368571e+00 2.896527393121342886e+00 -1.513974047203608064e+00
-8.762612778187239826e+00 2.464305260780282225e+00 -1.459092617337797160e+00
-9.031575497911186190e+00 2.711887761961460530e+00 -1.624249940845894802e+00
-9.055964031634790246e+00 2.504169001492674074e+00 -2.009260684680395759e+00
-9.196008915238319759e+00 2.943712319950730016e+00 -1.182856913259562770e+00
-8.948901810094575637e+00 3.185802693144707209e+00 -1.583888273010734871e+00
-7.483081082336838996e+00 2.639788159104770937e+00 -1.039935522030569715e+00
-8.505375997746581263e+00 3.144433767015127668e+00 -2.072497296888052620e+00
-9.176052194335911238e+00 2.993914007366121233e+00 -1.608618832829138423e+00
-9.413833451170328104e+00 2.416885557101409621e+00 -1.773811988774900650e+00
-8.680378961102963586e+00 2.701135140599223217e+00 -1.573624846274908506e+00
-9.389340326366083289e+00 3.772475010760774961e+00 -1.638828485058522633e+00
-9.329133854080051691e+00 2.441681625616010987e+00 -1.202625417023271526e+00
-8.408579069774125614e+00 2.294588835953895511e+00 -1.461067075793857528e+00
-9.479763475517223981e+00 2.801177033218259282e+00 -1.874411138662547938e+00
-8.373048782804591639e+00 3.039103143136238749e+00 -1.260188589546941129e+00
-9.191336125053695127e+00 2.853794812798512659e+00 -1.547543204010642715e+00
-8.879970531952279700e+00 2.708123433935267332e+00 -1.487405846008620580e+00
-8.902083163164233426e+00 2.512726692066263645e+00 -1.478075699940186727e+00
-9.963063495381481616e+00 2.754164938123830897e+00 -9.259996241981020004e-01
-9.367576086738363728e+00 2.681328780599295580e+00 -1.628816055545651009e+00
-8.634800804193119461e+00 2.737102237880795208e+00 -1.815565541461357846e+00
-7.880455758163525282e+00 2.025225746194675658e+00 -1.699087772509089156e+00
-8.695053496379191671e+00 2.514443032321139526e+00 -1.729268428714094474e+00
-9.014018645304087585e+00 3.027465457223518452e+00 -1.415554110209875427e+00
-8.288007334315720342e+00 2.503867514676392680e+00 -1.316079870715420430e+00
-8.731561752247417374e+00 2.722580109393214265e+00 -1.569686523525727795e+00
-8.791943374993902438e+00 2.535452916452240135e+00 -1.672109040621791998e+00
-8.789262841520471881e+00 2.550728865138404799e+00 -1.560708514073545938e+00
-8.093208011837347726e+00 2.250626879430314364e+00 -1.356979768037882117e+00
-8.581706356762882848e+00 2.331129149228318376e+00 -1.719122533587168267e+00
-8.856976744550244973e+00 3.061974196212320365e+00 -1.553685318701112372e+00
-8.827654658230207119e+00 2.440001168247675434e+00 -1.487260535225897851e+00
-8.887187859629806397e+00 3.242100750000361131e+00 -1.616062298994464408e+00
-9.430103797644514785e+00 2.690031208636339599e+00 -1.668526154304654785e+00
-9.084341011370868912e+00 2.870305188329270507e+00 -1.580376137049849916e+00
-8.106862535688168947e+00 2.838353827938043139e+00 -1.701752913342547968e+00
-8.928794356266966048e+00 2.376307528303591710e+00 -1.497361215022265934e+00
-8.248758367663020508e+00 2.858238655283272145e+00 -1.315917409072737021e+00
-9.059818690117380058e+00 2.679500103688456036e+00 -1.835479901099753119e+00
-8.843017077699542483e+00 2.587362740334788747e+00 -1.226249395210779802e+00
-8.886663265749831453e+00 2.665228166712430014e+00 -1.380601832741571222e+00
-8.612299157208454403e+00 3.192234918581093872e+00 -2.727971080452450625e+00
-9.307856063909310862e+00 2.782785179749435844e+00 -1.416541095307348730e+00
-9.161800790629451186e+00 3.363608278168092713e+00 -1.250876462966783453e+00
-8.643681504609769917e+00 2.932200775557942229e+00 -1.561425252297490074e+00
-8.554951564335462777e+00 3.144940602128869500e+00 -1.671275265399547738e+00
-9.218868193222773399e+00 2.864162517696601462e+00 -1.482771136162628567e+00
-9.404742285734906559e+00 2.763191907622829291e+00 -1.583603225625136668e+00
-8.860961565085105462e+00 2.956261396449122891e+00 -1.894590029485738958e+00
-8.481380052612328413e+00 2.799119086770345266e+00 -1.558349776314133406e+00
-8.222622449622052798e+00 2.556448683419293211e+00 -1.623707467903567903e+00
-9.587200377513873661e+00 2.162964197177080994e+00 -1.437076284381561431e+00
-8.730449003996261226e+00 2.357158634019270504e+00 -1.255171161466444252e+00
-9.078002501123458856e+00 2.489490213984672184e+00 -1.445662960140563280e+00
-8.928424427266941521e+00 2.477711308869269491e+00 -1.092563781351573615e+00
-8.451633543781797542e+00 2.354205005497277625e+00 -1.439251907415617593e+00
-9.049745797927078783e+00 2.609526474334130430e+00 -1.379917235025639011e+00
-8.110005031959424571e+00 3.414351376384798797e+00 -1.513778839925038255e+00
-8.719337939360096712e+00 2.769217848391514636e+00 -9.722725964785376984e-01
-8.772929635458622144e+00 2.918734654507038062e+00 -1.474122437735795321e+00
-8.956862595730420651e+00 2.760179304362521790e+00 -9.879677363767011000e-01
-8.895290784339811907e+00 2.609566155274477328e+00 -1.723020073520772133e+00
-8.417510143498455832e+00 3.091251359072843652e+00 -1.596081485312039971e+00
-8.356193272964031138e+00 2.721367175117907156e+00 -1.616215957221403210e+00
-8.680895675395111866e+00 2.570785572742217084e+00 -1.406398179486996414e+00
-8.737567067393463560e+00 2.367313519711061520e+00 -1.378662181028072142e+00
-9.034203487499043561e+00 2.211140843544971535e+00 -2.035412550889409644e+00
-1.006218919922245369e+01 2.533558996680556064e+00 -7.951081634381073071e-01
-9.705168811903549297e+00 2.140809530363937618e+00 -1.266616692523006238e+00
-8.820462453970050021e+00 2.348960105920222752e+00 -1.697978609785268711e+00
-8.609409478700216667e+00 2.665853119478002409e+00 -1.605009768106555823e+00
-8.811348784753576524e+00 2.387204164895862846e+00 -1.587145677360144003e+00
-8.395958835395271436e+00 2.969685275688120019e+00 -6.105054353124818034e-01
-3.788557852634070144e+01 -8.389630982837303463e+01 -6.600355811607616641e-01
-8.547505668705067450e+00 2.301577249748749221e+00 -2.366831606347430839e+00
-8.585065825302294229e+00 3.250041044293530579e+00 -1.332558536960198436e+00
-8.790450404082541525e+00 2.156938718039188796e+00 -1.505046286899482499e+00
-8.670169814454173007e+00 2.680238072715754427e+00 -1.671119660544227115e+00
-8.874360738434361906e+00 3.002170557818187202e+00 -1.684859167614555231e+00
-9.203545901432754306e+00 2.523527704020219087e+00 -1.403424870356126952e+00
-8.785048609544931608e+00 2.325665710770529859e+00 -1.554342976856402547e+00
-8.823594943523358936e+00 2.729339566334787470e+00 -1.342713138781685078e+00
-8.840681116452303812e+00 2.265641887682852129e+00 -1.655919524172923651e+00
-8.788077194047556162e+00 2.984393853324871948e+00 -1.178094614662960726e+00
-8.669416196986579948e+00 2.660531167524961660e+00 -1.501329550313918570e+00
-8.836203060380741547e+00 2.886806500922581620e+00 -1.617120851744275223e+00
-8.426528758481749648e+00 2.752361288197765710e+00 -1.820491018362705660e+00
-8.991600351838124894e+00 2.783098730574151247e+00 -1.624294639952446495e+00
-9.065402521093751886e+00 3.170084713754401928e+00 -1.389506339789460698e+00
-8.937289644001522149e+00 2.323781648273889555e+00 -1.424333722207471897e+00
-8.634321909602009626e+00 2.493607015361045232e+00 -1.723126023468479318e+00
-8.970073776257830644e+00 2.440711476533645286e+00 -1.427653902354429460e+00
-9.566615874888361404e+00 1.911128611020426638e+00 -8.173948844899504573e-01
-9.096097136507053094e+00 2.720740062000884141e+00 -1.617098828408748634e+00
-9.490068805698694376e+00 2.640935657057299935e+00 -1.593780726907375156e+00
-9.084931490190777836e+00 1.793882245787917107e+00 -1.486936673587956115e+00
-8.578898534976090673e+00 2.630808410284350973e+00 -1.643003801404375297e+00
-8.295487784803432518e+00 3.128820055377532938e+00 -1.527405401955730158e+00
-9.620155523101090012e+00 2.544931766149740593e+00 -1.594416719181599440e+00
-8.623135889041753543e+00 2.284961996454012656e+00 -1.164584218652971126e+00
-7.984927260864787435e+00 2.947599983311940175e+00 -9.917201618167200694e-01
-9.085433378030348450e+00 2.056969701712580534e+00 -1.282168259216258654e+00
-9.263723390728239693e+00 2.541350075712243139e+00 -1.727541749611433364e+00
-8.675507887275676566e+00 2.783903522452150003e+00 -1.673696799005188307e+00
-9.044774077066460194e+00 2.648228319127893471e+00 -1.450239051430249004e+00
-8.762116570050469733e+00 2.736754524743539196e+00 -2.046170599516214494e+00
-8.916178252355170031e+00 2.636171644808971148e+00 -1.589701788597266852e+00
-9.426912579505886569e+00 2.289256687578320459e+00 -1.423590279128960745e+00
-8.662290632666358903e+00 2.309388342209317990e+00 -1.389903794630521494e+00
-9.271732676826056618e+00 2.454677400750873151e+00 -1.374638827008733966e+00
-9.698123474170603942e+00 2.722079228538241580e+00 -1.743266507486210815e+00
-9.478023764206964685e+00 3.012680442992091479e+00 -1.543803550904543798e+00
-8.456045429777550027e+00 2.652427217520577862e+00 -1.438329004627191043e+00
-8.764922980859683577e+00 2.378054771815093726e+00 -1.393628435251656361e+00
-8.954225839001747289e+00 3.491162677067591869e+00 -1.259107735548013363e+00
-8.881370682865616928e+00 2.962814918899581151e+00 -2.216959617364545831e+00
-8.585754730860459816e+00 2.710098599617216664e+00 -1.528644982908142103e+00
-8.444925014843095212e+00 2.600244437427011501e+00 -1.540222027117255088e+00
-8.957525859499710918e+00 2.750176609373564673e+00 -1.389188557056190820e+00
-8.873071857841289045e+00 2.632174698411097413e+00 -1.501114442929839976e+00
-9.557411671200691572e+00 2.885165725042834861e+00 -1.669524961395052687e+00
-9.368244808801494017e+00 3.657998585405875858e+00 -2.319419341950761826e+00
-8.145167340013248491e+00 2.982583930161712971e+00 -1.554545590741644334e+00
-8.717179502300881566e+00 3.217287887056051510e+00 -2.048837772711025185e+00
-8.738849881336545167e+00 2.546956023806157710e+00 -1.360489397211258389e+00
-8.013496498535157997e+00 2.786404365155957574e+00 -1.304737290304613717e+00
-8.803192894270104318e+00 2.540982297833741743e+00 -1.827934332590086086e+00
-8.136627054500657152e+00 2.759389167734910941e+00 -2.345315872525618683e+00
-8.954761671448205007e+00 3.041010132797740351e+00 -1.605672290844529781e+00
-8.876394254461052569e+00 2.850190826394874755e+00 -2.790647635889787370e+00
-9.397511701153621999e+00 2.871041364360587433e+00 -1.449856256852904979e+00
-8.764985687120598001e+00 2.808241134031457253e+00 -1.427115272057090989e+00
-8.480323066997227599e+00 2.687633243208801925e+00 -1.810626904184656993e+00
-8.759225414187790548e+00 2.545009450710896015e+00 -1.570222704535829683e+00
-9.547566411460680413e+00 3.247491128506584612e+00 -1.055032452177903535e+00
-9.330413845570086906e+00 2.586571204450752504e+00 -1.593071365270004813e+00
-8.671301835286609361e+00 3.161434897309193914e+00 -1.636208521852842823e+00
-9.530151992167290587e+00 2.698798607690845675e+00 -1.454010910880531249e+00
-9.145293983716127784e+00 2.514907527816311106e+00 -1.556607825838387082e+00
-8.844281166833404484e+00 2.764359015539712860e+00 -1.504387057670688144e+00
-9.255919463725208018e+00 2.859979468949069403e+00 -1.610274580123829846e+00
-8.822755672341495270e+00 2.317188668010206065e+00 -1.486431331111216503e+00
-8.321185922511912025e+00 2.149095484398790390e+00 -1.518289782647900932e+00
-8.746360192572195658e+00 2.912857914478156562e+00 -1.493556425676218158e+00
-9.492644386139843959e+00 2.952681379814651397e+00 -1.090878519266924140e+00
-8.294213834051026524e+00 2.730196366712859479e+00 -2.615705232956454296e+00
-8.844966933549329724e+00 2.453730827260943936e+00 -7.527971994152273805e-01
-8.893141531149820977e+00 3.293423486767456332e+00 -1.446024284866580745e+00
-8.069793111161528643e+00 2.957909135292934977e+00 -2.081641545149217176e+00
-9.218670685538558729e+00 2.536397965642687158e+00 -1.676460228671427855e+00
-9.308297017575732468e+00 2.625665890994700824e+00 -1.664483778017705973e+00
-9.387103983560784570e+00 2.705690735130473534e+00 -1.284672652834838669e+00
-9.167595568752030744e+00 2.541749178115673580e+00 -1.603197575354976312e+00
-9.081244711823430293e+00 2.466315707640355903e+00 -1.511675782410935920e+00
-8.306973190447743960e+00 2.788485493759976563e+00 -1.214326138028941404e+00
-8.415235325611854833e+00 1.936370370592983781e+00 -1.555890267227150625e+00
-8.472525439026183491e+00 3.094755355568212796e+00 -1.352879386684313623e+00
-9.197321499574528048e+00 2.447928785241426208e+00 -1.567244928226029677e+00
-8.805957736019941251e+00 2.358293583361431356e+00 -2.709549288405920908e+00
-8.816215623255574840e+00 3.078022419070000293e+00 -1.346185341586103590e+00
-8.985443531917038484e+00 2.591983781962684752e+00 -1.592570984300815340e+00
-8.611883169312397612e+00 3.264417254780712874e+00 -1.688783975995522102e+00
-8.854000846813402603e+00 2.715959798513051027e+00 -1.560950761121959074e+00
-8.678920449629888623e+00 2.735893054608643737e+00 -1.638256359519140615e+00
-9.257868280554594875e+00 2.524890317672832118e+00 -2.173895716898511132e+00
-8.887894039807145319e+00 2.596764853216722457e+00 -1.507414843808416061e+00
-9.133913158717540171e+00 3.082690671234165514e+00 -1.581249714282582985e+00
-7.922201015011660630e+00 2.689377289973262641e+00 -1.429647656333647987e+00
-8.734190490956939001e+00 2.825708122904709185e+00 -1.540953451967125076e+00
-7.699040521062922693e+00 2.495859026421959559e+00 -1.437075537816379978e+00
-8.994961141535510407e+00 2.605734329160260820e+00 -1.549868258867981075e+00
-8.827787925433490557e+00 2.616010403979919019e+00 -1.523672781724624725e+00
-8.615391046118531904e+00 2.793002280804185222e+00 -1.292874154837417189e+00
-8.916009128909328396e+00 2.538204494274183265e+00 -1.465250432404595848e+00
-8.872622293518722003e+00 2.518154551530625174e+00 -1.391560034025756565e+00
-8.949988113387172817e+00 2.124656934201981873e+00 -1.741069639627662369e+00
-8.464920761765119650e+00 3.176612569913254802e+00 -1.457290691549635309e+00
-8.433265708580664821e+00 3.006748963201260061e+00 -1.528536536530915591e+00
-8.950426295590574455e+00 2.288949884846235072e+00 -1.304387595023216884e+00
-9.140405451683538018e+00 3.116780568792542283e+00 -1.808023069857007226e+00
-8.810660559361263466e+00 2.495610737386137590e+00 -3.507904700400900078e-01
-9.346789106859585416e+00 3.279561227573403404e+00 -2.213888247630838801e+00
-9.164328419259620162e+00 2.694192984930035006e+00 -1.457265206306095573e+00
-8.928395427799497241e+00 3.196884385130126294e+00 -1.575922517414598101e+00
-8.556046445588824767e+00 3.130549849365403592e+00 -1.429939569602511007e+00
-8.410459154740598464e+00 2.426086365274481516e+00 -1.258540155820696338e+00
-8.365815930748478735e+00 3.074792463553448929e+00 -1.597214213997516508e+00
-9.065175004405496395e+00 2.982921177085430919e+00 -1.527318025658336520e+00
-8.469056342462742748e+00 3.279396224215266109e+00 -1.828768516340026240e+00
-9.356764873230364543e+00 2.836798734853961168e+00 -1.500980480719486199e+00
-8.353144566571424789e+00 2.819753468113422645e+00 -1.477880327083354262e+00
-8.453560597380906927e+00 3.012705708008648564e+00 -1.500380291482512618e+00
-9.189084236036782372e+00 2.742635750353909607e+00 -1.527031675424050716e+00
-9.066865078755034446e+00 3.055942451862550868e+00 -1.367396240795949458e+00
-8.663851062707028206e+00 2.952398799981723609e+00 -1.439882800968592003e+00
-8.456164762735225437e+00 2.429585795654196190e+00 -2.104450816788212109e+00
-9.101875924598230583e+00 2.837178111337258724e+00 -1.478390023785575824e+00
-8.245654568583708155e+00 3.432332844213441536e+00 -1.737024651085041116e+00
-1.451823853811457532e+01 -9.521671923482628586e+01 -7.523885692792182667e-01
-8.191902581479240553e+00 1.844648270734596585e+00 -2.313734855056754469e+00
-9.352491597908487719e+00 2.706254720635417499e+00 -1.165534092793395260e+00
-8.384291649001719193e+00 3.435120251384755186e+00 -1.634828945197891237e+00
-8.782179599299391626e+00 2.623498673674499848e+00 -1.675578421855803857e+00
-9.282869695226784401e+00 2.659703617497084505e+00 -1.508625450029322357e+00
-8.947161996687084340e+00 2.962569564067728756e+00 -3.251129926329153763e-01
-8.428718036587744322e+00 3.024756721702981377e+00 -1.636628531627820404e+00
-9.042793237911174842e+00 2.931502745823104217e+00 -1.487170920396804208e+00
-8.819019526262914965e+00 2.798737205150354068e+00 -1.597079473273440575e+00
-8.678119748599151251e+00 2.378394265591830425e+00 -1.520220235822583366e+00
-8.436518611246050625e+00 2.741953318798716843e+00 -1.453374887248916503e+00
-8.859766792428674265e+00 2.408152744662810818e+00 -1.561459426822584540e+00
-8.581012061937757451e+00 3.296140409979117170e+00 -1.369610051205930379e+00
-8.801056765337023080e+00 2.683542849765973237e+00 -1.955926391825368649e+00
-8.498323196502523658e+00 2.990101866343139125e+00 -1.620098132321715401e+00
-9.555516471582700788e+00 3.200637669959687237e+00 -1.415057373236462190e+00
-9.017862684932651973e+00 2.556337035244372391e+00 -1.082727870996218256e+00
-9.310487679102953607e+00 3.035624002211914529e+00 -1.399662366074473585e+00
-8.842413069238508783e+00 2.677063403347476722e+00 -1.582698295631765451e+00
-8.860472568092674805e+00 3.056599294242537734e+00 -1.298232762938611451e+00
-9.227248021067813610e+00 2.367367522801381075e+00 -1.499059704502126777e+00
-9.135574275605174321e+00 2.716360239573996527e+00 -1.543261403909095053e+00
-9.439443572089132317e+00 2.913116819147622660e+00 -1.768702392220326658e+00
-8.442401096302301511e+00 2.698610484838900536e+00 -1.303974168365933162e+00
-9.848008730529938859e+00 3.261801202034510183e+00 -1.232606112776367890e+00
-8.886038548088405875e+00 2.636274297946719081e+00 -1.515232454562766007e+00
-8.959727961482558456e+00 2.596416723092761281e+00 -1.497088893239245211e+00
-8.968350029053574701e+00 2.992198275972063115e+00 -1.551652397818135798e+00
-8.118867064305144154e+00 3.283536727278625555e+00 -1.543993309172734030e+00
-8.920273161420348984e+00 2.529777422879873949e+00 -8.606965279169309646e-01
-8.595523357901836192e+00 3.411801369032332332e+00 -2.098965802203454079e+00
-9.460948059448048397e+00 3.909230645708135388e+00 -1.176249046888521166e+00
-8.699569423446016359e+00 2.409311224850520183e+00 -1.569985897339985836e+00
-8.657724197394266241e+00 2.143257351294482582e+00 -2.145181387230852721e+00
-8.878872417936399586e+00 3.042832041571478463e+00 -1.798412654767802987e+00
-8.802566964951024531e+00 2.361527513373727682e+00 -1.512970549965371170e+00
-8.128289993879857178e+00 2.706900239153464227e+00 -1.357622029894818061e+00
-8.393967936472822799e+00 2.915625933751020415e+00 -1.320975656388414077e+00
-8.230588114701820501e+00 2.719378989483806741e+00 -1.326141169115072627e+00
-9.061952924192263836e+00 2.881743509273893000e+00 -1.821036180449458808e+00
-8.576971334052361229e+00 2.737143365287211694e+00 -1.819592805471900610e+00
-8.780278923250358858e+00 3.043901783834103814e+00 -1.040492097220746981e+00
-9.281781201324610819e+00 2.524562325073608893e+00 -1.628670183492757939e+00
-8.694514462842329650e+00 2.515198208205428720e+00 -1.339586838130438995e+00
-8.730708413308994054e+00 2.637454803144104964e+00 -1.682228591035009879e+00
-8.706768871490154993e+00 3.006919699871530405e+00 -1.552220754414936899e+00
-8.438029016417969430e+00 2.817914936571284557e+00 -1.583653848805919306e+00
-8.990701205920244021e+00 2.440048964943773324e+00 -1.517092447889441864e+00
-9.033355403003854533e+00 2.299442984640049037e+00 -1.442282537927658259e+00
-9.239044606497271772e+00 2.841427430420564448e+00 -1.387341074873479574e+00
-9.756361410175891535e+00 2.510105390342820542e+00 -1.584487437992887049e+00
-8.906336200789274571e+00 3.311301329629159795e+00 -1.817285728147837176e+00
-9.499697387224788514e+00 2.777224565392011790e+00 -1.436758679272957862e+00
-9.310194577500960023e+00 2.388156977848493678e+00 -1.112670188005948635e+00
-8.256912477512351245e+00 2.394618735752681360e+00 -1.222481169200533291e+00
-8.535702870192530156e+00 2.718823384069725346e+00 -1.764135917069151072e+00
-8.542546924946661235e+00 3.043240402064153916e+00 -1.348769442544945907e+00
-8.961036070221780392e+00 3.135006187406854661e+00 -1.336037417327311738e+00
-9.250434766325758673e+00 2.777399850634952205e+00 -1.913635106366345040e+00
-9.132826391600300298e+00 2.972020598792461499e+00 -1.665796473239299802e+00
-9.006301737081855663e+00 3.082257232544143299e+00 -2.915431751831227269e-01
-9.745919253483327438e+00 3.586887492413484146e+00 -1.229981971280638131e+00
-9.209349338738274326e+00 2.449656978802368990e+00 -1.649862950511316928e+00
-8.668185701173596769e+00 2.286734401147781703e+00 -1.879664930544746371e+00
-8.746614617062045127e+00 2.274863241812141279e+00 -1.494092004930633655e+00
-9.196826031276055247e+00 3.459248670591733354e+00 -1.755669894839092970e+00
-8.438144119104109109e+00 2.577606179669079900e+00 -1.441159974694093293e+00
-9.056793451034703679e+00 3.182719551995411233e+00 -1.717624403841701453e+00
-9.445665001548890771e+00 2.398600297928684455e+00 -1.857027789654502881e+00
-9.930521215208385044e+00 3.242409895297838851e+00 -2.002840301324919192e+00
-8.291738512855921783e+00 2.618784726343988734e+00 -1.294003385683323959e+00
-8.221766805044675053e+00 2.066292356939947172e+00 -1.349814196067786298e+00
-8.524054380878780535e+00 2.908187510742997972e+00 -1.448302426658091946e+00
-9.422611495300701634e+00 2.826102050929649945e+00 -1.563022784877313276e+00
-8.924731783660392992e+00 2.978589980519333658e+00 -1.585632600189441854e+00
-9.502943758075442560e+00 2.183807788012069206e+00 -1.539539738776743771e+00
-8.735922613518722457e+00 2.563637445098395862e+00 -1.437680911936634054e+00
-9.026948174449819007e+00 2.702399132604608400e+00 -1.414681670134502633e+00
-8.981941828803615024e+00 2.774218268947434840e+00 -1.905359969931816888e+00
-9.463677954380253610e+00 2.731788331690675697e+00 -6.149275385028575291e-01
-8.920830420509432201e+00 2.941972171263304681e+00 -1.510467888707683892e+00
-8.612181720284684872e+00 3.074937273654904768e+00 -1.206843272192922312e+00
-9.042516201860863134e+00 2.751990322922834409e+00 -1.475590938658518647e+00
-8.384381745420832033e+00 2.097395456527187285e+00 -1.775991528177879086e+00
-8.679948287260943474e+00 3.262983252381407517e+00 -1.372164124680640418e+00
-8.844206237839221885e+00 3.000737119037759637e+00 -1.585017768070845712e+00
-8.829023888503837014e+00 3.099412688531118842e+00 -1.375667227180493501e+00
-8.663118330301587733e+00 3.081275120342465534e+00 -1.617814063288190995e+00
-8.805435470931435304e+00 2.617833752175152906e+00 -1.615007281304109643e+00
-9.611125868626862356e+00 2.787419344451191439e+00 -1.538954908559437840e+00
-9.394381694259914539e+00 3.101658852299606028e+00 -1.684316076580497423e+00
-9.188545844192608669e+00 2.641026560478625385e+00 -1.369878966591025149e+00
-8.510261563463568990e+00 3.122093381314810845e+00 -1.635490813957205747e+00
-9.111145310603173897e+00 2.636796030095796883e+00 -1.410529861217432401e+00
-8.547609975289780948e+00 2.651765305503581249e+00 -1.575134377943935737e+00
-8.347454687400821527e+00 3.176309226977942046e+00 -1.647294134480837835e+00
-8.964865518278262613e+00 2.389268578901690532e+00 -1.627133854938603852e+00
-9.038421648282364274e+00 3.087802660879355621e+00 -1.641792949360713072e+00
-8.501968176171905256e+00 2.572091308604122162e+00 -1.731797706708953610e+00
-9.248985387700402683e+00 2.709258015258003915e+00 -1.678875234160017937e+00
-8.338278471535225833e+00 2.655612410079079222e+00 -1.500890295526565055e+00
-9.399007755763872041e+00 2.605413416603608479e+00 -1.538969259091743202e+00
-9.484727769050856239e+00 2.909300711642247794e+00 -1.560222075370805150e+00
-8.466772569250263558e+00 1.972626687818180846e+00 -1.220465658229291206e+00
-9.245130231533211784e+00 2.910666340966538979e+00 -1.245663671372567727e+00
-8.742754695185622538e+00 2.461186446350897672e+00 -1.669156604382248110e+00
-8.811182072267456533e+00 2.755798348279848042e+00 -1.658128762498159325e+00
-8.658820893769844318e+00 2.279331211303225135e+00 -1.551668568125118108e+00
-8.785609991823093878e+00 2.735015738884071013e+00 -1.830185142314766367e+00
-8.405480772039998882e+00 2.824315518753047982e+00 -1.553659645709721815e+00
-8.778222011055746066e+00 3.161539834546324368e+00 -1.563897361265029318e+00
-9.085399380274225223e+00 2.949321234520720481e+00 -1.365510451591861019e+00
-8.910876226604887762e+00 2.733874620761767904e+00 -1.013375906367012691e+00
-9.162877109490937144e+00 2.863127596099204641e+00 -1.176943179631460001e+00
-8.322462048133964174e+00 2.837569312395285870e+00 -1.546059854995291305e+00
-8.416252143344850722e+00 3.671919213862661735e+00 -2.277127576958762667e+00
-8.461603843878323872e+00 2.616353411515017768e+00 -1.553366486198837215e+00
-9.264661203292551050e+00 2.951262136202757791e+00 -1.329485254121773874e+00
-8.253181449987037510e+00 2.829151477092877620e+00 -1.280792492765642665e+00
-7.970439211853146411e+00 2.923375220991352386e+00 -1.934364649128162750e+00
-8.369617003581156567e+00 3.426716363217919170e+00 -1.459674307070188970e+00
-9.328980498049050496e+00 2.742533366496666236e+00 -1.269016212956928014e+00
-8.843455992690737233e+00 3.257220742435979144e+00 -1.709018226650748540e+00
-8.842346500773132334e+00 2.840732228043005847e+00 -1.859762320460256468e+00
-5.185754257108802001e+00 1.144340383237516932e+02 -4.083708600627724561e-01
