-8.711412102536060686e+00 2.902279688766576715e+00 -1.510385273496930747e+00
-9.393878618723384477e+00 2.615321576167463746e+00 -1.391720735261816388e+00
-8.501920083076274892e+00 3.445063166481380446e+00 -2.108322565590918352e+00
-9.496279119883546116e+00 2.430824781205251472e+00 -1.468409325539758781e+00
-8.992396393914431130e+00 2.421879687610195120e+00 -1.824392644016729514e+00
-9.135477504299577944e+00 2.602740049458136085e+00 -1.448256662710340814e+00
-9.520461457250601001e+00 2.529040074580305220e+00 -1.394792841637040759e+00
-9.278924119126889636e+00 2.567406563310474787e+00 -1.271937699367494012e+00
-8.779155712749068030e+00 3.366798363056266119e+00 -1.495963130193359136e+00
-9.309379396780004257e+00 2.976825537467136407e+00 -1.329612281786456629e+00
-9.620799764841539314e+00 3.134968131709213957e+00 -1.605016787210355567e+00
-8.229049125672068143e+00 3.287700553099639489e+00 -2.156707887840136451e+00
-8.899353181560559989e+00 2.630249698705630301e+00 -1.568816883019755748e+00
-8.791694542006839086e+00 2.676691838090703879e+00 -1.346438488380722109e+00
-8.969887952477103354e+00 3.267697960061190177e+00 -1.294753139323151281e+00
-8.649210472829810925e+00 3.107051106348693637e+00 -1.349168311829779698e+00
-8.832941250539509070e+00 2.445907380823062027e+00 -1.790084717103642253e+00
-8.596038537760470888e+00 2.838829345340539323e+00 -1.524345705347732283e+00
-8.985859160142855018e+00 2.495279384581391646e+00 -1.693009742483535307e+00
-9.298669187796756219e+00 2.374503482498278029e+00 -1.745931075927529941e+00
-9.185509238465071391e+00 3.339299723680919652e+00 -1.674922731275883425e+00
-8.673526754571158293e+00 3.545095171344613050e+00 -7.486536923607030047e-01
-9.402701762149174414e+00 3.067886706999175317e+00 -1.202165085601373695e+00
-9.091715294983560014e+00 3.093654439276631418e+00 -1.970090730980575078e+00
-9.604448330185769933e+00 3.096588374049414227e+00 -1.656945126359312681e+00
-9.052560028947169712e+00 2.945649132137135862e+00 -1.625887653201596450e+00
-9.463242406330374834e+00 2.775033609304492721e+00 -1.566899620878806187e+00
-8.935077959470538289e+00 1.842708124166783534e+00 -1.479603720978360348e+00
-8.903769338674873524e+00 2.430862238676957165e+00 -1.498500037589406420e+00
-8.907755634258947453e+00 2.448107193456368069e+00 -1.736990968337531749e+00
-9.612356495837282466e+00 2.873984712654464868e+00 -1.565295746487765260e+00
-9.140344838649067327e+00 2.577341952721635465e+00 -7.861176386121416781e-01
-8.872752499200480258e+00 2.899368904187936025e+00 -1.670787925862126322e+00
-9.448739189718185827e+00 2.485405053436337219e+00 -1.329635714925856860e+00
-9.375246535664640390e+00 2.441617468364364996e+00 -2.162689741153778211e+00
-9.071025665996565124e+00 3.176107342944203715e+00 -1.713107705671325309e+00
-9.180288341636323679e+00 2.878629615562926514e+00 -1.517542602168284516e+00
-8.799221725347551981e+00 2.576216151041751612e+00 -1.176317158433286991e+00
-9.579246466521370351e+00 2.603842392150874208e+00 -1.355737531870183643e+00
-9.209681215888721795e+00 3.236546625636152807e+00 -1.176609147272247080e+00
-8.809197855675460431e+00 3.405343653057236075e+00 -1.985851819986752753e+00
-8.815454964670188076e+00 2.842618966252034696e+00 -1.527969380538783950e+00
-8.856465774138143843e+00 2.887462909940631928e+00 -1.485248192418666680e+00
-9.282234567541193471e+00 2.625262438235027584e+00 -1.491796372865975773e+00
-9.891765049952896405e+00 3.458047297102793571e+00 -1.338110737533110495e+00
-9.057915698468955057e+00 2.270237260970755511e+00 -1.402802074321320980e+00
-8.611683685876421634e+00 2.547353697185506416e+00 -1.269469568139201199e+00
-8.548798537165334110e+00 2.924683470778516536e+00 -1.552064753230744110e+00
-9.144768312592875148e+00 2.827280790863339721e+00 -1.308235798231730529e+00
-9.009760523845921298e+00 3.418863532444853526e+00 -1.280349791166836670e+00
-9.366181447281226369e+00 2.863242056100344879e+00 -1.819531852662137350e+00
-9.108890578286453987e+00 2.669083098265873755e+00 -1.496918584778590189e+00
-9.522004629130881526e+00 3.048948447290740216e+00 -1.364639340850531291e+00
-8.903738485184312879e+00 2.468173706716554339e+00 -1.130713640324644276e+00
-9.276170277105640238e+00 3.482993954803765391e+00 -1.157442483975492653e+00
-9.250570652367100521e+00 2.698423564327791180e+00 -1.277379261360588325e+00
-9.442632508275629277e+00 2.692011167500847346e+00 -1.381779637009553641e+00
-9.058543348152586105e+00 2.983857379950863642e+00 -1.497117229259881999e+00
-7.740670158659391120e+00 2.425803940919039281e+00 -1.918502001960536107e+00
-9.391656389166463725e+00 2.422700408925351212e+00 -1.736742457742853629e+00
-8.578501976750624536e+00 2.883343862527198098e+00 -9.517850270869624429e-01
-9.323225273831672766e+00 2.362125265053776957e+00 -1.755259808679431321e+00
-1.022131842294895598e+01 2.575648203969477468e+00 -1.912981294469308535e+00
-9.274985302279109334e+00 2.770246908248105822e+00 -1.552080989433946456e+00
-9.292748326190585217e+00 3.305761120332303182e+00 -1.564164096976452534e+00
-9.153481505809441643e+00 2.200352728171996564e+00 -1.550898958448864828e+00
-9.241459880551333939e+00 3.260999816499227766e+00 -1.389606454739352959e+00
-9.316247674548492341e+00 2.911675036544721262e+00 -1.564691428066837142e+00
-9.297270248086569211e+00 3.442473771262287485e+00 -1.342903866750384534e+00
-9.827162269940941997e+00 3.970975880635732924e+00 -1.303144088268079814e+00
-8.921655011445956518e+00 2.462053828737849059e+00 -1.451425790539719429e+00
-9.038599361925436781e+00 2.695677512851859969e+00 -1.398948555505161950e+00
-9.253159175029235683e+00 2.852207421981501678e+00 -1.535338767333060517e+00
-9.405581194720854299e+00 2.842661405575293010e+00 -1.643839977902966432e+00
-9.492893690650179295e+00 2.731933487219906809e+00 -1.356651363644081565e+00
-9.717445889287919414e+00 2.785656198096152281e+00 -1.225273573498925961e+00
-9.357033090937868280e+00 3.165498173104184687e+00 -2.056280663632392258e+00
-8.931975621511192287e+00 2.314948151162235401e+00 -1.255330468050188442e+00
-9.250368820306228201e+00 2.823216557271661653e+00 -1.517626429100875196e+00
-8.973594631775313246e+00 3.382216903096961325e+00 -1.305486200022438315e+00
-8.994009977731051819e+00 2.934810894029471928e+00 -1.758073944048073489e+00
-8.739565090492742883e+00 2.194042960085366811e+00 -1.388596491229952878e+00
-9.273429785037118123e+00 2.798867860953803355e+00 -1.371537430011871006e+00
-9.955571506354464972e+00 2.407209950602448245e+00 -6.272897479033269219e-01
-8.929734926694509412e+00 2.696927937424209887e+00 -1.522715047927335252e+00
-8.929700053428012652e+00 2.491610007502854440e+00 -1.435155075281509207e+00
-8.668685599901632344e+00 2.814397063806599153e+00 -1.307766889725093362e+00
-9.423184570195754617e+00 2.575322013603118076e+00 -1.912674523850164343e+00
-9.502950360325501222e+00 2.505124680297146522e+00 -1.325085501997003146e+00
-8.833341745302412562e+00 2.542957989016253251e+00 -1.583554473320008871e+00
-8.818489646899374534e+00 3.028027754292685891e+00 -1.048579122031139343e+00
-9.525360060158336140e+00 2.723364557857411050e+00 -1.743069762963644020e+00
-9.123821987704765490e+00 3.620412131827449809e+00 -6.131801206735063570e-01
-8.937591939445406197e+00 2.685768276743648819e+00 -1.341895063405516231e+00
-9.304205341285536335e+00 2.252736216626852972e+00 -1.265815604269850070e+00
-8.861513371807097528e+00 2.456457474570135524e+00 -1.419341992665622776e+00
-9.666651635774202944e+00 2.201306885231601562e+00 -1.700640951027943215e+00
-9.260779044392949189e+00 3.096867459601053252e+00 -1.477243393148631512e+00
-8.875882070972005877e+00 3.196066217154165390e+00 -1.364810364611159121e+00
-9.013968150824657855e+00 3.383377046553013745e+00 -1.565515888441989967e+00
-9.074959429993681326e+00 2.834814536195296775e+00 -1.485307925629877346e+00
-8.908551997244916976e+00 2.248005916342763921e+00 -1.499110986652674393e+00
-8.710937481846324104e+00 2.133127947961022119e+00 -1.282342533650538297e+00
-9.218978821235596754e+00 3.129009272382512474e+00 -1.566979898683778183e+00
-9.064243398663906603e+00 3.121778877723625722e+00 -1.594474326456371660e+00
-8.829562243375082886e+00 2.509281786591699870e+00 -1.558251260662426363e+00
-9.000118642320963147e+00 2.395283960490772301e+00 -1.598426461866615300e+00
-9.503503807035222906e+00 3.229721551072524566e+00 -1.362869175594718874e+00
-9.596114474869231969e+00 2.832900206784867425e+00 -1.469289093611575225e+00
-8.972901485176516090e+00 3.237840692630027828e+00 -1.444167489809626392e+00
-8.790254297937286410e+00 2.638447335894493317e+00 -1.784150835847067462e+00
-9.254085922704382128e+00 2.934141039322458511e+00 -1.472702730346834299e+00
-8.546169351125499247e+00 2.843024733395175030e+00 -1.417685388041527217e+00
-9.325550558191842754e+00 2.445843757620107084e+00 -1.283046968267566035e+00
-9.180390494660736422e+00 2.261072288708691147e+00 -1.290565924711369439e+00
-9.119369550405357572e+00 2.288573444059285755e+00 -1.146593170473668266e+00
-9.336200598244563054e+00 3.030441497988872079e+00 -1.462564599306046986e+00
-9.090888067909459025e+00 2.585529349262582599e+00 -1.383274370865445801e+00
-1.054034807163034948e+01 3.137750704007072233e+00 -1.382403767491083846e+00
-9.430584424873790894e+00 3.012813897348110448e+00 -1.524132761161179239e+00
-9.187555149847648650e+00 2.814701886087247473e+00 -1.592326225067247858e+00
-9.181362686145762453e+00 2.634729813901711903e+00 -1.228802505451545679e+00
-9.452676491538834824e+00 2.436210831238784014e+00 -1.592112069564688870e+00
-9.049971054858792385e+00 2.945885298041764688e+00 -1.383996864169473762e+00
-3.065511508747238523e+01 7.402513434555631022e+01 -3.091649241597513864e-01
-9.325124797434696688e+00 3.442775434254831346e+00 -1.523484180614751882e+00
-8.998826380077517229e+00 2.684415175553554356e+00 -1.463500822925931200e+00
-8.954213471363969390e+00 2.724359455761605098e+00 -1.555519958986237405e+00
-8.551739819521150920e+00 2.974862541526473336e+00 -1.521713681038218580e+00
-8.739708160014545868e+00 3.301520292967303760e+00 -1.478965661922134300e+00
-9.429327406700634739e+00 3.163895491091416545e+00 -1.406543138364123147e+00
-8.974161631189124577e+00 3.317253801710719596e+00 -1.714504016976677869e+00
-8.531649179338200994e+00 2.725544433371491770e+00 -1.152255631271711156e+00
-8.758546698501678662e+00 3.087502845425509790e+00 -1.599843927389712039e+00
-9.386601948449984079e+00 2.607728846405208856e+00 -1.485643214167328363e+00
-8.515664593185729103e+00 2.917811906704621983e+00 -1.244094119754809213e+00
-9.391422191408699049e+00 2.710013766858656581e+00 -1.393836544023673518e+00
-8.458724729512034912e+00 3.039129283910348533e+00 -1.730408194335545602e+00
-9.944257990824620919e+00 3.451061161508207853e+00 -1.325118827898514651e+00
-9.290244172465996542e+00 3.255749550899985412e+00 -1.670649178185833472e+00
-9.108926505029927512e+00 2.313242951423923444e+00 -1.583865680434166867e+00
-8.617351918894730289e+00 3.162390190678322277e+00 -1.786666823990894271e+00
-9.008212974780750670e+00 2.727184495837990941e+00 -1.561312884968419690e+00
-9.207563473273529198e+00 2.393300632283139606e+00 -1.671769236622978383e+00
-9.008854924958706434e+00 3.294673042651258044e+00 -1.526480233905794126e+00
-9.426542771896437856e+00 2.742685266137938171e+00 -1.671912637531554280e+00
-8.712261985936635256e+00 2.784510716377350370e+00 -1.606009243654062280e+00
-9.472250169058019864e+00 2.653761619779450687e+00 -1.839790348230689876e+00
-9.688930885989234909e+00 3.690056921810055179e+00 -1.620890353749397272e+00
-9.458616257608042588e+00 3.307149606171837952e+00 -1.389966912583947334e+00
-9.439912685663456315e+00 3.215657892069733403e+00 -1.769868870875615618e+00
-9.333186101548438529e+00 3.059123559642359602e+00 -1.542379233261639060e+00
-8.470823470028424396e+00 3.224451764456750524e+00 -1.496435894974937231e+00
-9.140786704854710010e+00 2.904668490606002518e+00 -1.973083092606951361e+00
-9.409933160159427601e+00 2.506557535673564985e+00 -1.399003700363815383e+00
-9.184145837801898082e+00 2.429169449548163495e+00 -1.695135463551406207e+00
-9.123437963212026602e+00 2.930083950235610413e+00 -1.440690714876257772e+00
-8.921805630234695528e+00 2.951588168775844068e+00 -1.760451097307855095e+00
-9.365091049342765928e+00 2.698702936185684464e+00 -1.582383801379626309e+00
-9.222063956387993144e+00 3.186656304573398657e+00 -1.503422413651363199e+00
-8.864843275936799216e+00 2.916720921502544250e+00 -1.826367138001794066e+00
-9.117956972877781396e+00 2.667971615614991521e+00 -1.466660218993810272e+00
-8.979996614542933742e+00 2.352227834631696712e+00 -1.602110432919194194e+00
-8.695774268699363319e+00 2.647054004060761301e+00 -1.552871745875793463e+00
-8.934733164910408476e+00 2.682457051245993984e+00 -1.478727033268596891e+00
-9.540975572041773489e+00 2.844645627556688261e+00 -1.401837326857796162e+00
-9.313250292507959216e+00 2.986834119984226543e+00 -1.553242988175899564e+00
-9.100814356573017960e+00 2.744000180710341130e+00 -1.365834133120731098e+00
-9.815224208905348746e+00 1.966910036713064303e+00 -1.609616716575345441e+00
-9.308190442543052612e+00 2.205444940954253585e+00 -1.594048753606027935e+00
-9.166009661639654027e+00 2.694387487193299791e+00 -1.631885297658601131e+00
-8.985228385471508261e+00 2.542838462406460831e+00 -1.572703369430652476e+00
-8.814825478236242517e+00 2.831415587446641791e+00 -1.585612183973178935e+00
-8.985937323805838872e+00 2.640971604427917008e+00 -1.627675324216469432e+00
-9.356533920994422715e+00 2.422361478386014344e+00 -2.180048884811988774e+00
-8.856841032342472886e+00 3.242325213867632172e+00 -1.890113284935320825e+00
-8.590362992404340758e+00 3.022361618693631513e+00 -1.821420640376132161e+00
-9.125419190459767904e+00 2.613128994572725627e+00 -1.398044652745940697e+00
-8.992156377762299257e+00 2.850743394547354370e+00 -1.501475175310649446e+00
-9.175844038043392104e+00 2.627213262241317793e+00 -1.605132147576014079e+00
-9.006484136391319950e+00 2.596021813322132665e+00 -1.316289900916037592e+00
-9.302800412659529172e+00 2.464923935495853868e+00 -1.379608086148515378e+00
-8.702153938773708575e+00 2.538515820072844154e+00 -1.573573219551992919e+00
-8.604326909907859644e+00 3.559506222434317912e+00 -1.608874421975156732e+00
-8.660218543857231666e+00 3.045623571967674970e+00 -1.805504458921470601e+00
-9.192554716721629049e+00 2.925400552415866606e+00 -1.446580720110977714e+00
-9.406755825959020711e+00 2.589088579706298798e+00 -1.585831835970862969e+00
-9.382605929033157821e+00 2.886408963239283754e+00 -1.456533884036908200e+00
-9.104841363535086884e+00 3.217043381022322457e+00 -1.438007323919305858e+00
-8.570204795490791838e+00 3.078413616666731745e+00 -1.326135944228465480e+00
-8.676742205172169875e+00 2.448564102316523883e+00 -1.113064314998904791e+00
-8.868747662788024400e+00 3.099053621756199473e+00 -1.479045536779305614e+00
-9.575467381427467117e+00 2.801255911764696016e+00 -6.720942438443744393e-01
-9.062106306376524145e+00 2.267990914472623132e+00 -1.664290912539517109e+00
-9.950768239077168786e+00 3.373882701467554313e+00 -2.135839784141117192e+00
-9.031384258971703716e+00 2.367741029845186862e+00 -1.609291121495704413e+00
-7.944504947584048793e+00 2.797172711135612833e+00 -2.079328045348074472e+00
-8.762066310031588756e+00 2.805962562989021247e+00 -1.478263240177005722e+00
-9.593218703704119221e+00 2.227491101108182825e+00 -1.574423249034810013e+00
-9.561000105699219986e+00 2.750348441104429220e+00 -1.536182169231940176e+00
-8.978086154537919583e+00 2.692909522393597932e+00 -1.885492347796164925e+00
-8.719604546534538869e+00 2.486950847083268634e+00 -1.246711881007013689e+00
-8.846703279952038201e+00 2.594512663770581984e+00 -1.516691458393884195e+00
-8.052386277220310973e+00 3.207313013650866296e+00 -2.149114636873485473e+00
-9.490253684436559922e+00 2.750545425192313598e+00 -1.409454207808414905e+00
-9.392154630868715159e+00 2.879341915660034168e+00 -1.536214092118446173e+00
-9.223868176759518533e+00 3.433887906302864224e+00 -1.690806502968432490e+00
-9.255113961483571572e+00 2.354285114468341433e+00 -1.717999328177743035e+00
-9.206099088105444750e+00 2.260808932495505630e+00 -1.671043131638230372e+00
-8.678393692760941747e+00 2.947891862260140439e+00 -1.345887648420488913e+00
-9.669167459538401843e+00 2.607981907273159816e+00 -5.623738929858577151e-01
-9.234217144709479186e+00 3.876976060959420600e+00 -1.443423413361743401e+00
-9.511694767205229439e+00 2.377495677217969394e+00 -1.833654811043643695e+00
-8.872609553496840107e+00 2.387182098670443064e+00 -1.562383849305098105e+00
-8.895743543348110904e+00 3.787754261963499403e+00 -1.629801355758669024e+00
-9.459994729074043818e+00 3.219888056591578618e+00 -1.704458500812314536e+00
-8.640504427221356920e+00 2.327051000606121356e+00 -1.375326387323385857e+00
-8.525644810469350077e+00 2.570921217750442356e+00 -1.622140647432168459e+00
-9.571235451984625442e+00 3.170795450344433331e+00 -1.427891339182634223e+00
-8.831265818136882828e+00 2.340261603143191760e+00 -1.739562684348364474e+00
-1.034713905347154927e+01 2.904850940477234023e+00 -7.710472596070863105e-01
-9.376070867093867278e+00 2.781050574661429575e+00 -1.492381403622521363e+00
-8.877420926264260714e+00 3.040062138406407044e+00 -1.504184680461524648e+00
-8.970414978302377662e+00 2.841120757820293719e+00 -1.539171970866154426e+00
-8.558517366344817745e+00 2.576679651657742376e+00 -1.443052003238128655e+00
-8.675947931411203129e+00 3.362279479376470537e+00 -2.214022610078189679e+00
-9.205642840801548488e+00 2.836964833480810633e+00 -1.146815732659433928e+00
-9.511558387290813599e+00 2.634830893375599281e+00 -1.482902987101915260e+00
-9.245395660073288724e+00 2.876819151037209643e+00 -1.581766317952168599e+00
-8.832439283356050552e+00 2.898828042337600497e+00 -1.257462286727289325e+00
-8.824485613415273377e+00 2.267027841164618085e+00 -2.231308840031924756e+00
-9.664451915640393409e+00 2.932803971668588083e+00 -1.519995058282287648e+00
-8.911678288789104840e+00 2.780796640998341562e+00 -1.538257164078456141e+00
-9.604832186351504930e+00 2.665986977989923012e+00 -1.563590483209926330e+00
-8.460018735912242960e+00 2.781365971211592125e+00 -1.687325454727853780e+00
-9.236961831894044295e+00 2.177855836733765926e+00 -1.900120429540733014e+00
-8.721043146340283769e+00 2.494361276180015352e+00 -1.470721214926249854e+00
-9.796095974615191437e+00 3.501856110198517946e+00 -1.885684222659158582e+00
-9.036532731399034901e+00 3.193737672979350517e+00 -1.663877842846815280e+00
-8.657706121305952962e+00 2.817426258779549109e+00 -1.555788996559313686e+00
-9.468058481504776580e+00 2.412005004531304397e+00 -1.344936767613359008e+00
-9.074480895652504486e+00 2.285783925122465199e+00 -1.960305910046258315e+00
-8.607775758495153084e+00 2.251766412590445743e+00 -1.598482211058576574e+00
-8.498193718776629879e+00 2.084914421133280182e+00 -1.422353788289308918e+00
-9.266828937691165891e+00 3.317417446555933402e+00 -2.133525009673370665e+00
-9.151241885732245507e+00 2.750458691277933188e+00 -1.632569276310828377e+00
-9.026911847074487127e+00 2.733556539392525853e+00 -1.305397139183222421e+00
-8.605579108851280523e+00 3.143408953194405608e+00 -1.362551539364367681e+00
-1.025132397206449753e+01 2.438915436235447931e+00 -1.952040426411425278e+00
-2.594694765102926581e+01 1.731138666717079388e+01 3.986434790073767331e-03
-9.453459230082959408e+00 2.752195128240823241e+00 -1.663101846136503470e+00
-8.966343541379933058e+00 3.187603392420339077e+00 -1.554022379142519839e+00
-8.627377154904801060e+00 2.627105157267025426e+00 -1.231907549098681498e+00
-9.193208746739442105e+00 2.836698506928069463e+00 -1.548299059575499514e+00
-9.120887118584752429e+00 2.964929578538309407e+00 -1.271171278936590765e+00
-9.345239184219227724e+00 2.842218212795677879e+00 -1.389990353264058065e+00
-9.489383888826747437e+00 2.551606339915652111e+00 -1.616827202554132814e+00
-8.938866935150448612e+00 2.679611945216450408e+00 -1.470412469655867804e+00
-8.765288366507833828e+00 3.075707671277633892e+00 -1.730185965054759079e+00
-8.707510832303615445e+00 2.445879418872173527e+00 -2.043911920678994854e+00
-9.460266407857995219e+00 3.211628013566245610e+00 -1.259733819119096987e+00
-8.542007280371770150e+00 2.866196703519006128e+00 -1.759495262157494189e+00
-9.233131803418054062e+00 2.330380680985592257e+00 -1.376155261836586208e+00
-8.913800503518141127e+00 2.505879904504778821e+00 -1.746788508406891705e+00
-9.401123985901863378e+00 2.984381292514146633e+00 -1.524267943059761210e+00
-8.416525609424102328e+00 1.818363908382009786e+00 -1.248423957877058399e+00
-8.940850978907626256e+00 2.396521654971283333e+00 -1.276464192869790626e+00
-9.217996588451001116e+00 3.223461746941094663e+00 -2.443954197253880578e-01
-9.567700397431956105e+00 2.636138984354858827e+00 -1.504035767728191697e+00
-9.548185104380561228e+00 2.319171451607962009e+00 -3.490303743944218051e-01
-9.260310133449788594e+00 2.792555940837826878e+00 -1.579981461077612170e+00
-9.105493698153964033e+00 3.139957666872708497e+00 -1.404631604218581797e+00
-8.724640488844249475e+00 3.030965725820548684e+00 -1.464941938929791521e+00
-8.860445038332642298e+00 3.140370265663868565e+00 -1.494179642124690011e+00
-9.338243694912971904e+00 3.208687058662000879e+00 -1.593945292148859494e+00
-9.561997544681876349e+00 3.195946766947717510e+00 -1.589786100001252978e+00
-9.326364584308286965e+00 2.968284383208753319e+00 -1.414234800023504546e+00
-9.337432302621012425e+00 2.345506658269848721e+00 -1.696658638866858748e+00
-8.361433008490134711e+00 3.374683654929367282e+00 -2.505697147339176922e+00
-8.798476433163816779e+00 2.468843544895593656e+00 -9.235984720801608816e-01
-8.904183644378655060e+00 2.371342864593631194e+00 -1.532423492018580413e+00
-8.519352919673492508e+00 3.201571738458506733e+00 -1.658497980570024621e+00
-9.064779824976447742e+00 2.415528857776218619e+00 -1.267915290365519532e+00
-8.772598406860412368e+00 2.774685317310544352e+00 -1.714728660864205612e+00
-9.274272844164997309e+00 2.658766058622321626e+00 -1.658664035039938422e+00
-8.468597996020346130e+00 2.998253838017904016e+00 -1.437132088838745991e+00
-9.065848410890385622e+00 2.582526724163431986e+00 -1.657853374049478079e+00
-8.766142298683098133e+00 2.484422527120965896e+00 -1.156828936493903282e+00
-8.607283519667653593e+00 2.951498297458819309e+00 -1.530108247764076168e+00
-9.665529807970363763e+00 2.937064843099031375e+00 -1.369651264128848078e+00
-8.954887104819542643e+00 3.212660632590860654e+00 -1.640962398790993593e+00
-9.614861666077931801e+00 2.934387487623617563e+00 -1.390885639154954223e+00
-8.657695134486012023e+00 3.158496616328291928e+00 -1.428006591872516218e+00
-9.817959786834459024e+00 3.209968248258352475e+00 -1.964507866575973427e+00
-9.190136252460577637e+00 3.013749305240049914e+00 -9.396690452449083519e-01
-9.151189368137011115e+00 2.592098134229034567e+00 -1.485165546491424182e+00
-8.999879401047691019e+00 3.560338441666811349e+00 -1.073176739772285337e+00
-8.988284522966182521e+00 3.179789443111716185e+00 -1.748746239877394082e+00
-8.703984005259535195e+00 3.323100274476122884e+00 -1.480036908189291456e+00
-8.960658551829768115e+00 2.871677919995392791e+00 -1.333346670757703079e+00
-8.880708694528298253e+00 3.076504702201557251e+00 -1.594657022167143445e+00
-9.014998000473932294e+00 3.242666121038468408e+00 -1.626657833110620732e+00
-9.635410250316631675e+00 3.279997608446434842e+00 -1.084089025087745656e-01
-8.950014520058079626e+00 2.312270356027856799e+00 -1.452123653824271887e+00
-8.631141900911378784e+00 2.934623090737384032e+00 -1.726464180424774231e+00
-9.239924277696985655e+00 3.008017493207606474e+00 -1.996278575980447778e+00
-8.847764274616988445e+00 3.063465261322580790e+00 -1.393058461143162896e+00
-9.208834303306154823e+00 2.617758148391267081e+00 -1.248691054715952209e+00
-8.635022251070767041e+00 3.108914491110434497e+00 -1.494735536214380600e+00
-9.234096255613469140e+00 3.111247566235586515e+00 -1.140197809044912747e+00
-8.978726689159692853e+00 2.213487832506223718e+00 -1.536366270041233717e+00
-9.418188194547107983e+00 3.018154808695252544e+00 -1.504528841669874994e+00
-8.709660159121328959e+00 2.757217446557154616e+00 -1.395299648399302317e+00
-9.415280397455159545e+00 3.148827664166700568e+00 -2.064038617862445690e+00
-9.723295054326202447e+00 2.375142623830962307e+00 -1.339708158348513756e+00
-8.603527230707580742e+00 3.285595628113877620e+00 -1.364413881284747498e+00
-9.502016461378204326e+00 2.533328056530698369e+00 -1.390451588124044457e+00
-9.538973845150179542e+00 3.085804475137878811e+00 -1.724426625997862894e+00
-8.673278673986512644e+00 2.802219182522309282e+00 -2.062647217328089866e+00
-9.246228253779948503e+00 3.120554903544220160e+00 -1.857492204998184349e+00
-8.999428504252104943e+00 2.846532193406718036e+00 -1.450156172081282557e+00
-9.806756150428546093e+00 2.807329384196256328e+00 -1.000351664748491132e+00
-9.998603866120816974e+00 2.119398751070543430e+00 -2.207080903916368353e+00
-8.986528153252846707e+00 2.190699517114355732e+00 -1.490126614309759345e+00
-9.063147904846694303e+00 2.260867004230269650e+00 -1.573791284880708297e+00
-9.163012242605294233e+00 2.604797046512492109e+00 -1.467249095009382387e+00
-8.620926541469799531e+00 2.732014337038287888e+00 -1.797569960101904840e+00
-9.193515839513782595e+00 3.069184867125390515e+00 -1.281039731885265764e+00
-9.487414503624043149e+00 2.873225113944739562e+00 -1.545055453508490828e+00
-9.609467178439761170e+00 2.976111695735426110e+00 -1.489727774483406542e+00
-8.898815217325195093e+00 2.332137330146816456e+00 -1.459885811617356755e+00
-9.236621371697189886e+00 3.335173117940350540e+00 -1.741746154145059178e+00
-9.386237832183017105e+00 2.723683628689729908e+00 -1.611699735767019526e+00
-9.171737450709594341e+00 2.970539643638218319e+00 -1.729239126104373803e+00
-9.457789967804982822e+00 2.723122137995817482e+00 -1.763553648955167752e+00
-9.600095989666835194e+00 1.527010810515140760e+00 -1.831083874498969921e+00
-8.757097823301201345e+00 2.904245477883796500e+00 -1.763176408482386881e+00
-9.234944741167883109e+00 2.593546923579328034e+00 -1.764214710667066699e+00
-8.686511533444832622e+00 2.645383919547235063e+00 -2.051195028366648909e+00
-9.219940143485684914e+00 2.822813640079037789e+00 -1.465512459381904442e+00
-8.638284479225669443e+00 3.021286236127761704e+00 -1.486962770270878975e+00
-9.606725689867674944e+00 3.029252985858447822e+00 -1.481965557804404199e+00
-9.401772661576002221e+00 3.167023026743490455e+00 -1.873699055346711217e+00
-8.826433482234760319e+00 3.021110350731607497e+00 -1.341097192176567976e+00
-9.585965394846992282e+00 2.893187599889780692e+00 -1.221934797823690300e+00
-8.738116812283324819e+00 3.173473024947972565e+00 -1.864048820123195283e+00
-8.743803650372294456e+00 2.890990699957923127e+00 -1.992433060300839998e+00
-9.580595502224605653e+00 2.699136555573611318e+00 -1.422691904925177608e+00
-9.176059589796034643e+00 2.842992263720522939e+00 -1.379887924244997732e+00
-9.043304847517518397e+00 2.781395642312302297e+00 -1.837661713030320554e+00
-8.823693566720290704e+00 2.694061825177652469e+00 -1.537472081894869058e+00
-9.209857425659960128e+00 3.598530211383548227e+00 -1.709615653204683783e+00
-9.358962028745850148e+00 2.871375563613385751e+00 -1.416659349109749666e+00
-8.834053679396568270e+00 2.776125599676570133e+00 -1.398557256420679851e+00
-9.894446778733181347e+00 2.820142071475646439e+00 -1.667120076957937513e+00
-9.315512803230779681e+00 3.199356645535346377e+00 -1.588375671770071884e+00
-9.972911192290448312e+00 3.213168088656817911e+00 -7.025390493857203156e-01
-8.510997248623828781e+00 3.164678167923441254e+00 -1.384984863604038718e+00
-9.189424820133952565e+00 2.560559965273916827e+00 -1.693404393192442070e+00
-9.789097644192578329e+00 2.433612675010534687e+00 -1.224762749947079454e+00
-9.786069581683248586e+00 2.881462876330123990e+00 -1.352355291700015227e+00
-8.944649075864090193e+00 2.949243023068962355e+00 -1.561012042331217931e+00
-8.772002039691454200e+00 3.725511179901669578e+00 -1.612101354105859752e+00
-9.219572404021585399e+00 2.531786544503788150e+00 -1.791977691497719904e+00
-8.349643709396010749e+00 2.939931360960620577e+00 -1.732282617354780951e+00
-8.764119272523281268e+00 2.395627238116836200e+00 -1.543062718082490514e+00
-8.372182122835793550e+00 2.621033317887631497e+00 -2.936623411706587472e+00
-9.696003406377109002e+00 3.610464199816062258e+00 -2.000154149458726938e+00
-9.636786325983580426e+00 2.550987315785660403e+00 -1.564088215276996374e+00
-9.272205406960416951e+00 3.329682746012958994e+00 -1.478217100016049557e+00
-9.038496983710043509e+00 3.143208283430920069e+00 -1.469562462498073652e+00
-9.063601933989467341e+00 3.196413854621733108e+00 -1.591129578958883295e+00
-8.742959356300644913e+00 2.563971214817337696e+00 -1.583414148730672100e+00
-9.226056360621637253e+00 3.635446798310361771e+00 -1.889130195522978006e+00
-5.562064322449986520e+01 1.807364554423143943e+01 9.802534769534720915e-02
-9.627623256445371425e+00 3.008286633457390113e+00 -1.679078503477772655e+00
-9.703360785366834662e+00 2.418727641938277273e+00 -1.575208860579576875e+00
-9.103099121851363051e+00 2.689518325568491797e+00 -1.480271977394995941e+00
-8.634265107470938005e+00 3.107322466303723552e+00 -1.494846863720263652e+00
-8.612055309812566506e+00 2.837702068071389583e+00 -1.477393859873109561e+00
-9.366700782548752713e+00 3.363425181022874799e+00 -1.948166233892447918e+00
-9.326139513507948564e+00 2.682054818314402844e+00 -1.604832572015983061e+00
-9.375039749896195929e+00 3.100822065899863755e+00 -1.399038878523292118e+00
-8.864881194348043891e+00 2.810305238535246275e+00 -1.513185658850015214e+00
-8.728006269478257195e+00 2.514317026936678801e+00 -1.514398112664482765e+00
-8.762639924766597588e+00 3.041911416794401024e+00 -1.596245886197123820e+00
-8.727321390191292494e+00 3.048097357759856685e+00 -2.012655838966936450e+00
-9.107921863142907526e+00 2.896414613118415193e+00 -1.375381341772206056e+00
-9.411360715692220325e+00 2.946209527203542677e+00 -1.673282065519968942e+00
-8.355828472354613012e+00 2.671548697323693933e+00 -1.728787361741892070e+00
-9.517951929169813141e+00 2.628273904283527251e+00 -1.342838838816229341e+00
-9.059449007648915142e+00 2.608033746517525842e+00 -1.952792744295864136e+00
-8.205455994720333379e+00 2.640726174096844403e+00 -9.560594933889771108e-01
-9.233045401062598856e+00 2.779003042115415045e+00 -1.519642920735698288e+00
-8.604574803711177111e+00 2.727712112598923877e+00 -1.425233970206706946e+00
-9.324408139525088401e+00 2.948008578066024121e+00 -1.418751454021291991e+00
-8.087156399379191285e+00 2.931370002225138105e+00 -1.856374455731681472e+00
-9.173454342542939344e+00 2.187413296905484916e+00 -1.787206315592328787e+00
-8.683089338617552499e+00 2.985235855226357593e+00 -1.841789336452147374e+00
-9.351581599034163972e+00 1.684266844056852452e+00 -1.710147682009556691e+00
-8.928556667880656050e+00 2.466323955720884253e+00 -1.523536028552744170e+00
-8.757335684282077537e+00 2.698894027106511384e+00 -1.540811941336914570e+00
-8.993874944181246889e+00 2.766746640116756861e+00 -1.555488347211222200e+00
-9.240508881813880748e+00 2.960820095471321522e+00 -1.658023482324805675e+00
-9.255799349385259944e+00 2.710162796221621928e+00 -1.661538234424094540e+00
-8.654253352073487449e+00 3.062316293537861611e+00 -1.662956630487948173e+00
-8.996932160341250651e+00 3.606607452748549214e+00 -1.205304352244290778e+00
-8.179099288966146020e+00 3.022757604481461247e+00 -1.229485164693985499e+00
-8.644766071717311817e+00 2.345514487311990415e+00 -1.554064988222309207e+00
-9.464904734517544327e+00 2.677167784872494849e+00 -1.806278126108023185e+00
-1.003160392558043768e+01 2.850456186319990426e+00 -1.497988302861535947e+00
-9.308268545871101196e+00 2.566278903645507370e+00 -1.309195308979604233e+00
-9.033927382427261676e+00 3.402925060676330382e+00 -1.976923497201894975e+00
-9.532271428186509965e+00 2.052569278998607416e+00 -1.556568577737030612e+00
-9.058881727437301024e+00 2.795014578566086705e+00 -1.828255173491928565e+00
-9.397238271126477471e+00 1.993838008999857969e+00 -1.738982303731781975e+00
-9.146333974281034784e+00 3.531488210878116707e+00 -1.813128737272929003e+00
-8.504217610892251145e+00 3.457924373175611521e+00 -1.655991629665000797e+00
-9.341623807565566651e+00 2.706863046973595033e+00 -1.692556778003712514e+00
-8.604654732271310280e+00 2.381372845131584093e+00 -1.581733392667727278e+00
-8.862631533313528820e+00 3.914942977492408716e+00 -1.682219715755038481e+00
-8.783750489848202392e+00 2.612873758946496761e+00 -1.595586154742030249e+00
-8.616984318574525403e+00 2.332271683160522358e+00 -1.051635354459546701e+00
-8.760422592115107321e+00 2.500369564260526811e+00 -1.195698479255357993e+00
-8.797822438886328200e+00 2.909054735494096100e+00 -1.251695258175960390e+00
-9.323773237291506533e+00 3.008938850733494874e+00 -1.218452152401079625e+00
-9.856724621460692504e+00 2.500187395919626354e+00 -1.382005003558702150e+00
-9.357220462440910325e+00 3.234028594512975641e+00 -1.494681827451035394e+00
-9.390821622409573521e+00 3.040893370373598970e+00 -1.695575729960512756e+00
-8.514226413004950089e+00 3.091403231794099593e+00 -1.443767699950974537e+00
-9.125620649255326455e+00 2.522514228465484898e+00 -1.594892935670688683e+00
-9.563631065626413630e+00 2.848647177426423482e+00 -1.529509036309614212e+00
-8.757362374209574085e+00 3.211936346550021248e+00 -1.520164077553111559e+00
-8.905209973157342418e+00 3.276259866795034892e+00 -1.667149364523616617e+00
-9.478886478963220341e+00 2.555150051161846125e+00 -1.288089027862045155e+00
-9.472407610954618917e+00 3.021141390839655383e+00 -1.434035166153432739e+00
-9.616558578018704395e+00 2.804129142056635438e+00 -1.340151943343921515e+00
-8.646621034479345269e+00 3.089278957128943404e+00 -1.695418722374692377e+00
-9.211730330661083599e+00 2.316715657532676609e+00 -1.582142388430205493e+00
-8.617049666133631547e+00 2.792018134581211619e+00 -1.684766183085283808e+00
-8.637198579263650089e+00 3.063155212269760064e+00 -1.599541750352638347e+00
-8.360521791099948530e+00 3.579688006514067489e+00 -1.724750602637227237e+00
-9.254439261805243788e+00 2.788211743158127032e+00 -1.557160852870591139e+00
-9.522768211190589582e+00 3.064954735812784214e+00 -1.364190709974004934e+00
-9.195897442663140353e+00 2.322229880396189827e+00 -1.357686528919005209e+00
-9.611818085040003012e+00 2.525394476544256417e+00 -1.580490127684660129e+00
-8.882681946982257770e+00 2.800871790747067269e+00 -1.388867616346588729e+00
-8.885849747010814426e+00 2.826361410466878166e+00 -1.134225168249457516e+00
-9.626859549067804167e+00 2.825167568561922415e+00 -1.414463914118494259e+00
-9.304694341068190155e+00 2.348067794444081535e+00 -1.704579142602620445e+00
-9.870502909937275859e+00 2.196700465390382995e+00 -7.572289023925503626e-01
-9.245881133006275121e+00 2.803440127256111136e+00 -1.576769797036767118e+00
-9.168713249692034495e+00 3.156017466916509306e+00 -1.264246201965609107e+00
-8.375959674555247148e+00 2.572586831005031272e+00 -2.132842639800438977e+00
-8.880526452021291206e+00 3.034427141818765605e+00 -1.660315421515854650e+00
-9.157512358850031120e+00 3.480868273953479086e+00 -1.748334036973822725e+00
-9.667363885592804351e+00 3.877560952641177394e+00 -1.651070481628039932e+00
-9.282120405324478796e+00 2.436395570530995869e+00 -1.409036034739281185e+00
-8.792542503396029829e+00 2.986907780176181859e+00 -1.583257871708630304e+00
-9.687487322976840787e+00 2.796924173270127323e+00 -1.540956646139364894e+00
-9.190062507125475122e+00 2.739528203380262372e+00 -1.559965682786947472e+00
-9.295790575010164147e+00 2.680710096366452522e+00 -1.664209311171919392e+00
-9.133006098884546731e+00 2.177733645329671841e+00 -1.586111451788190241e+00
-9.615048500993522040e+00 2.778692440368615291e+00 -1.226322595087830702e+00
-9.436827402555815425e+00 2.613974683405833943e+00 -1.902673271245522990e+00
-8.827809775256659108e+00 3.150256912859664915e+00 -1.582805104699125609e+00
-8.710281951167916148e+00 2.825737383441838002e+00 -1.324639890173471279e+00
-9.263980741730879487e+00 2.801965524298152044e+00 -1.319651954812551375e+00
-9.077993395840456614e+00 2.883317413279410601e+00 -1.533632271829530325e+00
-9.275222944951401871e+00 2.905580933631255025e+00 -1.499339611894765500e+00
-9.363402781286122689e+00 2.981536245226187543e+00 -1.450413741153111502e+00
-8.274108859228951118e+00 3.081818870632081264e+00 -1.713913355258374516e+00
-9.196645863529429477e+00 2.259365482564096528e+00 -1.578852139157624013e+00
-9.605981507648941431e+00 2.390314655123668697e+00 -1.959227660874595323e+00
-8.633234216314368936e+00 3.303312705748425060e+00 -1.615299153319990966e+00
-9.376208016994262096e+00 3.581238695214786105e+00 -1.459347231309473747e+00
-9.117143955803227229e+00 3.178324270723501765e+00 -1.556001288118651349e+00
-9.340352231365184110e+00 2.081020986032316333e+00 -1.029551767395705530e+00
-8.577639146427037176e+00 2.999841850490411410e+00 -1.477562492292589624e+00
-9.242226711753847468e+00 3.116640048554644604e+00 -1.432245697222754410e+00
-9.364603421226721736e+00 2.878104056458792304e+00 -1.460349155155397538e+00
-9.144682548289704727e+00 2.517028532108235517e+00 -1.379204989079265919e+00
-9.290470952844653851e+00 2.506695834524508726e+00 -1.658688714172705359e+00
-8.607457062073072152e+00 2.814315093279518454e+00 -1.665188680398064003e+00
-8.088686271163417985e+00 3.589019588637794911e+00 -2.262162374402296727e+00
-9.244972431562723969e+00 2.584994683864661802e+00 -1.743941110113164106e+00
-8.820551008313453067e+00 3.223497891455994413e+00 -1.470624978687687268e+00
-8.631788917141157924e+00 2.585879609030805160e+00 -1.611473904016681891e+00
-9.215732294711278527e+00 2.700762669180738040e+00 -1.306737498135144504e+00
-8.899983576125807261e+00 2.800738883049860739e+00 -1.831029730072191608e+00
-8.064451269901468322e+00 3.164311000176418087e+00 -1.686697164127388016e+00
-8.920579392312085076e+00 3.041055395130941807e+00 -1.539304285931553551e+00
-8.903131480713202706e+00 2.953301108287363252e+00 -1.723407905813475249e+00
-9.146818589434751345e+00 3.180326908746984760e+00 -1.413544521364215933e+00
-8.947263073814680112e+00 3.330859695219276606e+00 -1.644276267406894698e+00
-8.787915136769274937e+00 3.255222975266629515e+00 -1.614010863667904028e+00
-8.811768838996467679e+00 2.136009284172733391e+00 -1.367237145074663651e+00
-8.643076285228056932e+00 2.997090691912955851e+00 -1.606992522215847208e+00
-9.591495174065483909e+00 3.298300692689073443e+00 -1.781049472764046016e+00
7.551618970643302475e+01 -2.989251543901272612e+01 8.908644216163974505e-02
-9.013906054527994982e+00 3.147160118343789392e+00 -1.457055246350071886e+00
-8.953979961267268806e+00 2.560657934667431856e+00 -1.411121599565853701e+00
-9.198329624593549525e+00 3.081909214873115310e+00 -1.627354719974474673e+00
-9.167579096921070203e+00 3.290431202302657177e+00 -1.515414147152121416e+00
-8.699447396567272506e+00 2.787352240328583974e+00 -1.601187325712246201e+00
-8.887582075778169610e+00 2.758529327204408688e+00 -1.754795763857580848e+00
-8.972481413168811315e+00 3.119904919702352508e+00 -1.615997509804799837e+00
-9.192347096621199753e+00 2.871541871201381380e+00 -1.531845855493057851e+00
-8.706133482455474137e+00 2.028971561008157565e+00 -1.383412584811238633e+00
-8.709496183176666406e+00 2.070077474446445187e+00 -1.919479178314554835e+00
-9.880675292922767028e+00 2.930232201414371573e+00 -4.384064845569515256e-01
-9.434863154809647767e+00 3.719481093928247439e+00 -1.504865589536231729e+00
-8.191588576213435502e+00 3.542407277390327014e+00 -1.543850116724755139e+00
-9.191393053869635565e+00 2.572717791484115946e+00 -1.632869799560494606e+00
-9.557100859847100338e+00 2.982213947170975654e+00 -1.210572293001925814e+00
-9.183934616221078429e+00 2.644375645644928774e+00 -1.353143539070253309e+00
-9.356577261255447198e+00 2.817131604786493604e+00 -1.568637761168226730e+00
-8.670813663137270311e+00 2.507905742394595627e+00 -1.562405425298380113e+00
-7.981799738627984198e+00 3.375825073087145078e+00 -1.918145436898454292e+00
-9.518604775947057561e+00 2.319204641746853923e+00 -1.482256483173932438e+00
-9.251539455262648204e+00 2.992467549435684493e+00 -1.538145420644922545e+00
-9.674657816844520752e+00 3.796899692667464077e+00 -1.288737043885223699e+00
-8.979785770640418718e+00 2.805197425534956324e+00 -1.823192755117361452e+00
-7.945396929853922430e+00 2.886980161496959685e+00 -1.691584970036225544e+00
-8.225793712795228529e+00 3.317007739444290060e+00 -1.221033759969439636e+00
-8.500470517902032341e+00 3.142733327232175800e+00 -1.462738867381467411e+00
-8.685518403325534820e+00 2.748288037042509568e+00 -1.961789045911155993e+00
-9.247700710993393969e+00 2.291205056176893962e+00 -1.488550540609980155e+00
-8.682299152067743719e+00 2.582930970436590812e+00 -1.704238376128080601e+00
-9.354962237580110695e+00 2.309126956513055440e+00 -1.558643122107627788e+00
-8.763651963606696071e+00 2.534340280735260187e+00 -1.906456577649946471e+00
-9.002028878977323956e+00 3.200042736591132808e+00 -1.453500630348293132e+00
-8.954504288803791567e+00 3.119728233560757236e+00 -1.643310244602617765e+00
-8.598339729638087903e+00 2.852494638045322883e+00 -1.983898318113633374e+00
-9.339199955666117603e+00 3.165553280745074360e+00 -1.547430547857373329e+00
-8.771223402077668041e+00 3.460232613798007950e+00 -1.599594767083579727e+00
-8.971475735313727995e+00 2.791556986931706064e+00 -1.579141003794915399e+00
-9.199652078433727453e+00 3.277724934771724552e+00 -1.643874126543300118e+00
-8.874669727193658986e+00 2.865795980345967386e+00 -1.500581198155897855e+00
-9.339760285959007646e+00 2.719242903415620027e+00 -1.668872767926511180e+00
-9.222625271932358260e+00 3.009098229971549188e+00 -1.806297073587513458e+00
-8.239074438719487858e+00 2.656095274742744650e+00 -1.906173492090266208e+00
-9.516624917222522129e+00 3.125112538778324733e+00 -1.555050392276366988e+00
-9.436207055511648178e+00 2.842888117446607854e+00 -1.657899363086826838e+00
-8.865063022409970017e+00 2.910819201446046556e+00 -1.243399903771996717e+00
-9.369574329789669420e+00 2.974214232200001362e+00 -1.834328002157622484e+00
-9.147681744907345092e+00 3.221541846736422965e+00 -1.367575429706418211e+00
-8.841523683922629218e+00 3.110882090633365848e+00 -1.702587389055557177e+00
-9.349744235184330066e+00 3.298552424799594984e+00 -1.477941241294448371e+00
-9.370808234634717238e+00 3.382926242845001763e+00 -1.259524541689827082e+00
-9.221930282432738935e+00 2.797569197015662201e+00 -1.563033055217812661e+00
-9.448271718249518614e+00 2.783740629719007043e+00 -1.558965173211242838e+00
-9.086866387740144546e+00 2.772801529326721415e+00 -2.377118727029651435e+00
-9.000301943137440475e+00 2.831342052056728065e+00 -1.579794972363394390e+00
-9.299850402997025256e+00 2.405870823318327911e+00 -1.444437106977036089e+00
-9.333484993862047219e+00 2.754706160515761226e+00 -1.542544889917213835e+00
-9.122055935852953823e+00 2.666746711574633721e+00 -1.443906182194629517e+00
-8.891548238636952206e+00 3.103578127333578962e+00 -1.489291065976807715e+00
-9.050595687330748262e+00 3.068708068144064161e+00 -1.652044443120472383e+00
-8.935915965241939318e+00 2.293947229105992136e+00 -1.483135780664786685e+00
-8.039693883628947546e+00 3.541299104844750190e+00 -1.721789851034335905e+00
-9.281558730526111134e+00 3.346296537847076369e+00 -2.227555072422324312e+00
-8.905432912291201930e+00 2.345490227203801847e+00 -6.452417425007958007e-01
-8.548853956205620719e+00 2.945406271779503538e+00 -1.906638920229824397e+00
-1.028672843379755442e+01 3.160054264712793604e+00 -1.824776455560169097e+00
-9.437584405041024027e+00 2.432267233633524484e+00 -1.633906388365624407e+00
-8.448877923642829302e+00 2.375317360852719606e+00 -8.911017960974126906e-01
-9.166251091207620050e+00 2.987053747664689674e+00 -1.223926118893458925e+00
-9.038353109133149488e+00 3.004191458257327696e+00 -1.436724873605412345e+00
-9.048250297162610423e+00 3.054234107947681576e+00 -1.584977236263654499e+00
-8.645560830812039299e+00 2.025917248073703991e+00 -1.387423720208331712e+00
-9.440004699851215264e+00 2.854200279343584779e+00 -1.638671014682429705e+00
-9.324361623718735004e+00 2.511968732076725885e+00 -1.381405468677532999e+00
-9.078095419508086295e+00 2.851586555020259706e+00 -1.372583426632750792e+00
-9.303478418087152590e+00 2.438505996495955674e+00 -2.405806343164148320e+00
-8.829738384806759655e+00 2.699005973751649634e+00 -1.057198466132194481e+00
-8.687480906167047934e+00 2.769556262873900998e+00 -1.288790943460248695e+00
-1.026377020529034212e+01 3.344524212698616772e+00 -1.035171224886478392e+00
-8.838691143773228731e+00 2.147329528366105134e+00 -1.816449376210439226e+00
-8.959030154195110285e+00 2.966520809410147841e+00 -1.703880199568710729e+00
-9.451178309757926499e+00 2.998276657191904171e+00 -1.503550476701673855e+00
-8.505495280400483082e+00 2.376651061103466578e+00 -1.544556081035397321e+00
-9.650635514160462947e+00 3.155952098822963237e+00 -1.459564824935868366e+00
-9.405630190005375368e+00 2.348667712849485500e+00 -1.330497724650157254e+00
-8.557931507698974372e+00 3.671588631185044527e+00 -1.923815515683325428e+00
-9.260497079413473998e+00 3.260393134792506586e+00 -1.571530438839138455e+00
-9.095703161472380671e+00 3.360038727488987575e+00 -1.555309476271003799e+00
-9.125100114759828074e+00 3.316313625914418584e+00 -1.516767893373554665e+00
-8.631581695652299047e+00 2.878348686323238148e+00 -1.472757266154984146e+00
-8.475129480594906894e+00 2.807212764097868796e+00 -1.573201483649312671e+00
-8.680724468584319453e+00 3.709909037819216771e+00 -1.496644665393057405e+00
-9.115697014810052679e+00 4.037651861603500869e+00 -1.227816199925916063e+00
-8.981229136186033912e+00 2.666779241154186852e+00 -1.425732219464999062e+00
-9.271918223868530262e+00 3.033212378825201672e+00 -1.310438154264455424e+00
-9.180862581951441115e+00 3.060430364062206809e+00 -1.616950353147945441e+00
-9.383951404453283018e+00 2.050332667777631457e+00 -1.218011346613916412e+00
-9.472227100672366618e+00 3.130059045113567251e+00 -1.549259999398455268e+00
-9.263854977568499294e+00 2.716984688952659877e+00 -1.332319051437498070e+00
-9.579665757261226489e+00 2.863381452623089629e+00 -1.607764028263776179e+00
-9.518115935327767119e+00 2.577843187080011589e+00 -1.472924494031862430e+00
-9.322436626944053728e+00 2.620316063209209734e+00 -1.631583916879596030e+00
-9.518207315791837431e+00 2.849671784369108174e+00 -1.725295615162845797e+00
-8.744625509548406228e+00 2.791211582246380551e+00 -1.417287783574101345e+00
-8.657188973428882051e+00 2.679304436736476447e+00 -1.589008654136234711e+00
-8.805592637636102893e+00 3.486542987097887902e+00 -1.757879675570176214e+00
-8.899856710159168571e+00 3.009457522715851763e+00 -1.589146372224237380e+00
-9.092670229255169545e+00 3.069156299503644103e+00 -1.805158760040819432e+00
-8.940842101951654186e+00 2.412436833574993056e+00 -1.585268731433350009e+00
-9.390310952247272525e+00 2.764785946513150794e+00 -1.331230853116928348e+00
-8.675735558964591476e+00 2.702699201855052635e+00 -1.559887213989782362e+00
-8.762902232851750739e+00 2.901642391658931341e+00 -9.888418479474436751e-01
-9.085881233428228398e+00 2.873269450385814050e+00 -1.390461222158985377e+00
-9.445825376436991050e+00 2.430211616442853995e+00 -1.657738898837708863e+00
-8.620633156651022588e+00 2.743721522438771210e+00 -1.388572675014507318e+00
-9.676032549832191521e+00 2.966671810226718442e+00 -1.422030670795023655e+00
-9.219337848234722799e+00 2.273990237615616028e+00 -1.608195628975737312e+00
-9.386484048137051062e+00 1.768309885909458812e+00 -1.745945846169967508e+00
-9.135537594946230300e+00 3.101453650260991068e+00 -1.506954134365321885e+00
-8.922593757769581302e+00 3.370544275652276767e+00 -2.166907451173893051e+00
-9.415713876917143565e+00 2.542257578620075176e+00 -1.490974892529198126e+00
-8.784022274280902209e+00 3.218431615293017689e+00 -1.234748770533738771e+00
-8.605993372374575401e+00 2.594343668086944721e+00 -1.852216448980627872e+00
-9.194580569125664127e+00 3.307478643706248445e+00 -1.443889247162163603e+00
-8.694792231055016529e+00 2.863208045244103772e+00 -1.387611041975218340e+00
7.548262049672396756e+01 -4.041831773400698324e+01 -7.117917041970271974e-01
-8.703918215182302021e+00 2.847202807426989057e+00 -1.523980275301226595e+00
-9.513355110022109429e+00 3.190167069709949565e+00 -1.614404540902433460e+00
-8.843645095450382243e+00 3.147691468345766630e+00 -1.729348577894675554e+00
-9.496191878319161006e+00 3.060497919102123543e+00 -1.669835051974083218e+00
-9.087170537438430173e+00 3.533994287350532115e+00 -1.482476853051410304e+00
-8.584263358012906409e+00 2.596580798938972645e+00 -1.517686153248086756e+00
-9.003350424973522337e+00 3.024804496911471574e+00 -1.846867042036356210e+00
-9.272846530049168479e+00 2.915721797434946083e+00 -1.513625834447307916e+00
-8.656394919612315775e+00 3.305166673335285576e+00 -2.132316456982036090e+00
-8.902478280930964161e+00 2.984937244753814500e+00 -1.523316012362049499e+00
-8.809707666894167843e+00 2.848035249249127432e+00 -1.755584758387494393e+00
-9.031293960573384183e+00 3.566416288117322697e+00 -1.311537959960659805e+00
-9.195895022526791251e+00 3.253181063712368815e+00 -1.696637577202229297e+00
-9.297270843590343503e+00 2.692882468846303112e+00 -1.478993974385462762e+00
-9.329571277159354636e+00 2.798475629374525653e+00 -1.512592970182432772e+00
-8.313706981247593220e+00 3.050650873113440298e+00 -1.521108964239147765e+00
-8.561736628453719078e+00 3.027979485488119682e+00 -1.312832688630002798e+00
-8.950485101730709658e+00 3.146793200924471456e+00 -1.254689268730126095e+00
-8.710866574200137435e+00 3.192985626912168584e+00 -1.543632900828018517e+00
-8.880708619921785285e+00 2.682068414343366847e+00 -1.402465815205041766e+00
-9.028952836680225857e+00 2.541942760421007197e+00 -1.797161904563047141e+00
-9.472867274994088760e+00 3.196918276827376726e+00 -1.668842615240886840e+00
-8.881500460128485486e+00 2.851357954528409788e+00 -1.635455478290170239e+00
-8.583973526644456342e+00 2.777828008394378934e+00 -1.905062105672967965e+00
-9.176125158003427984e+00 3.364196452933315040e+00 -1.085363338499217178e+00
-8.967317784935756819e+00 2.402864764484713422e+00 -1.733787022959930590e+00
-8.851752178092217704e+00 2.978825306272510076e+00 -1.454606017188435185e+00
-9.184878167290005280e+00 2.870774302479610629e+00 -2.226602747157607087e+00
-9.308275874691283036e+00 2.806676421021244039e+00 -1.627349917880047014e+00
-9.238510023507959801e+00 2.311519929575418519e+00 -1.274500931528182113e+00
-8.857609891654815826e+00 2.748641079991096969e+00 -1.404136418763634708e+00
-9.154855968958022672e+00 2.231189509596329668e+00 -1.407487763773731970e+00
-9.323292201078022146e+00 3.121059139298766993e+00 -1.446380539923066699e+00
-8.986171731279524622e+00 2.477373308922594219e+00 -1.021806717945267451e+00
-1.024617112275934971e+01 2.448416590921410840e+00 -1.899547848886784962e+00
-8.937762849514845342e+00 3.048244115464456172e+00 -1.574589922920682117e+00
-9.568830407754221667e+00 3.200283799605597945e+00 -1.634174599633715363e+00
-9.084050121006795209e+00 3.255052243920963928e+00 -1.476694262781914402e+00
-9.583682306479357038e+00 2.835895935034724591e+00 -1.771292154491124204e+00
-9.230034403288945200e+00 2.939821466335005962e+00 -1.482193414638125928e+00
-8.994532182312896751e+00 2.801304958837946835e+00 -1.519628859404552168e+00
-8.827303842276192469e+00 2.363478512427403366e+00 -1.567807214532459748e+00
-9.618764156404585819e+00 3.038007892314613656e+00 -1.576994599561555743e+00
-9.370993576690894500e+00 2.612883506452442717e+00 -1.264325191587803765e+00
-8.796476337936201872e+00 2.705962607742112169e+00 -1.601492267104193346e+00
-8.447482028094755790e+00 2.830495336559535779e+00 -1.317210175500210134e+00
-8.970794465305667487e+00 2.810039104733354165e+00 -1.577858518448667757e+00
-9.110196617329551216e+00 2.305410706153625977e+00 -1.585701143126820867e+00
-8.367435562874241839e+00 2.530741016065782834e+00 -1.558336128906446127e+00
-8.953439122912783432e+00 3.437552070919659197e+00 -1.003140264309605234e+00
-8.693389500621101718e+00 3.301528771229747417e+00 -1.623992688262698936e+00
-9.410587962693023556e+00 2.716055138255161427e+00 -1.483368604046701122e+00
-8.951326161193783548e+00 2.966194352402665935e+00 -1.664783585827270596e+00
-9.051282442480630408e+00 2.825141342657455201e+00 -9.512354810484833223e-01
-8.849090973063074017e+00 3.264267039247128466e+00 -1.650060348478046057e+00
-8.745767360050551886e+00 2.940713890809360187e+00 -1.695326734865664431e+00
-1.054849701929070172e+01 2.987132443501558487e+00 -1.561806835825285011e+00
-9.391603165367508055e+00 2.103599252833851629e+00 -1.494884329878989782e+00
-8.859710497767970594e+00 3.207443969946602635e+00 -1.389840764253235328e+00
-8.463086056290606507e+00 3.326828326740220110e+00 -1.480727143866111373e+00
-9.121116160466637979e+00 2.767436902648753527e+00 -1.556938181825898937e+00
-8.206942232522935754e+00 2.129040069409442015e+00 -1.419940219215863664e+00
-8.233174694383102121e+00 3.455571919220322918e+00 -1.348529302816853459e+00
-9.524925186539197952e+00 2.710855458129974416e+00 -1.275367553474059168e+00
-8.533476352867717551e+00 2.879472522144364888e+00 -9.794371161335672094e-01
-9.351983750861506905e+00 2.134476303847320011e+00 -1.473395249644233518e+00
-9.056783664910804887e+00 3.093892894750154721e+00 -1.590611389475293791e+00
-9.138657522089117080e+00 2.968385598891780663e+00 -1.436037403619101926e+00
-9.475889279924007980e+00 3.187190629556828636e+00 -1.376093600163329933e+00
-8.107831078593330076e+00 3.238573424093378339e+00 -2.263721383066728876e+00
-9.181555005489952848e+00 3.266268352238317796e+00 -1.564959219641571142e+00
-9.007028507440015375e+00 2.467712752779774643e+00 -1.508824463542117078e+00
-1.018074392437141462e+01 3.175863123247717912e+00 -1.092636900290669066e+00
-9.266263862549186214e+00 2.718758980346792864e+00 -1.747710184136920253e+00
-8.666308943453859825e+00 2.668206781799294269e+00 -1.153291292726005057e+00
-9.339016351665835103e+00 2.799766835803970011e+00 -1.956573819192058528e+00
-8.962435215787843745e+00 2.724700657299519158e+00 -1.571874297136641951e+00
-9.276466276928736931e+00 2.591038620467307929e+00 -1.667512778013167107e+00
-9.626791942515906086e+00 3.059399940823414710e+00 -1.720527299868792381e+00
-1.003849295825984456e+01 2.832475286942405024e+00 -1.712729392345264223e+00
-9.239102649283585933e+00 2.700186785187709937e+00 -1.455352584562900287e+00
-8.819935569173381396e+00 2.816451570335257504e+00 -1.531316504350234808e+00
-9.357455967434026078e+00 2.845644384598740029e+00 -1.498855848523482637e+00
-8.548951582168246688e+00 2.332150580644340998e+00 -1.369357413438981874e+00
-8.644426384491952220e+00 3.452930838974511030e+00 -1.472640202953082511e+00
-8.733873802225293304e+00 3.333163677600793129e+00 -1.679612995107616191e+00
-9.646440690326764766e+00 2.673493679176124793e+00 -1.913632355813091213e+00
-9.412515566882673212e+00 2.838014393503697885e+00 -1.560236942895099510e+00
-9.264713601377906116e+00 2.281907018378159790e+00 -1.699758991676220798e+00
-9.145625763060344582e+00 2.920937385862386382e+00 -1.916577586590678006e+00
-9.299313472333384567e+00 2.839256055675895674e+00 -1.201230201451606749e+00
-9.243349385557557696e+00 2.834554799314665363e+00 -1.368284055048265113e+00
-9.508084946356120781e+00 2.137025770035785754e+00 -2.527839288820603672e-02
-8.929066740868723429e+00 3.319710819455325090e+00 -1.378550030339039445e+00
-8.678383181709891758e+00 2.711335200087662489e+00 -1.574812768854867429e+00
-8.938349549994024201e+00 2.673714394881446133e+00 -1.556523143206492099e+00
-8.928786758369865240e+00 2.453664214087368567e+00 -1.585310712987884729e+00
-8.883805220076883558e+00 3.049942118514130662e+00 -1.580739533862956625e+00
-8.882923187574601087e+00 3.322803099104174596e+00 -1.617692786640060110e+00
-9.082624154672931382e+00 2.778765944458493120e+00 -1.753361431635507728e+00
-9.094353170001449271e+00 2.425423752620896156e+00 -1.436162984537316945e+00
-9.554828873335688755e+00 2.502589342017891294e+00 -1.476950624173796411e+00
-8.785993220207789278e+00 3.623491669150574079e+00 -1.630809878232930998e+00
-9.364841654809215044e+00 2.714662295631825817e+00 -1.697874096203170646e+00
-9.336585332173044094e+00 3.193478705080080360e+00 -1.469365590119911635e+00
-9.414629513233386149e+00 3.105841218644855850e+00 -1.359691485717404280e+00
-9.561529177095698273e+00 2.737478285055988447e+00 -1.786683668760054688e+00
-9.344089109932715687e+00 3.067910851251185012e+00 -1.392990536819322278e+00
-9.401880000559264872e+00 1.948907979200362517e+00 -1.469835496650594653e+00
-9.206466838059776947e+00 2.669173151284942591e+00 -2.056054905412523670e+00
-8.926446277086457215e+00 2.673841461705343203e+00 -1.479594801943408644e+00
-9.263357418139245070e+00 2.531018985856671843e+00 -1.674891700295530805e+00
-9.201205513712228168e+00 2.940823691242055560e+00 -1.744520695462836724e+00
-8.994854463796043476e+00 2.701999498037207292e+00 -1.190388272213227072e+00
-9.318503466127037171e+00 2.330350491993288031e+00 -1.745397485758275913e+00
-9.191163321412270548e+00 2.677125008856578781e+00 -1.387504593866732971e+00
-9.049424019933578478e+00 3.547756378501478736e+00 -1.803635737082530444e+00
-9.368669696338097097e+00 3.304625144964154160e+00 -1.356836275182425666e+00
-8.212282681939507611e+00 3.109368827178494055e+00 -2.559454847011129353e+00
-8.161218055567658780e+00 3.629543069014983026e+00 -2.103826001736796680e+00
-9.323036973695511875e+00 2.711339573899917088e+00 -1.685788450652592196e+00
-9.220056831286568055e+00 2.577277552370936142e+00 -1.568062140056009524e+00
-9.284783056831912518e+00 2.862412154011554133e+00 -1.586365119215211505e+00
-9.190583324803315080e+00 3.289767463294283267e+00 -1.959575919540681888e+00
-3.846806895128437276e+01 -8.520267365941293747e+01 -6.600355811607616641e-01
-9.701634106279737324e+00 3.480059630257834602e+00 -1.109728628161120279e+00
-8.755578855841578800e+00 2.447291588359722159e+00 -1.497727283464326042e+00
-9.726984641934798503e+00 3.064417392708189247e+00 -1.631836932740553747e+00
-9.080929154662547020e+00 2.738815347499071962e+00 -1.596554399438085969e+00
-8.515112006108422449e+00 2.740109090257505819e+00 -1.400398391309011892e+00
-9.102705998825728173e+00 3.344348597698311831e+00 -2.049927991738954791e+00
-9.414305006332865489e+00 2.742286964705233476e+00 -1.544364982538844355e+00
-8.805037542970724829e+00 3.004036267595675991e+00 -1.404488415619213448e+00
-9.626579880398670852e+00 3.119952223059173413e+00 -1.617739880628431104e+00
-8.734322425591152239e+00 2.783185205731558476e+00 -1.455877778495522579e+00
-9.105470862993445991e+00 2.703049774404489458e+00 -1.466987880526094301e+00
-9.036019177602190311e+00 2.912869506461325919e+00 -1.629849747659210868e+00
-9.468956564501739948e+00 2.381062540176580367e+00 -1.709199105786740835e+00
-9.172792283203662578e+00 3.099583509886714161e+00 -1.679788626867921408e+00
-8.556211563050430513e+00 3.014359437504309902e+00 -1.544947623777766843e+00
-9.421233824830284931e+00 2.911911555494840709e+00 -1.505257169566741604e+00
-9.483129779397311054e+00 2.577370002586082620e+00 -1.411175550090672415e+00
-9.425255668213489813e+00 3.201995480504091773e+00 -1.896460505452583378e+00
-8.596664400904792558e+00 3.740283820239385992e+00 -2.360180598676230979e+00
-9.081062138112264037e+00 2.922144661923104625e+00 -1.814519121655271183e+00
-8.835529214606161474e+00 3.243121194881250169e+00 -1.232512233277159419e+00
-9.371214087593818576e+00 3.783108661800411721e+00 -1.553107606567409871e+00
-9.151273572297011327e+00 2.540038047689431977e+00 -1.642910008298871904e+00
-9.156941649418563145e+00 2.144444975549291144e+00 -1.437471828598205770e+00
-8.503451621966082286e+00 3.371644756506169127e+00 -1.624425488153559138e+00
-9.433181157379095794e+00 2.833886467571383072e+00 -1.502107616284616975e+00
-9.846516911892685187e+00 2.730864089038330444e+00 -1.993661587474978791e+00
-9.432217392217738805e+00 3.431044363693886101e+00 -1.797866973459829820e+00
-9.223969751407475215e+00 3.274483067731408514e+00 -1.605627164099187265e+00
-9.064882170232611003e+00 2.513946167667434395e+00 -1.717654340839444682e+00
-9.218353524357770112e+00 2.928900238832825575e+00 -1.481468121627125267e+00
-9.000830719776276467e+00 2.830114819221802414e+00 -1.133492751207944904e+00
-9.276418043707497674e+00 2.787215304485978429e+00 -1.611945601626053604e+00
-8.837738144766186466e+00 3.601070075083725897e+00 -1.287018533371473650e+00
-9.429944637717076361e+00 3.165108424831928779e+00 -1.123905177153414536e+00
-9.296011632591692830e+00 3.336439986934250257e+00 -1.462053352146592156e+00
-8.253536087520718212e+00 3.280049791728412600e+00 -1.388218313016476246e+00
-8.404231708142061663e+00 3.071726809857425966e+00 -1.643448087114828260e+00
-9.340700260511059838e+00 2.304486160421761465e+00 -1.712819428344851902e+00
-9.462034803261055060e+00 2.806714047468084949e+00 -1.375225791446943457e+00
-8.781101094869514512e+00 2.220695156257827652e+00 -2.068587653826865491e+00
-9.002261851344238508e+00 2.572102901707939981e+00 -1.348996458995790348e+00
-9.072745827446157207e+00 2.609793209569924333e+00 -1.512684945800345515e+00
-9.260373614967203793e+00 2.549148893831795437e+00 -1.441074080431588023e+00
-9.128887699422516988e+00 2.848848961932628931e+00 -1.420035568795503300e+00
-9.266789358740124882e+00 2.871881648635004503e+00 -1.492171445556502718e+00
-8.443337285133736714e+00 3.268521820077159745e+00 -1.388719677874266312e+00
-8.250388919168905488e+00 2.147567823673493859e+00 -8.641410516566422340e-01
-9.655261823346860339e+00 2.212746939421121439e+00 -1.726470788583740257e+00
-8.992642087676832929e+00 2.132491126403046611e+00 -1.561509158017710730e+00
-9.258214064637792617e+00 2.714443900024327228e+00 -1.328113436734249087e+00
-1.013618728823063364e+01 2.764304128880214595e+00 -1.846252914546767432e+00
-9.347924936728432499e+00 2.701768493400872995e+00 -1.803051801555197731e+00
-9.632842372955179755e+00 2.503193222732428502e+00 -6.205968914460481267e-01
-8.842733171109813384e+00 2.893717327040686182e+00 -1.656276149005394549e+00
-9.185670279185359277e+00 2.444943412924521109e+00 -4.279620858714238141e-01
-8.438491609188265130e+00 3.265897201993832155e+00 -1.638358914439297598e+00
-8.991630959715235960e+00 2.928922473861498510e+00 -1.440457541879260228e+00
-9.129956039878356577e+00 2.380427634558648364e+00 -1.566977997910020681e+00
-9.219943760532315125e+00 2.646607365507823939e+00 -1.563166355747262148e+00
-8.319326963223330651e+00 2.596608272697869868e+00 -1.698880389155466242e+00
-9.219300443302515191e+00 3.364816745706926238e+00 -1.549467580464192862e+00
-8.841025114999760959e+00 2.785748670384777803e+00 -1.867862636147270772e+00
-8.690504341153086898e+00 3.347031062658511136e+00 -1.440802676027371110e+00
-9.330270179359567706e+00 3.057920704153208824e+00 -1.335172231295219669e+00
-9.023819525768354666e+00 2.722373374641958943e+00 -1.521753476066664668e+00
-8.878475900607929461e+00 3.146659134911344413e+00 -1.756824089580360182e+00
-9.559342821581433114e+00 2.852172868147143436e+00 -1.380067367049955473e+00
-9.671475793606632010e+00 2.996570894816929176e+00 -1.246064176774038801e+00
-8.896536353634939331e+00 2.780733074399638571e+00 -1.501847835651096030e+00
-8.717099719145879888e+00 2.886788824194000735e+00 -1.717184645301406354e+00
-9.978339221612815280e+00 2.677746024272420478e+00 -6.805612559000839834e-01
-9.317589658598171454e+00 3.176309010912731434e+00 -2.389790077045915062e+00
-8.557699924416748871e+00 2.736190596920488716e+00 -1.474100739595974430e+00
-9.585818642302184500e+00 2.501066576410659437e+00 -6.815116758385689755e-01
-9.197203518023194135e+00 3.348159136345898901e+00 -1.619794538413052987e+00
-9.160712156371115356e+00 3.296274103287745394e+00 -1.623288409355996498e+00
-8.928105863771605755e+00 3.344182346707332165e+00 -1.539094574596380216e+00
-9.223800423958822492e+00 3.037372332184810286e+00 -1.569526292832224668e+00
-9.147629878225778555e+00 3.298046808055796753e+00 -2.094565330619967192e+00
-9.671068144641012054e+00 2.304484158019309614e+00 -1.707634901090985924e+00
-9.622514370674531747e+00 3.333474846274907311e+00 -1.272584419388341548e+00
-9.392717165946583791e+00 2.531744181365094715e+00 -1.683849478635626395e+00
-9.410756875248184272e+00 3.185594969827674205e+00 -1.501895426706904013e+00
-9.355359706246650475e+00 3.510307546185801986e+00 -2.998794255176653323e-01
-8.894712590059878465e+00 2.780964024820847147e+00 -1.075827790840976350e+00
-9.413946294329271325e+00 2.926400852060815794e+00 -1.608550510147368939e+00
-8.735970412397641383e+00 2.528695558191071058e+00 -1.623208082817358289e+00
-9.088739827343616184e+00 2.808590043138980086e+00 -1.566303002889702922e+00
-9.186847845617402086e+00 2.748493914046622688e+00 -1.625027235032586947e+00
-8.475266545567938792e+00 3.084423478355293291e+00 -9.754292843999005092e-01
-9.311410068706072352e+00 2.849364829709255975e+00 -1.527751705933073856e+00
-8.675993297912356184e+00 3.124588898849113061e+00 -1.516207842063113320e+00
-9.898196131902050610e+00 2.410835779835774684e+00 -1.614366066049438553e+00
-8.994127002852552621e+00 2.891844025248567984e+00 -1.560412216695245657e+00
-1.014369991281062333e+01 2.837028384026692329e+00 -1.964529836209150115e+00
-9.319542225633831833e+00 3.250348809635612124e+00 -1.528684233183987606e+00
-9.287861823175600051e+00 2.469147583151789949e+00 -1.371807088375946559e+00
-9.102575824391001547e+00 2.661928072144806201e+00 -1.249077683483707180e+00
-9.285590854754664392e+00 2.755894689519559737e+00 -1.468042097011955427e+00
-9.319483702517272761e+00 2.813098011167813883e+00 -1.392062158379311576e+00
-9.470739249739127175e+00 3.328801125402506056e+00 -1.050427353733321745e+00
-8.938459337660487947e+00 2.455308700197944116e+00 -1.363097130871817608e+00
-8.964197064356147493e+00 2.240655933513493459e+00 -1.610680608829666349e+00
-9.189067167409470827e+00 3.306902477971589427e+00 -1.763540853976649059e+00
-8.621681382958811923e+00 2.926197257977295241e+00 -1.721718428627673658e+00
-9.292708769577101791e+00 3.290657614550423826e+00 -2.730669583353517726e+00
-8.366930741328939547e+00 2.631196977440435791e+00 -9.638360543772719335e-01
-9.320537420901253256e+00 3.150782488268313752e+00 -1.489851880456446453e+00
-8.477528648766407215e+00 2.541457489227577415e+00 -1.374958502592052323e+00
-8.808123050226939199e+00 2.665016713826817707e+00 -1.511089414627570848e+00
-9.636031801328284629e+00 2.723745811285060991e+00 -1.273352093943276753e+00
-9.010893375588647558e+00 2.650413885305681561e+00 -1.778041473500387770e+00
-8.792403933941741911e+00 2.949946771576375859e+00 -1.539592020317500420e+00
-9.053693109295547714e+00 2.515777481024962459e+00 -1.444604637602960207e+00
-8.823536842076972420e+00 3.354352674906477372e+00 -1.652027215983623787e+00
-9.117071654219516930e+00 2.363772278224271162e+00 -1.611916764723434481e+00
-8.980679388263098417e+00 2.379161769423279615e+00 -1.554744245474806830e+00
-9.269167861378935669e+00 3.202440047461840411e+00 -1.562026527244021690e+00
-8.788382792920950592e+00 3.001184468250960080e+00 -1.416142131975449026e+00
-8.767695140285180599e+00 2.551112973361345126e+00 -1.435840151272503640e+00
-9.641743677067809770e+00 2.829761376524032812e+00 -9.362335179045607747e-01
-9.241512336600361976e+00 3.152102463138250155e+00 -1.512559533012098445e+00
-9.528095325277895711e+00 1.954236364390456338e+00 -1.734155102101192281e+00
-1.473852733075257682e+01 -9.669701299479456225e+01 -7.523885692792182667e-01
-9.906898573709362665e+00 3.774361089069088848e+00 -1.063154802036539559e+00
-9.140339670560811314e+00 3.120556761190658168e+00 -1.864739427782006631e+00
-9.129908133350694399e+00 1.978005161008477453e+00 -1.622995134195934774e+00
-9.448888054624088539e+00 2.546106017500873619e+00 -1.714735583420167186e+00
-9.154128896118663761e+00 3.323496871005503284e+00 -1.392825697456663958e+00
-9.026636513088975633e+00 2.736079113818002728e+00 -2.380346198751047027e+00
-9.069262409500742805e+00 2.373500143357917480e+00 -1.559379527977536206e+00
-8.806022473015769236e+00 2.989951150151369141e+00 -1.533473705148255428e+00
-9.027771963876080719e+00 3.097952704655927203e+00 -1.633965364168071810e+00
-9.349443675392226538e+00 2.575765536044505755e+00 -1.515246162613742564e+00
-9.203209420426610166e+00 2.570004052251310345e+00 -1.427646571078504678e+00
-9.303217986069917345e+00 2.927722555627765733e+00 -1.559455133208613065e+00
-8.875728576451868079e+00 2.480303044756329900e+00 -1.656599613443996644e+00
-8.836414000033412819e+00 2.933017944625229134e+00 -1.660567831175564946e+00
-8.754291981430041503e+00 2.612209569616414484e+00 -1.521972087405011331e+00
-8.194686041290919931e+00 2.699458257597768807e+00 -1.845674509817722742e+00
-8.703878258417605096e+00 3.171942809529443519e+00 -1.703447901461049518e+00
-8.540008543520622553e+00 3.061159277599694306e+00 -1.349920695351985778e+00
-9.196230268438299049e+00 2.854392828120817516e+00 -1.579443230708958756e+00
-8.737875123848764858e+00 2.990726131849263059e+00 -1.344277472456546052e+00
-9.335458791523022271e+00 3.404018626483219734e+00 -1.450851617606480959e+00
-9.204743169022529869e+00 3.080261832929118704e+00 -1.588822927507705263e+00
-8.654497280550929261e+00 3.211368033502391750e+00 -1.679054611988115786e+00
-9.269598336013332940e+00 2.441348440236812856e+00 -1.363279051021659249e+00
-7.963410672526917367e+00 2.651559293038525666e+00 -1.700196536064700004e+00
-9.329615032810574249e+00 2.901796866568298938e+00 -1.542451804072884514e+00
-9.447556505632782375e+00 3.035227009113475649e+00 -1.486128672944802886e+00
-8.876613360585887236e+00 2.851363582221207782e+00 -1.690379027343128060e+00
-9.433030114763905516e+00 2.093545400400146583e+00 -1.852419674801711880e+00
-9.349190164543662362e+00 3.018317276083842149e+00 -2.161737910873815949e+00
-9.007381982722098002e+00 2.025574263456437762e+00 -9.877062773753790825e-01
-8.194932893844962152e+00 1.986585592813206569e+00 -1.813356385033899842e+00
-9.506023252706011561e+00 2.508801109182610123e+00 -1.575147484237776174e+00
-9.494154104744627176e+00 3.620314840450070459e+00 -1.381073636346310085e+00
-8.776596208543059774e+00 2.642596273458658995e+00 -1.843211372492053135e+00
-9.643240007854766205e+00 2.969302682763208967e+00 -1.333250504094775080e+00
-9.618819964150674195e+00 2.334969845074037043e+00 -1.514518671844490072e+00
-9.159511330552525976e+00 2.294965417377416550e+00 -1.410892000096213961e+00
-9.708317645913414395e+00 2.411284659446940370e+00 -1.311764065529623879e+00
-8.747226716999236373e+00 3.153536498479979855e+00 -1.704103923646789420e+00
-9.106335720391564692e+00 2.561739423594672882e+00 -1.875513261677869803e+00
-8.712295579244418775e+00 2.624670602206602865e+00 -2.085860534148908929e+00
-9.197442636413097006e+00 3.255915945111066634e+00 -1.535441877217122553e+00
-9.382712093781162110e+00 2.743965424828502808e+00 -1.635515231238551692e+00
-9.140174998821320784e+00 2.689474207748667300e+00 -1.682181782692271588e+00
-8.786177214674522062e+00 2.767592640450618369e+00 -1.564487752773704665e+00
-9.024294375498122633e+00 2.567331746821123861e+00 -1.796912154746216572e+00
-9.494981219064747791e+00 2.749841834040028576e+00 -1.524103552979287457e+00
-9.467883517441281427e+00 2.964304227006682169e+00 -1.388702304971521473e+00
-9.189107127750647308e+00 2.998271385049697813e+00 -1.651785589735459858e+00
-8.338791320961627562e+00 3.444189492922333340e+00 -1.375096775747955080e+00
-9.262960631146645696e+00 1.753371587486068472e+00 -1.562766521399238107e+00
-8.496497764228013949e+00 3.331153651483936162e+00 -1.479757310932648062e+00
-8.150564414414516179e+00 3.377735169786657110e+00 -2.284875800645249200e+00
-9.833856034903501353e+00 3.060104137958158166e+00 -1.291321013719438415e+00
-9.006865413126911690e+00 2.347255624389822160e+00 -1.437066307232047979e+00
-8.888861504597608487e+00 2.637642008223627155e+00 -1.389753621621961699e+00
-8.962730056618903873e+00 2.833046466042990819e+00 -1.418824846588991662e+00
-8.757358479657483485e+00 2.816973276516652192e+00 -1.183002225052806278e+00
-8.818315702750842533e+00 2.840012814600942459e+00 -1.488907289233301956e+00
-8.682711635235627057e+00 2.279655089034323012e+00 -2.593439688774040519e+00
-7.972627413334631541e+00 2.369812703657936837e+00 -1.921893801876170205e+00
-9.272556679510246980e+00 3.246836832972488818e+00 -1.753197335485761288e+00
-9.623960258709791660e+00 2.875603755097253078e+00 -1.645048730899203226e+00
-9.623865615654171535e+00 2.752564612421914081e+00 -1.495100013387428373e+00
-8.542927213494854399e+00 2.524524369889312503e+00 -1.271871276967668996e+00
-9.148434656842658441e+00 2.566294141111146399e+00 -1.568033232504154606e+00
-8.597987960257466256e+00 2.814780861632454556e+00 -1.742757963403834154e+00
-9.013465472396854139e+00 3.282819393986653900e+00 -1.237403429485137929e+00
-8.062653474876530169e+00 2.706255827847126927e+00 -1.168997573263558687e+00
-9.128188370252797057e+00 2.646556013221212922e+00 -1.393910228046085997e+00
-9.984757949512339081e+00 3.177300325438392470e+00 -1.685772832185914671e+00
-8.795733344546357912e+00 2.576206181302097775e+00 -1.455937700555068659e+00
-8.840385304380030007e+00 3.289958017384160271e+00 -1.672831020737929997e+00
-8.859952314436233323e+00 3.043852601634543298e+00 -1.563107000968655402e+00
-8.677550777056262987e+00 3.528561540203791758e+00 -1.984713027337166258e+00
-9.365725299077650945e+00 2.789692832319362381e+00 -1.408375436320394192e+00
-9.304369226455637687e+00 2.937250054203525362e+00 -1.438152245303028653e+00
-9.080087245258814832e+00 3.370409668839957185e+00 -1.503587243809771934e+00
-8.852901906692567380e+00 2.838686390558111672e+00 -2.628185160835331935e+00
-8.843948133031894088e+00 2.920888998682310334e+00 -1.642209492761776746e+00
-8.980154646397098261e+00 2.637526801786284736e+00 -1.346134417889640833e+00
-9.091795244465867398e+00 3.028304898185959271e+00 -1.508339111779863018e+00
-9.754971518228254368e+00 3.425954910957150990e+00 -1.248259260859348352e+00
-8.721996251349988682e+00 2.390684995389468437e+00 -1.413873928763086596e+00
-8.755971949899922890e+00 2.824048923723331939e+00 -1.621560165200018444e+00
-8.704098909068012091e+00 2.534097121623207105e+00 -1.136746256621333995e+00
-8.801354195394569757e+00 2.674534703959714932e+00 -1.591569649902046413e+00
-9.246528582136146923e+00 2.740956808401868727e+00 -1.615481296840140857e+00
-8.602549876012863805e+00 3.342309558651453738e+00 -1.672458652751559915e+00
-8.448962490363976841e+00 3.090475567069631779e+00 -1.612844680195813396e+00
-9.254373839441262461e+00 3.311170890524789190e+00 -1.351086951386630819e+00
-8.876932406712546353e+00 2.603138961351641800e+00 -1.606921243396247645e+00
-8.884246764208688418e+00 3.038489990027816834e+00 -1.142781759640198791e+00
-9.174396244106063136e+00 2.620283053199383705e+00 -1.541001073026730062e+00
-9.049511460575136113e+00 2.266656867890065374e+00 -1.720606044915293342e+00
-9.545163793024423526e+00 2.930887322718983334e+00 -1.601227318482046025e+00
-8.733775886852678028e+00 3.047948061085562266e+00 -1.630440774391115566e+00
-9.448538145015659140e+00 2.425677505770734488e+00 -1.692296866636133101e+00
-9.094278752259825183e+00 3.256627275983187797e+00 -1.599865609110947329e+00
-9.588310417881690029e+00 2.514110555237116351e+00 -1.189934843720440671e+00
-8.995179122820237794e+00 3.207791551834665800e+00 -1.252633454324595830e+00
-8.635377468924851030e+00 3.225903093193570381e+00 -1.550533842457503031e+00
-9.622031640346374814e+00 3.257271128326469700e+00 -2.234851764235558758e+00
-8.960688856864846841e+00 3.172245572171388250e+00 -1.404383680449056371e+00
-9.517294787647584187e+00 2.659352481144378721e+00 -1.621873787996333860e+00
-9.156741805462178974e+00 2.857879482320607512e+00 -1.682756359945267732e+00
-9.511618998410240167e+00 2.667003255961724939e+00 -1.615435807436675253e+00
-9.329491927106399629e+00 2.826298262312160858e+00 -1.854400135724314724e+00
-9.138073252568830185e+00 2.581402468291850827e+00 -1.490925148328271943e+00
-8.648905030482548995e+00 2.684945362965736493e+00 -1.651878795920155296e+00
-8.736312381586429865e+00 3.116630154566490063e+00 -1.492955003481785337e+00
-9.291801138821767836e+00 2.703560148952105724e+00 -1.349245445619804862e+00
-8.839900876243117267e+00 2.612045033793537030e+00 -1.882260490224500371e+00
-9.283262915130134019e+00 2.289364672237967913e+00 -1.577165942209096228e+00
-9.627770928147889151e+00 1.734007202367457978e+00 -5.329359878745091317e-01
-9.095000632774016935e+00 2.614692435756266420e+00 -1.527257466169280598e+00
-8.841050786351724255e+00 3.213597523356962693e+00 -1.628103426278617150e+00
-9.268598280891669816e+00 2.524940605103191071e+00 -1.342601206244078416e+00
-1.039690475321938834e+01 2.591409238976974283e+00 -1.144423503544666598e+00
-9.182003179119359260e+00 1.926182285251078374e+00 -1.725236041535099574e+00
-8.618175082143313404e+00 3.346262348445031343e+00 -1.374049543381932192e+00
-8.607780568537782173e+00 2.723524326860621514e+00 -1.534420863232178522e+00
-9.207621202355326773e+00 2.622285292984106952e+00 -1.997950573766348548e+00
-5.280228497682540656e+00 1.162114090345721849e+02 -4.083708600627724561e-01
