-2.117821942198717444e+00 3.371030962082873783e-01 -8.064197919929203540e-01
-2.684831000118661937e+00 7.701406496747136288e-01 -4.742974095716041560e-01
-2.763304627672408920e+00 5.548427435734940572e-01 -1.002509442273909812e+00
-3.028531550121243754e+00 -1.891654885188445157e-01 -1.034364684765209041e+00
-2.526292885552220646e+00 -2.451719807925896166e-01 -4.063672933827566780e-01
-2.673680309392000076e+00 7.435274304370110832e-01 -1.074407744114594054e+00
-1.899413945538496407e+00 -8.937160936317636861e-02 -9.330089069660397749e-01
-1.799079878425707602e+00 2.573279832049000238e-01 -8.847021919986802763e-01
-2.716629261344043034e+00 6.768624890662723326e-01 -7.792865079085362634e-01
-2.158281470740468944e+00 3.947110333538134674e-01 -8.867501272164816095e-01
-2.537230776881641781e+00 3.926808453237638080e-02 -1.098057114464994655e+00
-1.525520827266421131e+00 -2.415828654225213590e-01 -9.434900184158111491e-01
-1.891232405883751300e+00 6.458481137056953925e-02 -8.547926072111218243e-01
-2.355991246302575615e+00 3.793880026409846007e-01 -8.997237404416253970e-01
-2.390837658484647577e+00 -1.298786734043368696e-01 -1.159809810473984903e+00
-2.128157464922109554e+00 7.466227723403042749e-01 -8.456641750309733530e-01
-2.187016078664918428e+00 1.009471991986284012e+00 -5.445223119581619198e-01
-2.737074151735861438e+00 4.677921619793912189e-01 -1.046851433940411136e+00
-2.447600596284461805e+00 5.141389150969138955e-01 -7.535954494355453503e-01
-2.260860825637179605e+00 4.738686448413802904e-02 -9.125805400907500697e-01
-2.670127875599458633e+00 2.202878759538092757e-01 -9.714364802834500878e-01
-1.617762887983274389e+00 8.168580137692361687e-01 -1.096010411635929965e-01
-2.482853500221350984e+00 6.751923857961479314e-01 -9.179411469025576809e-01
-2.513773096649194461e+00 3.713845595284041151e-02 -1.335402667672143329e+00
-1.721247945282756042e+00 2.127669729296663426e-01 -8.740064465462904497e-01
-1.857276893252932881e+00 5.737933426159443906e-01 -1.009857782488806421e+00
-2.151864175552944847e+00 1.481017004747360866e-01 -9.652265924666111330e-01
-1.951159144164939629e+00 8.798456206688124448e-01 -1.075438230568928955e+00
-2.159238479041980074e+00 8.341685238104977751e-01 -9.710371658862280153e-01
-2.724625223939331597e+00 5.897699323043881225e-01 -9.045385579509848117e-01
-2.667306350888275279e+00 1.486293540492875376e-01 -1.038920625694027544e+00
-2.512262303370130123e+00 2.868619455232897519e-01 -1.443691286425279552e+00
-2.540841553156481858e+00 7.006018921924825338e-02 -9.173109386023409195e-01
-2.001639746038641032e+00 9.872766979040877855e-01 -1.140959410982594679e+00
-1.990106673840086771e+00 3.866451238914045407e-01 -3.325979372652632104e-01
-2.439111713943930670e+00 6.280602835072160994e-01 -9.112273712247324076e-01
-2.011949815688862220e+00 5.823046939443539127e-01 -1.195746616924794337e+00
-2.921870379316033439e+00 6.466305188722722974e-01 -1.044564329401502789e+00
-2.492890911553832467e+00 -2.124561919648152719e-01 -9.534589659238463799e-01
-2.484683313895236889e+00 2.974186732649237719e-01 -5.201131429407656048e-01
-3.067011789686962864e+00 7.451609882152528952e-01 -5.650385743630510493e-01
-2.124828740099410584e+00 7.057589220522815510e-02 -8.358143762950021038e-01
-1.879189545234824399e+00 3.880983242436005787e-01 -1.013541184232455539e+00
-2.730499854174348595e+00 2.332637801374934372e-01 -8.197570085403153017e-01
-2.332836543376176852e+00 1.469534931307309611e+00 -9.136026436330244582e-01
-2.767598652297433404e+00 4.617445128629363293e-01 -1.146277361152817642e+00
-2.714749969700397170e+00 5.982299520206916243e-01 -1.198224257109255841e+00
-2.734171036717733205e+00 7.930856657507264762e-01 -1.106547734102659275e+00
-2.136880762385309218e+00 1.353475924179666223e-01 -1.127375816703570566e+00
-2.433676040237693350e+00 6.997291963537525250e-01 -1.897171754975202074e-01
-2.301048361120978658e+00 2.575957034078248387e-01 -4.631398404292564885e-01
-2.390976952611663098e+00 8.740676640282906140e-01 -1.365781724582784573e+00
-2.396591401950223688e+00 6.627760256716659359e-01 -9.271887818857383889e-01
-2.643674365088612088e+00 5.368315865196276321e-02 -7.260517102700941861e-01
-2.691454435991219363e+00 2.310967637600060409e-01 -9.980064980810630093e-01
-2.081780065525902224e+00 5.446114132649262363e-01 -1.259655427483806100e+00
-1.935341073252552446e+00 7.331040225467312377e-01 -1.042455398625677487e+00
-1.902462554137473560e+00 8.167686565174865354e-01 -1.066081449063031927e+00
-2.282305597445588585e+00 -3.482181055073417797e-01 -1.191590625388565083e+00
-2.110169452330056483e+00 3.282610086061947263e-01 -1.153743803551386948e+00
-1.942028646857847596e+00 -9.018647406576869585e-01 -1.087995018891339871e+00
-2.071607298062986047e+00 9.684101571455201451e-01 -8.696079389503549306e-01
-1.696961880740292861e+00 1.502102383549325237e+00 -4.530185401679042156e-01
-2.009651337405714777e+00 2.786917006803726338e-01 -1.063746266083224645e+00
-2.601232995709483298e+00 1.948830366097393796e-01 -1.006179980733441726e+00
-2.465308353446999945e+00 2.842821878148646952e-01 -1.043990600740938968e+00
-2.080405178484677542e+00 1.740222588174432927e-01 -7.650783097465437832e-01
-2.288924471517738812e+00 5.310475789018977988e-01 -1.073381166088205774e+00
-2.530665295740047505e+00 7.748843547574539858e-01 -6.922172035410574242e-01
-1.848948490391916444e+00 1.384038815610639239e-01 -1.775418310284370582e+00
-2.238720632697650981e+00 5.595740819540762079e-01 -9.040043440953584586e-01
-2.182688850819299198e+00 7.018017497043391728e-01 -7.128265226318610814e-01
-2.118374688326837507e+00 6.529580116455178107e-01 -8.751470754879985270e-01
-2.411221707747114529e+00 2.648367218339046092e-01 -1.146951388253144577e+00
-2.645797879059951896e+00 7.455250899079858551e-02 -9.504008207070955283e-01
-2.476497679054515899e+00 -6.216827125346537919e-01 -1.072545366098879294e+00
-2.036871522279720903e+00 7.578273069794190242e-01 -1.935001339530816322e+00
-2.083399880763789458e+00 2.209533920684382535e-01 -3.514074856333576080e-01
-2.058557269683090052e+00 3.320174263323493191e-01 -9.305530809685084170e-01
-2.512535731278488171e+00 2.921081169473773165e-01 -7.088122491910573419e-01
-2.037778707282043911e+00 1.513798785224167720e-01 -9.825433269788309554e-01
-2.780342208464790854e+00 1.894738907483740076e-01 -1.195176780049600263e+00
-2.256751390261828583e+00 6.876360069452035484e-01 -9.651265898793791598e-01
-2.940180318166951690e+00 -5.900860472227621445e-01 4.801873922810159789e-02
-2.300744593396728987e+00 4.165593581633290077e-01 -9.269595681486061389e-01
-2.343745734513797974e+00 3.202863484995263632e-01 -9.076854987762611460e-01
-2.491955518736171715e+00 1.731483835025886542e-01 -7.743925263853260743e-01
-2.270875563573367284e+00 -1.001712704455194197e-01 -1.445317763335762784e+00
-2.282905878175074399e+00 -9.603514149792448384e-02 -7.258489051650722779e-01
-2.193631570648792994e+00 4.924280081926889485e-01 -9.122447033537190997e-01
-2.413277974023666506e+00 4.374455122520011785e-01 -1.414048715146487556e+00
-2.300268174823963729e+00 3.195643175494362609e-01 -1.063569014566750459e+00
-3.378482665900545356e+00 2.844561972039061915e-01 -5.704511879708524802e-01
-1.876079404536078021e+00 2.299854889617835851e-01 -1.184192157771261300e+00
-2.719202365369339791e+00 1.029338892552357082e-01 -8.855489974780500484e-01
-2.129052536746211644e+00 8.384851555980882276e-01 -1.112099352357173832e+00
-1.305485727945081331e+00 -1.987933928386131088e-01 -1.000477577305432408e+00
-2.322259384253086534e+00 6.116616356210589078e-01 -9.957222110109454905e-01
-2.316072916991216868e+00 7.635261747250071673e-01 -9.861207385538266479e-01
-2.168912459315990748e+00 -9.337228768278202362e-02 -9.661804187671049204e-01
-2.242879258683325272e+00 7.748905362116202955e-01 -9.989436840982058863e-01
-1.952775780447036036e+00 -2.719046833097348848e-01 -9.741407291120014467e-01
-1.741732235236673976e+00 4.453573808441349535e-01 -5.286110212329523383e-01
-1.864588552048148218e+00 3.756862118286321550e-01 -9.770584651571120327e-01
-2.260654874919815871e+00 2.780823673373388205e-01 -9.426442056875027342e-01
-2.158677975255653081e+00 5.334437763395544208e-01 -9.746505895337878034e-01
-2.074128281937465790e+00 4.116609287103091264e-01 -1.063225121693797348e+00
-1.505781910376337462e+00 5.206321621173815029e-01 -7.047383350364644361e-01
-2.502879906360870876e+00 5.064830633354779899e-01 -9.729990449005253561e-01
-1.815706925281965534e+00 2.818916277544148974e-01 -1.086699910088675614e+00
-2.271573818111643384e+00 -1.220472712476566857e-01 -8.822730268755868410e-01
-2.253126896360188258e+00 4.692515948456021380e-01 -8.815850138578499307e-01
-2.329309165525026870e+00 -1.466942009838267391e-01 -1.040964452928181627e+00
-1.633878217870682104e+00 -5.379738379800357295e-01 -2.680312983820852257e-01
-2.242477637609524788e+00 7.260582686225456328e-01 -1.373425488137616890e+00
-2.642414317728077666e+00 1.693544295901300289e-01 -6.561724803031300235e-01
-1.897566035255646932e+00 4.673506720602376152e-01 -1.088786184161206982e+00
-2.758520716730567646e+00 3.352808150059489178e-01 -9.513024486593912865e-01
-3.186204230920501423e+00 1.982693199622278246e-01 -1.107077523589026669e+00
-1.993588817519669210e+00 8.246177468879422046e-01 -9.834733608010408634e-01
-2.581241974488104329e+00 2.634488945337659094e-01 -8.840231806051214170e-01
-2.493399171621010435e+00 7.202472259208011485e-01 -7.745459050036166415e-01
-2.802073069775194991e+00 -2.920498416183724133e-02 -1.046017057161218622e+00
-2.201860172083052625e+00 3.036369431229728466e-01 -6.753948807859330161e-01
-1.329305058494856340e+01 3.297686843712067173e+01 -3.091649241597513864e-01
-2.994532840295205833e+00 8.051758364189938177e-01 -9.503593831685340776e-01
-2.332008695288111610e+00 7.363674814567963134e-01 -6.040622871692697959e-01
-2.055775065990677053e+00 2.312722602069822997e-01 -6.092853702201890265e-01
-2.086052086504790459e+00 8.355156409673072382e-01 -9.885525606624897543e-01
-2.405723617607947062e+00 6.544408563120688305e-01 -8.990616302277553151e-01
-1.682762946744490229e+00 3.647020789408486618e-01 -9.963586930421649557e-01
-2.471934573239977340e+00 5.395151759379013950e-02 -1.101449197268745905e+00
-1.712393207429810715e+00 1.204137795683937612e-01 -7.604166326552566080e-01
-2.232457706626874039e+00 2.920964149373048713e-01 -1.012873159317902338e+00
-2.181552097062807949e+00 4.584322005473945860e-01 -9.561058246008106165e-01
-2.755716469283588932e+00 9.793212050491739706e-01 -1.977427533784910541e+00
-2.513059003657762691e+00 3.672437687381841509e-01 -1.063494325810939722e+00
-1.714951974358218223e+00 6.590818285367761042e-01 -9.086884761019993206e-01
-2.405374367366904576e+00 2.586464351629079797e-02 -1.035030169352859186e+00
-2.249810866047528446e+00 6.891660438675869527e-01 -1.074985622428401122e+00
-2.587641802753272380e+00 3.688919800402722798e-02 -9.523622383758189036e-01
-1.792396540669632499e+00 5.020523294548482340e-01 -6.670614374166656813e-01
-2.090062077710686417e+00 -4.949936232256759230e-03 -8.665758520482347294e-01
-2.165498613433872954e+00 -2.167165262339009746e-01 -8.867208246670849059e-01
-2.686700788802736550e+00 3.390201167628786316e-01 -8.221265380757313279e-01
-2.131393673771703412e+00 3.478906374480918440e-01 -7.240578384468213669e-01
-2.435204838602267774e+00 5.151057165049014452e-01 -1.060914509051997801e+00
-2.618977936386978733e+00 6.323861540361790379e-01 -1.080782240697463203e+00
-1.946142746297748749e+00 5.425965382805144621e-01 -1.335719218358375482e+00
-1.824171507861225061e+00 6.157043272989787264e-01 -7.388947468941414742e-01
-2.674835490683978634e+00 3.650144859731721536e-01 -1.036882819996880034e+00
-2.544842589864743765e+00 5.236576848139071205e-02 -9.275572252243452498e-01
-2.211973250261571877e+00 -1.484016936826225985e-01 -8.960725587821476434e-01
-2.287418059804905202e+00 7.211034713594504098e-01 -1.361271115304253376e+00
-1.979540362821855526e+00 -8.275532966099681531e-02 -9.756147123633058804e-01
-1.887465859133428792e+00 -1.504882903459861254e-01 -5.812682253399670262e-01
-2.292023221760143947e+00 5.913943447755858340e-01 -9.578320705847273020e-01
-1.960727391634209171e+00 3.242766369432090179e-01 -1.204091936172175803e+00
-2.345795387189781867e+00 7.999423951749735640e-01 -1.274762832780782285e+00
-2.414150364261279602e+00 5.963986045007075854e-01 -9.113089888060028620e-01
-2.271336253193098287e+00 5.943723526542533664e-01 -9.906629691659790682e-01
-2.254986382418257662e+00 5.199307172856839632e-01 -1.121593645334730827e+00
-3.345109001711104479e+00 8.511602211034271503e-01 -6.228670634593508337e-01
-2.394771872259156886e+00 4.579712917290427732e-01 -8.981504985223779380e-01
-2.570961943441971709e+00 6.520459475132843741e-01 -1.018832823965021284e+00
-2.519332687596433473e+00 -1.154326336843472106e-01 -8.944022063078096441e-01
-1.939014464876184007e+00 3.381294691118411633e-01 -1.067096254185360582e+00
-2.483262469567295572e+00 6.547001164756527380e-01 -1.085723785841406386e+00
-1.978261043019487797e+00 5.793176354026624564e-01 -1.166996524614754449e+00
-2.588092256950004444e+00 5.763532322481498271e-01 -9.520293738481544477e-01
-1.675996234887636271e+00 5.378296346423679930e-01 -8.273504744215061102e-01
-2.393882627757519366e+00 4.756657174865405735e-01 -9.568928146336739271e-01
-2.431455656245936847e+00 2.505484921148123933e-01 -8.777214320187880503e-01
-2.671059192304998220e+00 4.541700996311452410e-01 -1.312068808388143326e+00
-2.253325111435304784e+00 1.005775505967911321e-01 -1.216723667551221189e+00
-2.040025989695240849e+00 2.496153706750352252e-01 -1.143246713308130547e+00
-1.940176230176129613e+00 7.181838359169110397e-01 -8.919239344405665015e-01
-2.483303458283054876e+00 6.714738405749230699e-02 -1.000054470646555282e+00
-2.018561796401179720e+00 1.310128953173923250e-01 -8.625368202579387633e-01
-2.103470120556863776e+00 3.151500766183328861e-01 -9.366052334101927501e-01
-2.388577064357833457e+00 7.521708893418793673e-01 -1.102684419522047543e+00
-2.256838828423111121e+00 5.910680289485407135e-01 -8.818242158320090951e-01
-2.851800554374970265e+00 4.220098085175252312e-01 -8.892033248217859898e-01
-1.775480034157399967e+00 -6.972899286689285270e-02 -7.026170637858877299e-01
-2.011870447853585375e+00 6.525483196704659483e-02 -9.209675380299228165e-01
-2.157404470929312090e+00 2.507722955137804410e-01 -9.393510158009791278e-01
-2.147931349397701251e+00 1.098219086406500011e-01 -1.180951023028293134e+00
-2.022017703252257270e+00 3.211665893760126678e-01 -8.621584825818137121e-01
-1.653524731058037656e+00 6.446907469160919613e-01 -9.204634651970891035e-01
-2.511002957402417302e+00 7.542858999688939470e-01 -1.213883886868437401e+00
-3.166442542175392560e+00 8.112832725352095986e-01 -7.907771350969268198e-01
-2.105495601346317525e+00 5.944195601264230105e-02 -9.639423927525369029e-01
-2.404006877973012379e+00 7.640782748809370473e-01 -4.198936374542441841e-01
-1.697351271625118896e+00 1.515500151091888348e-01 -1.098060262141004939e+00
-2.565535749669710874e+00 4.931604181172140611e-01 -8.686456028431204235e-01
-1.677121781448134064e+00 -1.019755637150342009e+00 -1.374681503024487883e+00
-1.071163006099012494e+00 -5.664670725185759759e-01 -1.091261880893465985e+00
-2.417065396558276902e+00 1.061248588464723253e-01 -1.027285951171990286e+00
-2.004689244348035970e+00 6.304799293718704734e-01 -9.343719738361807581e-01
-1.853375529096017438e+00 3.400835979881989268e-01 -1.152990788572774816e+00
-2.329457112274361474e+00 2.307918174841075420e-01 -8.330273779436986326e-01
-2.531010381221363126e+00 7.826549026692859456e-01 -9.393960282822759744e-01
-2.440900389111610114e+00 4.139207847271085816e-01 -9.189786855904779062e-01
-2.560352978735531693e+00 -4.172285263414524104e-01 -3.849487759608497539e-01
-2.628237174246055741e+00 4.526367633247534161e-02 -9.563784489055759952e-01
-1.886185507888672452e+00 4.081653252534543364e-01 -9.271400889890962782e-01
-1.917104537252217522e+00 7.956483142808979947e-01 -1.009368029454757565e+00
-2.609846942978130357e+00 7.621241708477469179e-02 -8.606679181987286764e-01
-2.354546635418424128e+00 8.622563803614283762e-01 -8.655118374048447194e-01
-2.747492341815568562e+00 1.037090526910492555e-01 -7.683007716683079025e-01
-1.436297030749601022e+00 4.626300006278167842e-01 -2.551724309728445328e-01
-1.966205336887077326e+00 8.488275277252187445e-01 -1.182813300874536955e+00
-1.694542214679195302e+00 2.732350935242517376e-01 -6.245724132503226445e-01
-2.144743988715285710e+00 -1.162149903077973334e-01 -7.586646908506566866e-01
-1.568816727086939311e+00 1.252287688148277622e+00 -1.124437730485789766e+00
-2.459476574085771805e+00 2.416774234266286583e-02 -1.380020110874459638e+00
-2.797332148425613507e+00 5.255540170460585303e-01 -1.168789519283089273e+00
-2.759210502157751321e+00 1.312763228679498795e-01 -8.814044308107370496e-01
-1.819397214379360417e+00 2.757940225830986525e-01 -8.572000168780377072e-01
-2.443689104495649911e+00 6.904696356509056887e-01 -7.012636762682938896e-01
-2.751397714787939375e+00 -3.939158547765495011e-01 1.384998218022232552e-01
-2.009111498069565016e+00 2.746420298553565176e-01 -9.061865366596952853e-01
-2.123382776265493543e+00 1.121727391484289710e-01 -7.463934394453394239e-01
-2.479392106496553616e+00 3.967696897548014801e-01 -1.010749941149811093e+00
-1.403170489735830362e+00 1.796025426885627385e-01 -7.405524805901195773e-01
-1.917442181406497692e+00 1.162018801513752843e-02 -4.362529418676384108e-01
-1.933411798512427726e+00 5.720149598173864813e-01 -7.644309735941260397e-01
-2.670784803186429190e+00 5.699155386575677218e-01 -9.850238718726141984e-01
-2.009201246264861851e+00 4.214083803856164545e-01 -1.078172028872889321e+00
-1.874957447617748407e+00 3.048987371756883835e-01 -1.048254462698043232e+00
-2.926434711856036319e+00 1.313762183416384011e-01 -2.288366693276090991e-01
-2.547366073096951400e+00 -9.789609071987727396e-02 -6.864522485450763600e-01
-2.393838789952199342e+00 1.448646889658271875e-01 -9.616841246303361457e-01
-2.712855910494081257e+00 2.265246795700163324e-02 -1.156191902179216857e+00
-2.556279224706106135e+00 -3.879284951627047506e-02 -8.244934679731141802e-01
-1.922295273876957644e+00 2.550472191440119052e-01 -4.213870615403949582e-01
-1.864346723651713722e+00 7.587050187689557967e-01 -9.406849684748869178e-01
-2.356807197210628591e+00 8.781971302492468379e-01 -1.046922711176532017e+00
-1.941974363733993902e+00 5.340907658142740599e-01 -1.280476076494116766e+00
-2.296978120758484287e+00 -1.514853270897599524e-01 -8.931712795618267364e-01
-2.845806399682449861e+00 3.082174478041782573e-01 -1.114390544252008564e+00
-1.106537184753877412e+00 1.611947636480200730e-01 -9.204503273702341337e-01
-2.671742552274268157e+00 4.771528627592135918e-01 -9.267544698163162620e-01
-2.821831734708064587e+00 7.362591142173761094e-01 -1.551454339538411054e+00
-1.862011712349914472e+00 1.364295485997110702e-01 -1.727745274020334509e+00
-2.386815077808083885e+00 7.917649808115652110e-01 -8.542192117537393825e-01
-2.095234708484611019e+00 2.040245925696306806e-01 -1.189136758719884002e+00
-2.138406415241838499e+00 -2.023155794225102722e-01 -1.017431646352552344e+00
-3.046785001323324416e+00 6.326375157347107203e-01 -2.928754857817806867e-01
-1.143263524581208657e+01 7.804135718544316980e+00 3.986434790073767331e-03
-2.670240855952131565e+00 3.538315895949245005e-01 -9.861936660732357751e-01
-2.142340346844902044e+00 7.401096086440531741e-01 -7.799509111710293263e-01
-1.928082572411759177e+00 1.687520629709759190e-01 -1.336035516025478209e+00
-2.085581348365622034e+00 3.001574253613898957e-01 -9.603550844781429952e-01
-1.473755385631705606e+00 4.196185190273244991e-01 -8.394906229841279099e-01
-1.885988997693476277e+00 4.514829403960790022e-01 -1.212467084557203867e+00
-2.605481581181220196e+00 6.185493465987427358e-02 -1.220265136595132471e+00
-1.934017199785035723e+00 7.727863940826109612e-01 -9.262822800228431852e-01
-2.429893616238198106e+00 6.100045146561093867e-01 -1.164778441874114501e+00
-1.362362556890830190e+00 1.082583624149778267e-01 -5.572513274756625279e-01
-2.287821005807936459e+00 3.093765101449879040e-01 -1.061900858381288115e+00
-1.673331998243545948e+00 1.167669613018494368e-01 -1.061024926417194258e+00
-2.130916355585193767e+00 5.942338407044350790e-01 -9.809437818099870920e-01
-2.659118872687708190e+00 -7.013894743394314540e-03 -6.972514018257237600e-01
-1.882076829908386539e+00 3.385870828128693111e-01 -1.017904072517983538e+00
-2.199130804640548220e+00 -1.078111769803919012e-01 -7.642029029243991856e-01
-2.024179783827114942e+00 1.398595192770492879e-01 -1.307471865954982437e+00
-2.304488653289830769e+00 4.778635694288679847e-01 -2.081964208140873740e-01
-2.187794634309290664e+00 6.370060688177131558e-01 -1.007613140237346272e+00
-2.853521387635256534e+00 1.187041524418626093e+00 -1.209178578616404431e+00
-1.855212886335366074e+00 3.879526607176927988e-01 -1.012037297566424243e+00
-1.696207968083820683e+00 1.352024416560959341e-01 -1.132664982990680524e+00
-1.926336261062378652e+00 1.455103206691377160e-01 -9.868375414816962232e-01
-1.906102976265495963e+00 -5.911262427100160560e-02 -1.011937153285710655e+00
-2.396837592599639244e+00 7.242533613309309892e-01 -8.367218909736976462e-01
-1.808557656114901713e+00 -3.005794361013783104e-03 -1.016966469986748667e+00
-2.069926385018668658e+00 3.907403362452486206e-01 -9.771221361602548949e-01
-2.064252128416641963e+00 6.961039937452206949e-01 -8.404645614918618834e-01
-2.066582675795904045e+00 1.045761323001880294e+00 -9.086469625303318365e-01
-3.652360788121967072e+00 6.764842607349117465e-01 -5.075809667258655011e-01
-2.092874812324549083e+00 6.386079980308324577e-01 -1.105612835979813635e+00
-2.806248956139826056e+00 5.732191394422191388e-01 -1.004304278167231557e+00
-2.567211260196981204e+00 2.879081239228717393e-01 -7.691354540186818856e-01
-2.414436471601404399e+00 3.108723042528866443e-01 -1.020888807674793508e+00
-1.985510899205450874e+00 3.114924088097519306e-01 -1.019173774176242331e+00
-1.923345626014733245e+00 -4.154523274209092065e-01 -8.727582280814878413e-01
-1.882005047344627702e+00 1.688814199195714794e-01 -9.039264120356831356e-01
-2.228064138014624884e+00 -3.012766972109083841e-01 -8.021599812748910763e-01
-2.512540434128357703e+00 4.676397257055242007e-01 -9.936864120194055516e-01
-2.319141761947358216e+00 -2.742150686338007404e-01 -9.186054296081952453e-01
-3.035257307301633123e+00 8.361944985470735059e-01 -7.413671462120638989e-01
-1.974340733103209233e+00 -9.238861387868073372e-02 -1.093395764846666118e+00
-2.535925892134508697e+00 6.871271366326696384e-02 -9.803375174872542841e-01
-2.417521034195247331e+00 6.467936341836992842e-01 -6.294692552576673927e-01
-2.696869134750775387e+00 5.560147688935773713e-01 1.898365416407047923e-01
-1.868461018667784579e+00 5.930888226955870479e-01 -1.076331100117371875e+00
-1.838199262832655334e+00 -5.245771560305331205e-01 -1.607294053432737568e+00
-1.928891827939055892e+00 1.868128227681456477e-01 -9.802108914600866640e-01
-1.898689096896660766e+00 9.068660903346067448e-01 -9.907034236837927166e-01
-2.155334222073288952e+00 4.812142626767762499e-01 -1.007623563710965398e+00
-2.414013800885366212e+00 7.916671457956236946e-02 -8.580643431698473655e-01
-2.563806985328972665e+00 4.349122051495464270e-01 -9.683231343890775777e-01
-1.844223870476787486e+00 -5.930911085302870145e-02 1.128856663355882334e-01
-2.321201327060373742e+00 6.213492331963919035e-01 -7.741687861709436458e-01
-1.864514747349283796e+00 3.588886623277864341e-01 -1.019694090360679484e+00
-1.951055309928998893e+00 3.616693938525535890e-01 -5.472805705596208714e-01
-2.287962667646141757e+00 6.487362269816394633e-01 -1.104714365250160757e+00
-2.224248909819072306e+00 7.071202433563791301e-01 -1.219169517920587920e+00
-2.160494510118911027e+00 1.493560292784495425e-01 -1.079677826545252239e+00
-2.201223894176634222e+00 6.412712191974462295e-01 -5.268943330829441996e-01
-2.749992829223362190e+00 5.061168975960432803e-01 -6.907038993542885530e-01
-2.155234275520245824e+00 4.407578695281212933e-01 -9.802523105742736442e-01
-2.799233773772086487e+00 4.827458725970153464e-01 -1.457639186212490001e+00
-2.475338077341616483e+00 6.089549845232917341e-02 -1.269747575885474600e+00
-1.612533264611013983e+00 3.875252352066666517e-01 -1.037020968624323469e+00
-2.280746788986665496e+00 -1.185002208862787898e-01 -7.168318679948908478e-01
-2.424589509515796770e+00 6.430900922630104072e-03 -6.901148500538039077e-01
-1.690154518369121117e+00 1.945547961833450634e-02 -1.241715906320317808e+00
-1.603754596919594766e+00 -4.578452515264579831e-02 -1.533166520306446845e+00
-2.401837361314935748e+00 6.647337081278003046e-01 -8.488258137511929258e-01
-2.237423271606769237e+00 2.731341665613639669e-01 -9.735542004148239892e-01
-2.442949930537672287e+00 7.879334391730470344e-01 -7.091634196718566985e-01
-1.689332212095508767e+00 6.036010087446211925e-01 -1.532844715603405017e-01
-2.283477994158978674e+00 7.643256785519469965e-01 -1.084665565396821574e+00
-1.964721681334474779e+00 5.575601629185087393e-01 -9.686809236007278834e-01
-2.196902422233510510e+00 1.880751003894563789e-01 -1.012412592779065701e+00
-1.585866989568574414e+00 4.177995894604367468e-03 -1.007406270820835559e+00
-2.083091275050436231e+00 3.760308392662548571e-01 -6.552748348353637509e-01
-2.455739266839471302e+00 5.756895079066324250e-01 -1.128872730819330261e+00
-2.567618800714490224e+00 2.446501165376967213e-01 -9.565732204299498553e-01
-1.842060445629290388e+00 3.255716385670722191e-01 -9.179324309717714625e-01
-2.648611708390161024e+00 9.705609561840680688e-02 -1.136489740265123727e+00
-1.861958514274594023e+00 3.012843926774331216e-01 -1.324749306838015839e+00
-1.853520932972863244e+00 1.585409895264534574e-01 -1.092416232703091516e+00
-2.664233018120211849e+00 5.834118444821498883e-01 -9.796136295246179460e-01
-2.962750591590225913e+00 -7.965589123141938455e-01 -1.373972512034156157e+00
-2.176131382864321839e+00 2.213892577101905235e-01 -6.662405816234387990e-01
-2.390847260664570761e+00 8.096680184204761987e-01 -7.333878226524167543e-01
-1.904314624180987403e+00 -7.849588086466070536e-01 -1.477474409280809420e+00
-1.994726363861670348e+00 3.405889018872308438e-01 -7.866098012102861192e-01
-2.069209664838153717e+00 7.973081651150969451e-01 -9.236186308405155421e-01
-2.725748529392600705e+00 2.686384755850065309e-01 -9.198239641225136598e-01
-1.991918950444250047e+00 3.060866044660996432e-01 -1.020939583675659401e+00
-2.542215582652436634e+00 5.602194444264964046e-01 -7.428083272159231587e-01
-2.758800911515187249e+00 1.064318714493748957e-01 -7.518437739990267987e-01
-2.527524844796355197e+00 7.223932685063005898e-01 -7.084352002845107910e-01
-2.582918531016066499e+00 2.375247186672199001e-02 -6.963436517478619470e-01
-2.337416841867547390e+00 7.654097883288609738e-01 -8.983163372971489924e-01
-1.992137918437837829e+00 5.758989680395473210e-01 -8.109619045298908091e-01
-2.182523705958767213e+00 1.827364177611999485e-01 -1.116187814416042867e+00
-2.257466503528371859e+00 3.681641678536161644e-01 -8.994858039488267121e-01
-1.939825518973585794e+00 9.201266070150198040e-01 -1.185522664155161054e+00
-2.055724837482961753e+00 5.889166602161458597e-01 -1.033964607738751651e+00
-2.539714977069281954e+00 4.757881901123415802e-01 -8.309892680840705870e-01
-2.278876060020586625e+00 1.391103068117756303e+00 -6.873883249862473566e-01
-2.345641473845640590e+00 7.153668139410322979e-01 -9.361913803759381869e-01
-3.037195581367432062e+00 3.003846375755607201e-01 -1.169135111528386117e+00
-1.618218544182345786e+00 6.293845380123371802e-01 -9.502365320027681417e-01
-1.912784927351475650e+00 5.011872601223188450e-01 -1.101285682184176107e+00
-2.863133236703003348e+00 5.046061639599502824e-01 -1.866758056956907774e+00
-2.842680969287830539e+00 2.900344908869786908e-01 -1.036714119394232636e+00
-2.068139180311405756e+00 3.959276451952692955e-01 -6.944792850125847128e-01
-1.951399697228382246e+00 1.837651943556473322e+00 -7.209802509295706319e-01
-2.482910745163596111e+00 2.858106296587433759e-01 -1.022944100487289676e+00
-1.968352762423215330e+00 8.100344758110212817e-01 -1.001862906044251655e+00
-2.754455050027808216e+00 5.841501293179562904e-01 -8.730451705273768459e-01
-9.195663157480852279e-01 4.414704782208360712e-01 -1.516667986274906177e+00
-2.364083934276065779e+00 9.313452561271773344e-01 -7.234905535459228432e-01
-2.473640797708922978e+00 -7.739561410871724501e-02 -7.350818027244127029e-01
-1.809580339207240485e+00 -2.886100068434583124e-02 -8.040358819619922714e-01
-1.997704702111024577e+00 4.931927737235798914e-01 -7.150152792545702019e-01
-2.554984263811904466e+00 3.683993821381776335e-01 -1.071539803659602219e+00
-1.905963444262334994e+00 -4.234302801187043042e-04 -8.618504517871405923e-01
-1.551140144922478203e+00 -3.367175189440220207e-01 -5.885940225323467168e-01
-2.459850784061878315e+01 8.276855469336993565e+00 9.802534769534720915e-02
-1.844680570337940750e+00 9.282244560409033118e-01 -8.333387346125336048e-01
-2.083726222872621658e+00 -1.573450869146173214e-01 -7.423967069303845090e-01
-2.081598721915535410e+00 3.670471261292884008e-02 -9.571372223535837831e-01
-2.169386150346173547e+00 1.496375595421622073e-01 -1.085212160688997507e+00
-2.061068799256875916e+00 1.042579406317595270e+00 -1.296537998894832899e+00
-3.274821244709922752e+00 3.325619456833590060e-01 -2.568074031709478566e-01
-1.464305045839962460e+00 3.853614168546322660e-01 -9.033330860584236621e-01
-2.773144649065088618e+00 3.045039903565194828e-01 -8.940696071499525388e-01
-1.882064735525115218e+00 2.456412724665686942e-01 -7.448161202276346593e-01
-2.432871216027359562e+00 1.929173290321894441e-01 -9.395097082624277451e-01
-2.247337604165218661e+00 2.240305798481787292e-01 -9.660824999356568688e-01
-1.708415559933834427e+00 2.203002775184234874e-01 -7.063472911063907178e-01
-2.372162735425084712e+00 5.411772956820155855e-02 -1.053945519295647726e+00
-2.097256289151553599e+00 3.022845345792681271e-01 -9.495991216453016914e-01
-2.105801668946645222e+00 1.500757016075851435e+00 -1.063564292839722203e+00
-2.572955223307536343e+00 -3.448366553735755513e-01 -1.191555664273119097e+00
-2.535968793627294993e+00 4.458901029273905636e-01 -5.934023211127830155e-01
-2.067530308753663171e+00 8.647342729582163656e-01 -1.207518567022915157e+00
-2.004592366874659692e+00 2.952039045438081821e-01 -9.983279469778962856e-01
-2.746775174825580645e+00 8.823065305991749374e-02 -8.271101344676405898e-01
-2.176690490272873202e+00 3.895870044260940634e-01 -9.082612166857461089e-01
-2.642669266824315244e+00 2.422002812711702979e-01 -1.557605925773172473e+00
-2.703020504074642005e+00 -2.500093220558295345e-02 -1.087426544967346143e+00
-2.017373412806310995e+00 -8.389756650924556913e-02 -9.382268192843576937e-01
-1.664996035745754499e+00 5.324637256247033434e-01 -8.457228709655074672e-01
-1.848625559104462246e+00 5.541841222084036012e-02 -9.534085930721133417e-01
-2.106386642382770624e+00 3.904499421628511713e-01 -9.637523456357942608e-01
-2.426320393864831004e+00 2.078280702222302379e-01 -1.004335671564229981e+00
-2.424625356136486776e+00 5.555157215546436822e-01 -8.746849445776820886e-01
-2.655810274616812627e+00 3.644072539178930259e-01 -7.005553411847549317e-01
-1.933007779112783098e+00 2.455552603270854395e-01 -1.164413042344403681e+00
-2.097064005872326664e+00 1.125406419245172041e+00 -1.534858145863966294e+00
-2.135623858560188992e+00 6.317098972437604765e-01 -4.551769289240676919e-01
-2.352065834733529925e+00 1.000666833943514966e+00 -9.574672430233049925e-01
-2.353168477790218649e+00 1.477439507492512294e-01 -1.377484185306871778e+00
-1.600576680000243002e+00 -5.906666542412247756e-01 -6.462939091345096809e-01
-2.352742903141623820e+00 8.719480457156547626e-01 -9.401024045108994365e-01
-2.315330249374402349e+00 7.582123628589351738e-02 -3.347763620910723659e-01
-2.215159986675430126e+00 -5.727705976465672366e-01 -1.005045362495800232e+00
-2.284897261783230160e+00 3.338439326183381683e-01 -1.210855914663949484e+00
-2.585753757211683546e+00 8.557741237625995367e-01 -1.098516814213687853e+00
-2.234114987352519233e+00 7.131500123231111488e-01 -8.846208717942198874e-01
-2.079266445776066341e+00 -3.335010991431453520e-01 -5.808925033254594972e-01
-2.680540244766952629e+00 3.967473813774147207e-01 -8.160451282733026668e-01
-2.095879388598298476e+00 -9.064532475796828193e-01 -6.613438453995360566e-01
-2.543961853059767186e+00 4.388997863215737816e-01 -1.003071193987279397e+00
-2.391999215771109188e+00 2.760060862963307771e-01 -9.431649330075417836e-01
-2.240148585444791784e+00 5.779797051366891703e-01 -1.258041803551166016e+00
-2.423139503563621400e+00 -3.269919658866175631e-03 -5.854268251845251569e-01
-2.018382544869632866e+00 2.224386427988004344e-01 -1.156489717816881146e+00
-2.266010535559529249e+00 7.190537204658347115e-01 -1.205771710803371199e+00
-1.872924996725166213e+00 5.442002432160643055e-01 -1.051385072061322035e+00
-2.554269187478241054e+00 5.196941229944730678e-02 -9.766207284718061432e-01
-2.110764653276142155e+00 1.318496936825064858e-01 -5.343162203035630720e-01
-2.602338009035860100e+00 7.061040612326873189e-01 -8.844150680066799053e-01
-2.391432308143432994e+00 1.415330534028319820e-01 -6.541075905294193582e-01
-1.760235387912102656e+00 9.831340066262875821e-01 -1.005393405444267252e+00
-2.228539059834732772e+00 1.017033306360234812e+00 -9.114626604601313575e-01
-2.472975728554868802e+00 7.547558276334764837e-01 -1.142556779312906778e+00
-1.762036204385351690e+00 2.569582966990758832e-01 -9.008285257735205720e-01
-2.397603039162407690e+00 -1.321873283300848412e-01 -8.068764093063330867e-01
-2.087266009787482002e+00 -1.574037822516718421e-01 -7.624853444046411077e-01
-1.900353398269613692e+00 2.517014506474908320e-01 -7.571460329709187587e-01
-2.794380162039175275e+00 3.454967084452898463e-01 -6.274470486074315012e-01
-2.318020111636648117e+00 -3.751255963356827511e-02 -9.250534339666386385e-01
-1.745924475835570311e+00 2.531876927412371470e-01 -1.059179410334450289e+00
-1.960064055209319145e+00 1.248242716438858091e+00 -2.502342493953367830e-01
-2.100081337690185901e+00 2.321487974728417558e-01 -1.029959747249867164e+00
-1.905301829336522701e+00 5.652533690483405593e-01 -9.454053639331178038e-01
-2.123447595198068250e+00 4.148471184728628747e-01 -8.476355392324256277e-01
-1.838505978397174445e+00 -2.107725946199434305e-03 -1.034949502172383573e+00
-2.367393619092460710e+00 4.253439096560019950e-01 -8.790029312248937021e-01
-2.098243789246140079e+00 2.814502154145588908e-01 -5.837388893584978256e-01
-2.190053249889388542e+00 6.150408416872091971e-02 -9.584154771295170239e-01
-2.420659463037932113e+00 6.333082577639264077e-01 -9.552788277141596174e-01
-3.353102767188581357e+00 1.066167478767910737e+00 -6.127571317295044118e-01
-1.878516413998296164e+00 3.381766669116825219e-01 -8.871707623481730476e-01
-1.891799562815831948e+00 1.372588114407264082e-01 -9.037714885758881822e-01
-2.580755802472275207e+00 -9.286634515270261736e-02 -1.213106631564860205e+00
-1.573205932267684792e+00 -6.187682165639428744e-01 -7.661371079835980202e-01
-2.284959660137457771e+00 -9.967463955761898808e-02 -1.148949279499980491e+00
-2.207392172441735134e+00 -1.167919095234599136e-01 1.588197879900642151e-01
-2.638046187652475894e+00 1.098823678302255913e-01 -9.808697523706243482e-01
-2.179111238238499837e+00 6.654707343037842282e-01 -9.444748014971858785e-01
-1.721648523849892864e+00 3.701027789726689665e-01 -9.075378740490187557e-01
-1.906882293367696102e+00 3.143541082134080900e-01 -9.432383339110075315e-01
-1.873027879528897932e+00 1.409974621141395767e-01 -9.296743800990376894e-01
-2.281831347510822727e+00 1.801318587178799280e-01 -9.486527764427333809e-01
-2.677645751892137937e+00 2.192586492307580792e-01 -6.702762896538783099e-01
-2.292304254989332435e+00 1.134334114929554244e-01 -1.339003707092510265e+00
-2.291722474041485658e+00 6.870990476298873828e-01 -1.027811341568479753e+00
-1.947951303215181396e+00 3.960558425408501337e-01 -1.062126858608145596e+00
-2.053850687968074240e+00 3.171488896105685851e-01 -5.757924482119582965e-01
-1.988553505407363975e+00 3.144537923248089811e-02 -1.005296815377838326e+00
-1.913685809541133320e+00 3.101229032734144631e-01 -9.469651005347117234e-01
-2.628804836439253556e+00 4.621035696834725481e-01 -9.526108022403292352e-01
-2.131076020502241430e+00 1.006596240801501896e+00 -7.919935138417533160e-01
-2.546010295803371015e+00 2.233221436945543037e-01 -9.199902878769673498e-01
-2.648956741817172222e+00 5.450399598039084026e-01 -8.331207943610915434e-01
-1.801862375007228678e+00 5.995185522418682300e-01 -1.018959892619579310e+00
-2.537726931050735324e+00 1.803811058184888738e-01 -8.287374245003092943e-01
-1.974579853392135487e+00 7.872856591243428959e-01 -1.117669634928587730e+00
-2.455472499043906964e+00 -5.868049625475333514e-02 -1.211297599094397714e+00
-2.171291795349703957e+00 -2.585861168236807672e-01 -1.040517626258705919e+00
-2.008272415043913295e+00 7.243813415709050574e-01 -9.419898402429016659e-01
-1.823833699613051751e+00 4.523697153967854434e-01 -7.710685392237980329e-01
-2.498645388325456462e+00 7.363138661233030735e-01 -1.250053525035003776e+00
-2.614545076018866432e+00 2.892717578113286891e-01 -9.576248881197966245e-01
-1.873314743906886681e+00 1.278121377469778885e-01 -1.072032516619061626e+00
-2.186492284418382503e+00 1.530170332279523926e+00 -1.660753098270873140e+00
-2.584369224888929395e+00 6.059554167341927311e-01 -1.136749784629287330e+00
-1.977458433090703016e+00 4.898574165863850416e-01 -1.215846158926613185e+00
-2.280388430745860617e+00 8.345321259015324733e-01 -9.828698447087238499e-01
-2.589429489171156007e+00 3.583349742336260912e-01 -1.103235002923920183e+00
-2.226833157054242562e+00 6.258472057928543553e-02 -9.272355251698319867e-01
-1.659138476416953667e+00 -9.626525765017947267e-02 -1.140617983935138025e+00
-1.852175056188846591e+00 8.394364837602534823e-01 -9.486926432280758936e-01
-2.098021589498735295e+00 6.238218638165783370e-01 -9.199453082126638481e-01
-2.818773147305031035e+00 2.197631434030402897e-01 -1.010214056268909477e+00
-2.342905616866549412e+00 8.004064222887417035e-01 -9.840815446848512060e-01
-1.624644395678904729e+00 4.220279504662379777e-01 -9.082773850036685026e-01
-2.884450195696485864e+00 1.008330829404832985e+00 -8.801745875626717508e-01
-1.728435915370817089e+00 3.816860433430114274e-01 -9.119007895206148184e-01
-1.914226656659924419e+00 -6.139968251420686585e-01 -1.027592351351784616e+00
3.337117983182800174e+01 -1.361738434876909487e+01 8.908644216163974505e-02
-2.026888260197631464e+00 6.259094422052758899e-01 -7.327159523324642265e-01
-2.681108185471056338e+00 5.295802162946964264e-01 -9.347991759381115706e-01
-2.035666715578415165e+00 3.079963958138962621e-01 -1.058919449757840026e+00
-2.410556222950329452e+00 -1.876323953353774554e-01 -8.794797944347175767e-01
-2.856833269396466868e+00 6.927848296028834563e-01 -1.021208751096941203e+00
-2.075036605091424846e+00 5.345484733865305538e-01 -1.122991800881390612e+00
-2.041831967155282257e+00 2.924279362519243142e-01 -8.797634920255762436e-01
-2.149098315277894855e+00 2.029108458115810865e-01 -9.340591940814192418e-01
-1.533987795536909005e+00 1.888147606987322924e-01 -9.941305311274899470e-01
-2.226198989380317350e+00 1.213139403244283709e+00 -2.145056559131175877e+00
-1.335973100028283955e+00 5.739956206249006154e-01 -1.754619530462474541e+00
-1.766360134737427146e+00 3.007490847724622052e-01 -2.715722698125865864e-01
-1.570719563034385979e+00 3.832413548128790759e-01 -8.900980001869299718e-01
-1.855003402890842201e+00 -9.101520323722042671e-02 -1.152948611131931367e+00
-2.440037265822224910e+00 6.467044840997121513e-01 -1.198739969370050673e+00
-2.089537631847506738e+00 -2.719643258657647791e-02 -9.069655421825573161e-01
-2.232533346192535628e+00 2.059436815285807243e-01 -1.014377600824970749e+00
-2.427154520478636002e+00 1.531304794210240627e-02 -8.721468028004346618e-01
-1.738360525649193189e+00 -9.359386559549220941e-01 -1.157206242532057061e+00
-2.064070361392574160e+00 -1.232823725181011049e-01 -1.055023532904207473e+00
-2.043885758385679985e+00 6.364241144772003755e-01 -1.166739851107645887e+00
-1.650301708914047927e+00 -6.964452455259078079e-01 -7.976632955011639936e-01
-1.900014794218712222e+00 4.133704871485767707e-01 -9.259584606918215277e-01
-1.389825563111698026e+00 8.519256685979856858e-01 -9.620566445326405036e-01
-3.115881216061852754e+00 5.930768317761202502e-01 -6.395378690581848824e-01
-2.758288252254986084e+00 2.120689148539843250e-01 -9.561876925140390115e-01
-2.592356501298935800e+00 -2.328455398294628775e-01 -9.058173063132711755e-01
-2.439952263036775815e+00 2.276434194743680584e-01 -8.509035999774782200e-01
-1.876858994658668900e+00 6.097987013035158776e-01 -9.942878675332539329e-01
-2.540726774750066586e+00 -2.317621261887000683e-01 -9.448699422159312356e-01
-2.633381498151761591e+00 5.025488054919649006e-01 -5.514239468003704348e-01
-2.348076174219459578e+00 5.359120231878938823e-01 -3.051577215223829631e-01
-2.087901803094874165e+00 1.838867121765707935e-01 -9.225506732854953373e-01
-1.393949699469748227e+00 -1.421576468946852134e-01 -7.829781409272933423e-01
-2.748709708759552228e+00 -2.553155564478991058e-01 -5.670823973993491807e-01
-1.931360124445102411e+00 -1.661246667485289097e-01 -7.939602962277719778e-01
-2.102815402674238499e+00 3.608782173948560934e-01 -1.020373205270342032e+00
-2.456220886760324351e+00 6.205612604461875625e-03 -7.900002280655674669e-01
-2.005022180127471909e+00 1.357354947685270319e-01 -9.129087650775390417e-01
-2.124595716505540466e+00 7.145595768145983351e-02 -1.182415008495514952e+00
-1.719831538695483220e+00 5.593344903718798777e-01 -9.021877934386646203e-01
-2.365609299960045764e+00 -3.398029809955614433e-01 -1.034795572240768458e+00
-2.359576494217719755e+00 -4.163109588529393529e-02 -9.843997320230105652e-01
-2.069260524195553508e+00 3.353959655403606077e-01 -8.851092727517309022e-01
-2.083148423123250215e+00 4.907166212254950310e-01 -7.754214069099888418e-01
-2.227708807929289048e+00 1.871102838280595468e-02 -6.662938752849146828e-01
-1.341055976598259925e+00 -2.021301513831179619e-01 -1.145907472608409972e+00
-2.199013343489818251e+00 7.138891790467958298e-01 -1.077737293013292463e+00
-1.961644847799109748e+00 7.866404465124110512e-01 -7.524435560511270049e-01
-1.705695924914121031e+00 6.060620922907065111e-01 -1.078573492635327202e+00
-1.917910939841511508e+00 1.916213357368409809e-01 -9.670646234133553065e-01
-2.234858845789865711e+00 7.599816531784718832e-01 -8.622315738631466386e-01
-2.491639683261502647e+00 3.286236462670555913e-01 5.565728477548442799e-02
-2.149623885738736639e+00 8.211910500038569483e-01 -8.112979994152574870e-01
-2.464234436504548764e+00 5.383310809620367454e-01 -9.782246224291732961e-01
-2.104291734894708554e+00 3.190609946318058721e-01 -9.616580910780518909e-01
-2.321932771024189712e+00 1.021673361702773730e-01 -9.016004908032297926e-01
-1.742134985471817776e+00 5.138927202623227997e-01 -1.057131728445441787e+00
-1.901667257944356759e+00 2.774867553335286230e-01 -9.669829251029457007e-01
-2.364028472003285142e+00 9.522835013052453543e-03 -8.125233203530888293e-01
-2.182173047725610715e+00 1.222565229417728050e+00 -6.738676376732301021e-01
-2.547087885064167168e+00 1.091358627816367832e-01 3.101004384066037914e-02
-1.655543859387420991e+00 -4.201844313576981460e-02 -1.030822636455767549e+00
-1.775969039540069572e+00 -5.196912868238370287e-01 -6.326087848771599909e-01
-1.600275236404647083e+00 4.668053604304303050e-01 -8.618902035720800159e-01
-2.537687547888968442e+00 -2.153095219339635213e-01 -8.236320633508932287e-01
-2.970080831775137487e+00 7.138678754596948783e-01 -7.804215945247081621e-01
-2.241146127966743062e+00 -2.685556210582294625e-03 -6.121471671109907087e-01
-1.821171484722177381e+00 4.790003585265157904e-01 -8.948707518515565118e-01
-1.902083153287414063e+00 1.454642662923113228e-01 -9.262438040453739863e-01
-1.485008178686549885e+00 3.730226039203385913e-01 -8.542475699154020718e-01
-2.117167010112275261e+00 1.069572180709383175e-01 -1.236339374376348443e+00
-2.713406364994200182e+00 1.274711639196371704e-01 -7.785640972346170585e-01
-2.045945592420961301e+00 5.979280168019999175e-01 -9.675625982507998213e-01
-3.493207964083421935e+00 4.451173018999905473e-01 -6.886983185494169879e-01
-2.176344233524938776e+00 2.353998255200984713e-01 -5.815208849058853824e-01
-2.614909693658445278e+00 3.227576734744030396e-01 -1.264126376480199543e+00
-1.910270622705436683e+00 -1.328372864988268121e-01 -1.099661309236355189e+00
-1.496942260244594314e+00 5.684513547167181491e-01 -1.084039597616565986e+00
-2.242420934755817274e+00 3.665483138690385501e-02 -7.989382902986533752e-01
-2.067276566015995520e+00 1.536518838809352305e-01 -8.769714707491239603e-01
-3.033138546533966196e+00 2.711810451286600920e-01 -1.098611664763855744e+00
-2.046233490094452101e+00 -2.312322047464243913e-01 -9.419109746433620423e-01
-2.809932471780889340e+00 2.415147466934890186e-01 -1.008487333052792145e+00
-1.839138162449565517e+00 -9.188267866168878806e-01 -1.112922276095821950e+00
-2.678562443982940078e+00 3.399215122236239339e-01 -1.016678525713675230e+00
-2.644591875210998477e+00 2.978498071767961553e-01 -8.906264305709308271e-01
-2.726024190219243692e+00 2.389375786535923862e-01 -1.022304424482010754e+00
-2.377724540360867334e+00 -1.371145626320180444e-01 -8.614175671217642050e-01
-2.185239668670205138e+00 5.216276633432487264e-01 -9.454973381830767964e-01
-2.350421095692462714e+00 1.612369168348364523e+00 -1.794347022496799005e+00
-1.420648952433098300e+00 2.985735119999647913e-01 -1.853753613383390952e+00
-2.243797842693497024e+00 4.549731526601957232e-01 -6.393507916976099992e-01
-2.333754956524938251e+00 6.461337667940972862e-01 -9.813086182037521477e-01
-2.005245638235636285e+00 5.586816044288016592e-01 -9.289040689338847745e-01
-2.601288284167116327e+00 7.090034586909688130e-01 -1.132389347414658687e+00
-1.892087636107346649e+00 -1.433070287304421264e-01 -9.085428122660402783e-01
-2.277690821294914070e+00 2.358724400009516442e-01 -8.401051660388788589e-01
-2.000172112475052444e+00 5.056341208901962148e-01 -8.814608356488921048e-01
-2.552500783689151120e+00 -1.796083528638440785e-01 -7.927260998376944867e-01
-2.636647576157954642e+00 5.792547826040587156e-01 -1.294488597000162722e+00
-1.937094525796468902e+00 6.455615325514629799e-01 -1.036511244192252379e+00
-2.177124554988030258e+00 3.453345791855078617e-01 -9.866367601938509369e-01
-2.004903846186842031e+00 -1.551685701035158960e-01 -9.918326208988075265e-01
-2.553311864966680833e+00 6.494250728549616491e-01 -2.192777044557594035e+00
-1.737857036866126359e+00 1.381787010288650433e-02 -1.042815258224918162e+00
-2.000729327559580550e+00 3.712907319277096163e-01 -1.009052046853485374e+00
-2.375380236926527999e+00 3.322232147102548994e-01 -1.038913326523226655e+00
-1.982743253248808513e+00 1.704911806397484686e-01 -1.003760231432949457e+00
-2.081167166331971519e+00 1.086583008547290299e-02 -9.285432072370988221e-01
-1.758321567066539082e+00 4.707324425068294960e-01 -1.274554229478745748e+00
-2.035552525853882244e+00 4.100731716531134247e-02 -1.036883238253744954e+00
-1.745604639881144005e+00 5.197401641774560543e-01 -1.107768795726519651e+00
-2.364916991354747200e+00 7.735892053777543298e-01 -7.346846489420211235e-01
-1.670655436847856112e+00 1.959690385038504734e-01 -1.041986100771487234e+00
-2.368728081331972213e+00 1.658864482983812838e-01 -9.794374337171600775e-01
-1.557591255546928677e+00 1.389802703749038471e-01 -1.206604503386432770e+00
-1.917792829633021778e+00 2.507209386205611762e-02 -9.175253327968020400e-01
-2.332524110046882981e+00 -3.836192180787057621e-02 -1.362202685914408962e+00
-2.296002160307549556e+00 4.766693961474922636e-01 -2.038966511737353215e+00
-2.483577011763803188e+00 -4.585691274843149423e-01 -1.332612776071223637e+00
-2.112789330986354130e+00 8.926600172754002305e-01 -9.539789316637240502e-01
-2.173296220579625349e+00 1.930009768764811770e-02 -9.829529870896915877e-01
-2.045428823409023877e+00 5.862884893508186757e-01 -1.228515275769513471e+00
3.345746473375142926e+01 -1.800055426496703603e+01 -7.117917041970271974e-01
-2.146553071692365755e+00 -2.446795864381582156e-02 -8.701633345779693496e-01
-1.632217432869661922e+00 2.866849476027380494e-01 -1.006956798037372369e+00
-2.021808561460995968e+00 -2.599228694634793738e-02 -6.729001362314749324e-01
-1.802413955917924193e+00 3.736083621579203151e-01 -1.340590393392135926e+00
-3.019555219713077054e+00 3.785824093819520342e-01 -8.573009553627716217e-01
-2.080704941116717777e+00 -6.894917934238518897e-02 -9.059700762286849729e-01
-2.346635702471100426e+00 6.423855300360898912e-01 -1.211259571539474500e+00
-2.393105607101093213e+00 5.535721895834995188e-01 -1.008165642230165915e+00
-2.299014755849654090e+00 9.617085389895573266e-01 -8.782217082527443708e-01
-2.276174876028008942e+00 -1.155056186954628444e-01 -9.518493840750148482e-01
-2.516349298522864597e+00 9.781955724671061170e-02 -7.326839692039823770e-01
-2.437630827877258710e+00 -1.120930215620410085e-02 -7.873306442225653790e-01
-2.010659651973293993e+00 7.073951117591722459e-01 -9.909005291272052762e-01
-2.762660387845081278e+00 1.744557147446951784e-01 -8.317648659743670514e-01
-1.984735028333007412e+00 2.445904375071023262e-01 -9.391524113636121607e-01
-2.726586891636226806e+00 8.114622264322629563e-01 -1.092950327995622750e+00
-2.207331395628036930e+00 -1.696458144127242218e-01 -7.414209755040747085e-01
-2.201213302624308366e+00 7.199776742671653018e-01 -6.673941829269648407e-01
-2.072004281593072150e+00 4.925368828252170705e-01 -1.073928854675046285e+00
-2.107065328306599206e+00 4.652872358674173259e-01 -7.867360963568886811e-01
-2.193435867483324309e+00 1.906401141969142621e-02 -7.880947666745372615e-01
-1.699992701980660881e+00 4.952875781650484810e-01 -8.564975451572792720e-01
-2.468754815578305450e+00 7.054841490212655775e-02 -8.532808016172869214e-01
-1.952343683080301373e+00 4.368625518973459632e-02 -4.789412807294137209e-01
-1.466224417682473247e+00 -6.377930881050482281e-02 -6.088127892874659608e-01
-2.349290905945143226e+00 6.756863931996678341e-01 -9.528713616010912046e-01
-1.850372996196520736e+00 6.259564575650576890e-01 -1.011697378212994325e+00
-2.111546076508270975e+00 3.346614340862577031e-01 -4.243767068359783345e-01
-2.119000851042708522e+00 3.243591754434608232e-01 -8.654323012754776556e-01
-1.697497829272772929e+00 6.962914415171483906e-01 -1.494265757853494803e+00
-2.219741292662548382e+00 4.287546045726967070e-01 -8.369797607991548150e-01
-1.607592738990949899e+00 3.678633881626151569e-01 -9.005005087745761028e-01
-2.583547403125172170e+00 1.652363198223362750e-01 -1.144170187870184652e+00
-1.587016824342421639e+00 -5.785034837303990041e-02 -1.723503861623248312e+00
-2.487090888413742373e+00 3.401616163125198988e-01 -6.081127166107815896e-01
-1.899450936190795858e+00 6.859631166580412720e-02 -1.022029238155255149e+00
-2.746631787798272217e+00 4.315182087738224093e-01 -1.017265147582777418e+00
-1.716889673279202500e+00 3.256631926192002924e-01 -1.162384061643184197e+00
-2.240579075017469002e+00 -9.520565931445941488e-02 -1.039222758988434636e+00
-2.313119695476069992e+00 1.983167259461230125e-01 -7.202889241859472547e-01
-2.900802405276377893e+00 6.189461485359414317e-01 -8.884454528390745010e-01
-2.612484212039190012e+00 3.688559435395800112e-01 -9.096497752215630950e-01
-2.261901478260477383e+00 -1.688537044838883394e-01 -9.526422219329757635e-01
-2.045138517398921163e+00 7.288808067375371902e-01 -1.372852163059562036e+00
-1.792899853428431944e+00 5.007758387565733882e-01 -1.033583519205693024e+00
-1.561616852661610544e+00 7.113539207164435441e-01 -1.223589907050918635e+00
-2.140993580425943232e+00 -4.546134049771667629e-02 -8.993824395475588096e-01
-2.585436313171017186e+00 3.425872169848433874e-02 -9.481628711313143665e-01
-2.767581837519031307e+00 -1.627989115614695004e-01 -6.198069933305474510e-01
-2.283847336116280768e+00 -1.126271345262176288e-01 -1.407539655203420059e+00
-1.944708406864902983e+00 -7.291647973859867460e-02 -9.879177753418660890e-01
-2.191071032905457017e+00 3.653471969122233376e-01 -9.787608340763982451e-01
-2.236817551246929270e+00 8.799689455339086697e-02 -9.280703549472806291e-01
-1.929846562603758864e+00 -3.058866510537388006e-01 -7.084522169088113275e-01
-2.459332273130400814e+00 2.201730528537129694e-01 -6.947589034179396661e-01
-2.043039272303797560e+00 1.071208163336445640e-02 -8.939607552543551439e-01
-3.389358201034674334e+00 4.488476424837740120e-01 -1.610760556097293295e+00
-1.999562968088887338e+00 3.200074529438425852e-01 -6.214481088770388295e-01
-1.787662018514960982e+00 4.760345009755205248e-01 -1.103969040017550141e+00
-2.006430731444024396e+00 1.242619618010978977e+00 -1.727724882504008352e+00
-2.308807995879510244e+00 7.338878460784054036e-01 -8.405271492852987025e-01
-2.243443867243743117e+00 9.421677163161382706e-01 -1.055221580907250489e+00
-1.606179758032336924e+00 4.470521235091428625e-01 8.362359404867705792e-02
-2.722476045203217954e+00 -3.962260383892826643e-01 -5.706562141771083230e-01
-2.552358581704880613e+00 1.280688379174508729e+00 -1.918411764819250909e+00
-1.580794019314276655e+00 2.475268989073993453e-01 -9.128371419741839743e-01
-1.889104507658443843e+00 7.810593063347827381e-02 -1.011238039019959345e+00
-2.038960458043624691e+00 1.786436608030935597e-02 -1.062434111846077611e+00
-2.571893207067823983e+00 -2.868582123865606737e-02 -1.171277877049785809e+00
-2.528406910167618094e+00 -1.548311140645209916e-01 -9.298969003440822334e-01
-2.798772898974055678e+00 3.277770926960828224e-02 -1.064956681216261414e+00
-2.269693995618843552e+00 6.236467589261742717e-01 -7.386785086352375407e-01
-2.529977702682835172e+00 1.985787828892864315e-01 -1.132280720193149293e+00
-2.327077297786907195e+00 -1.426922677864619318e-04 -9.573304984738574275e-01
-1.917181608031478968e+00 4.635625088603954613e-01 -1.190375737290413349e+00
-2.562942176262031246e+00 3.965444118471359580e-01 -6.701219153105446580e-01
-2.309277260155639055e+00 4.480460367035178915e-01 -9.645020243397052218e-01
-2.360314294843571581e+00 7.028945246503547351e-01 -1.030704732951817304e+00
-2.147345826037348360e+00 8.055697292998080794e-01 -7.005341250814001164e-01
-2.458314747524759980e+00 1.045887177040646376e+00 -8.330744451005979156e-01
-1.727886149698001583e+00 1.292712748533227651e-01 -9.684164321225949834e-01
-2.409470428804804776e+00 3.718412984116488684e-01 -1.005741893761767258e+00
-2.018633124995569794e+00 6.107676083091877484e-01 -9.981084332894909483e-01
-2.543618018243852585e+00 7.908446143849569010e-01 -1.042232070695904733e+00
-2.661061215610389663e+00 -9.210132919248086025e-02 -9.428843030293199146e-01
-1.398465361429036546e+00 8.096411487246663041e-01 -8.890852292306180571e-01
-2.481637716780848546e+00 3.757005244525389309e-01 -1.457144103597397544e+00
-2.235572598275803902e+00 6.208934626812113722e-01 -1.064536632892474577e+00
-1.883982193778686476e+00 -3.199879873224268506e-02 -6.548315456449489425e-01
-2.302344834422318076e+00 4.727108572628257455e-01 -6.444083195619524362e-01
-2.627150554546235917e+00 3.479559594523921051e-01 -9.137587055850824314e-01
-1.914794983427018593e+00 3.375870668295540833e-01 -8.025709761286653476e-01
-2.089248542862633506e+00 1.358128485514012773e+00 -2.204408285181097327e+00
-1.967952813364260090e+00 1.907855221126917300e-01 -1.077159558501692871e+00
-2.025201469561982659e+00 -1.355290176027895976e-01 -8.213300017818990773e-01
-2.730733280251193218e+00 5.037556708210690903e-01 -9.778053597112397188e-01
-2.294932666116031417e+00 3.991792472523448265e-01 -1.210113927285004776e+00
-1.983337690151960153e+00 3.749794604735212644e-01 -8.807390243745244485e-01
-2.814016832427100212e+00 3.064613281053281124e-01 -9.245150123777550188e-01
-2.306976266874283255e+00 4.456744539827554585e-01 -1.047048660149166421e+00
-2.499323480448527590e+00 3.850329652893830779e-01 -9.462340282462032848e-01
-1.705553063163237848e+00 2.192675714629251926e-01 -9.651474234262166219e-01
-2.426615630506287147e+00 1.251716402893060742e+00 -1.071593529017317747e+00
-2.728359862526877233e+00 4.362304671128533484e-01 -7.670009000133899413e-01
-2.559317234328198243e+00 4.044480548669255882e-01 -9.439301480191666371e-01
-2.228581685285597747e+00 9.515588959317076989e-02 -7.091773100831286758e-01
-2.240368192084290833e+00 1.486608111965492807e-01 -6.046702252925193477e-01
-2.170602046363345750e+00 6.422925023615065898e-01 -7.337068567679042586e-01
-1.670403884248953030e+00 3.569649298646052071e-01 -1.097356844718544888e+00
-2.542152112662612318e+00 5.581063036271521893e-01 8.565245512698435593e-02
-2.582236264616676991e+00 6.604120977851334340e-01 -1.017061440907321757e+00
-2.599475325618355370e+00 5.344396304169274359e-01 -6.362193956562836039e-01
-2.057073223661573635e+00 1.250561565001618858e-01 -8.191106382312159928e-01
-2.463131252684415795e+00 3.362896774212723594e-01 -6.705073092068815077e-01
-2.502465305241558635e+00 3.017461818578938693e-01 -1.031322755181139694e+00
-2.503536017908580380e+00 6.534686453513199877e-01 -9.668073872103737365e-01
-3.222524045584572949e+00 1.048149594275861851e+00 -1.221253893142424607e+00
-1.721936676676893763e+00 -6.838928356061418912e-02 -8.016818984034030926e-01
-1.930773067319692560e+00 -6.018747273603279879e-01 -1.710711251930628229e+00
-2.912467326736766005e+00 9.298885926860909201e-01 -6.143726034661662894e-01
-1.984397301056902263e+00 1.508440046673492629e-01 -1.276344197239013045e+00
-2.546985158654775372e+00 3.753088820465709241e-01 -9.557627474937242518e-01
-1.930437977317119413e+00 4.732345725902280531e-01 -8.829111124134637612e-01
-3.440338138443740146e+00 7.811276828300657282e-01 -9.542403453933544499e-01
-1.729038135868946924e+01 -3.770701723089074875e+01 -6.600355811607616641e-01
-2.715009992609355827e+00 2.460928764108972489e-01 7.507018616544675407e-03
-2.631959499534681335e+00 2.219135693596724010e-03 -1.151476798711154936e+00
-1.714588927828608389e+00 5.665456705237573720e-01 -8.255779105356704228e-01
-2.578959573388508453e+00 5.467356441554509922e-02 -8.699033068679253855e-01
-1.940415475637843334e+00 6.727367944866738947e-01 -6.671993950072778734e-01
-2.014896503072450162e+00 5.343236889761049380e-01 -6.131079602891197355e-01
-2.146498789013502329e+00 6.636207220560236264e-01 -7.942865593629875320e-01
-2.311998444114611750e+00 5.642957284487958303e-01 -1.242059380436394633e+00
-2.290485258246224731e+00 1.392385035659426673e-01 -9.372878406521002459e-01
-2.152304460140698428e+00 2.379366777371985375e-01 -1.262873863763982030e+00
-2.222072638576737091e+00 3.597622237226906772e-01 -9.351317329249895227e-01
-1.938371792265153326e+00 7.392697759000873559e-01 -1.154964357497284322e+00
-2.624734777253605600e+00 -1.495024452357530675e-01 -1.237127311884348213e+00
-1.991894546145704714e+00 4.010998147491880439e-01 -9.681266920370259488e-01
-2.589023403543600388e+00 6.790386244806790872e-01 -1.025066594633643913e+00
-2.520918761244519413e+00 3.854264131802414561e-01 -8.318649885433214708e-01
-2.405071108845858951e+00 8.833714787659893153e-01 -7.255838737785056392e-01
-2.515110927364465621e+00 1.389265262145412960e-01 -9.843611067208104526e-01
-3.157423053449915251e+00 1.417828941918857222e+00 -9.294076856809982967e-01
-2.257625323651460736e+00 5.811437526507267082e-01 -1.058451642651124791e+00
-1.976778707021994652e+00 1.297184747753754031e-01 -9.798364753390655935e-01
-3.054370357247440992e+00 3.447352655543650668e-01 -8.979727538303158285e-01
-1.656397844956603471e+00 1.537179917705978616e-01 -9.241912588574825449e-01
-2.252840501164311782e+00 -2.222446461426196007e-02 -1.071719069891738041e+00
-2.721346357190175702e+00 -7.910284141671954095e-02 -7.322122299391913280e-01
-2.252610501892706729e+00 1.195088483960910219e-01 -7.816932466091286447e-01
-1.557018024900661768e+00 6.240081058097457500e-01 -5.021093803735899863e-01
-1.495770668900823663e+00 1.099145194389534952e+00 -1.284387997567066675e+00
-2.440820768464812662e+00 4.085648852803950293e-01 -8.578617357135726040e-01
-2.227885966773232251e+00 8.547809294357073817e-01 -9.901386168620457395e-01
-2.023532267549207564e+00 5.886528976686269399e-01 -9.089233332483055428e-01
-1.723443931446688282e+00 9.686478655608513622e-01 -2.245109007826490422e-01
-2.176435049081193895e+00 6.652084635775331600e-01 -8.884040511794063510e-01
-1.916910627376515075e+00 6.528674611442687736e-02 -7.631010611881353656e-01
-2.161254474384401991e+00 6.172722690305357807e-01 -1.443589885979709830e+00
-1.587337899566416688e+00 2.597162467474233294e-01 -9.366266544961447948e-01
-2.187660162063474356e+00 -9.936908878587019656e-02 -1.020700148145730735e+00
-1.705939617221330584e+00 5.574644396413025449e-01 -9.697388881612113432e-01
-2.511413216737488074e+00 5.754868109014543015e-02 -1.150798742160287658e+00
-2.132241988431264890e+00 5.166999634806395125e-01 -1.045102497729229807e+00
-1.994145468116423459e+00 -2.604713579604749363e-01 -5.037258320611963658e-01
-2.165364213691927109e+00 4.230453998007855931e-01 -7.036560341538750096e-02
-1.678899140231154163e+00 2.062608814896524367e-01 -1.019118258690911771e+00
-2.076334066091749087e+00 5.847420777781445755e-01 -1.012371105658920634e+00
-1.859438520230466185e+00 7.679539257365106675e-01 -8.953644768470416793e-01
-2.061107231687046237e+00 2.896073463454612584e-01 -9.152047252353641138e-01
-1.849027431443594160e+00 -4.284297584047130208e-02 -8.531148158034180806e-01
-1.841671739338319291e+00 4.364837639858161478e-02 -9.821164628680834063e-01
-2.695980423105442281e+00 7.869184205695169965e-01 -9.714790633441610090e-01
-1.862422852272567653e+00 8.592558741911114906e-01 -7.908682798708549511e-01
-1.830764801633188776e+00 3.994616307244010511e-01 -1.071587808737037628e+00
-1.877216456240637932e+00 1.142173417333281149e+00 -1.229020504504057421e+00
-2.693522739378745090e+00 9.661788521063301161e-02 -1.059889979521533299e+00
-1.597038833973234206e+00 4.944705280092505095e-01 -8.323426290735219668e-01
-2.270890315789725111e+00 1.839621390666839329e-01 -9.402822878012676577e-01
-2.022453902010645788e+00 1.501769866719927515e-01 -1.492843664772681045e+00
-1.825102195104016278e+00 -1.113311742272161814e-01 -8.954471213184441725e-01
-1.663731300350768549e+00 1.730465878139172686e-01 -1.012895131334029530e+00
-2.209516770912926642e+00 6.436102799905286664e-01 -9.538234702484749139e-01
-2.017254386507021824e+00 1.790014088068759002e-01 -9.133920724179722672e-01
-2.963591835245265038e+00 -1.328385786258014581e-02 -1.385113413962650863e+00
-2.168074427064381471e+00 -6.408294050628055016e-02 -8.829567667358524385e-01
-2.618493764495170684e+00 7.073299266676529307e-01 -9.621301949627061312e-01
-1.723150576878986984e+00 5.223915106621322968e-01 -9.564597186264341966e-01
-1.408121385941673909e+00 -4.290795755095589414e-01 -8.830779637140537819e-01
-2.273099060825672701e+00 3.032375293643583825e-01 -8.765975401343525375e-01
-1.744380733323593891e+00 4.294370304337478683e-01 -1.107084541088700913e+00
-2.096183230289654809e+00 8.562348357035465263e-01 -1.188212006012592248e+00
-2.764171614832369173e+00 1.167500490597762397e+00 -4.275073625445542369e-01
-2.361035536164156845e+00 4.872664315923161404e-01 -9.463128423994326965e-01
-1.857211952172726388e+00 -3.148271083141403470e-01 -2.619290261576254775e-01
-2.685341541756230299e+00 8.456575487478150688e-01 -1.132927656213590373e+00
-2.001677406954015304e+00 4.973744500620675968e-01 -5.654567419957281516e-01
-2.612039727179852111e+00 1.961479834480599482e-01 -9.629454159586425810e-01
-1.426763884878667454e+00 -2.465591400193344884e-01 -1.592426215496476338e+00
-2.062464556772037660e+00 3.853362691946038421e-02 -9.633682588217509224e-01
-2.709120253031118697e+00 2.561223386780179245e-01 -1.061558780744959130e+00
-2.669558596826844710e+00 1.352607810905557817e-01 -1.017563214036649955e+00
-2.293259460299386099e+00 5.195620184263178842e-01 -8.224371315994185583e-01
-2.604638409473026606e+00 6.230895946400273333e-01 -5.067638066863474622e-01
-2.727859323520930968e+00 5.500776062464327598e-01 -1.072511005454859001e+00
-2.371782348810874019e+00 7.756838270505014288e-01 -8.944118016479793987e-01
-3.191668850810063240e+00 4.394271259408773500e-01 -1.335649516709297213e+00
-2.070494102268739312e+00 -5.373970442403910169e-02 -9.415403546512817190e-01
-9.669726618022569387e-01 3.721604191470157669e-02 -1.752572340708904441e+00
-1.873037449532388488e+00 1.417040390197994160e-01 -9.120051701228256702e-01
-1.912406662467702301e+00 5.498584647704536366e-01 -1.035799358404307924e+00
-1.700808812964263561e+00 5.820677792153217123e-01 -1.077652776759224995e+00
-2.266699928719424051e+00 3.889839819447885039e-01 -8.879533519576477962e-01
-2.294364126430430861e+00 7.403295701602946588e-01 -9.107346524798343168e-01
-1.900285438454595077e+00 3.810535857354864220e-01 -2.022112253356564082e+00
-1.981908377386710995e+00 3.330745964026148309e-01 -9.184606775696000369e-01
-2.133251833030714195e+00 -1.898856820234534615e-02 -8.759242437609764398e-01
-1.811264277545491241e+00 -6.203813169524238086e-02 -9.935218788344235552e-01
-2.012451710055354948e+00 1.116527600624056815e-01 -9.171604098573589159e-01
-1.650510283850390447e+00 1.213182784038890683e+00 -4.887118136725507878e-01
-2.680402405090277718e+00 2.028860201374224070e-01 -1.164011359062114170e+00
-2.341746382727895259e+00 -7.384979894337816153e-02 -1.347708332877201709e+00
-1.787220058411517876e+00 5.183158920065806807e-01 -9.496611281349631728e-01
-2.045451923165884978e+00 1.532112905865750663e-01 -1.015171533174964447e+00
-1.908350020117087986e+00 2.365612131618892444e-01 -1.017638491520314714e+00
-2.492349263481499211e+00 -1.072475094767538217e-01 -1.248628214036202166e+00
-1.906062032224790759e+00 3.946244572489402969e-01 -8.187813511172419290e-01
-2.160529127334709809e+00 -1.291020044142884293e-01 -9.580410454693690792e-01
-2.969721147106525017e+00 1.214494655754661867e+00 -6.589389483510834644e-01
-2.316066616039555548e+00 9.542352320340017346e-01 -8.792544391790961811e-01
-2.099265972661877644e+00 6.755777263998622439e-01 -1.372802273916773563e+00
-2.396746297102272827e+00 1.127050489972899250e+00 -1.824273271037956778e+00
-2.430019967437897499e+00 -7.831379834133421480e-02 -1.163169347503124174e+00
-1.709426115825629422e+00 6.709766182117515854e-01 -9.943007941457560062e-01
-2.341407997665803986e+00 7.767161530967170435e-02 -1.021522026396890492e+00
-2.800484468006423366e+00 2.782944744471353427e-01 -8.842954740051661711e-01
-2.129519517070689094e+00 4.459408910272268795e-02 -7.868476853587842434e-01
-2.251596814333320928e+00 9.227092254570075369e-02 -7.654717939218504963e-01
-2.880676573123432505e+00 1.177626609800511925e+00 -1.393158590249089501e+00
-1.934512994651390594e+00 6.795591980229803708e-01 -1.098739344189831879e+00
-2.184002889238539247e+00 3.534099368875530667e-01 -9.600887511265514540e-01
-2.371319071522371313e+00 3.884067745269472183e-01 -9.847605395200909051e-01
-2.502625498532764503e+00 6.244344751743490241e-01 -9.394365410666870586e-01
-2.309593561809681894e+00 6.678539244481588311e-01 -9.133917858666492640e-01
-2.467655238570538589e+00 4.228855925067419030e-01 -9.736769537964096166e-01
-1.925224454876445890e+00 3.485983503761450053e-01 -1.241461851963695295e+00
-2.135225562582664161e+00 3.830138562942273506e-01 -8.574640504848289879e-01
-2.849799397603939077e+00 2.089982774301988103e-02 -1.251718984660205036e+00
-6.729456226985237599e+00 -4.287776129309080630e+01 -7.523885692792182667e-01
-1.327636526086443336e+00 1.672520396883110660e-01 -2.264951362246064193e+00
-2.978981045849054432e+00 4.959337638685065025e-02 -3.494270561753173299e-01
-1.742272362279378317e+00 5.303676017771071782e-01 -9.405623285692507052e-01
-1.994478155720849966e+00 2.826467274823913911e-01 -1.300837354000988322e+00
-2.241939825539390085e+00 7.004379314714102023e-01 -8.526013371006780917e-01
-2.645677762693927626e+00 1.213780581530512492e+00 -1.905721023380882118e+00
-2.356622748933784095e+00 5.314403106296340384e-01 -8.774829209764994919e-01
-2.111325478358164975e+00 -5.972017914089550877e-02 -9.410197353793302577e-01
-2.081872460468769059e+00 2.001079034198370056e-03 -9.189790181967476546e-01
-1.647797261305174121e+00 5.563316988151211229e-01 -1.151685731452954720e+00
-1.992820455155083881e+00 8.474355700058295859e-01 -1.026779292592890913e+00
-2.319958734597086458e+00 6.616168318543471649e-01 -7.655994961984775582e-01
-2.561269420759453297e+00 -2.360975204181359477e-01 -7.026370368845091807e-01
-2.264922307910748334e+00 1.821556013493952630e-01 -4.550520202528073876e-01
-1.802247918195283516e+00 -8.797518123543301982e-02 -9.069833332962767836e-01
-1.985619492730956281e+00 -5.762087177964482221e-01 -6.886680758423633364e-01
-2.202529224154326837e+00 3.713549049801332380e-01 -4.595133436351756528e-01
-1.814822353496184482e+00 7.423480387264052016e-01 -9.235692539157386305e-01
-2.133804225243711716e+00 3.118413519474639295e-01 -9.540773487742412184e-01
-2.104953306902783705e+00 7.666218265708757418e-01 -8.053443628898205864e-01
-2.632931582113559710e+00 1.220126028554865683e-01 -1.007656897400719398e+00
-2.018296237466787435e+00 5.745455228653572055e-01 -9.712298870924549465e-01
-1.739020707893142337e+00 3.746395642502393653e-01 -5.590314271655661971e-01
-2.338772060667535957e+00 5.687782921280540860e-01 -1.030531414363177856e+00
-1.652773290224346381e+00 -5.042376903883195871e-02 -1.086027539657855145e+00
-2.466997460873729953e+00 4.786300838788200007e-01 -8.761704367546007122e-01
-1.910274836323477388e+00 4.716998656439437276e-01 -9.436494690836269017e-01
-2.582081135268059047e+00 5.306985535745335492e-01 -1.096812369107366569e+00
-2.259950919224502641e+00 -1.775970491001163665e-01 -3.214014133791696093e-01
-1.239374240918273307e+00 -4.879195915595566785e-02 -1.083264345493471392e+00
-2.412132098540367142e+00 -4.875241241907821155e-01 -2.779430888040578251e-01
-2.964404676810933115e+00 9.849739674341412288e-01 -1.106820524505202297e+00
-2.588686455992788016e+00 5.572291660184830464e-02 -8.932182334288998327e-01
-2.762730948721478619e+00 4.947744060446745973e-01 1.979129822563365504e-01
-2.151581218138950646e+00 6.015288533976322904e-01 -1.111777283703034636e+00
-1.881617270965413091e+00 3.027292443656185925e-02 -1.115958206553038456e+00
-2.562910437054621848e+00 -1.333614492921438022e-01 -1.153188130554739788e+00
-2.434967946947992790e+00 9.124815270884210905e-02 -8.064975224595802850e-01
-2.536086075130028039e+00 1.979907441177875815e-01 -1.217579152669225229e+00
-1.890489291963993734e+00 3.461105088477277603e-01 -1.322060362518668430e+00
-1.973837416644041332e+00 2.210284939623957667e-02 -5.510886132015738736e-01
-2.352950175399234567e+00 7.478390369086959089e-01 -4.248364033624474900e-01
-2.250797070640139896e+00 -9.130648868891470815e-02 -9.372688333833024688e-01
-2.234401565324761751e+00 -1.075019964543630635e-01 -1.121052864796273418e+00
-2.348393197613765526e+00 -2.896195524520672054e-02 -9.000112746173972722e-01
-2.473409420330904940e+00 2.979465706765569433e-01 -9.324358855580497929e-01
-2.496568286146640059e+00 4.887827411174242194e-03 -1.015003856875435151e+00
-2.056218107185536770e+00 6.646047840192970124e-01 -8.291060375607534061e-01
-2.057904555306760308e+00 2.549080535313113516e-01 -1.169716992305022130e+00
-2.290288468894024376e+00 4.842297306044813371e-03 -9.691460003323039141e-01
-1.278766220167161904e+00 4.815081035700518042e-01 -1.062638793013868765e+00
-3.429678460697996645e+00 6.650526360529489533e-01 -1.682129520999147143e-01
-2.666288333534446497e+00 6.155386104214815024e-01 -8.468731470379617932e-01
-1.175654093304578707e+00 -3.888567982243580912e-01 -1.247582030589060365e+00
-1.974758021797453633e+00 8.948903032594324181e-01 -1.465577571332996820e+00
-2.491642438295452067e+00 1.691318182545031024e-01 -8.095450849757778178e-01
-2.278085267674273329e+00 5.198975434858910116e-01 -9.300312451535686087e-01
-2.124858924476036304e+00 3.545486433445348418e-01 -6.541792375560046002e-01
-2.554332568163368844e+00 1.072476909521059119e+00 -1.756874143606371064e+00
-2.236516166125604776e+00 2.693645150711906910e-01 -7.373617744197928925e-01
-3.040470221734603129e+00 1.157936541062337399e-01 -1.127459779643113391e+00
-2.602053305063333877e+00 1.443611408294565690e+00 -9.032936366058512689e-01
-1.665592982004073574e+00 4.320744726527981361e-01 -7.443003799966564360e-01
-1.713266220399089157e+00 -7.459724568081749219e-02 -1.125108135046543056e+00
-2.539830380628368189e+00 6.848814120035982833e-02 -9.028043812733144158e-01
-1.891467069623056219e+00 5.579658609392482704e-01 -8.601401756111348718e-01
-2.039724824038585460e+00 3.890517221580002127e-01 -1.040630924705663318e+00
-2.170620449058128010e+00 1.441283993137121022e-01 -7.375913324359947287e-01
-1.908140464229022726e+00 2.695385427869803271e-02 -1.006832197325221001e+00
-2.498930889365178487e+00 3.119686538597024050e-01 -1.085876690313308135e+00
-2.100937121668554397e+00 7.364748186458622281e-02 -9.901952067071269070e-01
-2.555135481778154194e+00 9.503672838585699445e-01 -9.627424076391644103e-01
-2.156635569892483506e+00 5.622934222809222726e-01 -9.638093052598076804e-01
-2.521128206361632262e+00 5.978905601128265968e-01 -9.029125710375395242e-01
-1.915655004935804762e+00 -1.076675731364975554e-02 -1.106073106452588606e+00
-2.695176282267083501e+00 -4.065339809378487601e-01 -3.391012732193708357e-01
-2.023070897684125402e+00 2.986366260644503501e-01 -9.567746649524168090e-01
-1.863579105757161569e+00 4.952028977116876285e-01 -9.714581015460489466e-01
-1.667065980995195096e+00 3.576085811231861644e-01 -5.326250807160324285e-01
-2.475640494189888408e+00 1.095399675737076306e+00 -1.072270986744549459e+00
-2.071929487895416422e+00 -2.280268640576512199e-02 -8.777355033396952999e-01
-2.509614073413731994e+00 5.590324116257897602e-01 -8.180322612345233280e-01
-1.929884791655747556e+00 2.074590205152150590e-01 -1.037938908535300131e+00
-2.601635265226379889e+00 -4.972523513452757338e-01 -1.015919043208620698e+00
-1.832694780027614545e+00 4.524413792004691182e-01 -8.296711573530922701e-01
-2.420916636124159194e+00 2.208441610803733024e-01 -9.574985856798009509e-01
-2.704921703407392908e+00 4.421753353687818966e-01 -6.508736115387649956e-01
-2.221447653061079830e+00 5.440465082612139236e-01 -7.215576831311997230e-01
-1.922136338279197165e+00 3.302052817363776982e-01 -9.242781345468031873e-01
-1.818406811449577054e+00 -1.164843605914964442e-01 -8.891674970988935334e-01
-2.806857409227526023e+00 2.483923761109277095e-01 -1.048813665719405153e+00
-2.697092351959895939e+00 1.196593748347316438e-01 -8.358793621240150351e-01
-2.420098207861091311e+00 1.369080444776041849e-01 -7.674551431101447330e-01
-2.395646706642117874e+00 5.705274441872423274e-01 -1.132444054946349032e+00
-2.002721928740357260e+00 5.005212553713714319e-02 -9.841864441201028102e-01
-2.757317845878020535e+00 4.826249206180037166e-01 -9.794663448068151590e-01
-2.437795431818779335e+00 5.587304172872477048e-01 -7.621135610702770569e-01
-1.813092373673375279e+00 7.459435777444208826e-01 -9.804839995932851382e-01
-2.512570429827218899e+00 1.000951789478291137e-01 -9.539542954464587110e-01
-2.657330541214213859e+00 3.996048852144104546e-01 -7.632125079922054134e-01
-1.518902699233301901e+00 1.553347009984439031e-01 -1.054889012288201311e+00
-2.019389763632196022e+00 2.099264186649434094e-01 -1.104414853497384996e+00
-2.784956750857156216e+00 2.649191856656036848e-01 -1.055662491040304518e+00
-2.527955338556212350e+00 7.990842450223940574e-01 -1.780665655653917101e+00
-2.685148577352981736e+00 4.384613779070040684e-01 -9.806886338964265759e-01
-2.307945709766773490e+00 3.020717274056160528e-01 -1.142300591107750840e+00
-2.208717990650953755e+00 1.475669760765003502e-01 -1.092155206412779078e+00
-2.541855808443392650e+00 6.265259484933589640e-01 -8.467542580948718145e-01
-2.710315769195660529e+00 3.869694710879997279e-01 -1.074776168166388324e+00
-2.181849564613831838e+00 4.388525455089804517e-01 -9.390732566198962683e-01
-2.242428224107759771e+00 6.518205461557328162e-01 -6.395790001127540370e-01
-1.901207073977417172e+00 6.732061666725684679e-02 -7.747977938085985894e-01
-2.891494503806074423e+00 5.681633897454878568e-01 -1.339176578288523212e+00
-2.487932596693516185e+00 1.706531840549820211e+00 -8.924272476552127520e-01
-2.394926111805460334e+00 -2.463398299162073909e-02 -9.714113961256606311e-01
-2.121253354352407250e+00 1.360617687520895291e+00 1.471950061356966377e-01
-2.107800389215539916e+00 8.193831202567756211e-01 -9.504162404102687312e-01
-2.173639805696841343e+00 2.282127545261631585e-01 -8.955053429929524800e-01
-2.332987509162968376e+00 1.910418701603673330e-01 -5.537122639793227163e-01
-2.166831063925950041e+00 2.730734380349480461e-01 -1.738740578912184587e+00
-2.804492389944678532e+00 2.834139354705015462e-02 -1.061749198135325756e+00
-2.427160923454237729e+00 -1.958991962340145970e-02 -8.233014154075106728e-01
-2.156162293105057692e+00 4.192041492331800567e-01 -8.307271192035157181e-01
-2.402346153802815465e+00 4.514705559639268229e-01 -1.533492090865510971e+00
-1.845415036808863318e+00 5.159128819117001541e+01 -4.083708600627724561e-01
