-6.338969563953017250e+00 1.838409141474078856e+00 -1.480036350460679495e+00
-6.858398817441847761e+00 1.374655006468695095e+00 -1.197739776519678445e+00
-5.599575497117846190e+00 2.726635801462120146e+00 -1.665173655983140932e+00
-5.471951339123481972e+00 1.964524100259045003e+00 -1.311216971685343902e+00
-5.699509035285847069e+00 1.973560707139008885e+00 -1.187748454661693431e+00
-5.834081181927497362e+00 1.767484950244998965e+00 -1.533761112307184815e+00
-6.740837834778381499e+00 1.657874740482849329e+00 -1.444084548777994526e+00
-6.610278081990923482e+00 1.976961617316191244e+00 -1.674529713530638064e+00
-6.612077693214989615e+00 1.872961076065676966e+00 -1.647782821577166823e+00
-6.517443534841005359e+00 1.567863366285069171e+00 -1.513376372201886699e+00
-6.753271722116737763e+00 1.821215865059742089e+00 -1.352328787629814455e+00
-5.888719400387020464e+00 1.422500358595176539e+00 -1.452801841311242903e+00
-5.984574871119047401e+00 2.007002790339497356e+00 -1.553334719617605497e+00
-5.999093644019899862e+00 1.953412489159258580e+00 -1.593198277782784222e+00
-6.552072102772157791e+00 2.098232738430110711e+00 -1.713098811989803627e+00
-5.768478785839312728e+00 1.686317369939804189e+00 -1.563938898682405876e+00
-6.581528760388530408e+00 7.672195899762763727e-01 -9.472941375222453386e-01
-6.264609942050119784e+00 2.371428952405598256e+00 -1.439814628219850734e+00
-6.510459125581991913e+00 1.966226206864839954e+00 -1.613057126933945984e+00
-6.126837288257251046e+00 1.937538602954947287e+00 -1.500392102126657523e+00
-6.734742914830381899e+00 1.991277848403015360e+00 -1.562190638431287359e+00
-5.545857504444131614e+00 2.443130074379232131e+00 -1.007481336366481184e+00
-6.072106077642534849e+00 2.090583449372542368e+00 -1.765479393894367810e+00
-5.475140858661280419e+00 1.109741485089125845e+00 -1.632882105488427271e+00
-6.723902152815792732e+00 1.561776938768023371e+00 -1.124869377464007725e+00
-6.140559235360041335e+00 1.529360176595389031e+00 -1.481774176795864983e+00
-6.024453762794374612e+00 1.436257449813284959e+00 -1.390580053887070067e+00
-6.362395620424205589e+00 9.553380176732525486e-01 -1.363241507883935721e+00
-6.128364100691712224e+00 2.079119386961084448e+00 -1.447247877929957793e+00
-6.066002608016414221e+00 1.442139235067869674e+00 -1.457123521404834587e+00
-6.108315765301137290e+00 2.176839159909060850e+00 -1.510387617584803888e+00
-6.290422804120852085e+00 2.217426702916115655e+00 -1.403281583849236513e+00
-6.033065051433007753e+00 1.634318515060411148e+00 -1.331503086640036804e+00
-5.593305052666160293e+00 1.584626975002099813e+00 -1.358654971951124946e+00
-6.126543734822663012e+00 1.751255271799445179e+00 -1.803317466439672057e+00
-6.594192607205760837e+00 1.489490899130421431e+00 -1.285030616857735675e+00
-6.205459557898016065e+00 1.484232679136284982e+00 -1.426833976734572573e+00
-6.876066798765780419e+00 2.016158076212039685e+00 -1.843415535013685824e+00
-6.426998947570245591e+00 1.278270290102600848e+00 -1.293884653413259533e+00
-6.628970711615040479e+00 1.881698924231645531e+00 -1.109492426506696550e+00
-5.461834559352828578e+00 2.048322204667160307e+00 -6.622607861655365191e-01
-6.210647148619375280e+00 2.149081306911461819e+00 -1.459259785244302554e+00
-6.497217828647938731e+00 1.610236971557161167e+00 -1.284260254517047395e+00
-6.769733450990823798e+00 1.820582650183202311e+00 -1.490032010523279826e+00
-5.903643297639537657e+00 2.626261561885291140e+00 -1.090646122886536507e+00
-6.556812667942921280e+00 2.404167366367329084e+00 -1.093301291047600321e+00
-6.709404794363234892e+00 1.978786246167194784e+00 -9.788747920171882999e-01
-6.933960905196984825e+00 2.031204362948536790e+00 -1.599906748498637343e+00
-6.111545494756239982e+00 1.560554356743481641e+00 -1.274123234787776671e+00
-6.546048327097878428e+00 1.472566040104185348e+00 -7.861171947066120103e-01
-6.426644829903661815e+00 1.966063516088768282e+00 -1.606107778608697689e+00
-6.453312521361260323e+00 1.175950604216475348e+00 -1.517492177368116257e+00
-6.889278597454699948e+00 1.347402172422174527e+00 -1.910746056447990338e+00
-6.264136198752044749e+00 2.285558019943095598e+00 -1.602169667899772776e+00
-7.220287565957627329e+00 2.400927161016475520e+00 -1.914254320832140088e+00
-6.416096652583132887e+00 1.932157449218137035e+00 -1.120502375073842094e+00
-6.414959681557715676e+00 2.181752411354987764e+00 -1.477538141110580794e+00
-6.256276489139199981e+00 1.504491133909672262e+00 -1.368949858359452598e+00
-6.144583867447983572e+00 9.036678193388811842e-01 -9.700584927001931757e-01
-6.467844404242172551e+00 1.973543822310754203e+00 -1.179000658832602522e+00
-7.265303032730582977e+00 2.167692579829861632e+00 -5.083600223841754362e-01
-5.702392500847579093e+00 1.461839373645504203e+00 -1.337442646451241446e+00
-6.660174593425118417e+00 1.273481698722685351e+00 -9.889579313692321572e-01
-6.355013665032769765e+00 1.807991812153891154e+00 -1.358838424996708261e+00
-5.983525426722692053e+00 1.354141764218982580e+00 -1.435615882865852511e+00
-6.548537841822439809e+00 1.940044608111891389e+00 -1.297801046300991024e+00
-6.301389180408478730e+00 1.408321557754353970e+00 -1.477175939420377393e+00
-6.234809493490202748e+00 1.672318555368869086e+00 -1.473507309693888656e+00
-6.485686362190558718e+00 2.385481611868652596e+00 -1.518189755513015715e+00
-6.680961878253573794e+00 2.194103730294037824e+00 -9.253900156033559865e-01
-6.512825127010693826e+00 1.803370734913077422e+00 -1.531190577006023679e+00
-6.098238586778867543e+00 1.452057096303701611e+00 -1.396904144882703314e+00
-6.327293471444421336e+00 1.620783852086672638e+00 -1.408982274259788170e+00
-6.457329472148458649e+00 1.693984251519246476e+00 -1.397844060695728974e+00
-6.691712687094834244e+00 1.331336350291634663e+00 -1.180473667677433003e+00
-5.222562836944843134e+00 1.531627954413182779e+00 -1.328712918860864400e+00
-6.452601843462298703e+00 1.958538016815169369e+00 -1.015597243378637549e+00
-5.965913580568942720e+00 1.783491303457881427e+00 -9.032718861365237606e-01
-6.410280147233142323e+00 1.705344396455697797e+00 -1.427045185420741324e+00
-6.707464490012078784e+00 1.964508509585112916e+00 -1.216923880487042586e+00
-6.319538018652326450e+00 1.726252795913596261e+00 -1.586629107194781563e+00
-7.020535383292131115e+00 1.739841327822022166e+00 -1.453055606665869304e+00
-6.273073074632557145e+00 1.509268981905715012e+00 -1.646312723105035625e+00
-5.564786259769925358e+00 2.361773963809719490e+00 -2.208398727167505182e+00
-5.857133329109019293e+00 1.846144528518095074e+00 -1.408252183231746946e+00
-6.352747280465608881e+00 2.070447774569596167e+00 -1.524332108487537418e+00
-6.524060560267454179e+00 1.488578001778062099e+00 -1.641058842125291850e+00
-6.306039609253018874e+00 1.631194781404032845e+00 -1.498265011126231672e+00
-6.740675077497090939e+00 1.773861876253024938e+00 -1.545340073753672883e+00
-6.092020850231289586e+00 2.110868525694136189e+00 -1.312879594844108544e+00
-6.503951632495417634e+00 2.096298599381276606e+00 -1.800110936344964774e+00
-5.852638325984192313e+00 1.669179767676713944e+00 -1.571799056719665799e+00
-5.412484763755530892e+00 6.074315891675738932e-01 -1.666483106863544172e+00
-6.126516757066648999e+00 2.001701228786391784e+00 -1.624163553889106160e+00
-6.041703946255312374e+00 1.418454329183932661e+00 -1.170475264981784225e+00
-6.585022119835214127e+00 1.385566959695011757e+00 -1.530197614017965169e+00
-5.850536979448965447e+00 7.985768771212091721e-01 -5.333549333024658612e-01
-6.352357587791107818e+00 1.799459912390333649e+00 -1.184924083480071832e+00
-6.088559206065735196e+00 1.416753682577924556e+00 -1.193134794547754396e+00
-6.503861952978794214e+00 1.541009860081024252e+00 -1.385966278507265059e+00
-6.205810627439467098e+00 1.482576835207389809e+00 -1.467228036027381277e+00
-6.537011215075878567e+00 1.252310920384295478e+00 -1.448448349615245379e+00
-5.972876672728324010e+00 1.990457351795861696e+00 -1.305026999623157380e+00
-6.254365729319798284e+00 1.838264810884418843e+00 -1.351454896342261236e+00
-6.157811988856652263e+00 1.658378942248930565e+00 -1.433386428191708806e+00
-6.130751425741795657e+00 2.099784554456007424e+00 -1.473659938091929744e+00
-6.483406805784032834e+00 1.904406553784464107e+00 -1.150831014592213819e+00
-6.815576851860837060e+00 1.862889213522060716e+00 -1.115502857762959099e+00
-6.784949377637942369e+00 1.915777750334311191e+00 -1.458365416632351419e+00
-6.061196641024976905e+00 1.966404928419477782e+00 -1.364884167551240424e+00
-6.987913645969880960e+00 1.849851907003426499e+00 -1.241184541057234636e+00
-6.117716717324005238e+00 1.632023462352946819e+00 -1.413570817805332114e+00
-6.977021727792513062e+00 1.892343217972579872e+00 -1.568989539511485898e+00
-7.254486477233059283e+00 1.993750119014328304e+00 -8.432176664215488282e-01
-6.026700052757657744e+00 1.351271356390503886e+00 -1.795247270289661135e+00
-6.000285270514353009e+00 1.363375498714132883e+00 -1.201972618716325769e+00
-6.255804834162491446e+00 1.659195421038468288e+00 -1.399681193111860678e+00
-5.863760300298562989e+00 2.014204930528273430e+00 -1.526477823463305850e+00
-6.317353169645347322e+00 3.228860608656846320e+00 -1.383299762887793660e+00
-6.596561930860083578e+00 1.821447214385247815e+00 -1.346491402217555367e+00
-6.487078498768757306e+00 1.607947374425497289e+00 -1.410093910713023924e+00
-6.606766859504268119e+00 1.839459563671738351e+00 -1.547839792902926614e+00
-5.557920386696006076e+00 1.576600173266184290e+00 -1.402466960248398786e+00
-6.021209234644724795e+00 1.763877152782152180e+00 -1.149195509894917588e+00
-2.448117859443346234e+01 5.942840324654279982e+01 -3.091649241597513864e-01
-5.734916579013447091e+00 1.649639609881456970e+00 -1.464220920571209117e+00
-6.155019129121725996e+00 2.201684513635904228e+00 -1.133957259411255691e+00
-5.787727676949769418e+00 1.933061040120940932e+00 -1.141873726541609457e+00
-5.876941716466980381e+00 1.369226463659875659e+00 -1.446785837703310040e+00
-6.302504432859772798e+00 1.399704493979410103e+00 -1.303305212282755310e+00
-6.029178226835909982e+00 1.459959932025131302e+00 -1.152657594606412594e+00
-5.994121614032236423e+00 1.413574260651923709e+00 -1.280210184363491877e+00
-6.089548334388967810e+00 2.147691476502584518e+00 -1.495670700016619614e+00
-6.080398036237498971e+00 1.707203543505529719e+00 -1.516071712843781727e+00
-6.776230344074080314e+00 1.892027213171284528e+00 -1.493581394421013675e+00
-7.070927029410221110e+00 1.133877115823072268e+00 -1.035393502907659746e+00
-6.613088434947290928e+00 1.981633088048083025e+00 -1.802102516786116659e+00
-6.268030163594544568e+00 2.310104857566506187e+00 -1.633241138499973877e+00
-5.531114687152111742e+00 1.746245299506659521e+00 -1.331022694724886435e+00
-5.914462323303822266e+00 1.602289648611645578e+00 -1.362926974200712404e+00
-6.369728307216432128e+00 1.969595943658208448e+00 -1.364852802659196618e+00
-5.971317362834941633e+00 2.209134375747354273e+00 -1.446151448832854847e+00
-5.919728401493852488e+00 1.561560698638234435e+00 -1.409668967711442011e+00
-6.418544635380246888e+00 1.306737708846045232e+00 -1.279935631179020428e+00
-5.731191677412091678e+00 1.741646481170979754e+00 -1.347514648604350107e+00
-6.399117338982460268e+00 1.539660684228161491e+00 -1.634825121112463364e+00
-6.483842343075364667e+00 1.900816494197687279e+00 -1.331840197100524259e+00
-6.670171435483155165e+00 1.615569933335399000e+00 -1.733363592886415061e+00
-6.121213260719531313e+00 2.508682439588361124e+00 -1.026357727540338827e+00
-6.634454439709095652e+00 1.754079644315298614e+00 -1.531548842450976000e+00
-6.462296881994396891e+00 2.161094469259088768e+00 -1.407528886573792937e+00
-6.574408442853519219e+00 1.798586389442401900e+00 -1.298959864742096793e+00
-6.558459171278360422e+00 2.327210851476417375e+00 -1.573230983680231621e+00
-6.177320097446263425e+00 1.845980336986156933e+00 -1.828948019872027375e+00
-6.658361652866487290e+00 1.701599865924477095e+00 -1.454490151502145778e+00
-5.883979215840247079e+00 2.259706456341233238e+00 -1.521064421416644219e+00
-6.340381872167593080e+00 1.612249418873558104e+00 -1.341078626836954335e+00
-6.076220015344766523e+00 1.647153093160463877e+00 -1.343831944090051245e+00
-6.820132791851482246e+00 2.381767815117286080e+00 -1.457245498085042223e+00
-6.477240839612223411e+00 1.833983047794597754e+00 -1.345834378000621889e+00
-6.310632560236426158e+00 1.616300028338350625e+00 -1.024145895804230433e+00
-6.402416847990329174e+00 2.071675281272509661e+00 -1.691218957012952551e+00
-6.496569066483488086e+00 2.797798058965006884e+00 -2.110176976184100717e+00
-6.034135556171329462e+00 2.132978073985967615e+00 -1.375495964195770471e+00
-5.900570296580019303e+00 1.990227739238633831e+00 -1.401855742291256091e+00
-6.397382824694983761e+00 2.270105178964167525e+00 -1.588839415461078097e+00
-6.226344665200535644e+00 1.699687640018738843e+00 -1.518252156674218423e+00
-5.964659933259648383e+00 2.031779916424637733e+00 -1.495787815012602939e+00
-6.130008472482369797e+00 7.555085158223838748e-01 -7.628578856487483462e-01
-5.711037425176419546e+00 1.321228946814370753e+00 -1.482452594080938768e+00
-5.940295294669674320e+00 1.940709629460805719e+00 -1.430069130315577031e+00
-6.546880307152094680e+00 1.989289768964009664e+00 -1.499681234760218196e+00
-5.916532048425276358e+00 1.870757907902808492e+00 -1.545012234183270827e+00
-6.390314007598569823e+00 2.148161749274620558e+00 -1.567202732131312448e+00
-5.982114090231324788e+00 1.839934286899096438e+00 -9.953627674884809595e-01
-6.087942139955298870e+00 1.450838460625777371e+00 -1.100925794340618769e+00
-5.907322325325951695e+00 1.530852862380319923e+00 -1.493825402925919255e+00
-6.243156086304249897e+00 2.162875965812873336e+00 -1.295573954528909999e+00
-6.044333452665233253e+00 1.683922780054599277e+00 -1.190631485076163898e+00
-6.521106486974708183e+00 1.727160809551404608e+00 -1.453269574870319714e+00
-6.199114906527629643e+00 2.172409284496575221e+00 -1.409655850722139059e+00
-6.663101632857675760e+00 1.907731100308770911e+00 -1.467374883132798624e+00
-5.768270145889959011e+00 1.425659088940568031e+00 -1.556031023691635040e+00
-5.525585586772739255e+00 2.625766433796115074e+00 -1.551045989733739416e+00
-6.102884585609839263e+00 1.417901087133416560e+00 -1.205263399629389554e+00
-6.460487747144110671e+00 1.647152726716718751e+00 -1.420433093377441391e+00
-6.628413922675940206e+00 1.919379885097601157e+00 -1.097745432183957259e+00
-6.272045841284302092e+00 1.746833934640057207e+00 -1.291632337141239706e+00
-5.765041484457457344e+00 1.903579015313087153e+00 -1.374546449427277217e+00
-5.954522356282716977e+00 1.539781342176842038e+00 -1.572938044378904276e+00
-6.827188268331415344e+00 1.664068105723980562e+00 -1.178900230591397369e+00
-6.134053112533166541e+00 1.495239879117671533e+00 -1.486165486100921473e+00
-6.987238825311377077e+00 1.480688810766876751e+00 -1.013730388084672196e+00
-6.672551920720591667e+00 1.704523836544319382e+00 -1.470413921542402358e+00
-6.977023414128328049e+00 9.029847696840730409e-01 -2.015613066039935841e+00
-5.807825366624809860e+00 4.681193166350056112e-01 -5.581819657290524317e-01
-5.960117151634842791e+00 5.428529035995339758e-01 -9.533250316007381153e-01
-6.036987290089361302e+00 2.023189746451477866e+00 -1.298478274951123668e+00
-6.814650927298197658e+00 1.099908047783546117e+00 -1.375651150910882414e+00
-6.748809029562091055e+00 1.400628511620942263e+00 -1.308660712889601507e+00
-6.453262350921427526e+00 1.651113129837648463e+00 -1.161286807517797337e+00
-5.958254843428510306e+00 2.030858730674809376e+00 -1.784711882212703049e+00
-6.096147834029094881e+00 2.076872029496196426e+00 -1.423098296332310220e+00
-6.727709888439624031e+00 8.814648148495332070e-01 -1.656185005676417799e+00
-6.685503749734329482e+00 1.902297021840823499e+00 -1.496947278587971830e+00
-6.371552838510879724e+00 1.777894330695460212e+00 -1.290857680748067837e+00
-6.352939320112301225e+00 1.216042623757615182e+00 -1.325262299011892964e+00
-6.267125153807925564e+00 1.898438138280602816e+00 -1.477466777213323201e+00
-6.430323283157559189e+00 1.599113975730581672e+00 -1.108983346284306171e+00
-5.969878254638857129e+00 1.267025090603048465e+00 -1.594547241969592077e+00
-7.124858195037059971e+00 1.199290979428032644e+00 -2.457011382811487010e+00
-5.945586705098495628e+00 1.480982901640391036e+00 -1.560073817478712987e+00
-5.704919763123677434e+00 1.336127756325662164e+00 -1.317917252154487739e+00
-6.750887979429738728e+00 1.791235225341506920e+00 -1.308962147953148580e+00
-5.581922056610327587e+00 1.433523629374250818e+00 -1.205086652383623225e+00
-6.831095959203970835e+00 1.636361510595162105e+00 -1.484286165550976033e+00
-5.807211459338810222e+00 1.624349171237835066e+00 -1.294195802958322705e+00
-6.708437343679257481e+00 1.214757959699697354e+00 -1.401094138998064675e+00
-5.779553465585056671e+00 1.676919249151308078e+00 -1.212402063851367062e+00
-6.287139972523998033e+00 1.267350101421951036e+00 -1.355030437211134142e+00
-5.602672342976188880e+00 2.324435112194318087e+00 -9.022653569540670659e-01
-6.416773483774102615e+00 1.731045549439878872e+00 -1.338752163057227218e+00
-6.634483143095213364e+00 1.707189077912170116e+00 -1.097742056652597498e+00
-5.970579175293203811e+00 1.598074056196573389e+00 -1.263291000398304220e+00
-5.622286181713130659e+00 2.278452651338634283e+00 -1.248279099575915874e+00
-6.107984520671194240e+00 1.150793294847045178e+00 -2.768290923439851725e-01
-6.433344320689983853e+00 2.131306374207356136e+00 -1.669765275805044746e+00
-6.414233913034596668e+00 2.216332727392174462e+00 -1.528463131564418154e+00
-6.140324897880071298e+00 1.548849810460690035e+00 -1.266299908322166434e+00
-6.267929393747859734e+00 1.758805409863488434e+00 -1.587486775309745024e+00
-6.973404996018620849e+00 1.690428081482751477e+00 -2.133789030920770546e+00
-5.989415840835203397e+00 1.182948537464708405e+00 -1.246603240614042374e+00
-5.862210447392008916e+00 1.754597974520811121e+00 -1.498508841125920421e+00
-6.021191225106645284e+00 1.147027527028966265e+00 -1.446844034811267443e+00
-6.076158450163938518e+00 2.099322264240162994e+00 -1.571249182482855611e+00
-6.626089994560601326e+00 2.117035463066407885e+00 -2.020442230870254541e+00
-6.658435294019050765e+00 1.484621066795974054e+00 -1.552182915178159872e+00
-5.813077484728089495e+00 2.522437982535662648e+00 -1.187824713419829425e+00
-5.734667687213585552e+00 1.862488521264634933e+00 -1.440712200457042957e+00
-6.601825089250537459e+00 1.405381755844281821e+00 -1.403599218869892917e+00
-6.795778281728694026e+00 1.441523106586641845e+00 -1.471667155110980563e+00
-7.085678883241707915e+00 2.002235672975046565e+00 -2.129820810647999885e+00
-6.728439195778313398e+00 1.258978139323051026e+00 -1.349649610874611216e+00
-6.488792876044296776e+00 2.625815246006037551e+00 -1.865395102675661887e+00
-6.330697476636045096e+00 2.004392976681974137e+00 -9.019103940380309714e-01
-5.909641269885749004e+00 1.826509239296002285e+00 -1.392615354971166397e+00
-6.219793710063046710e+00 2.147768226043710094e+00 -1.236648812982514389e+00
-6.514042713306614552e+00 2.398860392120857998e+00 -1.234420409917087458e+00
-5.984428638939029987e+00 2.191301370347314759e+00 -9.185627923035197817e-01
-2.078566956586333347e+01 1.393061570115627035e+01 3.986434790073767331e-03
-6.365936572972925589e+00 1.543742606277295870e+00 -1.326632045390814918e+00
-6.085429445755038635e+00 1.990431477173810970e+00 -1.605207566764197846e+00
-6.242465115102259432e+00 1.238047727879630244e+00 -1.741371124888231092e+00
-6.480438879220288051e+00 1.691150633586171681e+00 -1.407390756140058041e+00
-5.662080326019597543e+00 1.963101676554564357e+00 -1.014123012848189287e+00
-6.431168232378759342e+00 1.614516756512148543e+00 -1.295163601662897790e+00
-6.653430872672155161e+00 1.941153321317282465e+00 -1.252471410676272434e+00
-5.835451381811219029e+00 1.902152680390556183e+00 -1.406465131116291234e+00
-6.417039405409962427e+00 1.447114699482464184e+00 -1.583752578029220981e+00
-5.533154311453412966e+00 1.215010471022020866e+00 -1.123018468773738343e+00
-5.769427939674083738e+00 1.716678015829872894e+00 -1.410805972095342531e+00
-5.912987627989520156e+00 1.838738173747874960e+00 -1.594218828040407265e+00
-6.614175369833739104e+00 1.926371566755935127e+00 -1.527197109260444607e+00
-5.580710699781837647e+00 1.293782591237989887e+00 -1.258393558334453877e+00
-6.369929999874462290e+00 1.835367647291023641e+00 -1.289306621383229157e+00
-6.351196272745410099e+00 6.967781118083934411e-01 -9.550113824234169879e-01
-6.638153944342552570e+00 1.653212018329228483e+00 -1.637459720471097890e+00
-6.618376356893540091e+00 2.679845773227861550e+00 -1.545177122289542515e+00
-6.616734925655266331e+00 1.985365296522268119e+00 -1.273836304306126932e+00
-7.256281907765547601e+00 2.017165317801842050e+00 -1.978257927664946791e+00
-6.333172257823250106e+00 1.729252303641456878e+00 -1.452345723450657156e+00
-6.524663516610568870e+00 1.456810917897294333e+00 -1.448387717936324259e+00
-6.716547362016657807e+00 1.848443744691230073e+00 -1.435111824365787880e+00
-6.665878640969520319e+00 1.578508305787873045e+00 -1.413938199458412592e+00
-6.292198798125672177e+00 1.395268806808349860e+00 -1.253254851491603317e+00
-6.784735279950390385e+00 1.934989142928789985e+00 -1.604575912776171842e+00
-6.188305656034550850e+00 1.616361293927736087e+00 -1.284013759876346361e+00
-6.005410769866365683e+00 1.162335986356485273e+00 -1.586113091384835139e+00
-6.910877706776774154e+00 2.468154531879959812e+00 -2.080803981494188548e+00
-6.198359659515230824e+00 2.101954508474273897e+00 -6.888991236533817952e-01
-6.330896523718690716e+00 1.864451617842537878e+00 -1.520766374803318666e+00
-6.655592653137547110e+00 2.227306681461879823e+00 -1.502122334259497816e+00
-6.619446031680868536e+00 1.791421349203228930e+00 -1.718156495241853543e+00
-6.016809626432620739e+00 1.997805929846566242e+00 -1.409636256312609248e+00
-6.404948794891286212e+00 1.757392816843843297e+00 -1.474790471357244614e+00
-6.039512879709820758e+00 2.050454322496707782e+00 -1.296279974451435280e+00
-6.455693590918241576e+00 2.184808371347016553e+00 -1.620467821884712833e+00
-5.671849106161684695e+00 2.174071072262156790e+00 -9.057842507804342302e-01
-6.112266864494062979e+00 1.255179187439238842e+00 -1.377494100564571999e+00
-6.756808967265296673e+00 2.419422738947356599e+00 -1.266350174521791327e+00
-5.605447515412902426e+00 2.844716547405320650e+00 -1.334538261364089484e+00
-5.909140865083570837e+00 1.964925148299655255e+00 -1.330917484114880089e+00
-6.128829145456142768e+00 1.431271134580044846e+00 -1.301741810881584138e+00
-6.974501988733740276e+00 1.807908768505208652e+00 -1.696700503276410643e+00
-7.424876929483105847e+00 2.012937928453202296e+00 -1.701433006231457545e+00
-6.295426045525406522e+00 1.489907393451436857e+00 -1.417016822844427759e+00
-5.478087411731856093e+00 1.503962165773045090e+00 -1.515060823129347645e+00
-6.481418666593405042e+00 1.450378150386416376e+00 -1.322231574852294145e+00
-5.416269527088734215e+00 1.480858963118523608e+00 -1.346782973848926979e+00
-5.964220431684877255e+00 1.873214243790221056e+00 -1.426634085678866848e+00
-5.952434046992403971e+00 1.846782717021195452e+00 -1.443518344864725522e+00
-6.513558724357188190e+00 1.426678564755662570e+00 -1.279888517989976604e+00
-6.634663911606323516e+00 1.573870411927200008e+00 -2.646692112021004628e-01
-6.435172648957829367e+00 1.859252966133895013e+00 -1.235212098590023677e+00
-6.166885489543061816e+00 1.357357884150673932e+00 -1.212345055715849718e+00
-6.337573610220569087e+00 2.117689594397911268e+00 -1.498601268472038006e+00
-6.559215007393013330e+00 1.727181148928719434e+00 -1.431405460064807178e+00
-6.676928684334411557e+00 1.610267515557925355e+00 -1.383852052643122832e+00
-5.815825739744270528e+00 1.552077765086705696e+00 -1.393454402855400120e+00
-6.613072171435755209e+00 1.888634707641165145e+00 -1.863865236608260423e+00
-6.733435264841589607e+00 2.202859092647840189e+00 -1.696370808237380068e+00
-6.666502561206656630e+00 1.796133735968373557e+00 -1.312348796445218069e+00
-5.872039295465460107e+00 2.247507426345572323e+00 -1.089025086573071066e+00
-5.685417719109713275e+00 1.898398893083130812e+00 -1.461222906573442337e+00
-6.237298186076285056e+00 2.629079236668723230e+00 -1.492210529346809089e+00
-6.657340667061155237e+00 2.259542844043740395e+00 -1.203759413318095772e+00
-6.370084633128174190e+00 2.149033814556535305e+00 -1.484734257321161932e+00
-6.509613593338003490e+00 2.300517364687532762e+00 -1.415097923679060177e+00
-6.000243449722644229e+00 2.038486902319634808e+00 -2.158054436317311975e+00
-6.476327425180453012e+00 1.534387609612363867e+00 -1.585117365763922370e+00
-6.060529953295070271e+00 1.478898158251156003e+00 -1.517408875297310278e+00
-6.189708991950229944e+00 2.631052519576707827e+00 -1.306407512457650411e+00
-5.973647436511130060e+00 1.961302219982550055e+00 -1.140376244020041563e+00
-5.818255237841694516e+00 1.416939919035445472e+00 -1.353280247338189524e+00
-6.197687484811043923e+00 1.877627456829431107e+00 -1.390838273892883059e+00
-6.611103289683445183e+00 1.946388910786685189e+00 -1.578410935848012286e+00
-5.623815253792424862e+00 1.510451975441188699e+00 -1.307055075716153647e+00
-6.139036843335927252e+00 1.864085458445980947e+00 -1.802326598009792669e+00
-6.279709631943602766e+00 1.384463853783214349e+00 -1.467610142038786814e+00
-6.687308445210790708e+00 1.753679221892469053e+00 -1.422040295836164425e+00
-6.170280350643221112e+00 1.812416886809568917e+00 -1.472058209129228912e+00
-5.864969857882756266e+00 1.109834843445083763e+00 -1.191553871265847775e+00
-5.954554905270621035e+00 1.814319167900828145e+00 -1.034471154061518794e+00
-6.181541891081772988e+00 1.564783930824853009e+00 -1.246154824004476191e+00
-6.690196227006444119e+00 1.671934164826535563e+00 -1.691025912534666276e+00
-6.674649181700473832e+00 2.874260003338209302e+00 -1.791649475194038832e+00
-6.111725255555578329e+00 1.827487872223106935e+00 -1.197724004068965176e+00
-6.300782567090761788e+00 2.155203952348912377e+00 -1.627294280302266527e+00
-5.698670002487696173e+00 2.092753678062063916e+00 -2.215565628951027932e+00
-6.442689958206802459e+00 1.719529435297675990e+00 -1.422978238775066018e+00
-5.796040900984310795e+00 1.302834397007194056e+00 -1.460380349471979144e+00
-6.492557526046551786e+00 1.481014813895628279e+00 -1.400487560577797774e+00
-5.876212908245201483e+00 1.689979161560663856e+00 -1.066285188371850490e+00
-5.875286894613232391e+00 1.344184159699645331e+00 -1.678836874877547958e+00
-6.187054548601793158e+00 1.133290079369594139e+00 -1.538621213401754062e+00
-6.671036575499469379e+00 2.129064664659597206e+00 -1.554485740180911790e+00
-6.409535732029215893e+00 2.107263647385961836e+00 -9.934022666634503285e-01
-6.710885673576226118e+00 2.009576384898188905e+00 -1.454992501191931797e+00
-6.320891679695679777e+00 1.522820919499133563e+00 -1.582569543549537938e+00
-6.151185870737308825e+00 2.103016167626664323e+00 -1.417150129927291502e+00
-5.945743281151314896e+00 2.016472225452705214e+00 -1.465830570453312331e+00
-6.591025727254443467e+00 1.193927489486696691e+00 -1.340777542201689876e+00
-6.416177020105624074e+00 1.732735311880743145e+00 -1.451377351427883600e+00
-6.241461228930368144e+00 2.071718019828591384e+00 -1.338917349211707020e+00
-5.627932476330469669e+00 1.992792722912529957e+00 -1.444428574891899242e+00
-6.307432068640266287e+00 1.396325785615783355e+00 -1.413631760107805002e+00
-6.745424485808006132e+00 8.836138658363530407e-01 -6.651228166844667111e-01
-5.381768765577168878e+00 1.584032991391764122e+00 -1.260026070476026883e+00
-6.653334592143037796e+00 2.003273201493223965e+00 -1.352830779919670379e+00
-6.172483223634772642e+00 2.324804272583737230e+00 -1.865394397813142424e+00
-6.621902153173837569e+00 1.426758936582875670e+00 -1.314490201297293215e+00
-6.438324872383532238e+00 1.719129898177129911e+00 -1.225153067785594185e+00
-6.883596987648957999e+00 2.920463564976983672e+00 -2.097491871177253220e+00
-6.423983454619506261e+00 1.984760519496400644e+00 -1.361084488693146799e+00
-6.617354138643280592e+00 2.028324659974098054e+00 -1.229808315333594360e+00
-6.440154513500916167e+00 1.446960102448893615e+00 -1.326115735573501153e+00
-5.380500668290804533e+00 1.826674925653052783e+00 -1.941879264251858306e+00
-5.346670612632882680e+00 1.390999449654497511e+00 -1.940770003084183903e+00
-6.042401986799291080e+00 1.166239395170933113e+00 -1.135978789987551085e+00
-6.672221084597604879e+00 2.162585742524066212e+00 -1.365100631034565692e+00
-6.262777562392865427e+00 1.799176146983795466e+00 -1.116577192999376411e+00
-6.584290859537089702e+00 1.503859975539873162e+00 -1.228729714071558732e+00
-6.236609676724746976e+00 1.271224918889384936e+00 -1.397037891586122793e+00
-6.311106628791455009e+00 2.168866204004739728e+00 -1.702377225043426368e+00
-4.458919626089541310e+01 1.458991469245168560e+01 9.802534769534720915e-02
-6.141552036472869958e+00 1.009404450394010944e+00 -1.302343770574286186e+00
-5.709970683933881297e+00 1.321695430707873653e+00 -1.349278798817875602e+00
-6.437737955794629485e+00 1.576011876107987986e+00 -1.413801604277765023e+00
-5.813835457715241795e+00 1.550603334977090908e+00 -1.393739112326755292e+00
-5.568951984269580713e+00 1.027546037110632193e+00 -1.417613522664613823e+00
-6.329552143989246815e+00 5.037298574773142468e-01 -1.060541714791686019e+00
-5.969389566397292235e+00 2.113988954228187112e+00 -1.580042527054439594e+00
-6.675249482766528075e+00 1.553775380491325908e+00 -1.367613468569438329e+00
-6.051964432436546026e+00 1.923526293928782938e+00 -1.293141001169896720e+00
-6.373458652847918238e+00 1.927634873816020278e+00 -1.207636361663800839e+00
-6.328426597436425105e+00 1.896342629361937426e+00 -1.419102922400384603e+00
-5.947826883544925280e+00 2.092385971200430905e+00 -1.172792966915554347e+00
-6.049091023982230197e+00 1.674834922555340944e+00 -1.214646863776349894e+00
-6.288481290551468206e+00 1.718994637299997796e+00 -1.332021331444588119e+00
-5.811902530693527247e+00 1.289990146633807511e+00 -1.459512471927596700e+00
-5.877010949212350788e+00 1.506700701836801271e+00 -1.444970909397296444e+00
-6.086344726676924388e+00 1.546537630231799021e+00 -1.027683237476413991e+00
-5.669516667612420235e+00 2.183485442565094470e+00 -8.573834765379104716e-01
-6.413762478028075087e+00 1.684959547355494358e+00 -1.362634288773868274e+00
-5.939285847985833477e+00 1.254042797413359223e+00 -1.531507693645091095e+00
-6.374682491255083683e+00 1.764595511220111046e+00 -1.416726678174486054e+00
-7.202123028795944570e+00 2.635618904436188181e+00 -1.483638723012106864e+00
-5.775200966885824627e+00 1.401578528006553359e+00 -1.552317465624268866e+00
-6.039272704531197355e+00 2.182264728499452744e+00 -1.076838990990476530e+00
-5.572250145795664800e+00 7.341374236599271796e-01 -1.194025089663070416e+00
-6.251972611813589431e+00 2.090185756108034365e+00 -1.452016086670917527e+00
-6.182075937816045474e+00 1.815059275386543991e+00 -1.417307034922712816e+00
-5.839853377056554606e+00 1.752367449746906614e+00 -1.527852876502382662e+00
-6.416630630133186131e+00 1.654234269004018598e+00 -1.515098370980259457e+00
-6.080660903550954011e+00 1.477803646088162948e+00 -1.395819636371674832e+00
-6.131065717340678844e+00 1.303423726905887481e+00 -1.388160742016807170e+00
-5.489156284629392424e+00 1.066753792338399176e+00 -1.122110981988452050e+00
-5.702934318477535847e+00 2.055954048705559867e+00 -8.742093910675874380e-01
-7.013673108268649870e+00 1.856836734449148318e+00 -1.449338174126925116e+00
-6.466264966447556439e+00 2.117462750719242059e+00 -1.035943153338773737e+00
-5.824785086316469851e+00 2.732554130530777670e+00 -1.677181933466525443e+00
-6.459893074141450420e+00 2.149868041773884020e+00 -1.378676150492088137e+00
-6.453513249028715038e+00 1.964339480806813754e+00 -2.187102623650162059e+00
-6.077785912874560381e+00 2.209311471927268844e+00 -1.488898870165822785e+00
-6.269373254791731576e+00 1.882090718523715678e+00 -1.725098916573068575e+00
-5.451316317305767711e+00 1.204604361458739392e+00 -1.439767300009985762e+00
-6.537902495640281586e+00 1.688932745308638461e+00 -1.519982982604255684e+00
-5.773471682273388694e+00 2.156908833772545719e+00 -1.700762316715055178e+00
-6.210497612070914997e+00 2.200823502429409384e+00 -1.601612964127755667e+00
-6.877810548148816316e+00 9.070306575404483151e-01 -1.827702756863014866e+00
-5.342960476082112997e+00 1.744236562330795604e+00 -1.806692534608586920e+00
-5.957085806333333622e+00 1.835656989834812736e+00 -1.495670655054207598e+00
-6.122717962441536876e+00 2.472759510313511377e+00 -1.411029776825603932e+00
-5.813435440780185814e+00 1.801188544795303548e+00 -1.056282253385916858e+00
-6.098047813537032624e+00 1.487821224752534421e+00 -1.134328394212912983e+00
-5.962134357688536390e+00 1.633930313917391519e+00 -1.476873717893310456e+00
-6.020688736570868116e+00 2.085501035646521562e+00 -1.472649783688478875e+00
-6.634636248152951943e+00 1.983829363655108757e+00 -1.485158470978270584e+00
-6.135881716168672284e+00 2.087767863334025975e+00 -1.024723024350886247e+00
-5.604126121601143318e+00 1.723975279415043582e+00 -1.534319989909125548e+00
-6.519146864041744927e+00 2.042820963296045900e+00 -1.396090174221962243e+00
-6.552266432236174332e+00 2.505805370965140000e+00 -1.393928356949955871e+00
-6.528184950942028664e+00 1.696921308200585621e+00 -1.487064242384869450e+00
-5.912543363267308116e+00 1.609961449703340097e+00 -1.669217990728370848e+00
-6.589826136971709936e+00 1.429019089407060683e+00 -1.013535544994263349e+00
-6.512664046547803842e+00 1.349276368550943017e+00 -1.317389187087029345e+00
-5.706851041628357102e+00 1.294695455713755550e+00 -1.580056639546310038e+00
-6.458404879657162034e+00 2.231018500440863139e+00 -1.112821731199529429e+00
-6.535255227241847820e+00 2.288650685181601308e+00 -1.101835250838026914e+00
-6.460248596108424834e+00 1.305211454764591439e+00 -1.547433733087836272e+00
-5.863551605838470238e+00 1.362407216855224146e+00 -1.436498970296764099e+00
-6.129196258754003424e+00 2.253365103237438216e+00 -2.079939239538945550e+00
-6.421853415829995804e+00 1.670190630247334385e+00 -1.414978263662331370e+00
-6.361810672843841274e+00 1.462462244134762779e+00 -1.283443122126961544e+00
-6.494567060603822384e+00 1.957780622590773900e+00 -1.346159963293386719e+00
-6.680143091151123258e+00 1.468486083264309183e+00 -1.322685783230694190e+00
-5.953388091524606018e+00 1.872708394000731857e+00 -1.455937951291076615e+00
-6.306127292892310443e+00 1.567641410379670530e+00 -1.584462168003411220e+00
-6.673592836416414542e+00 1.840343019192766549e+00 -1.096588887551586566e+00
-6.307521865538133099e+00 1.994631619445192738e+00 -1.428438244247149047e+00
-5.306763883438504692e+00 2.104638558645051560e+00 -4.840684034713942374e-01
-6.369567034705178266e+00 1.624485255289446428e+00 -1.414431951886280014e+00
-6.169630702536250233e+00 1.482579140277372698e+00 -1.540587362574245445e+00
-6.756299199502934449e+00 2.106036418063884419e+00 -1.495071426270136783e+00
-7.487338858888172410e+00 1.751067206127090214e+00 -1.988872199328290957e+00
-6.574798857855034484e+00 1.370096778188042430e+00 -1.151973553010132489e+00
-7.040714506751823087e+00 1.681116832166481112e+00 -1.202528664722632756e+00
-6.709085072648275805e+00 1.847931881350088235e+00 -1.528515089265481297e+00
-6.085720223172888410e+00 1.722786511798295228e+00 -1.351884297303717952e+00
-6.787223237994002289e+00 1.750184461011161874e+00 -1.409587056018510198e+00
-6.510943625541922408e+00 1.702188155466126673e+00 -1.416203150440895620e+00
-6.477649353123615228e+00 1.593867465410484519e+00 -1.523213832708125492e+00
-5.884045726343539506e+00 1.290835642735625344e+00 -1.382107918433008509e+00
-6.366371346677837550e+00 1.108603284535321531e+00 -1.691039735933051347e+00
-6.539971830565735722e+00 1.795237137931980254e+00 -1.481782289164454536e+00
-6.247181911644834607e+00 1.353207043471407411e+00 -1.431856710838981694e+00
-6.245538275580749144e+00 1.788173557103408085e+00 -1.424887767790306903e+00
-6.031628331547584487e+00 1.846635015591344242e+00 -1.375563477370612686e+00
-6.261435324548188852e+00 1.458492450981038191e+00 -1.421216777864294123e+00
-6.424981291759399582e+00 1.700387936104607034e+00 -1.360254634531593121e+00
-6.696642739054206039e+00 1.686250974148012061e+00 -1.334049159322634903e+00
-5.723034132615730130e+00 1.159903587805114711e+00 -1.627217042880864550e+00
-6.460782383502569282e+00 2.171172766547874833e+00 -1.460776115568844791e+00
-6.449254771078929416e+00 2.146656825601805263e+00 -1.741374920843097085e+00
-6.011114014924674009e+00 2.261440789758330183e+00 -1.357650877841772852e+00
-6.150623775870919907e+00 2.017815218593019821e+00 -1.514756677798232198e+00
-6.724284794108648988e+00 1.876481249587675260e+00 -1.351986044552599520e+00
-5.604547680013397759e+00 1.830596124317840800e+00 -6.895207908782670092e-01
-6.018629624575893899e+00 1.326992908937387528e+00 -1.455997764117983317e+00
-6.421280111998328266e+00 1.921998273910564548e+00 -1.368874933310348929e+00
-6.689475965553446812e+00 1.963124570494647836e+00 -1.612198497116546836e+00
-6.335964373383458081e+00 2.314480765822754194e+00 -1.427407102242762349e+00
-6.654831555576802060e+00 1.974902159926601009e+00 -1.434042758041618404e+00
-5.864004488013952354e+00 1.354938912381135285e+00 -1.432361613563954306e+00
-5.763506374160741075e+00 1.362222921082740346e+00 -1.115351707279576221e+00
-6.641378054231763528e+00 2.123323208222255953e+00 -1.526948590024683527e+00
-6.349659908663936037e+00 1.466734777842716220e+00 -1.113497163605320139e+00
-6.545278181880327395e+00 1.368071501991251049e+00 -1.483010787967537381e+00
-5.940474118676243087e+00 1.889047571774445267e+00 -1.622764308705362923e+00
-6.120770880588210616e+00 1.883946850731768707e+00 -1.668770825097354971e+00
-6.676622832179234024e+00 9.010508110581726404e-01 -1.625387402316575525e+00
-6.656042390283569254e+00 1.537837854380596170e+00 -1.329148885421997273e+00
-6.029124023555941569e+00 1.762492101704627334e+00 -1.563079245268989448e+00
-5.618314269807532568e+00 2.274536216778489273e+00 -1.278378116818876364e+00
-5.971232994899100532e+00 2.223704133518865422e+00 -1.460866579188731418e+00
-5.728502609597843076e+00 1.736830622567188787e+00 -1.319151194574631702e+00
-6.518533121820726528e+00 2.084628391749534071e+00 -1.079306791332005577e+00
-6.383335861152145796e+00 1.465152961789969233e+00 -1.375493696637485774e+00
-6.369021935505526422e+00 2.199428746115269284e+00 -1.531881852049326920e+00
6.052945731481038649e+01 -2.410509161320899807e+01 8.908644216163974505e-02
-6.681175216141849837e+00 1.769353665808414133e+00 -1.423691167855329232e+00
-6.178139246817439201e+00 2.207247059231909336e+00 -1.481867884123264645e+00
-6.276076341487924815e+00 1.809659675116172428e+00 -1.354471931367073889e+00
-6.592222547735986815e+00 2.304212639139417984e+00 -1.319048079981449906e+00
-5.725229885914733252e+00 1.844597500358024389e+00 -1.403597746081926001e+00
-6.295822459513617630e+00 1.735290109399283631e+00 -1.226133578868227270e+00
-6.232497149176440487e+00 1.809929825073642862e+00 -1.505578280053753604e+00
-6.481614241913120189e+00 1.631367919070760619e+00 -1.373933895905656843e+00
-6.866264074049651001e+00 1.109009023673027450e+00 -9.662526987395579914e-01
-6.852300981497284837e+00 1.441513464286152901e+00 -1.277034420391718328e+00
-5.781062440206236275e+00 1.860249952619351221e+00 -2.025581925589626575e+00
-6.898386255409548973e+00 2.234314033118632636e+00 -2.120865149292989749e+00
-6.041653422951694274e+00 1.769992982658017855e+00 -7.811933139817553995e-01
-5.894241536219792188e+00 1.893171056163912125e+00 -1.298842945168957375e+00
-6.802634490592223138e+00 1.789290229262743059e+00 -1.266254194597745908e+00
-6.397949990811930832e+00 2.204978692231217785e+00 -1.345789384136037770e+00
-6.378579423857689612e+00 1.878268785415539099e+00 -1.353310525618931281e+00
-6.362871283152583324e+00 1.933176003256276143e+00 -1.340428504728429893e+00
-6.984316975469081257e+00 1.725592912980196569e+00 -7.390519980346557105e-01
-6.696318202953562171e+00 1.508158290412601410e+00 -1.393221439291281172e+00
-6.340125463074040901e+00 1.716307303749437629e+00 -1.557692660110941540e+00
-6.028994222802495528e+00 2.604814775486434808e+00 -1.928534931052606982e+00
-6.334162870182875160e+00 1.724148139709085426e+00 -1.656893561657034386e+00
-4.755181360367920718e+00 2.251761225500311880e+00 -1.498770432161678379e+00
-6.808793855437271780e+00 1.557625034442616796e+00 -1.561037309043033616e+00
-6.886183765503072429e+00 1.359397109214713018e+00 -1.452068718577787632e+00
-5.700482294321123078e+00 1.811607171219330237e+00 -9.144892394800672175e-01
-6.315439983901734777e+00 1.997154716816603948e+00 -1.230130630560267058e+00
-6.392722231504943231e+00 1.435937007556338685e+00 -1.198723849813788211e+00
-6.421465939399157108e+00 1.129863908133583061e+00 -1.275778866596358307e+00
-6.358680585610246183e+00 2.291954055727242423e+00 -9.593174068766509022e-01
-6.146957830913750698e+00 1.452892476614850770e+00 -1.939972924614830951e+00
-6.171460840814796178e+00 1.841124803698176438e+00 -1.325550150647970549e+00
-6.903125841964182108e+00 1.152585993020443844e+00 -1.572145605665854040e+00
-5.194193141296119975e+00 1.477232832282903141e+00 -1.591799632399703901e+00
-6.712633775575580941e+00 2.086447277659331689e+00 -1.549246750953697793e+00
-5.928373183887003073e+00 1.511634979725263284e+00 -1.383721449550590510e+00
-5.992651370051937931e+00 1.407965780077174989e+00 -1.507419215091578168e+00
-6.419749432687638091e+00 1.404745971119173431e+00 -1.245495865111877265e+00
-6.032490363459096727e+00 1.701962729864132218e+00 -1.316897764549125993e+00
-6.513333471786814322e+00 1.621419938179321951e+00 -1.401425468650574269e+00
-6.113637459119146911e+00 2.689939368493367233e+00 -1.159844540877597252e+00
-5.902338383174392966e+00 1.486611014770894412e+00 -1.323436982226515291e+00
-6.489636836096448036e+00 1.621113024708869421e+00 -1.469156862136999031e+00
-6.129771032132219410e+00 1.615827839670420429e+00 -1.595374594211407926e+00
-6.475983212216900320e+00 1.890477385892659568e+00 -1.371442875679441675e+00
-6.254634969114070131e+00 2.833095143823385786e+00 -1.777595254216487453e+00
-6.344095104864493351e+00 1.464111987642615409e+00 -1.119372478997655795e+00
-5.907151871369389795e+00 1.105256759701325420e+00 -1.694235600824395505e+00
-6.563156435652225618e+00 2.121832086384256577e+00 -1.150466138092851365e+00
-6.324536543170993674e+00 1.775361505529310824e+00 -1.410562625650171542e+00
-6.244538492255813367e+00 1.541389038942668765e+00 -1.271774548395159687e+00
-6.185167926446147213e+00 1.722030546908723592e+00 -2.055624051747718894e+00
-5.938164752940569002e+00 1.674710562024585014e+00 -1.298295102930504097e+00
-6.525502662161283496e+00 2.026958363245257466e+00 -1.286013150045520748e+00
-6.433362359318191892e+00 1.900893377115996374e+00 -1.330525874229692151e+00
-5.877147888866081971e+00 1.596194060374442225e+00 -1.300710020130141142e+00
-6.421595987811550721e+00 1.358393829657051244e+00 -1.270911983327865036e+00
-6.139365146145844498e+00 1.714586476165476769e+00 -1.347250057904849196e+00
-5.907242594815610204e+00 1.312289205461354413e+00 -1.473336548542896418e+00
-6.581774353120294130e+00 1.978431555371466866e+00 -1.163522512570935641e+00
-6.209150967857943293e+00 2.299152017295368111e+00 -8.481457658267983479e-01
-6.721238110007608846e+00 2.017207005617096094e+00 -1.373222169323686126e+00
-6.730498183122805678e+00 9.684258219231265397e-01 -1.890184427636695030e+00
-6.375204603565757466e+00 4.623080610198258000e-01 -1.631344177838399911e+00
-6.217034199209516387e+00 1.139395610466625630e+00 -1.493511164074176278e+00
-6.838612882460292752e+00 9.310210567890504496e-01 -1.370683479580664832e+00
-6.216668530836026108e+00 1.730744444672073667e+00 -1.130206112525869777e+00
-6.218055805698272209e+00 1.532408063922627406e+00 -1.521252688089007377e+00
-6.079061736843318187e+00 1.597450121365467490e+00 -1.442830418479073229e+00
-7.103640017817308916e+00 1.273641012642403147e+00 -1.517961982512406216e+00
-5.978543528468637902e+00 1.675902497601398089e+00 -1.184768023177012131e+00
-6.565165077843769126e+00 2.145032695095882680e+00 -1.458930703181239963e+00
-6.145884866275899583e+00 1.548915157692340117e+00 -1.284120129607387861e+00
-6.705109899855181688e+00 2.492810731992764595e+00 -9.268988135834402842e-01
-6.199508883721024155e+00 1.539921076349711759e+00 -9.739946539436066253e-01
-6.192165217937464661e+00 1.301558572338259001e+00 -1.686641177942105552e+00
-5.919467143708265766e+00 2.294764317729805381e+00 -9.595775149524201630e-01
-6.689773608569947960e+00 2.164738538845316640e+00 -1.611604514120602127e+00
-6.027199405317202441e+00 1.796173506889244598e+00 -1.349788518749680311e+00
-6.666724060776817673e+00 1.828514647678821436e+00 -1.336010427349260343e+00
-5.469915756772691040e+00 1.713250703907950312e+00 -1.415836999744002345e+00
-6.255213587227869354e+00 1.172931675476385660e+00 -1.302741135624699620e+00
-5.963706550928908001e+00 1.288679905352555277e+00 -1.300756324478731019e+00
-5.740015250262628044e+00 7.534638840458242059e-01 -6.259855774788615213e-01
-6.526995655283997166e+00 1.491948452299419969e+00 -1.273800044236352180e+00
-6.586043952998196005e+00 1.475925551226320964e+00 -1.345928839870848215e+00
-6.274915630557756252e+00 2.249767950422990381e+00 -1.566412279450107858e+00
-6.699961618614199033e+00 1.764122662042007184e+00 -1.379906256219570082e+00
-5.755282294661708598e+00 1.420907967520652626e+00 -1.430932400131939453e+00
-5.073545808111280309e+00 1.791808601037163218e+00 -9.818779896926558282e-01
-5.792115824966333371e+00 7.392989909824964068e-01 -2.015215694349748343e+00
-6.260345494517427944e+00 1.963360717151270585e+00 -1.282489799454953117e+00
-6.383884101880603623e+00 1.758981712356755045e+00 -1.300208077722113886e+00
-6.172344705747455862e+00 1.755772047272406544e+00 -1.465103513773434285e+00
-5.665733510289835628e+00 1.840149605939946253e+00 -1.601410746025103471e+00
-6.570619106801449227e+00 8.122017432050676611e-01 -1.200720339313460894e+00
-5.938132450166171417e+00 1.636541793215829932e+00 -1.581863842325758718e+00
-6.512587687149458127e+00 1.647574386742995056e+00 -1.476127901965708311e+00
-5.880793217640760240e+00 1.235117059328313616e+00 -1.479100557804314597e+00
-6.443080225880765788e+00 2.035105530117902184e+00 -1.205519431038752476e+00
-6.258548756956741066e+00 1.665850152446174182e+00 -1.161664831488347760e+00
-6.168454309701917992e+00 1.712683597111152034e+00 -1.587993566044103577e+00
-6.248456247439800215e+00 1.150112035448121128e+00 -1.438815093651243604e+00
-6.298379766313191297e+00 1.356719071990752035e+00 -5.451961186033110751e-01
-6.661247640941406978e+00 1.363121859364789357e+00 -1.319853389490155848e+00
-6.354943031639639806e+00 1.825735011814384912e+00 -1.531354162248645512e+00
-6.348984922773833084e+00 2.163126691102463806e+00 -1.363955485150120772e+00
-6.365660187641809742e+00 1.552925666928404613e+00 -1.300813661293305667e+00
-6.691724408212589736e+00 1.481167387598719909e+00 -1.362704815928715174e+00
-6.930624268805886778e+00 2.420604813477040818e+00 -1.223810793370997629e+00
-5.961053704429977174e+00 1.567359093590606545e+00 -1.436722135302701764e+00
-6.730023073317689786e+00 1.634722143717856513e+00 -1.451611110829902795e+00
-6.745282556238894500e+00 2.139650409793557362e+00 -1.572759845095385023e+00
-6.054552068873201520e+00 2.233825022202490018e+00 -1.282803337391251075e+00
-6.230592572299757492e+00 2.030758307192932932e+00 -1.291364226561372286e+00
-6.660333803657125351e+00 2.047031992769305919e+00 -2.391561341582790323e+00
-6.193853425126116363e+00 1.688380169088436356e+00 -1.532233984746786959e+00
-6.047962726522368548e+00 1.487873124312747874e+00 -1.739548840683727393e+00
-7.041633312354253604e+00 8.118489265507766728e-01 -1.734226069742708987e+00
-6.375371006445743838e+00 2.118436229489963463e+00 -2.237800896510670157e+00
-6.048494875112990776e+00 2.139028295581848038e+00 -1.586820312309998871e+00
-5.810654564897806296e+00 1.485994900862320556e+00 -1.341286699590921394e+00
-6.369285620062828279e+00 1.826502688549119569e+00 -1.336953889072015400e+00
6.053850813313729162e+01 -3.244657866147914405e+01 -7.117917041970271974e-01
-5.965863981828583462e+00 1.811597553918488757e+00 -1.420244977843660550e+00
-5.872923468446848538e+00 1.532395126133273111e+00 -1.514463490272575319e+00
-6.520463860033477665e+00 1.404947199740706587e+00 -1.433821855809602752e+00
-6.015063298530034075e+00 1.481782258856275236e+00 -1.664771545278576070e+00
-6.893694851178432614e+00 1.682660195483744126e+00 -1.448475453972714710e+00
-6.033717529803306334e+00 1.236523566378278760e+00 -1.455099363661927381e+00
-6.018121422407388010e+00 1.707363205299192499e+00 -1.140444671779696550e+00
-6.386842577205641192e+00 1.613757449030592817e+00 -1.298786182337211992e+00
-6.770112699968064973e+00 1.749367666537587018e+00 -8.849791349360579540e-01
-6.498960236527849155e+00 1.558181929391165621e+00 -1.513474227437380026e+00
-6.632441274105743467e+00 1.547216880818312212e+00 -1.613147282378453395e+00
-6.465367959233075723e+00 7.836358553035613905e-01 -6.906087147906425638e-01
-6.121542493193275369e+00 1.390644766288857248e+00 -1.426139401960640152e+00
-6.432373672313739910e+00 2.362016409016146401e+00 -1.375250133651396700e+00
-6.404671145727268922e+00 1.674433367446882981e+00 -1.417773449052714296e+00
-6.553044080471249089e+00 1.464994079161680007e+00 -9.124285094821066311e-01
-6.425668547376730544e+00 2.428743716368763295e+00 -1.341757011876570482e+00
-6.289224220919059860e+00 1.601901968909044349e+00 -1.361637066847038557e+00
-6.177679141292215625e+00 1.248511368891846995e+00 -1.459655723413261885e+00
-5.980275248930903231e+00 1.967155408951300810e+00 -1.523018054914478059e+00
-6.187120147593331509e+00 1.884268554178145871e+00 -1.655948199589291292e+00
-5.915492544864121349e+00 1.915491250439920190e+00 -1.176577445808390854e+00
-5.991903334315535901e+00 1.826912419042735047e+00 -1.337731521284790892e+00
-6.088710170491268059e+00 1.533637150483551537e+00 -3.395216551350999090e-01
-5.841615126582134110e+00 1.614341497825429350e+00 -1.349975866065286911e-01
-6.500222024501908002e+00 1.948777699587679546e+00 -1.491223183354822401e+00
-6.596377670817010319e+00 1.756198584722440836e+00 -1.406710749499616053e+00
-6.263412833385618939e+00 2.270189537792118184e+00 -1.361867252062036071e+00
-6.364287387595812362e+00 1.734865634345040375e+00 -1.411216385009566254e+00
-6.189668203741279129e+00 2.362489690122085317e+00 -1.425946122433800145e+00
-5.995648356838647608e+00 1.916242748963834064e+00 -1.482339288869708449e+00
-5.670338687743846862e+00 1.470083328917812793e+00 -1.384240455707724138e+00
-6.653562202898975819e+00 1.510982284520619334e+00 -1.457397397776472259e+00
-5.672162048972057669e+00 3.586867960379017117e-01 -1.486351294180261240e+00
-5.479782773823661302e+00 1.599598126633735351e+00 -1.349632968801009802e+00
-6.089289740024367958e+00 1.641399743207694328e+00 -1.548598766254334347e+00
-5.843060881191417089e+00 1.822652069205288994e+00 -1.456007160099134223e+00
-6.333610849101092732e+00 2.314887677509303021e+00 -1.315009077768586332e+00
-6.483566735820391891e+00 2.152177942146682899e+00 -1.218985183145676165e+00
-6.117020950143853497e+00 1.645132450075956765e+00 -1.417438461968836272e+00
-5.886896799631568200e+00 1.561126233725427470e+00 -1.444567045962612761e+00
-6.676865288875636573e+00 1.942201927773885339e+00 -1.413080107953334386e+00
-6.694936843920888059e+00 2.044601666070521517e+00 -1.489756235766231063e+00
-6.412238226663684593e+00 1.527510279997831733e+00 -1.077136736605265765e+00
-5.948325334385143215e+00 1.709695577562835522e+00 -1.415287138068361816e+00
-6.578403121207323956e+00 2.227402290877170010e+00 -1.675156216387104102e+00
-5.871895126544485422e+00 1.721800050363574863e+00 -1.376845144918869890e+00
-6.366915327243498623e+00 1.964095837840128311e+00 -1.366110258414507950e+00
-5.611543128776594891e+00 2.449849461872695144e+00 -1.505830243691343773e+00
-5.741033292916087660e+00 1.430813929873575363e+00 -8.512126562129711527e-01
-6.116143154798034942e+00 2.338282938829775226e+00 -1.557663971824176929e+00
-6.545170420492002705e+00 1.602296497761697136e+00 -1.491053384020567751e+00
-5.992543317077174692e+00 1.565659654589991900e+00 -1.403147502341039798e+00
-6.498230853092214154e+00 1.920795580625171528e+00 -2.753623174067225232e+00
-6.523907647173948554e+00 2.185065443496639670e+00 -1.043273267620622002e+00
-6.760051328568345674e+00 1.715888144259121173e+00 -1.374281857527211326e+00
-6.064817958522070285e+00 1.578827799233887275e+00 -2.182589357911953520e+00
-6.528786433333373829e+00 1.909547086322727960e+00 -1.866161725278511874e+00
-6.064641570420837624e+00 1.423675168236624655e+00 -1.522319806850105595e+00
-6.731929929169271354e+00 2.529711974835018751e+00 -8.625139338496959907e-01
-6.256733835909337849e+00 1.519761203848515985e+00 -1.531749358538093020e+00
-6.444584885739444324e+00 2.172130891688600851e+00 -1.329544559907421153e+00
-5.023146587561728715e+00 2.312518757120053614e+00 -1.316165607946497396e+00
-5.845279399610901372e+00 2.174004707699679795e+00 -1.316781998313196311e+00
-5.673516481682321810e+00 2.197578374148201785e+00 -1.128444601775255407e+00
-6.090170317863873528e+00 1.148809649469966443e+00 -1.467813318510748921e+00
-6.169798976936055723e+00 1.745962415696769909e+00 -1.435397850097636985e+00
-6.024580478965090968e+00 1.669401262187964363e+00 -1.285879912102227740e+00
-6.724395365950533332e+00 1.663065616168188932e+00 -1.283285084146161603e+00
-5.943447077122907984e+00 2.944305419818443070e+00 -1.327511482031582091e+00
-5.693842635494683613e+00 1.643774801259928031e+00 -1.484123677522917184e+00
-6.428623058987454897e+00 1.765078128925039014e+00 -1.616682858871016037e+00
-6.168435798833629136e+00 2.502597911330777247e+00 -1.242405216540814816e+00
-6.011921723825092378e+00 1.529319915691229381e+00 -1.198029251097497916e+00
-5.537982603487716204e+00 1.545906755660168441e+00 -2.027641000810240790e+00
-6.174113613728813732e+00 1.541866491677601703e+00 -9.633377280282817701e-01
-5.863219915282200212e+00 1.746388325647824535e+00 -1.476329934067880600e+00
-6.380838748417819062e+00 1.455111550061451764e+00 -1.417540883315189681e+00
-6.162387622880597604e+00 2.196743573193048249e+00 -1.516306775138424934e+00
-6.874767503985730777e+00 1.307879728054607948e+00 -1.088005606601197606e+00
-6.870526232454347237e+00 1.544861521287654416e+00 -1.338663397918002262e+00
-5.946398779124295153e+00 1.960276991821284787e+00 -1.383814405677514570e+00
-6.235711858628792292e+00 1.743329522816894128e+00 -1.418153315459782293e+00
-6.789783379059146640e+00 2.296904174005416355e+00 -1.662316486011886196e+00
-6.559799194705361991e+00 1.343684759723610567e+00 -1.469445550760218877e+00
-6.357331828429098941e+00 1.446718960039225399e+00 -1.427910181073925422e+00
-6.574522432590457655e+00 2.116970397463033393e+00 -2.049961244840162511e+00
-6.475317876307363107e+00 1.814069912712914068e+00 -1.485936443814113828e+00
-5.827740135448033598e+00 1.541998378651386004e+00 -1.124331431577012541e+00
-6.248849355565296193e+00 1.686530000700744436e+00 -1.643673985337008148e+00
-5.945757090570250369e+00 1.844757133533830640e+00 -1.181533335889154879e+00
-6.309948774305538244e+00 1.559763964795197744e+00 -1.233895226153276958e+00
-6.733403415851793916e+00 2.703359748348662661e-01 -9.234320752675947430e-01
-6.086731470659942467e+00 1.436954144000374800e+00 -1.209332651067915432e+00
-5.725958994718346240e+00 1.012557195770350305e+00 -1.710268755743769242e+00
-6.126838288952568767e+00 2.117067388442053666e+00 -1.455709863583516173e+00
-6.247967447311737033e+00 2.006119100123635146e+00 -1.216977507515061063e+00
-6.238291934499343938e+00 1.747493660505565760e+00 -1.462373887518197524e+00
-6.489446999849528552e+00 1.140340625676768971e+00 -1.289919569231548824e+00
-5.985812349783641295e+00 1.827107762496160248e+00 -1.100013608187457637e+00
-6.496140882976087383e+00 2.126349428565893263e+00 -1.392553259817670641e+00
-6.653800903080846041e+00 1.498297735717493806e+00 -1.410007918816432060e+00
-6.676444808488604998e+00 1.359180561632108653e+00 -1.318069791068987584e+00
-6.227210208448696882e+00 1.050913093466121717e+00 -9.584296740987360286e-01
-6.579677086906261962e+00 1.567763614242196679e+00 -1.349145217173633560e+00
-6.386036882115723401e+00 1.923762671807421665e+00 -9.949836072493228878e-01
-6.201069257968009119e+00 1.110839136247173675e+00 -1.129284883671557438e+00
-6.675940848537257111e+00 1.793317659196175917e+00 -1.311638166346874801e+00
-6.045292681929123724e+00 2.703472336495314376e+00 -1.644761793006758621e+00
-7.013160563791126734e+00 2.268185100971061630e+00 -2.017821575255160038e+00
-5.903302272113807980e+00 1.996645949288836430e+00 -1.402044955960251915e+00
-6.173446180938628736e+00 1.617623732355498056e+00 -1.934960708769882132e+00
-6.271779240593456706e+00 1.687920143832371211e+00 -1.225368742484312934e+00
-6.505656682322875639e+00 1.169130884787847435e+00 -8.880618078481262723e-01
-6.621295379065605502e+00 1.955514409640667139e+00 -1.266932919355825637e+00
-6.503689086270007635e+00 1.508102242683889482e+00 -1.441829585282309090e+00
-5.623187211408642305e+00 1.435012355362732084e+00 -1.401043720147734151e+00
-5.852274763671388769e+00 2.130499347645247177e+00 -1.571604209444252609e+00
-6.435265665614116948e+00 1.233571534637319722e+00 -7.444960427318073615e-01
-6.235195040752363305e+00 4.026856170961162218e-01 -1.401678633072915625e+00
-6.097919957065673024e+00 1.582334992987076916e+00 -1.249189552566668748e+00
-5.928420113384252232e+00 1.573435086318052401e+00 -1.476910390162296860e+00
-6.343005124444252019e+00 1.903994494372614144e+00 -1.414275920472229275e+00
-7.069408869500269255e+00 2.811495008176037924e+00 -2.212337284445897723e+00
-3.093729988594119718e+01 -6.831325555811133654e+01 -6.600355811607616641e-01
-5.975298533011207169e+00 1.628503490883878468e+00 -1.782961375713419061e+00
-5.701327977604028874e+00 1.612962758913220052e+00 -1.313840984078115337e+00
-6.012508712996091020e+00 1.195786288910108297e+00 -1.277285687570311357e+00
-6.123931381469291502e+00 2.116370686659883926e+00 -1.173784568635575898e+00
-6.191871804721958306e+00 1.412980932532055034e+00 -1.399123974554043803e+00
-6.521519999834150205e+00 1.968339086440543007e+00 -1.036610949722687636e+00
-6.571552005786702289e+00 1.552762871881102624e+00 -1.392141200369629850e+00
-6.093846273758589227e+00 1.624744137625369289e+00 -1.177026486460499566e+00
-5.761731928216204501e+00 1.713171360929703679e+00 -1.396365484213471175e+00
-6.375585319376928517e+00 1.442962876677397199e+00 -1.747554537869355995e+00
-5.996907222506656865e+00 1.524126303312464792e+00 -1.357086475848842344e+00
-5.843756893254837159e+00 1.625080704459129111e+00 -1.407045050514580398e+00
-6.359815134723116437e+00 1.294288439593554108e+00 -1.672324454621389345e+00
-6.255882897045871083e+00 1.709873175755519892e+00 -1.411469869560545654e+00
-5.702041340881454978e+00 1.598551867910086743e+00 -1.566552199541742851e+00
-6.566533776414944512e+00 1.792481149377884719e+00 -1.505087237347344953e+00
-6.778777428628574242e+00 1.652682275891468100e+00 -1.072520776449003010e+00
-5.951384490913188330e+00 2.074426349490137600e+00 -1.422706735127325040e+00
-6.466050589354399136e+00 2.480715563225378339e+00 -8.929138363129711653e-01
-6.290772923137672556e+00 1.652989533679281475e+00 -1.078673036115108896e+00
-6.032789302037860679e+00 2.210778067945557535e+00 -1.122015172454227327e+00
-5.646980289705206602e+00 1.162230393083113711e+00 -1.367383358834763030e+00
-6.328406931611303854e+00 2.269847987175893866e+00 -1.559070028479327297e+00
-6.294062921262486121e+00 1.297770055667208045e+00 -1.479155342392073580e+00
-5.753569685650437471e+00 8.845151016666554789e-01 -1.615937612681029867e+00
-6.300055866155973128e+00 1.174268618956345378e+00 -1.007165135319821880e+00
-6.103944654745289355e+00 8.042662299146055016e-01 -1.968254557101425606e+00
-5.995879725232532209e+00 2.318940002133264677e+00 -1.541857950478590755e+00
-5.833734650127154531e+00 1.593909120643943966e+00 -1.553705295822593646e+00
-6.356039427799395014e+00 2.163540071693555777e+00 -1.491075742564784701e+00
-6.254076479990034798e+00 1.573010996712553400e+00 -1.338863046362764431e+00
-7.088075086407854108e+00 1.636236079770677643e+00 -2.048951354106434142e+00
-6.380662123465572044e+00 1.663964156891081458e+00 -1.268559339973050815e+00
-5.892496522412523419e+00 1.414405982646589122e+00 -1.581997754618980956e+00
-6.628768629770797283e+00 1.213832332745607312e+00 -1.456713397803188315e+00
-6.294397914333921484e+00 2.330343265425977695e+00 -1.514279171284428571e+00
-5.415873024892881027e+00 1.732998322571553285e+00 -1.138874366384919457e+00
-5.748603213346752838e+00 1.836596502040477308e+00 -1.349675969132406506e+00
-6.032284760967185022e+00 1.234849656857752720e+00 -1.461447450996448572e+00
-6.545739665845788480e+00 1.576659575908701649e+00 -1.322109313832438904e+00
-5.974138961233574463e+00 8.189799714547898457e-01 -8.498633545533654798e-01
-5.447238705031101524e+00 1.762371069189967887e+00 -1.908600531046828364e+00
-6.234495321115108624e+00 2.333629038065846206e+00 -1.448854769967562017e+00
-6.367220531324902844e+00 2.170706087708717202e+00 -1.366475950519150828e+00
-6.269528933501785417e+00 1.488759308150407357e+00 -1.449617838193544506e+00
-6.368482771026684475e+00 1.710543001965428633e+00 -1.362967036743928162e+00
-6.672958315873806612e+00 2.166891453943042389e+00 -1.490802386240678512e+00
-5.669028773209315197e+00 2.209935779219548202e+00 -7.421651804711454359e-01
-6.975563552267196599e+00 2.136823353537403047e+00 -1.540733257659996580e+00
-6.427090710075753499e+00 2.179012866749579835e+00 -1.676795646308095966e+00
-6.376754156233877424e+00 1.562709889991198198e+00 -1.268099991793773862e+00
-5.423198426070797495e+00 1.022390147660257931e+00 -1.779055967757243728e+00
-5.863653508778427614e+00 1.857473655288128800e+00 -1.478398654352893526e+00
-6.546490390955613137e+00 2.464091010884852828e+00 -2.122738778731067644e+00
-5.965924293889949048e+00 1.825862829878950100e+00 -1.418997992048932622e+00
-6.445944748889345099e+00 8.674330706398912794e-01 -8.847639516479868238e-01
-6.853322626429044995e+00 1.786742795626833136e+00 -1.323582386046127768e+00
-5.882833798966076166e+00 1.571123983393483803e+00 -1.535332377557056205e+00
-6.355284670958132764e+00 1.829871847582273947e+00 -1.568898528328605213e+00
-6.405654072561374868e+00 1.851409338477384647e+00 -1.409823176954405621e+00
-5.586703164712519154e+00 2.176697561312326723e+00 -1.167481844976501648e+00
-6.353249551111178839e+00 2.410265422876788133e+00 -1.279584581549397138e+00
-5.912284653206797636e+00 2.215520686251157834e+00 -1.100957151420953073e+00
-5.969129150397374239e+00 1.131601906133872903e+00 -1.438057047270131728e+00
-6.880711517983352898e+00 1.880988912270378899e+00 -1.676895472021753042e+00
-6.102670229324240303e+00 1.420362096585651823e+00 -1.457122002417097884e+00
-6.538044866082133311e+00 1.374747220005658521e+00 -1.458260300980843249e+00
-5.865047489246668633e+00 1.581961865736517758e+00 -1.338317307364082831e+00
-6.585301822330886345e+00 8.835262869733120361e-01 -1.707502876549311654e+00
-5.881297132609554446e+00 1.751567710973465308e+00 -1.407657018680011696e+00
-6.173167700518225054e+00 1.460053216185896785e+00 -1.524099787343903278e+00
-6.875558737973538115e+00 7.836329447225602873e-01 -1.060511758478583033e+00
-6.472510615731879469e+00 2.249010826256014006e+00 -2.397367835011178894e+00
-5.972059591655992428e+00 2.311003407353151129e+00 -1.334749103703785744e+00
-6.611395160074837740e+00 1.450759260696935948e+00 -1.794368310836282676e+00
-6.031924560840268512e+00 1.399816584554852694e+00 -1.367403909037128162e+00
-6.376485223561305204e+00 1.471136956346636770e+00 -1.199180058564478069e+00
-6.047718316887367607e+00 2.115975384139738846e+00 -1.625658531660885142e+00
-6.707951668466026085e+00 1.747768861853622679e+00 -1.278066199479759302e+00
-6.236476706554228144e+00 1.129038606562447367e+00 -1.871211671263062870e+00
-5.754153118115499232e+00 1.949860475157598527e+00 -1.187515452481364697e+00
-6.901958516196653015e+00 2.093665846015460019e+00 -9.422455177563732187e-01
-6.077075368729014215e+00 4.701712205055094129e-01 -1.106681815528810509e+00
-5.780889867026552054e+00 1.508913063023343826e+00 -1.371364812816799228e+00
-5.077409295983081883e+00 8.431390857149301254e-01 -1.432061352188695125e+00
-5.918564756402528104e+00 1.432100895644277783e+00 -1.532803205624061693e+00
-6.262272106605940358e+00 1.707621033564301616e+00 -1.517121984655184219e+00
-5.775996377915676661e+00 1.395130344854075721e+00 -1.417349321717238153e+00
-6.439088763234811275e+00 1.517473711370759704e+00 -1.423068430351238867e+00
-6.187550197890952397e+00 1.565787794755711504e+00 -1.373960504099083657e+00
-6.699868766970053180e+00 1.428898289116275366e+00 -1.864297420241016967e+00
-6.386640501706069450e+00 1.714066597956978466e+00 -1.395907891183657101e+00
-6.065295432832207290e+00 1.217762455028536639e+00 -1.481015021326475889e+00
-6.635640578462181693e+00 2.526341104151617500e+00 -1.508936770775705760e+00
-5.900569455380476391e+00 1.568456327953480445e+00 -1.444629214112807647e+00
-6.679566322947349200e+00 2.012875891226376002e+00 -8.842668405947097243e-01
-6.695982196451671697e+00 1.526046290482104162e+00 -1.539215402218732320e+00
-6.662329963362729757e+00 1.794174552784431276e+00 -1.652234010676693066e+00
-6.188862806266592465e+00 2.131027561821301486e+00 -1.158899221424893433e+00
-6.412011554234278599e+00 1.788998102990687622e+00 -1.360336366859774326e+00
-6.340837945009933918e+00 1.829530772213712631e+00 -1.521173370173861894e+00
-6.162760485851366710e+00 2.463206737826026060e+00 -1.463119741929762352e+00
-6.564534684087449001e+00 1.865335335239007408e+00 -1.069839788423814220e+00
-6.715283969497463090e+00 1.672268574756714976e+00 -1.374567187015397263e+00
-5.737898888578250478e+00 2.808955484785973677e+00 -1.119896830186849934e+00
-6.801839659755648526e+00 1.814186588151653456e+00 -1.033734713979049813e+00
-7.180650299844915985e+00 1.758488726694491078e+00 -9.035784691247736866e-01
-6.751635459968092334e+00 1.980647967419064237e+00 -1.098630783341919548e+00
-6.600055906455157384e+00 1.498186584401956845e+00 -1.425323963923286863e+00
-6.020880475773455309e+00 2.024572155373868032e+00 -1.318695901146215599e+00
-6.107951282771147739e+00 1.992553604829260250e+00 -1.245712486477624559e+00
-5.768352521910408370e+00 1.836269816388730991e+00 -1.642924828494047196e+00
-6.053782669682812312e+00 1.661216935328723832e+00 -1.663235955433380875e+00
-6.007043785272375480e+00 1.850634106492373920e+00 -1.492156042369567448e+00
-6.196303334761893211e+00 1.290129837499728094e+00 -1.356717707138094919e+00
-5.999503111699260316e+00 1.339566744284719890e+00 -1.306331796461653205e+00
-6.158428707953673253e+00 1.863128247806086213e+00 -1.480102537233303872e+00
-6.337551053835055903e+00 2.164127414810596672e+00 -1.407324463508452528e+00
-6.682413719895411219e+00 1.619941335402469207e+00 -1.425693638548659825e+00
-6.387492238180792370e+00 1.864272110855848208e+00 -1.222304720212262330e+00
-5.972061494255094694e+00 2.079975211475288077e+00 -1.360360169728736635e+00
-6.895336976022403697e+00 2.272895458178279871e+00 -1.823614412664424256e+00
-6.246404660994341107e+00 1.860176262828166838e+00 -1.422385637046324591e+00
-5.763111490618083366e+00 2.013972090066669995e+00 -1.024888902266197999e+00
-1.189050794021841462e+01 -7.755892938377613177e+01 -7.523885692792182667e-01
-5.115007081878948370e+00 1.285488905041936913e+00 -1.335689484503866709e+00
-5.818908170021609649e+00 1.524897149438775301e+00 -1.824242053275199282e+00
-6.994895265579847532e+00 2.083486579552373819e+00 -1.314445941280678376e+00
-6.616299071543225274e+00 2.222433582558688947e+00 -1.508634842801986897e+00
-6.017586968867347785e+00 1.395990467277608227e+00 -1.265182039275498882e+00
-6.270295227085745715e+00 2.050319123819605238e+00 -8.639193645765491647e-01
-6.311717436540782877e+00 2.143765320822298204e+00 -1.304723518441586405e+00
-5.959269882414923281e+00 1.743252117576123750e+00 -1.505018011695341329e+00
-6.050584375603472509e+00 1.731637445038854528e+00 -1.473889958448573179e+00
-6.292985562002935573e+00 2.378924501266378666e+00 -1.470795194948464779e+00
-6.602547785904467226e+00 2.056213893525320913e+00 -1.473937337626112010e+00
-6.293853004004901663e+00 1.733043368513002447e+00 -1.414017409333355513e+00
-6.117116633877806464e+00 1.171630463591857074e+00 -1.452125870957600151e+00
-6.298749784271826968e+00 1.741925372110156189e+00 -9.818186776210046096e-01
-6.076983266279471607e+00 2.152303441989507959e+00 -1.463339496614989743e+00
-6.169378802793830552e+00 2.060656321195649898e+00 -1.448082315824340327e+00
-6.189343030102577359e+00 1.535545772375622731e+00 -9.984747277608472249e-01
-5.708820772714256364e+00 1.796487838741509746e+00 -1.484430509813214005e+00
-6.462242403553407399e+00 1.700832198814706597e+00 -1.437555009130871753e+00
-6.197838864701187944e+00 1.252037746017713227e+00 -1.420699100387130764e+00
-6.371650548191709618e+00 1.150315210984119041e+00 -1.380135603233910713e+00
-6.199806327369058678e+00 1.722647024984469866e+00 -1.318001700538357968e+00
-6.748620501007146721e+00 1.882497250025962465e+00 -1.382131004904990856e+00
-6.488138391242468828e+00 1.957929328774767663e+00 -1.398911353666502544e+00
-5.900230835014294684e+00 8.811354118283257764e-01 -1.291337574923222320e+00
-6.309435115073327438e+00 1.617273687310628594e+00 -1.331407263173988165e+00
-6.625971035475963333e+00 1.820864077295815564e+00 -1.252330500445345329e+00
-6.112319401699776833e+00 1.701344328895334934e+00 -1.548907541841517910e+00
-5.662417861754098780e+00 1.652082075076131584e+00 -1.227684143914542725e+00
-5.939728867604023854e+00 1.887337027793359878e+00 -8.996352409750932866e-01
-6.547767824416722782e+00 2.018021975900118115e+00 -1.300484884484275572e+00
-5.523822663298661340e+00 2.210751130590912439e+00 -1.438075843273612486e+00
-6.761595411890493068e+00 1.720985819823319440e+00 -1.318652022307710947e+00
-5.318543964665672696e+00 1.177616915040924361e+00 -1.337295107028099395e+00
-6.453063549288684975e+00 1.869775054044897855e+00 -1.657753065948388782e+00
-6.006542586953320217e+00 2.277344865378073457e+00 -1.389132950567417257e+00
-5.777407583761295484e+00 1.347151543221610570e+00 -1.204389251875482403e+00
-6.658857864580639330e+00 1.731170623280314791e+00 -1.502550146571389078e+00
-6.019585209572494655e+00 2.029031515398423302e+00 -1.679143742461095101e+00
-6.080753468966782371e+00 1.402122057450292170e+00 -1.337350066278081062e+00
-6.339799432477284391e+00 2.035075903478854364e+00 -1.342563670857863878e+00
-5.912172640698302395e+00 1.387898312294957970e+00 -1.573929129210733802e+00
-6.437174782458967570e+00 1.430584928631386976e+00 -1.294727734843703182e+00
-6.349422340914641971e+00 2.274861319005551774e+00 -1.260875147734819679e+00
-5.983934234436230071e+00 1.496518448591452666e+00 -1.537132497682436982e+00
-5.920000093451688095e+00 1.797914531885796974e+00 -1.498893744353630320e+00
-6.148560054026498634e+00 1.910586744540128556e+00 -1.576998002486997841e+00
-6.640844121391284993e+00 1.808043157402844825e+00 -1.412377400069510403e+00
-6.034290342278906039e+00 1.386116997379147175e+00 -1.374260339625579030e+00
-6.412286273207704390e+00 1.615125665546439881e+00 -1.598829637610840182e+00
-5.351007188208181553e+00 1.761726811434362272e+00 -1.244745599702872019e+00
-5.833792239607896946e+00 6.913489377606064634e-01 -1.599696879944233929e+00
-6.181688855659133175e+00 2.232715965849788819e+00 -1.473657366622391995e+00
-5.977685041380810915e+00 2.380372276530475784e+00 -1.684876639674766086e+00
-7.187428935171542577e+00 1.833285686245770263e+00 -1.112983182547366612e+00
-6.548175653117270123e+00 1.519788281854403289e+00 -1.138543942810976706e+00
-6.338606181749167234e+00 2.098555399866064874e+00 -1.595604756614569020e+00
-6.046391730697799005e+00 1.954733713319152466e+00 -1.162644472800413720e+00
-5.470882588651197587e+00 2.065934235520550111e+00 -1.307981424330464826e+00
-6.447329352201064623e+00 1.606408046894909347e+00 -1.141059719910093806e+00
-5.255882155974548553e+00 1.026500671850410829e+00 -1.365682177229677441e+00
-6.432426724228393233e+00 6.528091500074310050e-01 -1.507035092407637888e+00
-5.801303864032723467e+00 1.799671922929435564e+00 -1.246820790435679394e+00
-5.617414927248196577e+00 1.939829296432910910e+00 -1.330497043185085548e+00
-6.830231519366559034e+00 1.892698722456459315e+00 -1.382439678495946067e+00
-6.635739901269183783e+00 1.733533571890711222e+00 -1.586666579203328098e+00
-6.448784652323910294e+00 1.935305736188237757e+00 -1.240454812213927838e+00
-5.792157058549541659e+00 1.430731548167897271e+00 -1.250948954146090975e+00
-6.136386396551326783e+00 1.354851194303670958e+00 -1.233975426762465855e+00
-6.207535386677715650e+00 2.488508418453131199e+00 -1.090421967337115605e+00
-5.943528718993663418e+00 2.420226398952075364e+00 -1.140616642370927858e+00
-5.281209366963872220e+00 1.306160950960716827e+00 -1.658979392422371468e+00
-6.042457724302692235e+00 2.080390728989087279e+00 -1.387794606147648491e+00
-6.288123255806193690e+00 1.430053427508664710e+00 -1.488521137482210266e+00
-5.905506455096983132e+00 1.767235168518842103e+00 -1.336282600255884079e+00
-6.332613472801239318e+00 2.459330992988326248e+00 -1.368382213723694063e+00
-6.427997917411016893e+00 1.724244562353089982e+00 -1.413378755208770654e+00
-6.217199969570488705e+00 1.546305414432876280e+00 -1.342118086549860090e+00
-6.759375907053803090e+00 1.627831046352953948e+00 -1.406205800267728456e+00
-6.017471563682638802e+00 1.719412493780378082e+00 -4.695663760343717907e-01
-5.999444246364793010e+00 1.680627548284378658e+00 -1.331096550152346847e+00
-6.098543131773685566e+00 1.694840085942481922e+00 -1.574948508837699102e+00
-6.162055753812476055e+00 1.585900032358896761e+00 -1.507009325881298212e+00
-5.916932219495721235e+00 2.568009502471763739e+00 -1.747680771825445456e+00
-5.875897757477134498e+00 1.365393282096741157e+00 -1.408280422031991774e+00
-5.937269355359291012e+00 1.879581622791025364e+00 -1.477525450745727165e+00
-6.055211017502466042e+00 1.576731980062436866e+00 -1.060765829660377912e+00
-6.200960447214907134e+00 2.086446196187749624e+00 -1.500574889906416853e+00
-6.318307106213770119e+00 1.713918262127841929e+00 -1.364910629518975238e+00
-6.347543146782919976e+00 1.005517976992538864e+00 -1.198653793392479017e+00
-6.735022608344305439e+00 2.120850420174734907e+00 -1.474349114439340136e+00
-5.913765751679228799e+00 1.810775854385779926e+00 -1.486634878150667971e+00
-6.178543159450903488e+00 2.093565925617588253e+00 -1.320221993524741011e+00
-6.216504661378504437e+00 1.716082631202433539e+00 -1.779367873560408819e+00
-5.988139336761364895e+00 1.529523135424778024e+00 -1.479626789444508317e+00
-5.765590536139239219e+00 1.892339849206628344e+00 -1.471182399771911342e+00
-6.557327006078488729e+00 1.848532818890428198e+00 -1.279047602309230314e+00
-6.404432422677554193e+00 1.221982515062391084e+00 -1.432810610338186574e+00
-6.202251390379375451e+00 1.965407592083592947e+00 -1.471162623814374237e+00
-6.514618606085904595e+00 1.507561005670886578e+00 -1.139279904131829113e+00
-6.676097727514783919e+00 1.227124506553817884e+00 -1.371641758050720972e+00
-6.011987078097997816e+00 1.493413686651486660e+00 -1.558653754077285347e+00
-6.837256151699464546e+00 1.331133528657394871e+00 -1.333815863249906863e+00
-6.687739340424082357e+00 1.267629749202871636e+00 -1.903825788343830983e+00
-5.838322073610166640e+00 1.675194972347258116e+00 -1.711982323229877645e+00
-5.847981593923628374e+00 1.624352917087786174e+00 -1.236321249786547893e+00
-5.868860324190050548e+00 1.668677974243744755e+00 -1.539707637890428638e+00
-6.711609036717041121e+00 1.869408522364194747e+00 -1.303520364126827369e+00
-5.930901029994872786e+00 1.838726816357701743e+00 -1.670568423655097057e+00
-6.461197007656986457e+00 2.053239431554365613e+00 -1.396166377608816900e+00
-6.273938654163668360e+00 1.898749047961028724e+00 -1.217106638646289207e+00
-6.490367854418088278e+00 1.282632598961259474e+00 -1.349066360741090431e+00
-6.438599300167998862e+00 1.144306277233737124e+00 -1.493154888471618591e+00
-6.019773032146173541e+00 2.183407585012745233e+00 -1.645994261682724558e+00
-6.131617769548643793e+00 2.054670827364438068e+00 -1.399491542126739763e+00
-6.159389726366296891e+00 9.322403897922812988e-01 -2.000942480467322038e-01
-6.159511431050711749e+00 2.242025991035002885e+00 -1.449196845171421000e+00
-6.144444511497151318e+00 1.457191801228675532e+00 -1.147765522308298980e+00
-6.458435443067823023e+00 1.271035901286682979e+00 -1.695931407010352165e+00
-5.837918306451279626e+00 2.181627056318562907e+00 -7.640227320246532061e-01
-5.360273033466725678e+00 1.307696981608817977e+00 -1.166985669617687238e+00
-6.515430716446859449e+00 2.133383914147779947e+00 -1.191205208561914475e+00
-5.736283212215980143e+00 1.565790481265909584e+00 -1.317609439664522375e+00
-6.211067880077545844e+00 1.637009222642761941e+00 -8.555992095898677929e-01
-4.058811530264919476e+00 9.323254484467868508e+01 -4.083708600627724561e-01
