-1.073531621977019412e+01 3.597685367529003919e+00 -1.712157970549406105e+00
-1.010589629005514745e+01 3.856126933194407247e+00 -1.825705918528980121e+00
-1.132635206509613823e+01 3.640833246917269950e+00 -9.887083654304265057e-01
-1.021221017987299717e+01 3.970758976019068687e+00 -1.642150073202709004e+00
-1.112514958772927898e+01 3.573351824205263760e+00 -1.730097788077411103e+00
-1.062021185730266382e+01 3.627270030938474221e+00 -1.622791073747806179e+00
-1.037486084267131758e+01 3.443478899950515260e+00 -1.588250562902904672e+00
-1.042963774833673085e+01 3.493480077887429758e+00 -1.276183230790733258e+00
-1.003434509391436436e+01 3.836910744434534948e+00 -1.947697166092185350e+00
-1.085202198623179548e+01 3.135921494679230204e+00 -1.488186281682843060e+00
-1.048857436462026094e+01 3.985305987587437926e+00 -1.676093309990837277e+00
-1.112935680907012070e+01 4.200659478074968867e+00 -1.120496781321674407e+00
-1.067530805645275649e+01 3.700488466007008093e+00 -1.593873469650571195e+00
-1.051085993585868827e+01 3.772065173369861579e+00 -1.537225460980794045e+00
-1.027592392901324558e+01 3.847161950407952169e+00 -1.987476302461665068e+00
-1.055487293714817731e+01 3.866823730849440199e+00 -1.647460039810090038e+00
-9.810501528573499996e+00 3.126030780126938247e+00 -9.368088477753805376e-01
-1.028693813819232616e+01 3.011774289045720643e+00 -1.531436435465089563e+00
-1.038210206133461178e+01 3.707367077688524137e+00 -1.776000506094052023e+00
-1.032583055677665840e+01 3.470184882306253993e+00 -1.693113238048480351e+00
-1.017761498578870771e+01 3.975114492278206235e+00 -1.576582439809267600e+00
-1.014025237299063242e+01 4.087860549135513111e+00 -1.429503253583667588e+00
-1.098561072444961972e+01 3.424247026225361701e+00 -1.864309765390246731e+00
-1.045858197216293206e+01 3.126719582876564818e+00 -9.738262010920099021e-01
-1.089735713878425116e+01 3.589578331910015407e+00 -1.346612793652004259e+00
-1.071659396607229375e+01 2.977679283994681292e+00 -1.457320310247750328e+00
-1.043991915158434836e+01 3.349867937451569855e+00 -1.492124981400605011e+00
-1.012358844204414154e+01 2.254473671857646355e+00 -1.905999943791836015e+00
-1.017963754449506375e+01 3.701301729920083883e+00 -1.557939604013254931e+00
-1.020809145461723766e+01 3.379217042178003005e+00 -1.304784375897590554e+00
-1.059527152384905335e+01 2.847283431743467652e+00 -1.640342893076272235e+00
-1.047322758923218444e+01 3.484330582241671248e+00 -2.072554835156958486e+00
-1.069693499303748219e+01 3.117781403599111822e+00 -1.398126630485319932e+00
-1.070762130231314480e+01 4.011872265410499239e+00 -1.244093725819974683e+00
-9.913306219850159806e+00 3.397928502666373696e+00 -8.431714064841774325e-01
-1.097717024684653175e+01 3.440299428745036803e+00 -1.714372502241201968e+00
-1.063686865405009385e+01 3.114476529622614898e+00 -1.523136378057799556e+00
-9.987296637533159327e+00 3.221506743831799469e+00 -1.952842613816700323e+00
-1.057551705959576793e+01 2.868717449844726097e+00 -1.487737849809781521e+00
-1.042093085449201340e+01 3.785736880436317620e+00 -1.774934098364036483e+00
-1.018579827861329612e+01 3.507963352368060228e+00 -1.880036538510990285e+00
-1.076726155023147236e+01 3.518883988201142454e+00 -1.533296433582893803e+00
-1.049243281271620809e+01 3.934585592976840740e+00 -1.532449843240577092e+00
-1.024187455486302234e+01 3.499429364191930514e+00 -1.794800603605533507e+00
-1.130986731011098634e+01 3.997859559664672435e+00 -1.032674163330679296e+00
-1.018473596767049827e+01 2.966357808468083501e+00 -1.616906910534740227e+00
-1.024934300252318486e+01 3.087007782543988554e+00 -1.904687480573695968e+00
-1.025267937443227062e+01 2.870142168610541056e+00 -1.682857886734425712e+00
-1.050308294407057907e+01 3.204261224225657845e+00 -1.781839577264920038e+00
-1.010318189084629559e+01 3.292613742699446622e+00 -2.263416097328553533e+00
-1.072291929367020913e+01 3.316907546125133610e+00 -1.993082809914792142e+00
-1.011017121121121320e+01 3.153216901386422411e+00 -1.593625678846881222e+00
-9.728904706419683635e+00 3.706566281167922750e+00 -1.121425516824437363e+00
-1.052792581922978776e+01 2.903366168625001631e+00 -1.820227119694116436e+00
-1.076428147466896590e+01 4.566977205721109101e+00 -1.376255170046311926e+00
-1.039092052718901726e+01 3.369301661793287384e+00 -1.228337288243413150e+00
-1.042727188001518535e+01 3.484955867830128007e+00 -1.729082094230649291e+00
-1.049074221971141085e+01 2.996541939497899154e+00 -1.666319077067967669e+00
-1.040014954364246158e+01 2.047735297781815511e+00 -1.822699953384193217e+00
-1.033385388777847780e+01 3.297901392706264811e+00 -1.792361966494289360e+00
-9.727213728195353681e+00 3.086084919809142235e+00 -4.802544794028859587e-01
-1.049423115766937009e+01 2.767062691187059276e+00 -1.336396574340969590e+00
-1.117156787298353571e+01 3.506326703144222456e+00 -1.728437874076040659e+00
-1.055049529485247817e+01 3.200821543557120119e+00 -1.512433237405431896e+00
-1.103158833084179058e+01 3.269979069159834939e+00 -1.534085048526987682e+00
-1.010251770317061570e+01 3.313433354016328547e+00 -1.472770297962840980e+00
-1.106260231441317110e+01 3.436276366671754179e+00 -1.618836734463126925e+00
-1.027514487035852042e+01 3.274142605184862553e+00 -1.587038610301135577e+00
-1.032539931814436862e+01 4.014918811091803263e+00 -1.740428745206140215e+00
-1.066980432380386290e+01 4.146388501404918436e+00 -3.656671886266918414e-01
-1.009768257060700591e+01 3.301160934843866634e+00 -1.353586525452100009e+00
-1.072216555951449379e+01 3.440421674990750578e+00 -1.676606302193095921e+00
-1.043551920888807771e+01 3.308418101175636394e+00 -1.645278523552769379e+00
-1.032678672575357304e+01 3.199857940012667878e+00 -1.599875741572108767e+00
-1.096126898856684839e+01 3.038981545561925568e+00 -1.630478213948781452e+00
-1.013241781746129178e+01 2.505219846856624244e+00 -1.827107425518389228e+00
-1.135368030346885249e+01 2.795401724539050559e+00 -1.417674494638895277e+00
-1.052273588932715498e+01 2.980762301212235066e+00 -1.496809930825458324e+00
-1.040704158322913031e+01 3.246714895923811017e+00 -1.619330537005502446e+00
-1.012671043963199935e+01 3.920327928963885267e+00 -1.433491638317555328e+00
-1.068983172091125944e+01 3.296735626700808552e+00 -1.869141458540889866e+00
-1.055587602576984985e+01 2.676755791840294219e+00 -1.470173105564571925e+00
-1.049458817274275368e+01 3.156974674742405451e+00 -1.776261838702412499e+00
-1.106545413984688153e+01 3.267937515564122819e+00 -3.135095710187509876e-01
-1.069354320526383439e+01 3.421323752381088656e+00 -1.656163957298727674e+00
-1.040965321134071608e+01 3.743694260908233762e+00 -1.579298004128531163e+00
-1.012200590613708506e+01 3.751060610943214968e+00 -1.443411282846470911e+00
-1.087287271306219694e+01 3.292003758625886789e+00 -1.216653540867138394e+00
-1.026235679529032652e+01 3.160327600446769747e+00 -1.346836939652907628e+00
-1.021586982229044160e+01 3.783781298287558936e+00 -1.712714672313265352e+00
-1.006180875486881376e+01 3.602917496710864587e+00 -1.565835163594535784e+00
-1.027716199525793073e+01 3.256197097850337396e+00 -1.672922969052234032e+00
-1.025708439329183363e+01 3.140669622455093624e+00 -8.037719315730088576e-01
-1.050274233862092466e+01 3.824629680965248912e+00 -1.408774939261602688e+00
-1.033184654341661535e+01 3.019823744602710747e+00 -1.831774928774444033e+00
-1.018314686005247971e+01 3.553716436785388844e+00 -1.615495285964260175e+00
-1.003370102262210928e+01 3.269052852527298825e+00 -6.241677167945463012e-01
-1.043059388934954690e+01 2.954655999381250897e+00 -1.752875699120649111e+00
-1.075712782631438991e+01 3.601650751747978774e+00 -1.508960951555763597e+00
-1.090702628412292974e+01 3.863438304153739011e+00 -1.412396401446754268e+00
-1.046342001586516623e+01 3.068506655787767379e+00 -1.655516656497675321e+00
-9.981893769830811891e+00 3.379283288938528251e+00 -1.523824654203682627e+00
-1.125233923219713361e+01 3.423484489632517835e+00 -1.491644274858992203e+00
-1.048403548183795309e+01 2.886272646903024874e+00 -1.520071747861972966e+00
-1.060542367068925351e+01 2.941396371870014015e+00 -1.512638243438984009e+00
-1.010362515644756876e+01 3.756435951896357928e+00 -1.623140063991834081e+00
-1.027032146125229239e+01 3.421827146017465182e+00 -1.851268076724882805e+00
-9.599972605900417122e+00 3.707180571135283209e+00 -1.421657177374212599e+00
-1.014676658367404016e+01 3.256591287198364437e+00 -1.499388205883247061e+00
-1.007247723569477493e+01 3.765155908749922453e+00 -1.791679518535225002e+00
-1.028519420689688424e+01 3.126510532144649357e+00 -1.387695551745309563e+00
-1.038330249140372530e+01 3.155763826340971967e+00 -1.569419996974293241e+00
-1.052607806625917597e+01 2.919253608312877724e+00 -1.499538322398486834e+00
-1.059663074790361748e+01 3.326660877626859580e+00 -1.587105998059392009e+00
-1.039387771338564548e+01 3.037295644023157770e+00 -1.701914924972937504e+00
-1.017989166864927952e+01 3.162432607970595555e+00 -1.861905133779906851e+00
-1.026012522331686405e+01 3.090693948687070147e+00 -1.668838961181308367e+00
-1.065564944258361990e+01 3.643144791032211671e+00 -1.703061300463975636e+00
-1.068284227788101326e+01 4.261035112308205086e+00 -1.907947620737461714e+00
-1.111509804572879645e+01 3.187095384283797461e+00 -1.537618350425940195e+00
-1.036871151936889213e+01 3.248140498097896067e+00 -1.686346554658837649e+00
-1.048978505442422993e+01 3.361560295223628980e+00 -1.298473609926899419e+00
-1.120030402091269117e+01 3.243607438007973354e+00 -1.464308993294641148e+00
-1.059801601823628836e+01 3.004850787322862704e+00 -1.526110839988105816e+00
-3.345214708984361351e+01 8.063801804785357774e+01 -3.091649241597513864e-01
-9.929070848588168019e+00 3.507489382760749841e+00 -1.379976560230404825e+00
-1.072195423409139359e+01 3.472192083965970788e+00 -1.666933799504361824e+00
-1.024741439221623018e+01 3.389008672156775148e+00 -1.425693228095612053e+00
-1.008187311616187820e+01 3.933632340851039633e+00 -1.709211059238155750e+00
-1.070934806239798398e+01 3.923559192637783521e+00 -1.437966010160659280e+00
-1.103607320781620516e+01 3.243980986210720285e+00 -1.395749504368104299e+00
-1.081463359818441283e+01 3.735666525166744911e+00 -1.713084707806890483e+00
-1.030421645445993661e+01 3.416961356004490469e+00 -1.848946776420151039e+00
-1.073746391665526900e+01 3.358016105508905724e+00 -1.471253544389559353e+00
-1.011959064024089372e+01 3.396077658043253233e+00 -1.651476204507452472e+00
-1.062404788102442055e+01 3.974738339245985408e+00 -7.769128221982276594e-01
-1.060453632245584998e+01 3.028938513729979132e+00 -1.845710105688998404e+00
-9.938907521542457602e+00 3.432446397072089095e+00 -1.574503827909343068e+00
-9.999096664837692217e+00 2.629524380095744629e+00 -1.606618310440682595e+00
-1.102652638629752246e+01 3.400408780714456736e+00 -1.660497364261959374e+00
-1.016141472106539112e+01 3.463709489658295393e+00 -1.631160918688109751e+00
-1.001133163193976117e+01 3.553218873434567104e+00 -1.283321653528378681e+00
-1.059032243869573975e+01 3.184828893386423943e+00 -1.552633374890110218e+00
-1.024875779661010000e+01 3.246417981505995698e+00 -1.543288501363815124e+00
-1.091466978936047916e+01 3.714524195414295349e+00 -1.668052276609451434e+00
-1.034784166902171521e+01 3.336176678935975026e+00 -1.422765953807873185e+00
-1.038304015811394265e+01 3.769260351375477658e+00 -1.790892623579109610e+00
-1.029907434915465636e+01 3.275082390203055915e+00 -1.865498680507021945e+00
-1.119198447669942453e+01 2.914564664599304411e+00 -1.718715405919456263e+00
-1.075333744602461650e+01 3.729858026208130894e+00 -1.788104028652921951e+00
-1.070520170210671651e+01 3.871620810765755483e+00 -1.349828547928156652e+00
-1.045505420748342118e+01 2.891722098838569011e+00 -1.565811063421841842e+00
-9.906850289756896188e+00 3.547845883591690619e+00 -1.774115552496735804e+00
-1.056214012064927132e+01 3.507388105172654313e+00 -1.156815054858618019e+00
-1.014216029465044855e+01 3.255893275474020410e+00 -1.419967220059369373e+00
-1.027648353803033032e+01 3.924745710294638812e+00 -2.083425988278657659e+00
-1.041941419741371533e+01 3.202668105621381933e+00 -1.668106138878813205e+00
-1.061218697052680149e+01 3.614587259906659966e+00 -1.179053097631852065e+00
-1.125884517556286468e+01 3.139630934972975407e+00 -1.468708468404068102e+00
-1.071361151727695393e+01 2.901523286926940504e+00 -1.654429539068807076e+00
-1.058637177697568355e+01 3.564915457554413969e+00 -1.808624579587067904e+00
-1.061949977437845583e+01 3.402946495200605437e+00 -1.684874556871431173e+00
-1.016726161980630572e+01 2.802737479284686639e+00 -2.071855887102449501e+00
-1.008497434398708670e+01 3.882001930201998352e+00 -1.636674871603266856e+00
-1.073950823165031032e+01 3.412786689218137326e+00 -1.567114562462964100e+00
-1.108175102467538409e+01 3.106700187231690169e+00 -1.556429665286100272e+00
-1.042038872767604829e+01 3.077970235461593873e+00 -1.506845846974244063e+00
-1.058719627536944152e+01 3.285052998166115845e+00 -1.598803616475371836e+00
-1.165928500231235532e+01 2.849908107895066767e+00 -2.039523859189273924e+00
-1.071830393211250865e+01 2.774942819232674385e+00 -1.476156700889586837e+00
-1.062154180795076108e+01 3.376607141245207888e+00 -1.614516977066783987e+00
-1.026239356039373618e+01 3.793656929552683188e+00 -1.557050332858362474e+00
-1.075839200765100223e+01 3.403927046816862756e+00 -1.495531241109314458e+00
-1.069459254845144969e+01 3.551613955905116526e+00 -1.390977465552629688e+00
-1.052900828669937638e+01 3.423542009416268961e+00 -1.954332892199249327e+00
-1.066444111330843292e+01 3.902437908971081892e+00 -1.489306353565516883e+00
-1.013572046405517924e+01 3.748031790458409507e+00 -1.408875154247507977e+00
-1.059733015631711872e+01 3.536523843164898651e+00 -1.798820519401433060e+00
-1.057209126186226378e+01 3.190819820097966719e+00 -1.374074519933632388e+00
-1.050254576674291229e+01 3.366957554384860885e+00 -1.559347480783022544e+00
-1.064867368178744833e+01 3.697622918463467911e+00 -1.523491812946125679e+00
-1.021218629879529161e+01 3.473722686967400275e+00 -1.407112447445608261e+00
-1.004259700517853027e+01 3.476783999116694446e+00 -1.798406940197827986e+00
-1.151381164989604322e+01 3.383226352410500848e+00 -1.659976371092557468e+00
-1.041782359414859727e+01 3.903300917396672620e+00 -1.641291353894980043e+00
-1.033844639767576190e+01 3.338111867572171043e+00 -1.575282749128001480e+00
-1.043125242095070604e+01 2.875691185676957140e+00 -1.347023287953475146e+00
-1.045039702228329226e+01 3.369064901589478467e+00 -1.594689530567380054e+00
-1.084176172188936782e+01 3.798904080754457624e+00 -1.779859317119248940e+00
-1.029561531267500918e+01 3.993896652287152627e+00 -1.481063753696619356e+00
-1.066698462135892100e+01 4.169422587595157381e+00 -2.004775270818903721e+00
-1.084617821119263859e+01 3.620309647250221641e+00 -1.454246419393697032e+00
-1.053838387187829184e+01 2.645301299149860341e+00 -1.816812864922171977e+00
-1.017827397830126657e+01 3.360335122790007123e+00 -1.468362309124057408e+00
-1.085115085779076338e+01 4.552539864693901706e+00 -2.390868561452867525e+00
-1.127678963445078963e+01 4.187503112316598219e+00 -8.745771576084460097e-01
-9.762738210287496443e+00 2.508427431793270213e+00 -2.014591632114747011e+00
-1.060536745224624866e+01 3.818838648749784515e+00 -1.475749146832344705e+00
-1.031141808483439348e+01 4.057693489810237253e+00 -1.595276898643108288e+00
-1.031720218050345395e+01 3.155704280404961093e+00 -1.677891655526517534e+00
-1.042219231681374758e+01 3.624967005424458488e+00 -1.205686977536576387e+00
-1.017793015736198825e+01 3.189558792949479304e+00 -1.810374354279109310e+00
-1.039790079051726224e+01 3.827141824338411880e+00 -1.627683677816915253e+00
-1.004994123741777834e+01 3.650022343439639272e+00 -2.006001685406920032e+00
-1.027804943670211024e+01 2.993481721253281158e+00 -1.497017854869028053e+00
-1.033057629145631573e+01 3.271906624545635189e+00 -1.520384782891655906e+00
-9.954495235574286838e+00 3.946152481210160268e+00 -1.707011111989243934e+00
-1.017416295052850650e+01 3.405379600461719392e+00 -1.732930983542534831e+00
-1.044726673210499257e+01 3.078985705122470939e+00 -1.369491834736666025e+00
-1.066269240922733630e+01 3.722707350758299505e+00 -1.444388421281543877e+00
-1.075888668305174889e+01 2.845295238275534100e+00 -1.830204984953647696e+00
-1.043353576335772459e+01 3.143635436428565910e+00 -1.577509082122094064e+00
-1.095203839297695225e+01 3.112674333919261738e+00 -1.421154012539412426e+00
-1.007383757236378052e+01 3.542186585516291952e+00 -1.618928375092300476e+00
-1.132754146064834089e+01 3.299263983193275518e+00 -1.810664388545995873e+00
-1.041693870303003955e+01 3.788912888647857358e+00 -1.225380228424867379e+00
-1.022489335529601995e+01 3.316168880599808411e+00 -1.686535553299569168e+00
-1.097901176864884576e+01 2.728116626130986155e+00 -1.591458322721297725e+00
-1.097544207365968205e+01 3.720384476723201495e+00 -1.642952672224665234e+00
-1.008519166526988897e+01 3.188626281577354948e+00 -1.421377839133872056e+00
-1.019522873593830425e+01 3.561507080630038402e+00 -9.780093316665819936e-01
-1.054817433044471997e+01 3.340233954183313703e+00 -1.672910097941946450e+00
-1.071265062972100246e+01 3.397090905979594400e+00 -1.743445159339142680e+00
-1.063250329039468589e+01 3.083970841962154541e+00 -1.491589575738191620e+00
-1.140146667417434401e+01 3.119818870346414030e+00 -1.465511941985238931e+00
-1.022108908526499604e+01 3.611481326231702038e+00 -1.996180657167076600e+00
-1.046979748991612702e+01 3.128542792584188437e+00 -1.268115452271901145e+00
-1.045495789586582625e+01 3.530160206780613930e+00 -1.592782731915294958e+00
-1.066919978566584426e+01 3.153987360018748465e+00 -1.393364507254459816e+00
-1.049630739002477142e+01 3.652970736443473143e+00 -1.311953647188909722e+00
-1.057361671457970509e+01 3.503317072364359408e+00 -1.074329170663872013e+00
-1.082914861704724530e+01 3.817125225897699980e+00 -1.293857195081164591e+00
-1.072356004017977860e+01 3.405227516067942606e+00 -1.567900048363789489e+00
-1.113632615688036509e+01 3.153434128642874867e+00 -1.503868603688112593e+00
-1.012712470924743968e+01 3.326662366794554959e+00 -1.466686831617241227e+00
-1.104785184597831993e+01 3.700540934170851060e+00 -1.732393193059839076e+00
-1.000075015068059514e+01 3.431744919119700921e+00 -1.432820698849954555e+00
-1.077923051163289614e+01 2.634795526772018004e+00 -1.272976055247566185e+00
-1.075752838702817726e+01 3.683679259913205328e+00 -1.860847083141307534e+00
-1.017677865968078876e+01 3.824719436226855063e+00 -1.791090402780234347e+00
-1.039481666163691109e+01 3.426898012517484826e+00 -1.581708806537410972e+00
-9.866656075969006068e+00 3.337868261951557614e+00 -1.119118886114462308e+00
-1.047573457132305386e+01 2.711897987800139465e+00 -1.528972769964389355e+00
-1.087241472986358559e+01 3.383595837674573392e+00 -1.776647067522486800e+00
-1.088991878118387113e+01 2.418485577519338570e+00 -1.755328099199085390e+00
-1.054109130097608826e+01 3.247594383620259428e+00 -1.583109216944018849e+00
-1.058688470682732152e+01 3.486558173124596927e+00 -1.723966267543505015e+00
-1.011124458829633355e+01 3.958677541447270798e+00 -1.826704116515879495e+00
-1.152088841291786103e+01 3.517018476171875463e+00 -1.978460910232685555e+00
-2.828520623104919096e+01 1.884300666282378245e+01 3.986434790073767331e-03
-1.031836493905998431e+01 3.326842769631390251e+00 -1.425593001473636878e+00
-1.054634426926028823e+01 3.684457296263913495e+00 -1.747129754824638947e+00
-9.999826946595751664e+00 3.688883221862785167e+00 -1.462723018002689335e+00
-1.037563293595815672e+01 3.324510589327488219e+00 -1.597930153505961348e+00
-1.046273936762022139e+01 3.904108779335317969e+00 -1.786508692364494388e+00
-1.053113435225589889e+01 3.335753129503698400e+00 -1.758376552590858788e+00
-1.046427251170891104e+01 3.564411004954826989e+00 -1.503637589930200802e+00
-1.076239400802292323e+01 3.419091314740553056e+00 -1.532316838072358411e+00
-1.069365061918954574e+01 3.735196869906918682e+00 -1.495581505737271222e+00
-9.994258455642652805e+00 2.751619667280851722e+00 -2.037859338065111103e+00
-1.086475226991072063e+01 3.617740619048890771e+00 -1.776481064070737581e+00
-1.005572814823161742e+01 3.705430500790028336e+00 -1.413880286760832883e+00
-1.018090253654199273e+01 3.297704244415073038e+00 -1.319170433673173326e+00
-1.069240093291482374e+01 3.980626927419967487e+00 -1.762109483866607818e+00
-1.020642774768772476e+01 3.227570917438659759e+00 -1.558694340416391100e+00
-9.626104596743868314e+00 4.003205231721553403e+00 -1.873519191569462006e+00
-1.012708061668630322e+01 3.476683042212362462e+00 -1.413334547692964405e+00
-1.049864865174066075e+01 3.648876316607484238e+00 -2.223066940557648419e+00
-1.041131344119754409e+01 2.968183034477978044e+00 -1.439280634321338903e+00
-1.098281222772870613e+01 4.049663196586489988e+00 -4.431805340059155607e-01
-1.043957703810204762e+01 3.319175291541113904e+00 -1.591152204724982200e+00
-1.084847681892519411e+01 3.155479624690998630e+00 -1.425318823935931567e+00
-1.082281078483256564e+01 3.497031375160519762e+00 -1.650476470812303420e+00
-1.076580506024856909e+01 3.315526993532638134e+00 -1.620173939451460043e+00
-1.095668194434650111e+01 3.174296722704498919e+00 -1.557153034051467655e+00
-1.080738481083743174e+01 3.917683272221208490e+00 -1.473058985554609457e+00
-1.030290762497198997e+01 3.268857893755730881e+00 -1.603672705615530658e+00
-1.019709304607427569e+01 3.199333279964646781e+00 -1.644217177251090067e+00
-1.040961733109353027e+01 3.815233299920704368e+00 -1.519407531445434723e+00
-1.086412643347207130e+01 3.018305505069533989e+00 -3.047293957444346724e+00
-1.008066419808345060e+01 3.300874677924969802e+00 -1.850151284226585036e+00
-1.028733066001407082e+01 3.983220430672173240e+00 -1.513995167165841593e+00
-1.026793053780756004e+01 3.510928666584059332e+00 -1.430955813820242062e+00
-1.058170251309330645e+01 3.751513235149568359e+00 -1.771090485919210256e+00
-1.055731050610589250e+01 3.407955535847318806e+00 -1.440992052407649160e+00
-1.086368503303764577e+01 2.983382983555905366e+00 -1.826354522218077037e+00
-1.056232446991367802e+01 3.766240816312109718e+00 -1.386669796965068091e+00
-1.106457982101207627e+01 3.835229582088349076e+00 -1.172675460349125176e+00
-1.047730208682909669e+01 3.883489124397604630e+00 -1.675736182634695481e+00
-1.007883002900465996e+01 3.598833287437110062e+00 -1.565741326797810196e+00
-1.083535778748721690e+01 3.819419716377330243e+00 -1.478753211839943127e+00
-1.115150138668995439e+01 3.511886277721605332e+00 -1.632454776241610839e+00
-1.075438676531666893e+01 3.686426628646657377e+00 -1.467459006359122409e+00
-9.953944353876080342e+00 3.664243422420168983e+00 -2.027294985464253685e+00
-1.135598323332815518e+01 4.076543266401249532e+00 -1.115263638084042608e+00
-1.061339325616157758e+01 3.561354245105871730e+00 -1.470222808672581927e+00
-1.104348287136085638e+01 2.868340876239414250e+00 -2.162112835893652107e+00
-1.084229284569141605e+01 3.712242358150491306e+00 -1.488354511019906568e+00
-1.051078451028341298e+01 2.558333180639215332e+00 -1.531469716617520405e+00
-1.059015029334982749e+01 3.136747530514717219e+00 -1.731033652627208097e+00
-1.063582877085079836e+01 3.150743725597367817e+00 -1.518831462092150364e+00
-1.096538935053007613e+01 3.583427682571885153e+00 -1.498972436729544500e+00
-9.936318019001328494e+00 3.930203446157894742e+00 -1.811383930638710060e+00
-1.011524028670039499e+01 3.460701379074604400e+00 -1.388036901417578628e+00
-1.023846276435964775e+01 3.854813158069258616e+00 -1.722959215740908379e+00
-1.065452992300162727e+01 3.791456714966342290e+00 -1.570547256279709369e+00
-1.070145874189537238e+01 3.200235987383661662e+00 -1.682002651032487917e+00
-1.033387651230109583e+01 3.122141323395812851e+00 -1.311807360052688054e+00
-1.021184927810808674e+01 3.932363076249278055e+00 -1.552580193992863178e+00
-1.036856341723369823e+01 3.976280577180267617e+00 -1.827958444593772658e+00
-1.029280331712610774e+01 2.971197828653832751e+00 -1.461224383419707173e+00
-1.036108505670455138e+01 2.974567068325249419e+00 -1.666960066055845235e+00
-9.774647295622587606e+00 3.536461338950359412e+00 -1.555065739826211990e+00
-9.980494560744512356e+00 3.532880729117029883e+00 -2.254724922174387913e+00
-1.010491166316118594e+01 2.535829985746999249e+00 -1.767548612407126241e+00
-1.026722736494302701e+01 3.873161147631103862e+00 -1.804256232373035784e+00
-1.082252142225303793e+01 3.040095225577266635e+00 -1.250691198897956324e+00
-1.101777941484100687e+01 3.361660147100458573e+00 -1.421980533410444281e+00
-1.101673223387230038e+01 3.800282066325405328e+00 -1.429376376922718572e+00
-1.109781877557209917e+01 4.557802905118370163e+00 -1.654679664399766770e+00
-1.058574419915591136e+01 3.005663937974595523e+00 -1.663983584628626167e+00
-1.083708000237245095e+01 3.065238032883852437e+00 -1.706939259454815172e+00
-1.090787300225654022e+01 3.234481545432336347e+00 -2.883238116851432054e+00
-1.018148098349987762e+01 2.990350069443937553e+00 -1.543245872969899235e+00
-1.016266249537724597e+01 3.442566958706244851e+00 -1.660521083220032112e+00
-1.049457370452114979e+01 3.604792112102959578e+00 -1.817165893006676747e+00
-1.130210827864470602e+01 3.164104801676281387e+00 -1.691172389689814537e+00
-1.086219764587519698e+01 3.458539166118696162e+00 -1.863067496182606586e+00
-1.030233567877920642e+01 3.271107920056104845e+00 -1.522727226492527119e+00
-1.100863601725766117e+01 3.550616943510365608e+00 -1.739928039225124623e+00
-9.970923987375371667e+00 3.446669130586229812e+00 -1.580676945305835357e+00
-9.726586256320553403e+00 3.664349223252304277e+00 -1.877036930804668824e+00
-1.080289580820440420e+01 3.556694669171520218e+00 -1.982717198074928078e+00
-1.042869154080045568e+01 3.022689901722645622e+00 -1.416195010720857406e+00
-1.042564886511701161e+01 3.043121110696023202e+00 -1.874344687999861092e+00
-1.167388815683058567e+01 2.703469000572646053e+00 -2.030970629986730724e+00
-1.064119440420612328e+01 3.545255502428370953e+00 -1.662259100521020994e+00
-1.055446732653054909e+01 3.469455382903338325e+00 -1.771767879989167627e+00
-9.262580072337122772e+00 3.503773196498483955e+00 -1.472950508557983262e+00
-1.040353447678340082e+01 3.271932214411011230e+00 -1.562215201607140891e+00
-1.078971845593718726e+01 3.648226173192998800e+00 -1.523030092188948359e+00
-1.102186449792024625e+01 3.260260375601829352e+00 -1.639562170801673879e+00
-1.090526356602425295e+01 3.476722288039866271e+00 -1.325987378967256269e+00
-1.059221052600511825e+01 3.907366459597074737e+00 -1.443529421642832933e+00
-1.099979179405430507e+01 3.692224362202894294e+00 -1.752699429742067494e+00
-1.029866696820690208e+01 3.915326281533396457e+00 -1.303008215286908689e+00
-1.015982834416162817e+01 3.373535559337568213e+00 -2.150323219786481665e+00
-1.025186237371907261e+01 3.299846713963076716e+00 -1.391509855367859982e+00
-1.033401932970006243e+01 3.158238661422509086e+00 -1.554768701924492458e+00
-1.060250524535057437e+01 3.299302151933666494e+00 -1.914633109264667565e+00
-1.069177492549672515e+01 3.794326150349114801e+00 -1.491005432342360937e+00
-1.016683885106500895e+01 2.886040211133145128e+00 -1.747040471964496966e+00
-1.040274695521867976e+01 3.232138590802042799e+00 -1.635402091342346154e+00
-1.060133182029721688e+01 3.801279563224897018e+00 -1.500165890563984972e+00
-1.010376773148913365e+01 2.916173259110046878e+00 -1.633314215757398324e+00
-1.095766221027746390e+01 3.232475746537401218e+00 -1.619520517185006003e+00
-1.117723089202398157e+01 3.983061770336111085e+00 -5.903584220825045525e-01
-1.158562995521095651e+01 3.594200130236054225e+00 -1.613809974016908511e+00
-1.054805295867483927e+01 3.608142712713901190e+00 -1.752724755829760950e+00
-9.740697284298786229e+00 3.197733890649720134e+00 -2.252008268591231044e+00
-1.078077713714792729e+01 4.020748287210593297e+00 -1.745809428887267423e+00
-1.066415789921834545e+01 3.499610060765378616e+00 -1.256337254017126481e+00
-9.525220729849312562e+00 3.278317145088525564e+00 -2.042895649853987639e+00
-1.050236240682714062e+01 3.636750905023957259e+00 -1.769616730093480195e+00
-1.069834453039358202e+01 2.820007776129911381e+00 -1.616256502901692427e+00
-1.013775283340162581e+01 3.508878337596776031e+00 -1.822410836026126857e+00
-1.102526844019131680e+01 3.265319405194895275e+00 -2.757032772808149179e+00
-1.054521344679550232e+01 2.511715115337668891e+00 -1.109452427434546529e+00
-1.084432762673860218e+01 2.875056347719862071e+00 -1.604274517321645499e+00
-1.087910008836888842e+01 3.832018563941281819e+00 -1.580225636543286738e+00
-1.068034125113630317e+01 3.166717355640297438e+00 -1.426483311542144694e+00
-1.092610596844236071e+01 3.384570062987320771e+00 -1.534486876672393585e+00
-9.982936379245058944e+00 3.481973933985946346e+00 -1.649066597082915697e+00
-9.652315952118607711e+00 3.374564656079061198e+00 -1.603072399816918070e+00
-6.061831532955823576e+01 1.965191035001011244e+01 9.802534769534720915e-02
-1.065214270701570243e+01 4.025974581483163561e+00 -1.444879120944309259e+00
-1.104692038460518688e+01 3.120506540388418237e+00 -1.471396775009014446e+00
-1.048267306871638382e+01 3.261603744786150560e+00 -1.499881517013977650e+00
-1.020988616916643998e+01 3.930612143030629557e+00 -1.554728983065027492e+00
-1.146290216358660174e+01 3.173096013250362279e+00 -1.261678168813062939e+00
-1.115579776893649289e+01 3.748925819984767038e+00 -1.156805380557822005e+00
-1.049434242970827214e+01 3.583422010787860046e+00 -1.516452408030065424e+00
-1.087033259142203967e+01 2.954643395677886364e+00 -1.468782878875244169e+00
-1.061226860095022850e+01 3.583084257295151343e+00 -1.384441678145692300e+00
-1.002516796750293082e+01 3.592566838418593367e+00 -1.489648807644699646e+00
-1.083343750489582469e+01 3.384073942308114091e+00 -1.505982693845058451e+00
-1.025264072170691598e+01 3.647985294629897179e+00 -1.164554339256682614e+00
-1.046931935596954766e+01 2.998548070428028289e+00 -1.686088749014031052e+00
-1.023702454667565576e+01 3.196538661733892006e+00 -1.427651605001273749e+00
-9.585938677714526790e+00 3.616677571624739240e+00 -1.923678861513024474e+00
-1.078848226844193015e+01 2.421559159639572467e+00 -1.707046740921556172e+00
-1.031184441673724450e+01 3.197501252420466233e+00 -1.537171345037319226e+00
-1.080700174167500904e+01 4.270411932938518618e+00 -1.239653473609312107e+00
-1.046531545016657994e+01 3.237841652477930321e+00 -1.619789642266806107e+00
-1.014862016921774313e+01 3.886835488866136057e+00 -1.585008151421547051e+00
-1.030722107472622717e+01 3.187567215246457586e+00 -1.616106947138103100e+00
-1.036248616635988817e+01 4.079607113168228771e+00 -7.087018976154915162e-01
-1.011852314234718087e+01 3.113413293773629853e+00 -1.582983826722278664e+00
-1.101615875802004041e+01 3.568028870900257221e+00 -1.429274708762833690e+00
-1.095420301935356377e+01 2.511763721307349595e+00 -1.603584817961981379e+00
-1.026510536550420838e+01 3.733001723486470524e+00 -1.662933240081118980e+00
-1.017041679109260777e+01 3.820647061533394062e+00 -1.616671948804432768e+00
-1.058252744263862688e+01 3.215406809529243404e+00 -1.637798734701568559e+00
-1.063834063064514801e+01 3.297510033554898801e+00 -1.465169216322160795e+00
-1.062716477086729405e+01 3.417063412795149357e+00 -1.571111282583183666e+00
-1.071482994979487380e+01 3.778404252975429589e+00 -1.690618356723183835e+00
-9.990135239509804421e+00 3.092220509452631827e+00 -1.267850727775775344e+00
-9.530387985453256050e+00 3.143519249944895844e+00 -2.668327417869793994e+00
-1.058164836219900451e+01 2.663373156761910998e+00 -1.419593463311992876e+00
-1.022873771868183823e+01 3.328782862606011861e+00 -1.586354820022124690e+00
-1.140394418140705923e+01 3.181382601004259847e+00 -1.569264191136514386e+00
-1.042937407941688832e+01 3.656163358771439054e+00 -1.378695340105068112e+00
-1.068981866911376599e+01 2.763973318059689266e+00 -1.555572435789815744e+00
-1.128872715954245187e+01 3.821500456273330570e+00 -1.511617118331369358e+00
-1.054575732516301301e+01 3.566920843553877063e+00 -1.713241438624521384e+00
-1.034458724554342623e+01 2.566163130254794478e+00 -1.626903030136660711e+00
-9.900903650951512702e+00 3.714951802836570227e+00 -1.560059569991738115e+00
-9.768735176341291293e+00 3.278868663109728132e+00 -1.705553723831446433e+00
-1.042114681389080744e+01 3.336247702810083204e+00 -1.684274182849321733e+00
-1.090960191887528374e+01 4.066911548986687386e+00 -1.119017600532914436e+00
-1.165592294688697450e+01 3.280051441083287500e+00 -1.419460395574705602e+00
-1.024592825083904835e+01 3.836061269353630010e+00 -1.618197519033371945e+00
-1.068375805291137404e+01 3.757603002461701980e+00 -1.830877896741939459e+00
-1.005764091083847589e+01 3.322580804596479975e+00 -1.964798135485405384e+00
-1.036091845199873163e+01 3.686640916908750398e+00 -1.912566239293085335e+00
-1.083555417779698260e+01 3.143563627486852141e+00 -1.788911944324099501e+00
-1.095671841271052216e+01 3.877199507525041167e+00 -1.598168431788665966e+00
-1.102547473513103782e+01 3.709053127335150357e+00 -1.576237440757629171e+00
-1.101991243710263291e+01 3.263751494481625492e+00 -1.323991056588673443e+00
-1.035179738923272375e+01 4.005514823091737675e+00 -1.667656704925308819e+00
-1.068281536474869142e+01 3.652011854215858833e+00 -1.508490018039251535e+00
-1.046242583057131270e+01 3.994720644217197414e+00 -1.575257496411817559e+00
-1.034632293413792681e+01 2.788275684664547338e+00 -2.002359602112066206e+00
-1.065562023144529569e+01 3.946360420086339360e+00 -1.794741598427178619e+00
-1.040912628343644997e+01 3.140952677793353409e+00 -1.929433500206935381e+00
-1.048812746854682310e+01 3.865323338533538156e+00 -1.738750410340342611e+00
-1.074525400783296192e+01 3.887694265883992362e+00 -1.699180593554839636e+00
-1.001026271686821545e+01 3.301885873194649879e+00 -1.207639377571056993e+00
-1.060715936502002954e+01 3.919865556438564269e+00 -1.339148556132581547e+00
-1.023663355754307780e+01 3.887409909307395939e+00 -1.649456786731327007e+00
-1.029041710730775172e+01 3.872018339808162235e+00 -1.773699925386278187e+00
-1.039721994889908707e+01 3.595198015330315133e+00 -1.255796650736160647e+00
-1.039642206245818379e+01 3.250414010833910350e+00 -1.600956911062300980e+00
-1.094424648498590358e+01 2.985992377303793521e+00 -1.436327804789406803e+00
-1.023846996737744242e+01 3.403997957850938061e+00 -1.394990284986571183e+00
-1.026049868137278409e+01 2.911266932841202859e+00 -1.645859444334654365e+00
-1.074267343530904917e+01 3.346509908198428196e+00 -1.714232674889299979e+00
-1.053438099494850988e+01 3.629016154834192598e+00 -1.917886806944165912e+00
-1.100318876653276590e+01 3.093472104338007345e+00 -1.491886715580809764e+00
-1.026356177350936427e+01 3.320364935104709314e+00 -1.672514858728268106e+00
-1.036796063936490953e+01 2.755877194520301554e+00 -1.531979579591544516e+00
-1.038730496797241010e+01 3.257221296857649051e+00 -1.580192652479158522e+00
-1.085735365435822253e+01 3.489232427036855988e+00 -1.474068228154381988e+00
-1.081525832991611225e+01 4.131805070522228007e+00 -1.263809708865442305e+00
-1.029410131393586880e+01 4.288453805829605336e+00 -9.447893634203803348e-01
-9.872243569887229953e+00 3.879980053805359486e+00 -1.453187200752968922e+00
-1.101138299106781560e+01 3.115943151029404223e+00 -2.050441792595280255e+00
-1.049913497667102646e+01 3.575517781880328094e+00 -1.697978772024353766e+00
-1.081102206686279033e+01 3.224159306628400667e+00 -1.648628453204861843e+00
-1.044381086045837215e+01 3.001481305297197810e+00 -1.549814940104603078e+00
-1.043555916838782771e+01 3.164150934787218983e+00 -1.522900987223057001e+00
-1.055994501674848252e+01 3.527312287680872682e+00 -1.373995781338609001e+00
-1.042134536044165039e+01 2.970388610258028805e+00 -1.422609171887361690e+00
-9.962151139801843414e+00 3.233813686975355761e+00 -1.879945253038372233e+00
-1.040224093077458889e+01 3.248582774628643310e+00 -1.664569359361965040e+00
-1.063797744429695413e+01 3.912309420186514952e+00 -1.607086307478960308e+00
-1.068345876237462910e+01 3.633866911039532965e+00 -1.544889940118455485e+00
-1.071100498349983354e+01 3.242606731588751678e+00 -1.370068727472540493e+00
-1.046139958200483022e+01 3.100199620008813550e+00 -1.679250668430404936e+00
-1.040350189668894743e+01 3.367527197400796979e+00 -1.537944724659963791e+00
-1.051751961547572911e+01 2.929037470673970578e+00 -1.540367735172474717e+00
-1.133612911130057022e+01 3.986719657207310696e+00 -1.387353008365012297e+00
-1.029370828861552845e+01 3.422697785217396316e+00 -1.580276486946936121e+00
-1.047565142970129237e+01 4.025167614967965157e+00 -2.064430659045501049e+00
-1.040387504706825794e+01 3.939561495037620098e+00 -1.726903533931286594e+00
-9.947383043213044118e+00 3.456952399255460051e+00 -1.445327850632160738e+00
-1.078586734548729709e+01 2.998138935878690514e+00 -1.524107800964552117e+00
-9.718680115760468752e+00 3.347857020289815022e+00 -1.883554166520176043e+00
-1.019215918199935622e+01 3.841741717381408350e+00 -1.491027193363185788e+00
-1.066203233152089780e+01 3.043712692350879934e+00 -1.414774580877487642e+00
-1.048583844262932452e+01 3.028845089719065076e+00 -1.752160065584838167e+00
-1.048214950893129860e+01 2.688463266357823400e+00 -1.822666197495095508e+00
-1.035709194977580694e+01 3.654016012719647932e+00 -1.639817954577430070e+00
-9.985274107781970443e+00 3.560007211953799988e+00 -1.624888734000622170e+00
-9.751444601399478884e+00 2.190428823021004057e+00 -2.228841663215635371e+00
-1.046065917130368739e+01 3.729191700509074447e+00 -1.482499609036539212e+00
-1.084437414549226020e+01 3.679814506198823665e+00 -1.569037954730037931e+00
-1.000473192867625727e+01 3.709317299747990404e+00 -1.562915851424411695e+00
-1.046883843574732609e+01 3.443236259100860064e+00 -1.692112928710930886e+00
-1.063531556298725178e+01 3.564629890482801322e+00 -1.891052338596216575e+00
-1.079758426456603893e+01 3.882127933454426749e+00 -1.610608941500510483e+00
-1.076204211123410559e+01 3.263024069997618959e+00 -1.742864728363965110e+00
-1.070100657294803526e+01 3.390071068691042466e+00 -1.724253724539380306e+00
-1.069504049480068808e+01 3.244569835822052717e+00 -1.443726501897594883e+00
-1.044004619961311064e+01 3.890827242013374487e+00 -1.591193092311728341e+00
-1.050628615836296831e+01 4.026713246502657384e+00 -1.537855564833343625e+00
-1.032035628567918017e+01 3.155886228628846712e+00 -1.733683607995998743e+00
-1.005230675578274635e+01 3.855137487028136078e+00 -1.551065401968036994e+00
-9.872501366188521033e+00 3.842964390481971471e+00 -1.986022385325217243e+00
8.230575907723688545e+01 -3.251444225512270236e+01 8.908644216163974505e-02
-1.083092507577296359e+01 3.190874897935115140e+00 -1.493859337030915224e+00
-1.042973489790377961e+01 3.780478103282614466e+00 -1.618245294683941182e+00
-1.052197644287110556e+01 2.963191879745022739e+00 -1.808090357387749147e+00
-1.073574361932290522e+01 3.996497082269705459e+00 -1.523817858934297442e+00
-9.969917380396667639e+00 3.162943110690653370e+00 -1.521497614132593768e+00
-1.046318435049591500e+01 3.806538295167086972e+00 -1.522424535276635460e+00
-1.068628439307773270e+01 3.100299648929247365e+00 -1.420161474135785085e+00
-1.036499685161671280e+01 3.339369905252503212e+00 -1.627901667372410044e+00
-9.989089820509439832e+00 4.134599143720324221e+00 -2.073961575197078577e+00
-1.117098045404275020e+01 2.698223461068176121e+00 -2.504651642287428093e+00
-1.073282711213067131e+01 3.625355195148575405e+00 -2.866489922401559420e-01
-1.019413593062259871e+01 3.633857065254196161e+00 -7.176394777276375037e-02
-1.124871805686021631e+01 3.522305190204988889e+00 -2.296403594429097694e+00
-1.057834095817673337e+01 3.658263500609496788e+00 -1.450805997826746463e+00
-1.089631066212639077e+01 3.649449715270255190e+00 -1.908420704843553084e+00
-1.041453834788027422e+01 3.665038579995776313e+00 -1.708189427309789510e+00
-1.048041525960492848e+01 3.412070999686702244e+00 -1.643947047849144694e+00
-9.974801420413399455e+00 3.616842338656772959e+00 -1.655307130715752528e+00
-9.452088843276523988e+00 3.451953130749038312e+00 -1.564895077428068326e+00
-1.021552751449549312e+01 2.917101693451539468e+00 -1.422523848418389747e+00
-1.061733278517957757e+01 2.905442540524920680e+00 -1.727967852132161086e+00
-1.128281926467020568e+01 2.593140162920531289e+00 -1.806215528905516177e+00
-1.052855010561893323e+01 3.806053961180221545e+00 -1.820294906646683586e+00
-9.910787611331029368e+00 3.018221112156759034e+00 -2.951710783445933295e+00
-1.126334708384106698e+01 4.096284039370310381e+00 -1.807254808402879442e+00
-1.044331649377112115e+01 2.645215927994755578e+00 -1.496415233720138627e+00
-1.066728472265060823e+01 3.891827001967428146e+00 -1.504208650948193560e+00
-1.010411194213790331e+01 3.391063017100497401e+00 -1.510230142147320542e+00
-1.015398391335939365e+01 3.513953449950825814e+00 -1.348013129577619651e+00
-1.078616080213048001e+01 3.063134114805460939e+00 -1.448119465765951741e+00
-1.006085145586382446e+01 3.313236818032164077e+00 -1.867247702708033197e+00
-1.048639325581580550e+01 3.768174353165728352e+00 -2.109090753761520443e+00
-1.079766203760015486e+01 3.224763205740717620e+00 -1.556652822904264433e+00
-1.009947295765362618e+01 4.410804638757974239e+00 -1.296300817416243367e+00
-1.067165198924546488e+01 3.145554010545267065e+00 -1.660370732586954778e+00
-1.014524999256246218e+01 3.930588031973792695e+00 -1.616693146456289254e+00
-1.059512609626458968e+01 3.214478009246790169e+00 -1.544837002675716109e+00
-1.090691486392030640e+01 3.429428164340726060e+00 -1.421101605801498913e+00
-1.073707762461370407e+01 3.578932857983819993e+00 -1.865628422124990582e+00
-1.039659288858305430e+01 3.286074837427934270e+00 -1.293267728114011472e+00
-1.088163953931354833e+01 3.378228395495683323e+00 -2.302159172360018324e+00
-1.129869609652987883e+01 3.956926567782540261e+00 -1.555067474647100934e+00
-1.104072996052599365e+01 3.542342292783041025e+00 -1.387381451168970825e+00
-1.033184222454231893e+01 3.193095781227663466e+00 -1.776618388824284356e+00
-1.057500996275731886e+01 3.446137115372724935e+00 -1.318676344025950575e+00
-1.066579569919541726e+01 3.280734707136669481e+00 -1.405030210724846906e+00
-1.100016804469812826e+01 3.713842002866604375e+00 -1.843464235188893685e+00
-1.073890304341330548e+01 3.676875217717258781e+00 -1.842230226477883370e+00
-9.893386741665031181e+00 3.753273838018687414e+00 -1.418764921026257175e+00
-1.039961147469203517e+01 3.866144744255632926e+00 -1.845928338197444285e+00
-1.040565211028702031e+01 3.229763310479113247e+00 -1.651885131761150927e+00
-1.032566668739596949e+01 3.181424378099610983e+00 -1.378280982916254782e+00
-1.104300465913178009e+01 3.355179749624443986e+00 -3.349706461750228681e-01
-1.050737777948560492e+01 3.143022507988136205e+00 -1.403649936849801216e+00
-1.025650540706588565e+01 3.375975862750387080e+00 -1.414312043933902308e+00
-1.059739062820117184e+01 3.419027536876550588e+00 -1.555949352697110877e+00
-1.062201587227670352e+01 3.390979759159455931e+00 -1.706238508209057425e+00
-1.091890808389160661e+01 3.395928179050088591e+00 -1.533026376177552219e+00
-1.067856638596413532e+01 2.907266871559246457e+00 -1.500635130711637233e+00
-1.032017537754368597e+01 3.014392632087754986e+00 -1.682673417986962017e+00
-1.044339455638766623e+01 4.095718431887644506e+00 -2.442641180735154460e+00
-1.076242142038561767e+01 4.018498733081640850e+00 -2.305792107683794168e+00
-9.792541622499289389e+00 3.954476008126158959e+00 -1.690268251346680239e+00
-1.110928829369877313e+01 3.921362229275274558e+00 -1.097799826881861840e+00
-1.101904406537910042e+01 3.615716686572521432e+00 -1.449810986888981024e+00
-1.029377679560294467e+01 2.935771494771414858e+00 -1.538422432261282946e+00
-1.023684864319688437e+01 3.925897613923480467e+00 -2.120444805242548636e+00
-1.048999594131249502e+01 2.996533840451486075e+00 -1.257490999714405699e+00
-1.057402286037483030e+01 2.893037107173059397e+00 -1.671501951929940999e+00
-1.048752473976632338e+01 3.013143483215352525e+00 -1.496970224478227696e+00
-1.023217754735346929e+01 3.817096589550379893e+00 -1.560127176251878689e+00
-1.089816768013377057e+01 3.138098209169693842e+00 -1.286446665871733952e+00
-1.043776870508976273e+01 3.672376705656277718e+00 -1.688036990269116133e+00
-1.059345356478802103e+01 3.051788485154772079e+00 -1.703875012963189217e+00
-1.067295492628604947e+01 3.968942315981190294e+00 -2.054962062963987535e+00
-1.023850269671703828e+01 3.518535516265965057e+00 -2.041057420448955995e+00
-1.011248123619580319e+01 3.788929533843471642e+00 -1.726559527338920486e+00
-1.084544643639346440e+01 4.374208014194059579e+00 -4.271678431138238308e-01
-1.089853079993996054e+01 3.740026395442351159e+00 -1.678142483148649333e+00
-1.064741020807405292e+01 3.257271031443540465e+00 -1.507005171191142745e+00
-1.083351894156059636e+01 2.891671820941561943e+00 -1.560582184626263302e+00
-1.114112685650619206e+01 3.011908104054245250e+00 -1.541482599064079473e+00
-1.071495685208474313e+01 4.021866809739806037e+00 -1.593178228693530096e+00
-1.085950991610188154e+01 2.857575996694461828e+00 -1.738104219468392886e+00
-9.994997052450766972e+00 3.541256057455471229e+00 -1.719199885618237778e+00
-1.092230034139494776e+01 3.081126211394365377e+00 -1.607679558248277463e+00
-1.092472916651433934e+01 3.744312471883326943e+00 -1.485659077785602689e+00
-1.038817146102583777e+01 4.037029616777751961e+00 -1.525813012175437855e+00
-1.063434911071738220e+01 3.800191608585162584e+00 -1.506831330414132308e+00
-1.003224038006431584e+01 3.648254762360878090e+00 -1.622990921041275403e+00
-1.061542734933833110e+01 2.867755478394849344e+00 -1.231949342055089547e+00
-1.024894707402518179e+01 4.589875754002454400e+00 -1.269053063700886108e+00
-1.044057791575650462e+01 3.633709913902294364e+00 -1.729082702389272752e+00
-1.083603146075255630e+01 3.001715850359139903e+00 -1.438984141645705650e+00
-1.049596745370983797e+01 2.924761240043493249e+00 -1.464325874635841851e+00
-9.875328129115745313e+00 3.930654851130959138e+00 -2.123881269287922091e+00
-9.707108461933264820e+00 3.146047833610716271e+00 -1.643784839115925767e+00
-1.054137259982795882e+01 3.418185147654984934e+00 -1.785598330585488558e+00
-1.050441068153168978e+01 2.886997705573843831e+00 -1.625053097840432947e+00
-1.122530519429456142e+01 3.186486991827862880e+00 -1.577081677442908614e+00
-1.035212909324261155e+01 3.697593219007025311e+00 -1.384027026404124783e+00
-1.052034001382329187e+01 3.099916780472881772e+00 -1.718181207469049232e+00
-1.065481726020173348e+01 3.605723394322313702e+00 -1.707676811849353049e+00
-1.008979856512369899e+01 3.795367629591862801e+00 -1.666341333064834451e+00
-1.041378876571765133e+01 3.803301003777836975e+00 -8.892711539832387491e-01
-1.086392150643102639e+01 3.184146069211527319e+00 -1.592540382984652503e+00
-1.073260554721897364e+01 3.349704834452265523e+00 -1.813029632357382015e+00
-1.016128699493924259e+01 3.742851705187765887e+00 -1.655947112149291467e+00
-1.046375339414995409e+01 3.395653555915658650e+00 -1.713313595901369890e+00
-1.034407496767249235e+01 3.773163381269763583e+00 -1.563217510107808517e+00
-1.085433055806602098e+01 3.448962892784022571e+00 -2.096454041286446746e+00
-1.059206324923840725e+01 3.198594649433626813e+00 -1.344894447672254634e+00
-1.021622988726893944e+01 3.194048599214358131e+00 -1.672435275245303776e+00
-1.050705646898739687e+01 2.880686591859884071e+00 -1.666634944124676831e+00
-1.102689044791589623e+01 3.594001010914605221e+00 -1.623619246822350259e+00
-1.027332105092864900e+01 3.440148306272653222e+00 -1.677869077018298682e+00
-1.034167507260875674e+01 3.387817696849625637e+00 -8.678471070319571101e-01
-1.075936679412321162e+01 2.908678232627046611e+00 -1.625937774850896300e+00
-1.004593121704855463e+01 3.142504749886267490e+00 -2.195258419165710073e+00
-1.106134322845121254e+01 3.304821847095217091e+00 -1.862844590167021419e+00
-1.065414589910782084e+01 3.089382435883209155e+00 -2.369485151711355986e+00
-1.007978069330137849e+01 3.373422949511815983e+00 -1.323817362861458236e+00
-1.086301020882833335e+01 3.610343741464691725e+00 -1.436379309258350112e+00
-1.026222972872355577e+01 3.888065582459758307e+00 -1.739771786696896250e+00
8.225288134651216865e+01 -4.402982383316324189e+01 -7.117917041970271974e-01
-1.077934360670221459e+01 3.671033023195849232e+00 -1.527430666274553372e+00
-1.093470403108769418e+01 3.496768411612275251e+00 -1.523742099862998023e+00
-1.074276425529206591e+01 3.868892147817099225e+00 -1.495629802710009892e+00
-1.105238429994108351e+01 3.166978668806984754e+00 -1.861804831583805164e+00
-1.003119067868084890e+01 3.928763436640355877e+00 -1.912734708495634539e+00
-1.002304719322470739e+01 3.666398374069696597e+00 -1.580486305127014601e+00
-1.055956317366031172e+01 3.264957233431895478e+00 -1.785102444790178655e+00
-1.046811325394888037e+01 3.389866604129520233e+00 -1.576829752473583701e+00
-1.088650186313317647e+01 3.400818180400885460e+00 -9.566596083057575806e-01
-1.062161732962287886e+01 3.532840599138791671e+00 -1.186469324567933858e+00
-1.049528128529317250e+01 3.708969900965135125e+00 -1.814961058542639671e+00
-1.096357345703623665e+01 3.877929367386816928e+00 -1.352016717464448403e+00
-1.094080072609722265e+01 3.347922764018441022e+00 -1.655667899600204329e+00
-1.046560801668534069e+01 3.487020934939672134e+00 -1.636382710909242588e+00
-1.052313601079245586e+01 3.368488847169695877e+00 -1.559741930353932826e+00
-1.067438496770463452e+01 4.402143090096950040e+00 -1.023162561487074962e+00
-9.947635430195552075e+00 3.446096140064477176e+00 -1.780984763343899768e+00
-1.068067593186548336e+01 3.620814977320318206e+00 -1.385261242097747925e+00
-1.065292050273858671e+01 3.911880462321951857e+00 -1.552355337245977518e+00
-1.077964071182501726e+01 3.554474774991795538e+00 -1.650134134239746198e+00
-1.034986835130557559e+01 3.602518142787565214e+00 -1.707760429627857013e+00
-1.098192525962347688e+01 3.602949967898247507e+00 -1.516948846430802966e+00
-1.075710374643489331e+01 3.369033283488050756e+00 -1.548342989290871996e+00
-1.092149788857043369e+01 3.615307825230141603e+00 -1.756406905711453970e+00
-1.034906320179564254e+01 2.385460315207457604e+00 -1.932536281633814967e+00
-1.023474178198791762e+01 3.425738479657397306e+00 -1.837467365973791900e+00
-1.083898436757257677e+01 3.384021553437412511e+00 -1.571645536142745270e+00
-9.836698849538271006e+00 3.784817895036106439e+00 -1.550435041397137503e+00
-1.050021422965646600e+01 3.361182676828355476e+00 -1.465755544291600820e+00
-1.124674706916869660e+01 3.647599994397504819e+00 -1.837755271921066580e+00
-1.072524119996803726e+01 3.522043697923246341e+00 -1.665377670433742185e+00
-1.033229938425581906e+01 2.921205214601759970e+00 -1.626414746972175029e+00
-1.101993883848129840e+01 3.215042746523616213e+00 -1.704165854679900560e+00
-1.096328294017946625e+01 3.097941095998664185e+00 -2.377691916375259229e+00
-1.055590453021421204e+01 2.532719343290933622e+00 -1.501833852215550102e+00
-1.056492200064218601e+01 3.030537272907303681e+00 -1.426054160438075646e+00
-1.094426771362439688e+01 3.663906352760236906e+00 -1.392976031692267469e+00
-1.042177265964178545e+01 4.057997490445534261e+00 -1.706602677290843362e+00
-1.092817601862999766e+01 2.871564573888965022e+00 -1.508863637081154341e+00
-1.045594841915018236e+01 3.097035114778065257e+00 -1.560834202338958976e+00
-1.065182662140411018e+01 3.160307746583596256e+00 -1.502931885328882666e+00
-9.992021901025964326e+00 3.368787618925379590e+00 -1.765359801318477251e+00
-1.101710652217850317e+01 3.393100526057284405e+00 -1.542164356696668959e+00
-1.064693540474273625e+01 2.991977672071976624e+00 -1.505459175657686055e+00
-1.067276895389673008e+01 3.699098477942600383e+00 -1.441696524281623759e+00
-1.017175970518459316e+01 3.646773337438998563e+00 -1.620864697983438685e+00
-1.053457582744681176e+01 3.209321394956131890e+00 -1.504549473460243147e+00
-1.015378873221958322e+01 3.462076791300433332e+00 -1.628614751422804208e+00
-1.131276504320240228e+01 3.567742161110326382e+00 -1.696341320111348860e+00
-9.918336174528374016e+00 3.162046806909374119e+00 -1.141429713451049821e+00
-1.035647985796115478e+01 3.977481623763062135e+00 -1.607924943422272657e+00
-1.051733894605511921e+01 3.438495734862856867e+00 -1.687250711033590811e+00
-1.064566736572638916e+01 2.982904720691891054e+00 -1.404284790517111414e+00
-1.013412012148886454e+01 3.791246039407544011e+00 -8.253819958209134278e-01
-1.014328629373803459e+01 3.766797430406430447e+00 -1.204906550542487631e+00
-1.062253018257226955e+01 3.817655797185707911e+00 -1.794702063499789002e+00
-1.135588614720642120e+01 3.537480063275604270e+00 -2.785795272517403554e+00
-1.050809396899061809e+01 3.650658286494361526e+00 -1.085036013543868583e+00
-1.073631964158902363e+01 3.677133029396562947e+00 -1.295027311180203089e+00
-1.141752648213667953e+01 3.958112539823305021e+00 -2.122405071281077138e+00
-1.052012366170112578e+01 3.183743442967760018e+00 -1.566819514356998511e+00
-1.081257424716688753e+01 4.278997758097516702e+00 -1.553223908480347415e+00
-1.002119292713609511e+01 3.787178321834315131e+00 -1.830854286188675351e-01
-1.100028073718639021e+01 3.521189227943433586e+00 -1.588831687445647178e+00
-1.130780436697035363e+01 4.201186708894669941e+00 -1.485347750468825057e+00
-1.052418010100081602e+01 3.003012620460252080e+00 -1.627189593811851465e+00
-1.084190940192918440e+01 3.065058876725807124e+00 -1.593769744519959453e+00
-1.048006946663796590e+01 3.012119469764078517e+00 -1.743423736509526423e+00
-1.081105527118395671e+01 2.769912591173338434e+00 -1.713027072731513112e+00
-1.006458883973846241e+01 3.714466272679647574e+00 -1.718480895912984918e+00
-1.070388948022198150e+01 3.832121169527494597e+00 -1.465831701171081525e+00
-1.043341597849094171e+01 3.536007722549720178e+00 -1.334066831507646711e+00
-1.107024663889790261e+01 3.124668321563327744e+00 -1.429780856562159475e+00
-1.055260839937708361e+01 3.411557842135067631e+00 -1.318647487781220873e+00
-1.066331387489989702e+01 3.503987660109200597e+00 -1.879164130745874184e+00
-1.112161431713207804e+01 3.453986628687617966e+00 -1.254934857686939242e+00
-1.057318413808864754e+01 3.246743790255891327e+00 -1.560760005232742165e+00
-1.050441837292112446e+01 3.535870655733778456e+00 -1.385736129895816848e+00
-1.117405367141337713e+01 3.203785948755359936e+00 -1.744536554336423961e+00
-9.517036075468471523e+00 3.037851423682421448e+00 -1.665197700563230354e+00
-1.024253884333151099e+01 3.000402374216129875e+00 -1.407265613801988779e+00
-1.078533411848388113e+01 3.383545339132577823e+00 -1.498841844397237999e+00
-1.057498370214089789e+01 3.418008432162662480e+00 -1.552339751888080821e+00
-1.038118213381403088e+01 3.162854783590850261e+00 -1.580378931059164715e+00
-1.009171423727373984e+01 3.105574344884916904e+00 -1.670977083277553454e+00
-1.001518238478961642e+01 2.773401331313613660e+00 -1.534257421673382860e+00
-1.057988863772892785e+01 3.482056716890354231e+00 -1.928989813818573484e+00
-1.030406315020769803e+01 3.261559972697110954e+00 -1.433449264109615484e+00
-1.049994156648113730e+01 2.807000521859487563e+00 -1.410460407519868342e+00
-1.066197156710108729e+01 3.244038060690156211e+00 -1.274545643016357310e+00
-1.043172159410230293e+01 3.143673601573403253e+00 -1.249538070002122137e+00
-1.038363192800394863e+01 3.242334999950626351e+00 -1.495108381422598942e+00
-1.018093308923845264e+01 3.963496518043867489e+00 -1.888513817627701874e+00
-1.083245133447146102e+01 3.812917804695481028e+00 -1.581494178157919261e+00
-1.125665828153912784e+01 2.735233445247023276e+00 -1.642032042928263991e+00
-1.064319131580752398e+01 3.720217590736167868e+00 -1.492012319706738088e+00
-1.011960891150960506e+01 3.575264912788688410e+00 -1.665167572184954814e+00
-1.075220116979166818e+01 3.108765534611181103e+00 -1.508034459842998443e+00
-1.002132455903875474e+01 3.581234601672091511e+00 -1.631474604382521010e+00
-1.060464088885976075e+01 3.583735474127974108e+00 -1.751088570382580256e+00
-1.038024763973030495e+01 3.704751118973729884e+00 -1.633399214939366795e+00
-1.033303195369297178e+01 3.092309250437120571e+00 -1.492097398373150696e+00
-9.695405933508421725e+00 3.187031531872571488e+00 -1.618503386085764939e+00
-9.646050424950614044e+00 3.259397608685307368e+00 -2.148533968103519154e+00
-1.081422298021701245e+01 2.884240308311663892e+00 -1.523686016464245396e+00
-1.087568525226028093e+01 3.646773350657912527e+00 -1.328567534854004473e+00
-1.083080478872568619e+01 2.932891408664232369e+00 -1.536485637121721481e+00
-1.054011531834078141e+01 2.893515935965923269e+00 -1.550574418796099030e+00
-1.112743968725289534e+01 3.567684308114659419e+00 -1.491616047353585328e+00
-1.067853259860457982e+01 2.474032805626480425e+00 -1.492721587443098574e+00
-1.074522957025514991e+01 3.419322483920145928e+00 -1.567694233959235461e+00
-1.053293715610841552e+01 3.921309302211710701e+00 -1.613212529957823493e+00
-1.046549303166365164e+01 3.081911674937706014e+00 -1.493361106378684022e+00
-1.065599978953412652e+01 3.248873087629847500e+00 -1.201676651676891749e+00
-1.018249664739477289e+01 3.227063191775966455e+00 -1.678318619663256239e+00
-1.062348570102731138e+01 3.455583742381799439e+00 -1.618720217226582214e+00
-1.128957774327569297e+01 3.931299090396122242e+00 -1.355983554809288005e+00
-9.969241819259918813e+00 3.838641199273243210e+00 -1.677494652633852334e+00
-9.329232427275346851e+00 2.878798033745694873e+00 -2.045985097035837974e+00
-9.503337714901174849e+00 3.588789105349337927e+00 -2.133233120611006228e+00
-1.046950840845819286e+01 3.415549276962265068e+00 -1.387174021693750037e+00
-1.053412480510378302e+01 3.664481710625858479e+00 -1.445461100881466177e+00
-1.046919854815797635e+01 3.453190908855523045e+00 -1.612731859739712448e+00
-9.721183338206740743e+00 4.068067829992279449e+00 -5.357284915418693005e-01
-4.187979858309730474e+01 -9.285423324121808264e+01 -6.600355811607616641e-01
-1.027415973047918740e+01 3.026169343649010912e+00 -2.105054205994087546e+00
-1.007108482854301812e+01 3.218872143622167670e+00 -1.680602967547734305e+00
-1.080797456768972964e+01 3.968092270631803586e+00 -1.474751736467031948e+00
-1.061793713227533154e+01 3.316741752146080469e+00 -1.477993991477802416e+00
-1.015609331137261151e+01 3.657102730479727892e+00 -1.447576696766237792e+00
-9.846804174122155473e+00 3.668573715247287925e+00 -1.829567437805821317e+00
-1.056174651363382466e+01 3.505410203724495410e+00 -1.506800467261046883e+00
-1.074448775678803436e+01 3.160948394486456703e+00 -1.539092909845346968e+00
-1.094435657837527920e+01 3.392782054666596547e+00 -1.406738087467890308e+00
-1.026633995845782898e+01 3.704293225676835277e+00 -1.941167613573767659e+00
-1.058973046672807428e+01 3.315368762432309158e+00 -1.423857991424302805e+00
-1.041756846858880081e+01 3.033918427475883917e+00 -1.601117919372363030e+00
-1.032867180548723596e+01 3.021506906454006547e+00 -1.205367651479214430e+00
-1.046038910652826459e+01 2.986839022618202222e+00 -1.405337324039698244e+00
-9.924954860844584559e+00 3.604787391351984116e+00 -1.683580981337733151e+00
-1.032389038414022231e+01 2.968308420024268202e+00 -1.440628218919463244e+00
-1.031783721133401954e+01 3.282889453822045223e+00 -1.585263633114847970e+00
-1.095821396038131823e+01 3.549972328211118189e+00 -1.344007173606051708e+00
-1.066430213187200060e+01 4.347942008953512349e+00 -1.077742402122898957e+00
-1.069853052690702810e+01 3.097809958268078034e+00 -1.830070055677779139e+00
-1.036719479505350705e+01 3.878856059774152598e+00 -1.917644818289107267e+00
-1.032541172126294526e+01 2.815422147804928610e+00 -1.610037001539236012e+00
-1.058090616327772793e+01 3.754964692433248263e+00 -1.445605811083216841e+00
-1.017055179672595955e+01 3.070970230796821188e+00 -1.557823783144096641e+00
-1.134044729038221355e+01 3.887112949741199142e+00 -1.558744834881086172e+00
-1.113876230882816998e+01 3.240477616706893382e+00 -1.627027613500636072e+00
-1.120809124671015944e+01 3.810357780757170243e+00 -2.057839560737931173e+00
-9.956488933634497940e+00 3.233574670773961213e+00 -1.857925664629162643e+00
-1.088014540878668335e+01 3.525428093763476767e+00 -1.239328618781249336e+00
-1.059072389976390127e+01 3.713419525681012079e+00 -1.504168654391128790e+00
-1.030327709295012184e+01 3.371037248174278300e+00 -1.612545596740554865e+00
-1.043739687914976066e+01 3.372324345636048992e+00 -2.016265955357083861e+00
-1.042229665803555960e+01 3.235549349732533386e+00 -1.735818238922584245e+00
-9.781184474420443919e+00 3.583689194522897470e+00 -1.321747413534670734e+00
-1.008111473714421358e+01 3.248515019499758960e+00 -2.365041795497111465e+00
-1.072237479928042525e+01 3.942699173581968530e+00 -1.704288185823080282e+00
-1.065050984357713659e+01 2.961411457961439009e+00 -1.476285442278934212e+00
-1.010955574843316818e+01 3.625408283817336041e+00 -1.526880268626970683e+00
-1.066309514937097447e+01 3.051008317908238343e+00 -1.476283458827245765e+00
-1.035523234367370549e+01 3.379097189374218768e+00 -1.725177878564058354e+00
-1.002799535497676686e+01 4.016677950808816178e+00 -9.143668563130625815e-01
-1.054865738556176247e+01 3.591422662329057047e+00 -9.036297397463444181e-01
-1.068907564792040787e+01 3.540435133948124147e+00 -1.570288071982217870e+00
-1.041833631381826564e+01 3.758743085998335509e+00 -1.690951423637099049e+00
-1.035416601784040225e+01 3.133315665065173228e+00 -1.591098384251722564e+00
-1.049352085510481736e+01 3.352407109245399308e+00 -1.563025391441427603e+00
-9.896596068442560679e+00 3.402588193259585836e+00 -1.799749922625323739e+00
-9.989706244854675177e+00 2.835564784992639975e+00 -1.539013136866211884e+00
-1.002827195298273821e+01 3.060133932239041954e+00 -1.430585276753349344e+00
-1.090300318919207712e+01 3.163559987608742574e+00 -1.787998799427182206e+00
-1.051960419402816171e+01 3.379021335291384265e+00 -1.676282276564663443e+00
-1.147097222823953722e+01 3.383369343141358954e+00 -1.869490711372621128e+00
-1.042315212106073830e+01 3.248732539060044999e+00 -1.896890458644306277e+00
-1.006042092477640182e+01 2.876720754938773439e+00 -2.377700439284457179e+00
-1.072347335960248493e+01 3.279790413782566194e+00 -1.413198799986528309e+00
-1.049277084773923718e+01 3.412449904689672131e+00 -2.507928350088470815e-01
-1.110967631441545933e+01 3.105522306284199896e+00 -1.608709347933479084e+00
-1.052950460711181613e+01 3.015894261532976905e+00 -1.550401139877287449e+00
-1.016891275083075463e+01 3.319969088876097985e+00 -1.288539584032555751e+00
-1.056956259830792355e+01 3.397318254902317314e+00 -1.556559121162697901e+00
-1.094021143672092400e+01 3.082989141054653270e+00 -1.858448850643411809e+00
-1.042986253570995991e+01 4.065393932902598095e+00 -1.656742978986347037e+00
-1.020833088264248367e+01 3.186225074717968564e+00 -1.241727220073026272e+00
-9.960969431000146201e+00 3.421487516813940477e+00 -1.527125919259480380e+00
-1.026068342777274545e+01 3.055066857277478398e+00 -1.399844405675652492e+00
-1.045818713560487900e+01 3.220989401688446829e+00 -1.487617735347212422e+00
-1.081831384907604665e+01 3.524994440904490212e+00 -1.748011546989134413e+00
-1.045155985983173785e+01 2.909840030683862100e+00 -1.487472772230395757e+00
-9.935214704974546507e+00 3.440086010144439044e+00 -1.684408881451354700e+00
-1.066070423183654725e+01 3.223371733024888552e+00 -1.500679840813040178e+00
-1.028959785256567372e+01 3.392563979087159343e+00 -1.309652378019503960e+00
-1.085820944145271660e+01 3.275420394056816065e+00 -1.907527721449673086e+00
-1.126957184903373488e+01 3.500057994655199511e+00 -8.779705199404008731e-01
-9.935030225055472286e+00 3.402486688415796490e+00 -1.675899825924414444e+00
-9.829717454534600662e+00 2.898754863898406864e+00 -1.779575609645892120e+00
-1.096173792388832346e+01 3.570421005300882022e+00 -1.345796015017224567e+00
-1.096144993213228958e+01 3.501744303803968617e+00 -1.386482500971119247e+00
-1.058641291465378309e+01 3.970563936806812411e+00 -1.698057566321348633e+00
-1.063423720321977406e+01 2.820561316997594936e+00 -1.706833594820361677e+00
-1.000765019781186993e+01 3.345029081972210605e+00 -2.234507727975583169e+00
-1.098088790300019113e+01 3.925074842028322131e+00 -1.448024434497775959e+00
-9.623688554851032251e+00 3.805778893245971517e+00 -1.322258880934594094e+00
-1.157411778054418861e+01 2.920491632067912846e+00 -1.457993678742183441e+00
-1.091195590241898472e+01 3.215095772448355760e+00 -1.478317060619714018e+00
-1.031440491533867920e+01 3.454524605769545342e+00 -1.667634612912539116e-01
-1.030607816238131669e+01 3.517292761675041124e+00 -2.027849188008693737e+00
-1.028261051623677247e+01 3.252419414062832193e+00 -1.454098771588796746e+00
-1.002367981823649323e+01 3.088371809579829375e+00 -1.426531118820828281e+00
-1.041316913839144931e+01 3.103766418223539159e+00 -1.684430352321582669e+00
-1.053019368526522825e+01 3.166700285727561237e+00 -1.585809339812993102e+00
-1.015943485109870181e+01 3.517168357282228985e+00 -9.968441677567158044e-01
-1.048569308514336562e+01 3.328876517012858027e+00 -1.596076697066342920e+00
-1.080302379483534558e+01 3.725426032501066409e+00 -1.589282155864874424e+00
-1.019904974615992366e+01 3.817437241082546784e+00 -1.728858857240707980e+00
-1.050593283778048637e+01 3.052483181775539123e+00 -1.491925448935685905e+00
-1.122636604053872311e+01 4.083476629141129521e+00 -2.244032884932518623e+00
-1.091723608347779439e+01 3.081737012698253064e+00 -1.643846830281235238e+00
-1.039757408926204540e+01 3.528617801522346387e+00 -1.794969404033986971e+00
-1.055326512146910112e+01 3.621682139395568267e+00 -1.425115329320697954e+00
-1.042636144349242677e+01 3.263228665427943209e+00 -1.541123878631755595e+00
-1.048640082839030185e+01 3.374322627095386551e+00 -1.458090628092929109e+00
-1.003836173729704662e+01 3.740295653225260697e+00 -1.252861666670197716e+00
-1.003756973287243071e+01 3.398676593297107473e+00 -1.537758686024069066e+00
-1.003582545974792239e+01 3.390713681328305640e+00 -1.687372032429575563e+00
-1.103267378859039916e+01 3.116916372720962336e+00 -1.363671818062536234e+00
-1.050755626424742140e+01 2.995011359750486601e+00 -1.803046618947033330e+00
-1.082038013637978402e+01 3.874561433845034930e+00 -1.344975248144965496e+00
-1.094610255771743290e+01 3.854411924095074049e+00 -1.789619267751010767e+00
-1.090600969911634621e+01 2.893354029368361502e+00 -1.523555140875289649e+00
-1.025678617247461055e+01 3.267028777812805984e+00 -1.627399311191984665e+00
-1.014365222861860261e+01 3.699738134545676349e+00 -1.683581056081642213e+00
-1.086110998044861375e+01 3.661270807616218814e+00 -1.188768881975869052e+00
-1.042234260137160362e+01 3.270837802247687165e+00 -1.514350914612164534e+00
-1.077309790522173749e+01 3.211714563251873766e+00 -1.581626454045337304e+00
-1.076061504651405087e+01 3.547304814279424345e+00 -1.631221603748510773e+00
-1.066900578974999725e+01 3.869583268675159449e+00 -1.606804479534034158e+00
-1.022710656192997547e+01 3.544202198700342255e+00 -1.613364247063146628e+00
-1.015693843167077048e+01 3.608780363854803053e+00 -1.586159026241331649e+00
-1.101207257538902873e+01 3.111121027471058120e+00 -1.602527429091506361e+00
-1.080514437907085679e+01 3.319350894863491774e+00 -1.546613272854662213e+00
-1.022023046662426893e+01 3.769709346047727117e+00 -1.534794044367776333e+00
-1.039135327203886838e+01 4.057379105950026599e+00 -1.052397853095638380e+00
-1.097317495675016374e+01 3.051157737268710868e+00 -1.551178893591752983e+00
-9.812134428024581467e+00 3.372733960288133659e+00 -1.178628081035540509e+00
-1.602879025906086952e+01 -1.053673050174658954e+02 -7.523885692792182667e-01
-1.080430974643783237e+01 4.100799558318969140e+00 -7.329065306589668261e-01
-1.014240978482035516e+01 3.672001656549702453e+00 -1.792062010460717447e+00
-1.068267706232819769e+01 3.065125983022072731e+00 -1.478175202879250749e+00
-1.031826088760166193e+01 3.540632445564557695e+00 -1.426976641577873739e+00
-1.080738465328678011e+01 3.776988518420812735e+00 -1.530559286111841555e+00
-1.066911485824279104e+01 3.061540558758424346e+00 -2.609279719228209782e+00
-1.022087277910334358e+01 3.572125912330123665e+00 -1.652127827716010300e+00
-1.068830577120133185e+01 3.132467789729287411e+00 -1.578173153183688449e+00
-1.055121394128745393e+01 2.968085712453339742e+00 -1.421613169704585289e+00
-1.057633502749720833e+01 3.613277934876575781e+00 -1.592383538208335780e+00
-1.044245088166678670e+01 3.823559526482722237e+00 -1.607148187919530846e+00
-1.040535032940729820e+01 3.335644920120329981e+00 -1.486663475596572859e+00
-9.981275070293470719e+00 3.233677280322488024e+00 -1.656062667037681679e+00
-1.030572721297149386e+01 3.491134040894241952e+00 -1.405482007172900172e+00
-1.047135504744682244e+01 2.664464283127840005e+00 -1.600812854905726557e+00
-1.091864848062281546e+01 3.491034024564506399e+00 -1.627490846988224105e+00
-1.027967684102871715e+01 2.954900502010560981e+00 -7.225631384437389837e-01
-1.027800951099659876e+01 3.961205593015413307e+00 -1.738722785954485150e+00
-1.036011126592439702e+01 3.285005657494842080e+00 -1.573198308000642642e+00
-1.049014635053685041e+01 3.838295833835214221e+00 -1.456812362236150626e+00
-9.986996091778859608e+00 3.845443799589726375e+00 -1.629448221699822730e+00
-1.054657507560118468e+01 2.906842532546301872e+00 -1.500115062044574232e+00
-9.990898760538714285e+00 3.878514443310958182e+00 -1.564034661167363005e+00
-1.033897634586321956e+01 3.510961042047622271e+00 -1.381500708086077500e+00
-1.068603217652946746e+01 4.511132785941749823e+00 -1.615657550810024601e+00
-1.051698853201503603e+01 3.379109226968211921e+00 -1.611437022377487649e+00
-1.022976527333773866e+01 3.129120607196305581e+00 -1.604590571669293864e+00
-1.075265303249902971e+01 3.391041741851912317e+00 -1.345889285513232281e+00
-1.113725441951489437e+01 3.523142415441396835e+00 -1.924180306122906359e+00
-1.045171912881220955e+01 3.219214800030685275e+00 -9.466904876607884489e-01
-9.575504056529746677e+00 3.812679369717077549e+00 -1.992385993408666067e+00
-1.003145188785369335e+01 2.747040379080012862e+00 -1.488670232553030326e+00
-1.036518603510718073e+01 3.311548576774389741e+00 -1.544212857291807461e+00
-1.050457120416361079e+01 2.647836877573232162e+00 -2.229059842576797568e+00
-1.017745012131744708e+01 3.684875367816115688e+00 -1.292528008398118322e+00
-1.093264682338230998e+01 3.121754039187617735e+00 -1.526875619199366207e+00
-1.119391475749891995e+01 3.311204437366440434e+00 -1.367163460673966213e+00
-1.014511235220038543e+01 3.340037495412625290e+00 -1.653673912850949890e+00
-1.100602471458268106e+01 3.739736621598309441e+00 -1.158046984292943726e+00
-1.054256007114689631e+01 3.838285731431933634e+00 -1.276186330235548061e+00
-1.106381200073210991e+01 3.321193099469760490e+00 -2.179571823642024508e+00
-1.074257268519360231e+01 3.378378112051472648e+00 -1.991064605972023838e+00
-1.089693407495993327e+01 3.329536541418450124e+00 -1.404709059693907580e+00
-1.041149054499076954e+01 3.269016321384580870e+00 -1.356316508833638856e+00
-1.047820679566867774e+01 3.300337444924942520e+00 -1.449520741620400566e+00
-1.071071408067782116e+01 3.551089894543895564e+00 -1.475287538250103392e+00
-1.036491369235666937e+01 3.649677154577997573e+00 -1.885399497754558951e+00
-1.031650545554239962e+01 3.462719039409200228e+00 -1.527207366014878387e+00
-1.114933749925651085e+01 3.342573503644497901e+00 -1.590671395983192626e+00
-1.088948063994650184e+01 3.246692892098250738e+00 -1.852013334058015825e+00
-1.026354227191708723e+01 2.726079212620886150e+00 -1.472938591495246197e+00
-1.118013873393707946e+01 2.693508420219553390e+00 -2.698938597228501379e+00
-1.021193695867677498e+01 3.752253054550978906e+00 -1.690230021626011325e+00
-9.615684575471192375e+00 2.522521723383870818e+00 -2.397429584897291743e+00
-1.005875530332810719e+01 4.115353825329284732e+00 -1.385665925942468624e+00
-1.015217137649047352e+01 3.256674833121279811e+00 -1.281175940877316233e+00
-1.019618808906318286e+01 3.766547159125272159e+00 -1.528149329644099108e+00
-1.069196601702713956e+01 3.511105578448427078e+00 -1.549744071562461523e+00
-9.384146091806826462e+00 3.621895307325233127e+00 -1.457665496242110503e+00
-1.087850787197479363e+01 3.398958510796160848e+00 -1.758440881161706715e+00
-1.013891993982053741e+01 2.861377286487178484e+00 -2.483834433397824615e+00
-1.043861403867547466e+01 4.269605346053838346e+00 -1.336734576361911619e+00
-1.098725949475664088e+01 3.386763482587333840e+00 -1.577320274017552482e+00
-1.050308237049632609e+01 3.946565792130954708e+00 -1.894289024576219616e+00
-1.076539849851766029e+01 2.850272858209141447e+00 -1.574265322325567595e+00
-1.041794891742191354e+01 3.122500499362407922e+00 -1.677905732307328091e+00
-1.034588602188084927e+01 3.689425317233627766e+00 -1.404272296507738549e+00
-1.005313711908707042e+01 3.768870079880458857e+00 -1.337154397342665169e+00
-9.932335848190035676e+00 3.443902347374411033e+00 -1.524605424448642221e+00
-9.279882238585084764e+00 2.996046159163425759e+00 -1.534042958139722135e+00
-1.103225257705965134e+01 3.119210217537061958e+00 -1.775378596745676107e+00
-1.000549539781071928e+01 2.520114479169785593e+00 -1.552694369896650661e+00
-1.012565305679310157e+01 3.861520616147544605e+00 -1.502650389127682784e+00
-1.057985076142299263e+01 3.974569402929466477e+00 -1.519046026188585641e+00
-1.066234831074666722e+01 3.222279655352697780e+00 -1.631723869925017389e+00
-1.019143901700582866e+01 2.786149966218320007e+00 -2.077792154700414340e+00
-1.057450473133033064e+01 3.334905214795797601e+00 -1.481806331644554886e+00
-1.028122265182753026e+01 3.239250540876650764e+00 -1.613856680140381528e+00
-1.045275592548182964e+01 3.542084920908031176e+00 -1.980393625586339024e+00
-1.138460271901847776e+01 3.446297291786339478e+00 -1.008318854510015461e+00
-1.070299448780953000e+01 3.210760723784525261e+00 -1.387729478558792362e+00
-1.034598498933604382e+01 3.605316136070647381e+00 -1.829464683858873508e+00
-1.048485529174000597e+01 2.937594376037978794e+00 -1.528007507739224113e+00
-1.132675396184751015e+01 2.922030961238942126e+00 -1.800381659533172529e+00
-1.000110347452848458e+01 3.459477376631585610e+00 -1.726284428667879789e+00
-1.081253897663453323e+01 3.374753441832851308e+00 -1.424132998158491592e+00
-1.019789026056814585e+01 3.420989089792369597e+00 -1.951464320749030534e+00
-1.046079032778199291e+01 3.836275510503694974e+00 -1.683440946333875088e+00
-1.038049185055956158e+01 3.184974170629534029e+00 -1.638839651677691744e+00
-9.849597698558699932e+00 3.642117870236023958e+00 -1.596822861449014974e+00
-1.035432119865221878e+01 2.807081952943358605e+00 -1.679589213657057156e+00
-1.088160451401946816e+01 3.588230438561502034e+00 -1.701263450075846784e+00
-1.014811384638833935e+01 3.676183908037446546e+00 -1.662734176935983799e+00
-1.055023439035086597e+01 3.489307632425836747e+00 -1.614374133825575486e+00
-1.060346566322600204e+01 3.629327752922631767e+00 -1.501196263464672054e+00
-1.008695364049370546e+01 3.101873672847884844e+00 -1.361408739334408535e+00
-1.093714506926353458e+01 2.953541257329216574e+00 -1.502369052278373251e+00
-1.083989080514679593e+01 3.554283843819115773e+00 -1.666422653015768640e+00
-1.020433043050218025e+01 3.097219718433103175e+00 -1.592447304929202723e+00
-1.092851547737622653e+01 3.560162468131217839e+00 -1.418759418736838418e+00
-1.055326258812632112e+01 2.799023154268422964e+00 -1.596595324541202121e+00
-1.070135996117344490e+01 3.934469981238480685e+00 -1.890813441859575672e+00
-1.014485946161741836e+01 2.868809858646318212e+00 -1.593414837864034928e+00
-1.025494525498134024e+01 3.138989068093392731e+00 -1.045878505106771161e+00
-1.083742422800485983e+01 3.590425873935947365e+00 -1.678610797088640805e+00
-1.034227385290924772e+01 3.480523136378494975e+00 -1.528859328629341263e+00
-1.039755091362234474e+01 3.130011963179041068e+00 -1.545950606210212186e+00
-1.021824276709932988e+01 3.274464187215788247e+00 -1.509035402556814676e+00
-1.042984325615329944e+01 3.184330541036607176e+00 -1.905793882215779167e+00
-1.047025146832874221e+01 3.845141115024659051e+00 -1.629689496977674734e+00
-1.008980558990190879e+01 3.846187912517369689e+00 -1.757543569003046313e+00
-1.074470589778609053e+01 3.466725025756031808e+00 -1.432943171573012764e+00
-1.047222075770243066e+01 3.442338623769538586e+00 -1.166228360952843879e+00
-9.282572811062152596e+00 3.275970650331207157e+00 -1.851678529495161429e+00
-1.009584256761434418e+01 3.313242816871805996e+00 -1.596939163190992828e+00
-1.090616713554437034e+01 3.332684108616596141e+00 -2.299579895156908638e+00
-1.051161485961620201e+01 3.692803978370739149e+00 -1.582968403790928402e+00
-1.077995137425976857e+01 3.685200125505828872e+00 -1.803602821883165896e+00
-1.035816894988195180e+01 3.323491031870736911e+00 -1.642445018529019363e+00
-1.123043644552901377e+01 3.662237829647459364e+00 -2.192244915300696206e-01
-1.061388347998011206e+01 3.754505991257389930e+00 -1.700981013112517815e+00
-1.008888142839455249e+01 3.586026039128121123e+00 -1.571000900295799196e+00
-9.897595643532778098e+00 3.454026705416798126e+00 -1.475425385090949559e+00
-1.077388657246396697e+01 3.283493311969881923e+00 -2.029229516639309061e+00
-5.833577621043009920e+00 1.266217231979493505e+02 -4.083708600627724561e-01
