-4.390432365973894191e-01 -1.591728027762358555e-01 -2.775278280600970357e-02
2.895781798467129686e-01 -7.839838939107125759e-02 1.025194344128398660e-01
-6.876036092327433291e-01 -2.859624143035101040e-01 5.029505694817850703e-01
-4.905380398035423251e-01 -5.224171814216602705e-01 -2.319555284437269105e-01
3.074621634860614794e-01 -4.286812301611062637e-01 1.621028748443795464e-01
3.693456013952846062e-01 -3.585550002069595732e-02 -1.628705187006599664e-01
-5.887545819015975734e-01 -2.185880739712282028e-01 -2.092684127235628078e-01
2.864511110123312831e-01 1.064463080734873168e-01 -2.610955376586503451e-01
3.140348582180321757e-01 -4.203138337674639513e-01 4.573217884655000204e-02
2.405952091721895725e-01 9.103881150196360683e-02 -2.219962978892024985e-01
-2.320914273624696544e-01 1.710518072147969304e-01 -3.668045666686924750e-02
-8.563612798191677644e-01 3.861481597054965964e-01 -7.907497591550655125e-01
-5.886782199885812750e-01 2.688067942270862543e-01 -2.695448439793784318e-02
2.425756462633777422e-01 -4.249447445825706993e-01 -1.522882354005583756e-02
9.205341162764874019e-02 -4.497712855823918221e-01 -3.409541321757911941e-02
-2.391627074084363980e-01 2.290486716270684897e-01 -1.001640943425505248e-01
6.448600511842726979e-01 -4.469991562029778098e-01 -1.121803590469395484e+00
6.042972687177827762e-02 1.334824275517206837e-01 -2.101176515884419782e-01
6.593551429832426869e-02 1.672512422575591629e-01 3.794044943470691739e-02
1.083601837871962792e-02 -6.943143949177287000e-02 -1.967733303978897175e-01
-7.756622058187936930e-02 -4.878958513152875653e-01 -1.033760608443778373e-01
1.417329733919761303e-01 -7.653844546131347015e-02 7.453263961584656316e-01
-2.172641814047893971e-01 2.928035685082630013e-01 -4.934398380973287201e-01
8.225580658127901179e-02 2.591745678701709021e-01 1.548872615234307970e-01
4.801287038360447790e-01 -1.540141920869452230e-01 -4.364779162663262602e-01
-2.304688706227840389e-01 2.669455860933033220e-01 -1.492755976106650562e-01
-2.172911010253982325e-02 -6.355719963634390846e-01 -4.771353527878054168e-02
-1.607882828230621231e-01 3.993718575277853677e-01 -1.390241116424829615e-01
1.974162772020580658e-01 -8.231040861777463857e-02 -1.463438043901370278e-01
8.368077769842090230e-02 -4.413755609831078175e-01 -2.108985344346518964e-01
1.461564766849389185e-01 -2.270171489432157852e-01 -1.279966095198146192e-01
-8.325611086630750612e-02 -3.412655554904409083e-01 2.349790513524414315e-01
-3.363269400275244181e-02 2.978188768652122453e-01 -1.885560943037674908e-01
7.173071195029102898e-02 -5.901567071790552177e-01 -2.875646148604871777e-01
-2.768212091862870539e-01 1.689810377640866418e-02 4.891014666592640725e-01
1.024030271040672346e-01 -4.852217305335764785e-01 -9.921923371110737133e-02
-3.693104065964809557e-01 1.008347044470397080e-01 -2.112912090706995649e-01
-6.028841997878432724e-02 2.718978170013834905e-01 7.027122085413545216e-02
-5.100713063819770632e-01 8.981707226783165396e-03 -1.725035174501334811e-01
-4.187122120970066669e-02 2.304911136864240817e-01 -4.643042782711110372e-01
-1.861609169899258176e-01 6.744524860383724896e-01 -1.354845178637950509e+00
-2.201230404657768536e-01 -1.116052150206336829e-01 -1.701524983434824223e-01
1.560383356147846193e-02 -6.492747850881198657e-01 1.370232489950538313e-01
-1.437596543061455956e-01 2.356279193327934507e-01 -3.233163378849837621e-01
2.014975941543108440e-01 5.048141793026448276e-01 2.899193472520523174e-01
-9.471438417558059042e-02 -3.698327125697545847e-01 1.133272879192548932e-01
-4.976903679140933234e-01 -7.673002936100409288e-02 2.511315170649273121e-01
-4.016793145757260319e-01 2.518268308860797666e-01 -4.174654406174789223e-01
3.910975394584038645e-01 -9.157819472037503905e-02 -7.925375144018890691e-03
-8.977767682021897677e-02 2.331227037662368107e-01 -2.010732998783799075e-01
-1.595474859563550674e-01 1.040970298918147546e-01 -5.062568460335659798e-02
-3.894270659538349166e-01 -2.577068844897317246e-01 3.213865358257549931e-01
-3.023336062413052305e-01 -2.295768704734609811e-01 -3.626323950785936140e-02
1.916695701138966257e-01 1.805399807144843494e-01 1.822394600176910628e-01
-3.528563647879430221e-01 5.200152882226021234e-01 1.122448867078052581e+00
-2.426322643101835874e-01 -9.041470807133217269e-02 -4.390880523197205343e-01
2.904815097624377507e-01 -6.890783691749347017e-02 -1.943729091213997617e-01
-1.814967756946292698e-01 -3.891008783727820108e-02 -1.020664887714585051e-01
-8.715781386005897469e-01 7.053583979211724975e-01 -1.102909518788760534e+00
-1.802406041849878293e-01 -5.659101302228314312e-01 1.307061651579287387e-01
2.403050061145974858e-01 6.483089203019785085e-01 -1.030932417891374797e+00
4.334670691007157517e-01 -3.088401291235807755e-01 -2.119969377291502088e-01
-1.149948136991949976e+00 -2.692435481923812629e-02 -8.802113479924436046e-01
-3.608141048396570350e-01 -2.623405829790994015e-01 3.143167730357479539e-02
-3.599631908498446276e-01 -4.080949519023939764e-01 -1.025356444958922808e-01
8.971579523500045061e-02 -2.969983664363089471e-01 -1.172260513219617745e-01
3.565915577821315158e-02 -4.773795420089125274e-01 -1.489888959258295342e-01
-8.624913466554125219e-02 1.452759956895524895e-01 5.139401849341894424e-02
-2.555672596612769132e-01 -2.095666940573583381e-01 -8.717786857092925390e-02
-8.318672565118623297e-01 -4.446951925573653375e-01 -1.304839350363732109e+00
1.696037308260695542e-01 -3.752218365949466228e-01 7.328066193380231019e-02
-2.681750991937698059e-01 7.754706078829370908e-02 -3.024517367276576274e-01
1.494330691537191780e-01 -5.244947676185943708e-01 -9.131950826241645724e-02
7.109865572423245891e-03 4.339232171771128382e-02 -3.722941922490262123e-01
3.058089799129148911e-01 1.584194422004996383e-01 -1.678186154635024074e-01
6.457460960112666459e-01 -7.138894491132263820e-02 -4.683733603143412916e-01
-8.541769368270982210e-02 1.083141439215400542e-01 -8.729107575623475945e-01
-9.824732864272886501e-02 1.593219804264385808e-01 -6.026923840779139230e-01
-1.999847099689628371e-01 -2.570533612738427620e-01 -9.472891294555113584e-02
1.115289864501212563e-01 -4.826649280247733986e-01 -2.866163316707718844e-01
-2.857467378961833782e-01 -6.269771082884939561e-01 -7.651451326160983724e-02
-3.301566777395860131e-01 -4.993319086118393479e-01 -3.436178548624429507e-01
4.503930334799691876e-02 -3.837275596432880298e-01 -1.031432717301745267e-01
7.310787269722246462e-02 -1.172524128405174615e+00 -1.037885059697723378e+00
3.506936137709725232e-01 -2.390180644847387723e-02 -8.366123768831647267e-02
-3.294976784822949839e-02 -5.241314309297693264e-01 -2.850655779606754980e-01
1.658510880580205404e-01 -3.653643313568102347e-01 -1.011557250395341001e-01
5.156932413675574534e-02 1.855213492319573720e-01 3.470859873372040272e-01
-2.063339231283776443e-01 -2.081963761480865038e-01 -7.519163980891491184e-02
-2.776810043365146585e-01 -1.365956573422603959e-01 -8.720586220381260079e-02
-2.524560929765846673e-01 1.376169285365529960e-01 4.442023724332019308e-01
3.492207104770082005e-01 -7.810190332619525513e-03 -3.786380799621967552e-02
5.034439601765559047e-01 -1.058303941464221021e+00 -1.138105067144111970e+00
-1.073624259317928348e-02 -7.287678836257009962e-01 6.822199405708687103e-02
-2.820942666764379991e-01 -5.675724493744807031e-01 8.013418973536819145e-02
-4.567791968198623986e-01 2.798247121167940499e-01 5.280820020441542167e-02
5.627696326560587270e-01 3.906903394858687179e-02 1.125646540147138275e+00
1.828653095335415757e-01 -3.500627811519939070e-01 -3.055438785124366952e-01
-1.348947298251249594e-01 3.222858803752882140e-01 1.895976854773735731e-01
-5.927989916719020869e-01 1.427851595680978691e-01 4.865012145602480576e-02
2.231150896455767751e-01 -8.331255120053139562e-02 -1.426071335197028889e-01
3.937205690998352714e-01 -4.345903399824166402e-01 -2.614199402521131810e-01
4.092890693906821586e-01 -2.659763224705697371e-01 3.861365598714658343e-01
-9.798428737547031780e-03 2.118719241896283578e-01 -1.642659365166235508e-01
3.134355493193521358e-01 -3.528496915430407999e-01 -1.457805074647150478e-01
3.896078515544785792e-01 2.584945283710138875e-01 -1.489383519622101415e-01
3.120155451033797545e-01 -7.049824460582741759e-02 -1.257605863855810746e-01
3.562094096524469622e-01 1.218693174466630239e-02 -2.857432513954366593e-01
2.356259530314423756e-01 -3.465906633030144124e-01 -1.663556502749642674e-01
2.969833666998801178e-02 -4.425863093155951167e-01 -3.640014609069264218e-01
3.045034053874143831e-01 -4.420488498864499904e-01 -3.900885508104997568e-01
-5.483122269793181403e-01 1.882497935100662656e-01 -4.606655411517825149e-02
-6.148134808215530711e-01 1.776798080686188275e-01 9.674628800794068950e-02
-2.810830925995331242e-01 3.311165390632411776e-01 -5.864436382962663341e-01
1.229771635499525700e-01 2.664100001916994143e-01 -3.139672677566366921e-01
-2.136395119853528035e-01 -3.792275740493682434e-01 -1.510606752569996179e-02
2.365237291694044508e-01 1.875651714971334205e-01 -1.354175232691023911e-01
-4.051517596120653847e-04 3.051137322705174681e-01 -7.767616810704254526e-02
-2.966679677038345786e-01 8.580223941787065156e-01 -4.545199567401175256e-01
-3.830598543201678141e-01 -1.133234711694344615e-01 -1.446332084376771021e-02
-1.894023084167480442e-01 -5.023918432877826357e-01 -2.266760100054920624e-01
3.582927511257797404e-01 -1.025244847596506470e-01 2.217149347946387739e-01
-5.468578358454730948e-01 6.701990065450928735e-02 -1.433731995177627561e-01
2.551762235182256089e-01 6.500935866190658829e-02 1.706275189906095446e-01
-1.490939940783128748e+00 5.073725010223699705e+00 -3.091649241597513864e-01
1.701819937781906822e-01 1.906364264067429981e-01 -1.340542790607351653e-01
-4.935362780082525047e-02 -1.787811247275979676e-01 -4.274970266927595741e-01
-1.110150062622445033e-01 -4.023703519533540773e-01 -5.376350543478862765e-01
-2.489232508713683789e-01 4.210819761570130937e-02 -1.531040540013184348e-01
2.832164402612055709e-01 -4.647322214453445538e-02 -2.152686051041254600e-01
3.582692378988430737e-01 -1.707935236977538573e-01 2.504210985259821554e-01
3.808701303160812700e-03 -4.063406952448317400e-01 8.246585990769172980e-02
-3.829403675494905124e-01 1.483682301693015071e-01 -1.521787428441370993e-01
3.807430396366111580e-01 -2.004933933341473129e-01 -1.018020569523108571e-01
3.641340398866926287e-01 -1.977791615461257646e-01 -1.751719112168203252e-01
-6.855777330689929450e-01 1.519398765501693005e-01 -1.251046027009685702e+00
1.155758099121142052e-01 -2.971802308913717994e-01 -3.511765040007312488e-01
-4.499978635701246676e-01 -1.745120751044597351e-01 -2.247031362393721310e-01
-6.687968002063409134e-01 -3.851084462195533131e-01 -5.499783516993848181e-02
-3.111443809501647784e-01 -5.180910955350025437e-01 5.960047481750124776e-02
-1.833162810385170205e-01 1.652530500488759435e-01 -3.965297963155791638e-01
1.188598756077480639e-01 2.306073707648325644e-01 -4.874222860466971285e-01
9.043806432207746049e-02 1.704564940420697228e-01 -9.731058155642763330e-02
-3.790850110437699039e-02 4.041556141671706626e-01 -2.708871352595512150e-01
1.168490493361726418e-01 1.361823748299134107e-01 -9.492335693784240136e-02
1.052231423413934608e-01 2.281406063815166196e-01 -7.400961988083938625e-02
4.064368487747645198e-02 -4.127364888501124929e-01 -9.870655377900473815e-02
3.219627173230947548e-02 -2.486426906362684264e-01 -3.651594450184145746e-01
-6.507188204108762530e-01 -1.035116101703067309e-01 4.867182612745850623e-01
-3.644315617206873581e-01 -2.794422115577913646e-01 8.077905611053215473e-02
2.082952947515716302e-01 -2.586413996118249736e-01 -1.649792740630815213e-01
1.315667526212963845e-01 -8.206664619966179408e-02 -4.874554464958048838e-02
-3.142965047634479481e-01 1.940218674788639908e-01 -1.405729319913686659e-01
-7.887756676800625200e-03 1.911116276059746655e-01 3.496600063966451843e-01
-6.227930901537235414e-02 1.891826088288080798e-01 -1.518582213473994857e-01
-3.347696948249125337e-01 -1.995827910700617158e-01 5.567896214945875499e-01
2.353152269138921171e-01 -4.905445803748759714e-01 -8.758565014579799968e-02
-3.868548494044691255e-01 -8.997830476663631893e-02 -1.130499960102896856e-01
-1.043931368530838677e+00 6.404532857515287114e-01 5.000659275158827466e-01
3.444252613467257973e-01 -1.413034618514657503e-01 -1.708660823109534044e-01
-2.797795509431129091e-01 -1.393225409409042381e-01 -9.256753369253629959e-02
1.585770770987359746e-01 2.871862374892934500e-01 -1.866175180421170143e-01
-1.026484068248370241e+00 4.551169269779283266e-01 4.149257022714284426e-01
2.442678955025839524e-02 -5.014158065297658062e-01 -2.952990504721843545e-01
-2.535333054740415704e-01 2.707389626535780525e-01 -1.289904488620050582e-01
-3.941104464366589760e-02 -2.798767790268334998e-01 -6.335002784439094925e-02
-3.250322493210282548e-01 3.774828346320713846e-01 -7.099204555603105815e-02
-4.936837547806463000e-01 -2.411712957671828181e-02 -1.399185342980775737e-01
-8.465090375835727654e-01 -2.634301446023804352e-02 3.277951515581988828e-01
-3.652514469106619144e-01 5.719741066669763174e-02 -1.122467279706846621e-01
-4.515590860396552775e-01 1.073931308065512874e-01 -2.461737839842433606e-01
1.810716857784658851e-01 -5.083958283443990034e-01 -1.718796793560543046e-01
-1.930509697736814134e-01 -4.907444031894390712e-01 -1.682323947920753848e-01
2.201766020839796834e-01 -3.994346851564340994e-01 -1.501573017499445162e-01
2.129345595251476153e-01 7.604022531832324572e-02 3.664569540985097573e-01
-1.473780494350625525e-01 -4.729407825275186994e-01 -2.733285008951618078e-01
-1.741616677727378659e-01 -1.538964393909091344e-01 -1.147050259158800684e-01
-1.345231286426242512e-01 2.793249097456942942e-01 -4.683394567888732873e-01
1.029958682466702163e-01 -2.264528879731129429e-01 -1.270742951567036261e-01
-2.772842946034352885e-01 -2.073879927971050696e-01 -1.540235825128226654e-01
-2.629558146330036178e-02 -3.941787948702985683e-02 -1.330613760886373009e-01
3.024943519923486424e-01 8.501693603576587766e-02 -7.725704971463734361e-02
-2.079594303554520990e-02 -8.689522074960985554e-02 -1.452464910686070421e-01
3.864416625678633310e-01 3.997778994226793836e-01 1.661242186785623354e-01
1.725111927863235695e-01 2.367672577232532161e-01 -1.965313136745304723e-01
4.718137997154834423e-02 4.136591899306664710e-01 -2.452603951832794393e-01
-2.508050647067261996e-01 -4.182988505449817818e-01 -6.063502248219239110e-01
-3.311794327995657983e-01 -3.122138687924168043e-01 1.017490885817683988e-01
2.153238611203081576e-01 4.040047887202114496e-01 -1.997265991464171886e-01
-1.044295230464648561e-01 3.535628786488269615e-01 -3.791491268462808817e-01
3.759071748723397111e-01 -3.824465793797126034e-01 -4.773403527136660940e-01
2.623855834009184429e-01 1.862681171569061933e-01 -4.582707509520866362e-01
-2.034647893186836698e-01 -1.114002514609919947e+00 -1.231005259147407660e+00
-3.357023172146591516e-01 -8.304818578785175265e-02 -2.291009909578290982e-01
-7.446665101873430892e-01 -3.477432154276721143e-01 -1.082210892276326941e+00
-1.064006006856410336e+00 1.025290552619116724e+00 -6.953601342798586549e-01
-7.682884733837938018e-01 1.310610042996711799e+00 -3.186272980351386730e-01
1.746271071802185382e-01 -3.366390469161055221e-01 -5.762410747191252375e-02
-4.942629833216458102e-01 -2.137166171548489924e-01 -1.316925030812834962e-01
2.235659750653717914e-01 -5.108557266132524033e-01 9.958259845222999784e-02
1.925425936614675454e-02 1.736354274005516285e-01 -3.205865745681256151e-01
-3.059342190060968525e-01 -5.350216668375438189e-01 2.135571024019212172e-01
9.777693417943637832e-02 -3.179926729603216318e-01 -2.151042979417373824e-01
7.828625887692032270e-01 -7.778821383914792387e-01 -8.904424754513664553e-01
-3.739790848135742252e-01 -1.446624307105906226e-01 -1.007416943154572503e-01
-5.269188432070467387e-01 -4.791349037855281712e-02 -6.969247981642096024e-02
2.531530152068859896e-01 -6.152167779475106180e-01 -1.680215842233832024e-01
-1.148750511065814578e-01 -4.335128606674461538e-01 5.227795073570915690e-02
-1.635263036616291799e-01 -2.966778167039818559e-01 -3.582333317158217789e-01
2.475653694149569650e-02 -2.056365894477114320e-01 -1.056498552958607812e-01
7.716098659223407097e-01 5.006871173219682447e-01 -1.210562056515516183e+00
-1.216028982247459173e-01 -5.964411846539671158e-01 -7.731964014334695712e-01
-3.210758661620161103e-01 -2.476886148035638002e-01 -2.353468902210455738e-01
2.406969736106567836e-01 -5.592024380260887106e-01 1.258479059501376174e-01
-1.501105295696470998e-01 4.318544432604088934e-01 -1.390855907852978635e-01
-1.748078949851779029e-01 -4.673972559154925821e-01 -1.339795470223544838e-01
5.913237393839115841e-02 -6.443197939290761234e-01 7.328182733785570946e-02
-4.518430024347799834e-01 1.306719345348118962e-02 -1.495371790419316449e-01
2.574159005829191327e-01 9.206416085182252129e-02 -3.140080314423379648e-02
-4.818326672189597593e-02 -3.456033984623527178e-01 1.386900573151123306e-01
4.793713729857534966e-01 -7.362378661739206187e-01 -1.316011871974865466e+00
-1.926832798264793700e-01 -2.792400610800699345e-01 -1.160619320858724129e-01
-9.992061911824749731e-02 -5.679110413927546119e-01 -8.952437706855731481e-02
1.596652624200444737e-01 -4.224717594149982047e-01 -9.093863730471746232e-02
-1.054763672829627311e-02 3.590105836475415146e-01 1.746226688866557575e-01
5.422264337142200796e-01 -7.188939751168232917e-01 1.064266644665977868e+00
-2.186024729282390611e-01 -6.721406076170505228e-01 -3.646784590425552475e-01
-2.939245737136328973e-01 1.586796746781183876e-01 -1.332470926081256168e-01
4.385136844097315550e-02 -1.928406758244513020e-01 -1.779212103105556886e-01
-4.236718532398212056e-02 2.097956616496912952e-01 -2.142324573688953182e-01
2.158964177067810297e-01 1.065297383515602103e-01 -5.111018699382092745e-01
-1.290389292350050399e-01 -5.930568412768242315e-01 -2.206154591280310995e-01
3.496516292478788479e-01 -2.488970257969578825e-01 -7.447863332357641808e-02
-3.952169454168054097e-01 3.112493258712596411e-01 -8.946747814708623514e-02
-3.922498040669069458e-02 -2.685196155235094473e-01 -1.190801122367294990e-01
-4.030148375710215225e-01 -6.526803215220211563e-02 -4.602270022589310949e-01
-1.156863969841994272e-01 -6.226865478734586734e-01 -7.517114672264617325e-02
-1.616360472176198437e-01 -3.495136092824657759e-01 -5.009207284942274185e-02
-6.181994466746473793e-02 3.828659608671590719e-01 2.100948860547416919e-01
-5.532888519992814474e-02 -6.786071540171441097e-01 -3.328484964598908691e-02
-3.893042176769302420e-01 -4.786551445074690991e-01 -3.186516928751271793e-01
-8.279449140645583904e-01 -1.020130530605608057e-02 4.499144882679526614e-01
2.426949715184961165e-01 -3.296428964731950434e-02 -1.237773855459189387e-01
-7.427643113972585143e-01 1.342625892627722362e-01 -6.917967613546547323e-01
2.322719020231850950e-01 -2.129578645478693577e-01 -1.123325168196717572e+00
-4.112579527258226064e-01 3.814676288241278246e-01 -1.019696295685432325e-01
2.488710243969600999e-01 9.095306767179273111e-02 -6.802583849813637062e-02
-2.893567096769522062e-01 -5.090804971505461518e-01 4.423924691278326334e-03
9.052682104727796109e-01 -6.260013755729689766e-01 -1.130185502711636536e+00
-1.566324652110899107e+00 1.341446468594684749e+00 3.986434790073767331e-03
9.800315216365158844e-02 -2.520675300334899172e-01 -1.865058362257390745e-02
-1.856909324213949211e-03 2.886017701527240908e-01 -6.767652601942041046e-02
-2.364660691192192188e-01 -2.897416805800757666e-01 -1.535741701243075186e-01
-2.624932278459514157e-01 -2.199774669477097266e-01 -1.344077365260172574e-01
-1.165643029495790767e-01 -5.287617101622645865e-01 -6.073420613772942955e-01
2.080037114627593942e-01 -2.464160701187584346e-01 6.523355741366045069e-02
-2.209161340517737729e-02 -4.991787525621974031e-01 5.102403580771677771e-02
-2.419053490370920156e-01 1.486098355848828600e-01 -1.263311522724368530e-01
-2.863389924958338328e-01 1.970929345485571693e-01 1.890099555645188140e-02
-9.199790028790071680e-04 2.038197145800727250e-01 -1.212211618070145880e+00
2.998947772140453938e-01 -2.628721950619540282e-01 -1.937152491673678756e-01
-4.383174173181446642e-01 -2.612069279909004157e-02 -1.631593686304325108e-02
2.531726942625335264e-01 1.379378405044266176e-01 -9.544230799674024990e-02
-8.156751701595131854e-01 1.057897634031507439e-01 -4.360222712583369242e-01
-5.104752473569033888e-02 1.966301918627066658e-01 -1.817569503808737497e-01
7.317926931728507833e-02 7.115546298382511292e-01 -2.842880690710299363e-01
-3.870088764771322798e-01 -2.745046962260707657e-01 -4.869607404745407986e-01
6.427474814088257604e-01 -9.833783642029383376e-01 -8.704380391034124420e-01
1.585929214820463728e-01 -3.986222039339775564e-02 1.048772608971771242e-01
-4.071834627258885120e-01 -1.169940032290701426e+00 -1.164393474104256310e+00
2.565130841619274182e-01 1.558248197642155275e-01 -1.140064362312344370e-01
-5.581843262373302472e-02 -5.187417690851069407e-01 -4.676814832883748885e-01
1.210729347898891889e-01 2.520378729075207214e-01 -1.759847836907694474e-01
-5.887891596207592837e-01 -2.908510006500395276e-02 1.058727494994019802e-01
-3.704498253697472987e-01 1.386218789977579358e-01 -2.671383227603547073e-01
-3.174196123611692233e-01 -2.386928270596196111e-01 -1.796403461838290971e-01
-3.091446124385088257e-01 -1.369193323254298822e-01 -8.252117085035935717e-02
2.359119205505163797e-01 -2.378791671116194106e-01 5.220439499527890909e-02
-9.955733731239521100e-01 7.473626637718272514e-01 -9.893274493382925305e-01
-9.855344117120742320e-01 -7.111004670327409904e-01 -1.005816625402097264e+00
1.625241080650657310e-01 1.999548264359712613e-01 -1.156596847979344256e-01
-4.366152324806009122e-01 8.252038586783319585e-02 -8.941918871584447759e-02
9.320552554583212690e-02 -2.964180470320271765e-01 9.194250542696318085e-02
-2.520187135792788524e-01 -4.763004548113585201e-01 -1.503497338875870448e-01
-1.461305621895681028e-01 -1.657646271373307556e-01 -1.900874756508091623e-01
-6.972380496243296699e-02 -5.464545804037400645e-01 -4.702982718478205815e-01
-2.517732405200532320e-01 -3.814086544174500881e-01 -3.111141152125793119e-01
2.579243007968327062e-01 -3.176148720052288654e-01 2.721892003263344795e-01
1.946508977884472968e-01 -4.401469763980842553e-01 -1.241729093411866464e-01
2.071506112596140370e-01 -5.729133001688130333e-01 1.705101732628417355e-01
-9.418724819744298538e-01 -9.830145239263028689e-02 3.107264007962380614e-02
-1.462127547549543216e-01 -7.150962281070032400e-01 -1.817533828434892383e-03
1.240605467081818819e-01 1.650347369505170830e-02 -1.610954416346365992e-01
2.001654843978385723e-01 1.072910400626569255e-01 -4.489596133801476707e-01
1.530203516138712583e-01 2.751290319958318298e-01 -1.127741407079233982e+00
1.690521311424305340e-01 2.432410902658270480e-01 -1.766754490080203188e-01
8.025856582554083407e-02 4.107795190754860992e-01 -1.016372335301604313e+00
-1.507151386367135415e-01 8.208352646339663050e-02 -7.136364055025214148e-02
4.065688278889553753e-01 6.741151458167919663e-02 -8.654247005813305027e-02
2.338175162805918861e-01 1.208814550852748831e-01 -2.975055203204106657e-01
3.259770655259540129e-01 -3.957432205499551436e-01 -8.941747073000842760e-02
2.713508504191137760e-01 1.246590824153152310e-01 -1.115909729738839701e-01
-9.025344660935676888e-01 7.032547602815956145e-01 -1.099517483744453683e+00
1.469021536374670034e-01 -2.106101291146227628e-01 9.531164362286151381e-02
-2.999024706365215898e-01 3.430003439765193229e-02 -1.384464706905124687e-01
2.068054662434322399e-01 -4.229017133768205872e-01 3.664377347243874539e-01
-1.655341523793905922e-02 2.013460027279880549e-01 -2.717590071552835607e-01
-1.906803808016807253e-02 -3.560277454119663565e-01 4.804157341212292667e-03
3.243515220802563603e-01 -2.695284020626336208e-01 -7.232289837438499180e-02
3.394862093800721792e-01 -1.061911026465737345e-01 3.017662428862588619e-01
-1.442802730244711618e-01 -3.785444351811400598e-01 -2.076806847799738676e-01
1.147840090717331535e-02 1.769628886972384185e-01 -1.545813541409433445e-01
2.824402415779563857e-01 -3.482509748482025547e-01 -5.079952035727312021e-01
2.765036747117551319e-01 -6.509927322746519168e-03 -5.847101639319671751e-01
-3.222622072492622447e-01 3.622822003165998006e-01 -7.017521123660347415e-02
-4.454659153132702887e-01 -2.837263317472272020e-02 1.538586721522536976e-02
1.012259988867034444e-01 2.880078626801280128e-01 8.986891892832475637e-02
3.624458195722296550e-01 -3.660390114447925614e-01 -4.131360901591992763e-01
2.370218497926840917e-01 7.275758792043736378e-02 1.733977554790532283e-01
2.275413849536575550e-01 -1.111960291480720731e+00 -5.307459223648365310e-01
4.047065002334415684e-01 -3.093286488112119703e-01 -7.858228850925716436e-02
1.168205890938403685e-01 -5.678208884909032861e-01 -2.736489537609619882e-01
-5.612986720228206883e-01 3.548689365677261121e-01 -1.366856199316289544e+00
-1.920992158509086667e-01 -3.055442638567743563e-01 -1.409387446561973789e-01
2.424297870941086452e-01 -4.450973133265733739e-01 -1.075800375043654000e-01
2.974635028169454465e-01 -3.724422796635773469e-02 -2.607908562836039890e-01
-4.140644310847563236e-01 1.668195977514259909e-01 -2.013675862994320498e-01
2.197846179288653889e-01 5.607515751698698148e-02 -3.365439581265300961e-01
-3.294059504687257833e-01 -1.016523053245651093e-01 -4.097618601283437023e-01
3.028239732850630528e-01 -4.012066176075128054e-01 3.299995927942209889e-02
-7.031692366465873423e-02 2.640586390230182379e-01 -1.553224435592242547e-01
-2.757837185216461262e-01 -2.497741027386227164e-01 -5.738224353540322814e-02
4.112328941333003030e-02 3.157316139230562091e-01 -3.438550558887106812e-01
-5.479916325327729432e-01 -2.658993881192178027e-02 1.638860366391998169e-01
2.602955046529373817e-01 8.471706432947202770e-02 -5.424317580906983238e-01
-2.278748185774515655e-01 1.105294188720802095e+00 -9.790984104620360506e-01
3.385016402686977788e-01 -3.260088774869273481e-02 1.678859345983626794e-01
-1.811100354530626733e-01 -2.679801141648265883e-01 -1.102160700303732865e-01
1.739948690614034621e-01 6.967661745109853255e-01 -9.650347329147694886e-01
-3.153097336749220991e-01 -4.064044302777702899e-01 -2.820575048100475435e-01
-3.472365644901917459e-01 2.394470141453599460e-02 -1.099848139258385038e-01
8.629566579758682354e-02 -2.375123121947170513e-01 -1.150292096729282065e-01
-4.644604895625771834e-01 1.313487198545136292e-01 5.750799423342485561e-02
-2.645407367540269367e-02 -2.349577155394287353e-01 -4.007598973973300893e-01
-3.218046489395001014e-02 -3.509951949648557057e-01 1.524750445107050378e-01
-1.873028434524675878e-01 -2.404576906677172166e-01 -7.565471052933769869e-02
-3.416547680990965064e-01 3.207314832159734175e-02 -4.406820939955727323e-01
-2.949300019104810766e-01 5.002801838672776141e-02 -1.569077798808863611e-01
2.090462394487650477e-01 1.701993862220085307e-01 -1.902780536487048979e-01
3.692588278838317972e-01 -1.063430693788686293e-01 -1.683312920567720805e-01
3.160399757532630916e-01 -2.879742505546603604e-01 1.636934914627302673e-02
-3.201444189547671404e-01 -6.059385979765343766e-01 8.394369514769794982e-02
-1.173664069971068341e-01 2.647986934964699501e-01 -2.748431725569283612e-01
8.452539462779469492e-02 5.573663814480051687e-02 -1.266881919386067534e-01
-6.566581438567688223e-02 -8.349987747235571023e-01 -4.949046410718906941e-01
2.354198054813600172e-01 -2.496053997259889967e-01 3.290652563830100824e-02
7.865046519208459541e-01 -5.917124695729104600e-01 -1.157605202414581980e+00
-4.649279626551939826e-01 -4.895458676798061792e-01 -8.613804479051316576e-02
-5.325942810858423915e-01 8.241342379971086651e-02 -4.065510811298129190e-01
4.561154748529143710e-01 -3.534064950012261175e-01 9.649158032896189008e-01
1.003849351497318743e-01 -6.534864077739107602e-01 -1.231570889244320427e-02
1.130696745875431203e-01 1.932092390581896246e-01 -1.650625744356073454e-01
-2.448630946171621303e-01 1.245595490343284206e+00 6.110895392203613552e-01
4.448278438357020775e-02 -3.784334701816676194e-01 -1.390601320550378106e-01
-1.510891217392802514e-02 -6.256655240788556727e-01 4.852796236713418504e-02
6.606726120458992872e-03 -4.435863418821633375e-01 -1.102610969666376201e-01
6.722217521068791779e-01 3.888097929621421867e-01 1.080603964445097764e+00
3.503902398603017110e-01 -8.956042326563397327e-02 -2.833939404501539250e-01
2.595890447599967787e-01 -4.733071432318428640e-01 -2.490619714473710222e-01
-4.716270380304870002e-01 -1.151289685175326538e-01 -2.024337095522502350e-01
1.406714819406945927e-01 1.227966838658238469e-01 -2.985677851994035237e-01
5.885347849420213134e-02 2.038650789704560262e-01 3.666320084497518006e-02
-1.990580608808030505e-01 -3.845628844198843432e-01 -3.217596189982475652e-01
-6.247993256957085073e-01 -3.878556430853310477e-01 -6.677417198443618140e-01
-3.510769446017671491e+00 1.617347874246502837e+00 9.802534769534720915e-02
-5.736624365212733556e-01 -8.006226371973369782e-02 -2.461363712098550427e-01
2.098168025887360844e-01 3.818629946595420432e-01 -2.965066178995155455e-01
-1.400829824344059504e-01 1.910016458120362137e-01 -8.156696969244094098e-02
3.281215814508983142e-01 -2.672362656579021500e-01 -7.604785031993287203e-02
-4.094319065976435024e-01 -5.101679277116902833e-01 -1.700761828462641068e-01
2.827166606135509408e-01 -1.074614837572011705e+00 -8.081220206726686950e-01
-5.575368212911242516e-01 -6.077340236084051439e-02 -1.916308334047737982e-01
6.952933245206907586e-02 1.586848882231465044e-02 -1.548158543060031145e-01
-1.953382044922315486e-01 3.168034672244413597e-01 1.060568060391857831e-01
1.062661107282390077e-01 -4.881778141018438544e-01 -2.876939674366720823e-01
4.153162186392008737e-01 1.459345900448736910e-01 -1.847151839899298931e-01
-3.358487177504224652e-01 -2.498889509719743052e-01 -1.954441318156640850e-01
-3.350187888830606364e-01 -3.740675658364586709e-01 -2.244070003503828570e-01
-2.521168524918840359e-01 -2.124578931411587601e-01 -1.197536547332751916e-01
5.669191352794247241e-01 2.747096671488645780e-01 -1.016215642463638824e+00
7.627374616703630483e-01 2.391655892741087752e-01 4.498810111478126483e-01
1.307044347989613498e-01 -3.529977968788604592e-01 -3.150079465482646945e-01
-6.523892417358169160e-01 -5.181712773528958094e-01 1.010498158027445692e+00
-1.061940495370062715e-01 -1.779244121695780778e-01 -1.881280470809191530e-01
-2.392887021882702525e-01 -2.589166125683024511e-01 -7.852802444480797006e-02
-1.782604816597328501e-01 -1.054523090358002180e-01 -1.841766181902659560e-01
8.237223172936872784e-01 5.238785953739699686e-01 9.207645922235312419e-01
-5.222917768014422313e-01 2.310225601463301425e-04 -1.908731781561006854e-02
3.019199927601191047e-01 5.157490596721188147e-01 4.360085585951947174e-01
6.241048597339942106e-01 -8.562996665713340505e-01 -1.228362462130884625e+00
-5.800439215729142894e-01 -1.057579665078934167e-01 -2.044527482978864830e-01
-2.923246206612579168e-01 -3.514277378725063627e-01 -9.946924906428489255e-02
-3.324654380051870195e-01 -3.636836777574253277e-01 -1.570133037819429478e-01
-2.843563663689314125e-01 2.936937327584672464e-02 1.937562733190511741e-02
-1.960181631232375821e-02 2.823044142725093519e-01 2.768731328047426832e-01
-9.844645162223342183e-02 7.487522302164631438e-02 -3.043806135630351961e-01
3.391458576196395014e-01 -1.650162208616525461e-01 -2.925925557697489632e-01
-6.158848193013977124e-01 4.175149254051955250e-01 1.101522269561704181e+00
-2.574547204075385287e-01 -2.543488887537466159e-01 -8.906763640298175078e-02
-2.197157520388549889e-01 -4.276058509388998008e-01 3.672873412474946808e-01
-1.070383343639134788e+00 -2.450696110902843006e-01 -4.511757845809825085e-01
1.931850358303840443e-01 -5.719690956971755780e-01 -1.855332197438505915e-01
-1.614840834191737240e-02 1.610832464188153290e-01 1.141765964103337444e-01
-5.370693618800982394e-01 -4.190819467629252615e-01 -1.996323118351214232e-01
-9.105710853201803845e-02 1.976463403132636132e-01 3.685155902341556017e-02
-5.637024154847590784e-01 -7.687981197788679166e-02 -2.415431977271507713e-01
-5.230867397919658490e-01 4.335092597485997595e-02 -2.601906890639405501e-01
-9.463991234222400573e-02 2.968249185253239442e-01 9.541304129636142550e-03
2.930246289770051769e-03 1.058179283104758034e-01 -3.176833655758454777e-01
1.004752256223960361e+00 9.306162686248915794e-02 -9.729953430674643799e-01
1.561183396914671284e-01 8.263734042169992300e-01 4.613819218912447728e-01
-1.626147721439129556e-01 -5.026358887466277903e-01 -5.532733621472261942e-02
-1.821559930368259195e-01 -4.569163341492464836e-01 -6.431188647560092120e-01
1.669994694944403613e-01 5.434090427392312267e-02 2.860799099245031063e-01
-4.788725846337314462e-01 5.517673205331484476e-02 1.502995765788751048e-01
3.205232615257260775e-01 -2.042686804526366862e-01 -5.717022652818799511e-01
1.988504430631687359e-01 2.244972892251931862e-01 -1.401132808862273205e-01
-7.640798003712084840e-02 -1.096793411738536811e-01 -1.569510479794125890e-01
1.295448881267253216e-01 1.968310699706843914e-01 -7.451764834538424087e-02
-4.821818444972509887e-01 6.684075481418115527e-02 -2.380730500820726903e-01
-2.152864430363672643e-02 -2.858849077997152044e-01 -3.870896467573204935e-01
-3.945626258456563229e-01 -4.728898011151274616e-01 -1.396604181421007840e-01
2.308242484281380624e-01 -3.061540965536670988e-01 3.612244070218983971e-01
-4.516689237003547186e-01 5.620786100503408211e-02 1.716886411316846106e-01
2.370736355435777432e-01 -4.119995293257734947e-01 -4.441136691322489227e-01
4.896516177256246549e-02 -5.959534175040289566e-02 -1.635274494012358693e-01
-5.012057589640950273e-01 3.167506846676090837e-02 -2.076919089392488260e-01
3.196834613061449448e-01 -3.895965851050826600e-01 2.208019690351711584e-01
1.635123502381411742e-01 2.876008333203966538e-01 -2.859514989881970504e-01
-3.643185401019972680e-01 -1.584301838752394942e-01 -7.777552660526133865e-02
-3.179176402383265820e-01 -4.842112361133005249e-01 -1.030190294233012255e-01
1.638224241078229670e-01 -6.727287627585868401e-01 8.647701806531866708e-01
4.064390102733176913e-01 -1.404522803051187485e-01 -1.251028984757581453e-01
-4.905697226186244708e-01 8.831388076303706147e-02 -1.814332528692804425e-01
2.562162205979232610e-01 6.954741559035466925e-02 -3.019688439416449710e-01
2.257722411512046445e-01 -5.760995621536281197e-01 -1.215178566720657438e-01
4.692152280885549670e-02 -4.679570981622886983e-01 -3.208877024734079209e-01
-1.341444338916422674e-01 -5.849265822642217838e-01 2.097074985828827065e-01
3.878261500725564970e-01 -1.406099052063171373e-01 -3.514610534450118284e-01
2.921634624133970237e-01 -2.412722646865175791e-01 -3.374032786440714360e-02
3.513903571184565644e-01 -6.848742645287076991e-01 9.569537925971653980e-01
-1.596661667712434562e-01 2.587252885590959339e-01 -2.497253094174630150e-01
-4.012827153170724914e-01 -3.651467588249255880e-01 2.090232765475766863e-01
6.505660395627724801e-01 -3.690196139353337790e-01 7.194712847919855214e-01
-1.133781318239382163e-01 -9.182421053214906426e-01 1.086817368570147879e+00
-5.466617713284815938e-01 5.399773028215922727e-02 5.132063420101230788e-02
-2.562444816211826848e-01 3.457891397000949496e-01 -1.166263338233525682e+00
1.214217035403893363e-01 -2.015979501353404590e-01 -1.670701339607814362e-01
2.255254330276117852e-02 -5.388804967340916630e-01 -1.703088584982483944e-01
-3.437060200739716631e-01 1.909899397093100804e-01 -2.283767050380434149e-01
-3.301044814735729083e-02 2.627452147771983659e-01 -1.880897394350477259e-01
-1.880774455831942804e-01 6.647917603289565935e-02 -1.836470821149793486e-01
3.563339840339855846e-01 -2.519592505559037354e-01 -1.756166548265664373e-01
-2.512044938826080154e-01 -5.505129366349872377e-01 4.358676075079867540e-02
-2.211726340321785306e-02 2.153062623659937058e-01 1.913647941930475271e-01
-4.759293878433570879e-01 3.131209963981950728e-01 -3.431473567631747046e-01
1.071816041472504893e-01 4.289435009655472308e-01 -3.047793008287314476e-01
-2.467013494573412069e-01 2.323668187273980890e-01 6.598288017534804928e-02
-1.496254075712273590e-01 1.074333375638734239e-01 -1.526424341701171361e-01
4.021579236972062932e-02 -6.384408622534831768e-01 -2.613626706684665235e-01
-1.522719908512218667e-01 3.008121847800336868e-01 -1.037860981689101569e-01
-5.135299591262914021e-01 -6.704601561161098455e-02 -5.391844710039301464e-02
-8.846823793772583266e-02 -4.456265562861008722e-01 -3.461474448307649832e-02
-3.397042624313995618e-01 -4.092793686128793351e-01 4.135440807947492470e-01
3.314383217911953117e-01 -3.786478218869735457e-01 -4.875131971414806697e-01
1.699707496769342074e-01 -5.406618351402692202e-01 -1.251948406247995749e-01
2.302355490051230524e-01 4.528441991612578571e-02 -9.424035618031370576e-02
-1.245065055360774706e-02 -3.242870904776039565e-01 4.084857020326291277e-01
-4.600062735857238794e-01 5.627622372473325973e-02 -6.569510448402836322e-02
4.688430872319130499e-02 8.692785918372435139e-02 1.025971274872767569e-01
-3.720325536488698348e-01 1.683684495548244120e-01 -1.754932544183006038e-01
3.348374284810585189e-01 -1.135406522196619472e-01 -1.690377186518823849e-01
-1.911709052513334284e-01 -4.737562127024823599e-01 -5.945214460974909687e-02
3.245262298683552760e-01 -4.671885224368681477e-01 -1.118404395078384100e-01
-1.414620031114783016e-01 3.875180353365678676e-01 -1.149207439621683813e+00
-8.648551627791771501e-02 2.860335422108054582e-01 -4.828043798767822636e-01
-2.638162124900296779e-01 3.008897789855107252e-01 -1.256530520756857783e-01
-1.391624744531017033e-01 -6.161713736745061398e-01 -2.861396096422572644e-01
-1.608467773665102629e-01 1.008305120497724472e-01 -3.973522533937008938e-01
1.811716534902955700e-01 -4.705357869056407405e-01 -4.568744530188847269e-02
1.520281607469589624e-01 -4.964276986325659169e-01 1.788846529806593089e-01
-4.347900003100372834e-01 7.753914143910670131e-02 -1.140730864298428321e-01
3.269429771552159192e-01 -7.686967210727961575e-02 -2.125071605752948123e-01
1.352810955350700062e-01 -5.760019237774387513e-01 -1.032915912036557748e-01
-6.110793301004933120e-01 -1.123538292496382984e-01 -2.351196942869772100e-01
-4.865896202507737911e-01 -8.136179030310573823e-02 -2.050855083546541668e-01
-2.199089703937219531e-02 -5.889333827328002702e-01 1.441359949711338573e-01
3.269441660892413726e-01 1.681313273875659209e-01 -1.215858861522563922e-01
8.272898161009172302e-01 -2.421276927015615366e-01 -1.757176123429847470e-01
4.722509072223445514e+00 -2.554132173477788648e+00 8.908644216163974505e-02
-3.617093740774949828e-01 8.838361586653287194e-02 -1.587671337910583069e-01
1.774210612943727394e-01 2.421447588344746438e-01 -1.799567305919517468e-01
-3.175958842644545366e-02 1.970499262283459674e-01 -2.424395123088355086e-01
-2.100007011382538646e-01 4.405588234801597336e-01 -1.134927785604722406e-01
3.312679100717730307e-01 -4.397710333398620330e-03 -2.469313528994030726e-01
-2.222533726908860474e-01 1.252656007862932297e-01 -9.640577078629428143e-02
-2.540977816718416604e-01 2.619390767190802813e-02 -9.797493180356206532e-02
3.848110405826498659e-01 -9.810389311773126675e-02 -1.149673406578356066e-01
1.098450385687513187e+00 -6.511386540350064256e-03 6.226394884163067855e-01
6.624038012512425411e-01 4.390365345822084264e-01 -1.332893395285983607e+00
3.784135010963246004e-01 5.722544234125767071e-01 1.097292125522007389e+00
9.745217267628060176e-01 -2.498971211666217718e-01 8.584348867413712503e-01
-3.879077669726249677e-01 -1.725089890305115947e-01 8.395220500855875567e-01
-3.796275013209481353e-01 -6.225855383235383289e-02 -2.816985413608479871e-01
-4.624919982007139607e-01 3.288420647338015368e-02 1.489493726574692700e-01
-3.284691523282567416e-01 1.716894695065225018e-01 -1.371319032416301043e-01
5.257017086866206945e-01 -5.992483234808883980e-02 -2.777626158704993298e-01
-4.883710622357691211e-02 -1.261005387837198788e-01 -1.705945380005345346e-01
-4.485104476957520458e-01 4.959093450651276824e-01 1.062209536629169282e+00
1.569745645926738653e-02 -5.499432900368530358e-02 -2.113717575757475819e-01
2.261797971977568544e-01 -2.427668881530903322e-01 6.214483842724138896e-02
-1.033475389509102282e-01 4.871139447073292716e-01 5.571498341396048382e-01
-5.317852988056545049e-01 -5.276667881836748925e-02 -6.441350723300336145e-02
-5.383464490799063640e-01 -1.120564693177315441e+00 -9.827031852388400379e-01
3.873901229053379192e-01 -1.350471614033429135e-01 2.070365729749941985e-01
1.815194669417129480e-01 2.406045254100629971e-01 -1.082255766880119430e-01
-2.305503618417810152e-01 -5.999155455692527505e-01 -7.806391800605261277e-02
6.983259475909102398e-02 -3.994275852128986726e-01 -8.898009532633843408e-03
-1.898966029616830364e-02 -4.417728758904223563e-01 -9.525245289336128907e-02
1.989321547752062602e-01 4.306416467319992836e-01 -1.714720885302485343e-01
-4.345821868418914269e-01 5.861596455756561824e-02 -5.769537111835756349e-01
5.719242888791530033e-02 1.597840073820940843e-01 -4.470051482726534187e-01
2.175921994669016701e-01 -5.344772702361116901e-01 -5.489100096280866842e-02
-1.213310477351285055e+00 7.393794521532245367e-01 9.439477461597851893e-02
3.096899337529956941e-01 7.243442804789027023e-02 -3.073044857963713739e-02
2.871922331886641033e-01 2.528259910922822651e-01 -2.752597374460667989e-01
-1.112879051476491354e-01 -1.276056942435222219e-01 -4.479103348306625459e-02
3.391985542990922503e-02 2.630414014848620474e-01 -4.197624905509438065e-02
-3.180300914966892600e-01 -1.839179782025756882e-01 -3.391344418675584782e-01
1.529432748854874236e-01 -5.448773653880221168e-01 -2.008029571805400315e-02
1.118182079615740732e-01 -7.503529964623171233e-01 -1.082264428917310228e+00
3.369040565873244741e-01 1.535355208005375893e-01 -4.043598810459684278e-01
9.868402173176051007e-02 1.929246167991111871e-01 -1.925880569604711545e-01
3.252023614526201034e-01 -3.369956128601346579e-02 -1.097539018458945359e-01
3.174623320778316438e-01 3.693576920195515770e-03 -1.886569651664716518e-01
1.228207985820904541e-01 1.637345479388625236e-01 2.185124781153908735e-01
-7.340527883105005813e-01 -4.852589695765223698e-01 -6.982517618446949514e-01
1.327879847381950584e-01 -3.739523543253104876e-01 -2.691838134145168593e-01
-1.909861431376791152e-01 -1.063205698358251489e-02 -7.018822826885122435e-02
2.711526773577216387e-01 5.822405787094347973e-02 2.474742392106079047e-01
-4.553618811054450238e-02 3.102819110730300478e-01 -2.208437718855322807e-01
-2.638394066973749966e-03 -3.568352759341369418e-01 -1.682776607443703110e-01
2.160623993766875445e-02 9.882466551538826582e-01 7.355959675938539277e-01
-1.034747279165700029e-02 -3.610989397999854744e-01 -1.674143175070874900e-01
1.668467357450413857e-01 -4.913731216252934658e-02 -8.686793227159049502e-02
-2.464172944591142556e-01 -2.003794722151031882e-01 -5.654292813051046973e-02
2.468227238523151568e-01 -4.488162638188867293e-01 -6.275274533588934278e-02
-2.122712270383711117e-02 -4.336131820038253148e-01 -1.326932028650808781e-01
9.698281406939703031e-02 1.668395243538391415e-01 -1.205106349677778771e-01
-4.378473641233932012e-01 1.491294220832798945e-01 -2.047399605401278577e-01
-4.594167283514374867e-01 4.610802773440580982e-02 -8.129878356086785995e-01
6.964334304848744661e-02 -3.367253550137218054e-01 7.753963968762052072e-01
1.086686294625492238e-01 -5.277693847019986340e-01 1.023817787498694232e+00
6.804690601301318642e-01 1.158957779243031533e-01 -1.027549210771079968e+00
-1.059201592261869607e+00 5.672606120099117355e-01 -8.075742417457890676e-01
-1.442939501140500236e-01 -7.372915369162998944e-01 -4.588408924268667227e-02
2.658655256508193898e-01 -1.284197175423033854e-01 -6.388109674788113868e-01
2.351806693418916072e-01 -1.442907376157333832e-01 -6.961138463045465352e-01
-3.475998811978485703e-01 -6.094018000070798857e-01 -5.704781707927552431e-02
-4.241375353168135715e-02 2.807307501633967139e-01 -1.960309914011442167e-01
-1.069450120766590517e+00 6.371865430633801841e-01 -8.016182615555752511e-01
-3.588481324966563690e-01 -2.017916773741624814e-01 2.185210793684445527e-02
-3.330980005774624164e-01 -2.927451097718350992e-01 8.462878984473877486e-02
-1.189135726839920387e-01 1.959602656208856986e-01 -2.793301717878260981e-01
1.373105835768181904e-01 8.535213689751727228e-01 1.001118977601666238e+00
2.232666480311886470e-01 -6.829716892166257103e-02 -3.304349512672466460e-01
-2.598529502456119467e-01 2.561304299997952394e-01 -5.052100466123434774e-01
1.004034861233270126e+00 2.631122713500184951e-02 -1.139976298730333681e+00
-5.587939790057179223e-01 -3.452592268886904847e-01 -1.320542250630513115e-01
-1.635502267996130077e-01 -4.508946312021467895e-01 4.737871422713287040e-02
3.654984101979769640e-01 -3.843756589178630168e-01 -1.803443769743875436e-01
-3.152519340011535054e-02 -7.475659207292266739e-01 -1.898470633557599596e-01
-4.905989741666036963e-01 -2.962264780076521997e-02 -1.667677892757316871e-01
-3.917311161036137745e-01 3.432655525733115387e-01 -1.284787052475213909e-01
-1.083252169640136264e+00 4.043197602167580840e-01 -1.088033818328907998e+00
2.047624488120195207e-01 -2.538919568644631419e-01 -1.963449009547711399e-01
-4.990770169783711324e-02 -4.869487018716152082e-01 -1.674952555853070069e-01
-1.465048013496323964e-01 -4.596324061749494372e-01 -3.187188731525476826e-02
-7.065033503281935301e-02 -2.469355297390247450e-01 -3.988165956384057131e-02
-1.733974575176288613e-01 -1.627193998626608185e-01 -8.045113912916826426e-02
1.037747028701148322e+00 1.833052713466489236e-01 7.736583982694521522e-01
-8.695042688977924206e-01 -6.342227818440289155e-01 8.795195447140351508e-01
-2.420549593480870315e-02 1.503387435916742898e-01 6.290368497498990963e-02
2.006741102995743264e-01 -2.236428931412818844e-01 -6.974440420255608244e-03
3.307384303236652334e-01 -1.903123415514649808e-01 -4.304407232082445300e-02
-5.471006269335514371e-01 1.936220600755447496e-01 -4.170251701537005529e-01
2.641404935222811390e-01 -4.229387930765334813e-01 -7.317133192019953380e-02
3.424110892082403157e-01 -9.213289348242528765e-02 -2.236876247670868678e-01
-3.605067283177668374e-03 4.017224167122687151e-01 -3.003954820055242947e-01
4.194775234391387442e-02 -6.029574601770305575e-01 -6.927929279110256466e-02
7.969823076268471584e-03 -3.518696597422141803e-01 -2.847235460946399010e-01
2.201773103151230190e-02 1.894529691783509995e-01 8.308699349505827003e-02
-1.908759880439370726e-01 -2.457390966589271530e-01 -8.297929713964892484e-02
-1.622283322775743830e-01 -5.705413096206228829e-01 6.393388175960477982e-02
-8.514519037182183281e-01 -2.099246427519429470e-01 -1.230912113184133405e+00
-1.765974183320019320e-01 3.092403446904514741e-01 -7.356599374313609052e-02
-2.217059335823746424e-01 -1.956026966323895222e-01 -9.699159549124970747e-02
1.728287493622477633e-01 -5.154748128159626352e-01 -4.443927952944610321e-02
-3.428060628926930531e-01 -5.439177143591067409e-02 -8.473964109943109280e-02
-2.610652526501200388e-01 1.873995505760961966e-01 -1.402783471698164364e-01
8.950199083819417034e-02 3.553978470429510206e-01 -6.097135812725852366e-01
1.594952438308638908e-03 -4.681588696809029781e-01 -2.341601074128975835e-01
5.252947303980436827e-02 3.482680050120364190e-01 9.974473964928463887e-02
-1.003508447829241368e-01 -2.516266685008516357e-01 -1.749214207265391841e-01
1.308316737001695984e-01 -5.781115999286526863e-01 -3.270683330580601567e-01
-3.058626376611018466e-02 -5.725844272104507748e-01 -2.230769569347147707e-01
1.715075732306906298e-01 -1.710398616093726232e-01 -7.840109878151750866e-01
4.768608996417741941e-01 -3.497110062703768230e-01 -1.438382954208812237e-01
9.765568314979594655e-02 -4.985127728696160387e-01 1.468906917163045334e-01
-8.442990723578729373e-01 -8.457334168492210147e-02 -1.310484612991040132e+00
-3.291136770418940372e-01 -3.863415935533513063e-02 2.543954644041098723e-01
2.135274090847107953e-01 2.013500526195344809e-01 2.115025525225511932e-02
-4.385457751673073612e-01 -2.063594788295036175e-01 -5.095681668319201885e-02
1.281158026433448782e-01 -5.175849844591552673e-03 2.598308417917085528e-02
4.890266513667562265e+00 -2.761760236899989174e+00 -7.117917041970271974e-01
-2.986492350041147215e-01 1.298968264947023832e-01 -3.317187083919720947e-01
-4.084638988837743789e-01 -2.716391386032973587e-01 -2.345594017853368241e-01
2.477305077220202101e-01 1.908565506524485811e-01 -1.398320496053404305e-01
1.648118223336523802e-01 9.875348166715812448e-02 2.383385494387266768e-01
3.628439100544042506e-01 8.562600366933012519e-02 -1.630861782780587410e-01
2.150383921786255259e-01 1.238077659047466528e-01 -9.450853547004982314e-02
-4.879392443879109614e-02 -3.058146797697108149e-02 7.945700332916884323e-02
9.154436182026941260e-02 -5.763624435890500886e-01 -2.027527792304559262e-02
-3.313786541027297639e-01 1.390665710165855593e-02 5.822865753373758224e-01
3.751820501110212924e-01 -9.984153501641644668e-02 1.476794006066360077e-01
-1.527916983891677849e-01 -4.739235805681939473e-01 -2.620015160415817834e-01
-1.073597295523621264e+00 1.798170587448039981e-01 1.587566748405961348e-01
2.819730929736609104e-01 1.678542697628749580e-01 -1.945220928823807593e-01
-5.051624264648757467e-01 -7.715177291949358931e-03 -1.588196003657203481e-01
-1.258352416364177384e-01 -1.818681652643306113e-01 -1.557612304448633134e-01
-7.234071570318996169e-01 -7.609650740714317407e-02 8.950516715510647980e-01
-1.228973585421721665e-01 -6.092754425649966610e-01 -1.118324847050781168e-01
-2.673053199208852426e-01 9.198668671543358544e-02 -3.764977659569896939e-01
-2.768438527054399856e-01 1.097204376339033921e-01 -2.710600934977990262e-01
-4.947514846513800246e-01 2.098309672343273528e-03 2.082936322149620267e-01
-2.686785063230609505e-01 1.204657243246303605e-01 -3.777311124887313132e-01
-1.270218783218389769e-01 3.371870204519150094e-01 -3.187990525836281730e-01
-4.314028331632057678e-01 -2.366474074914801107e-01 -1.412107669445067104e-01
-3.453533129469908980e-01 -1.213174295455634460e-01 -1.281081694688559480e+00
-1.119969868015067149e+00 2.723704655963983257e-01 -9.507808134386057652e-01
1.965218042877576732e-01 -5.389159476660591030e-01 -6.663233790685677005e-02
-3.646897990903088527e-01 9.146923991511143881e-02 -2.531682744751643788e-01
-3.667880903289852390e-01 -2.077582656003327810e-01 -4.019027866416891026e-01
-2.689243955297280775e-01 -2.464671207089506183e-02 -1.692492480792884280e-01
-3.208651537357273820e-01 3.537236931892272507e-01 -4.838209450885869178e-01
5.204612265937562654e-01 -4.217409282242213370e-02 -3.480178777197963369e-02
-4.473785036038835372e-01 -1.394695858083479512e-01 -1.800093735484677715e-01
1.235015731952111319e-02 -4.668912186686484111e-01 1.007164008483400902e-01
8.467041833088049252e-01 4.862403088713246890e-01 9.315427311401083266e-01
4.713868870773739728e-01 4.061277624746711390e-01 8.580381581164755467e-01
-2.260660459072642570e-01 5.238135409651098473e-02 -1.369097395100190295e-01
1.291229176573238102e-01 -3.537839682494516302e-01 -1.467704917475056714e-01
3.031180237532591325e-04 -6.852170028070276864e-01 7.652230458476341757e-02
2.416060351100748904e-02 -4.177824404111705747e-01 8.608233029977481465e-02
-3.798161573626523263e-02 -6.477630316181132164e-01 -1.007347966677830525e-01
1.288343457995206331e-01 -6.062909872288319013e-01 -2.740266304109076345e-01
2.285856420326174143e-01 -2.252686717821118512e-01 -9.816246026107763867e-02
-2.984713723276667396e-01 1.868053839721672826e-01 -1.383055135130926705e-01
-3.311892377648588126e-01 9.651692504662441954e-03 -6.162867239860824187e-01
-4.307938936331754398e-01 -3.076406781312749500e-02 -5.389461093140537895e-02
-5.764953694865423417e-01 -4.265212659799510475e-01 3.381480397636314750e-02
1.197084100806681262e-01 -6.503596110260795315e-02 -1.302106332588156001e-01
-1.844352116080912318e-01 1.576633497697475239e-01 -3.902968892406735169e-01
-4.630405901231742782e-01 1.636366441743613565e-01 -3.219768561132271278e-01
-4.247598468374153002e-01 -2.418804517028464718e-01 -1.754671788939620447e-01
2.804615958510474072e-01 -5.718269957447488228e-01 -2.095156962231368158e-01
2.960224084881986073e-01 1.503391133605609664e-01 5.791924443674859729e-02
4.965059960521990834e-01 -2.461947776806407417e-01 -1.202834063289607153e-01
-4.494484687924795718e-01 4.099786029025043188e-01 -1.394166657774546625e+00
2.100955647772433654e-01 -4.271411611135781383e-01 -1.142471512518025145e-01
-2.640249490628099327e-01 -3.708916111088449985e-01 -1.532594682507261163e-01
5.351884613563840931e-01 3.109175182384848468e-01 -1.414254405826221861e+00
2.078038728853359440e-01 -2.401440043626885679e-01 3.037869375867723321e-01
-2.443760267451411672e-01 -4.642612296234449598e-01 -3.373110151024930059e-01
-3.647166271425541506e-01 -1.268738548022944057e+00 -9.905038316112557695e-01
9.750392501466966996e-03 -4.355591051515645962e-01 -1.333415094156107650e-01
6.100973053549280101e-01 -2.682509877209403593e-01 -2.196382957507244174e-02
1.007194254840203973e+00 1.493342606621174129e-01 -8.921233361132195894e-01
-2.438317002986875592e-01 -5.587252398142258381e-01 -4.375403818699521302e-02
-5.932264036957723974e-01 -5.586050327479179511e-01 1.103451726473258399e+00
2.115700239322490239e-01 2.082409231817533846e-01 3.955263816026770990e-02
5.155992888039142574e-01 -3.272858830815652542e-01 -1.173161408777598780e-01
3.042612398166358867e-01 8.051397991059894288e-02 1.564509693544766100e-01
2.454432980240277284e-01 -4.809322548519029961e-01 -4.227158348523296638e-01
4.947653441484298753e-01 3.492557307617283335e-01 -9.637892062151771633e-01
-4.980467652615998553e-01 2.484429218805060680e-01 -1.086656298860448899e-01
1.783383479658793291e-01 -1.540087180041462556e-01 -2.909628154301233116e-01
-1.313281693046713106e-01 -6.460019548138746792e-01 -3.501159713975585674e-01
5.939133814188873178e-02 -2.961111126134091664e-01 -2.170739287392400158e-02
-2.878836154276350201e-01 1.103516055471129576e-01 3.499117705624203711e-02
1.836191661142210774e-01 1.175620398149250512e-01 -1.938140784963744423e-01
3.739026016936437546e-01 -1.492991233363498947e-02 -1.002239358225467392e-01
-5.174224084440671723e-01 -8.967699706468627852e-02 -1.592886387231484957e-01
-1.734365631092765758e-01 -2.348668787738353025e-01 -4.246013498346652981e-01
1.231806454195954748e-01 -5.827262708007647785e-01 -1.782158474049170410e-02
3.834636063926451510e-01 -1.657397265035033818e-01 2.571911447934076000e-01
-3.419193559134718341e-01 -4.121929517254411257e-01 -1.081133184633091965e-01
-4.728450939387407459e-01 1.530123680005903430e-01 -1.983064758603900746e-01
-2.721430331241073697e-01 -5.942542762325159211e-01 -1.464887958630571307e-01
-2.650070905607670446e-01 -4.765350423851342776e-01 -1.713162198723832130e-01
3.624993338545460242e-01 -2.398419855217422958e-01 -1.057046013129913364e-01
-2.575600016172689410e-01 -2.291134533419330599e-01 -1.552732432260384154e-01
1.846805533420182721e-01 1.449193439575340372e-02 4.777563805085791038e-02
-2.958796146147761874e-01 -4.966383923451831439e-01 -3.480499280692127551e-01
2.432081593697950350e-01 -2.317925884479854759e-01 -3.261680818183250175e-01
1.012713819466795201e-01 -3.987574994462262934e-01 -1.103584393600879066e-01
-2.943641089970550628e-01 -2.464573526085513666e-01 -1.084877831756232425e-01
1.588848781090731188e-01 -1.198147057877333665e+00 -8.971358807448510664e-01
-2.121900791635790706e-01 -4.169789811114572170e-02 -5.752156647373734416e-02
1.007871987422116478e-01 -6.003724729606616517e-01 -2.906547818020178697e-01
7.189932733336336368e-02 2.880164059906387686e-01 -5.118089010822247237e-02
-8.049180731499159386e-03 9.492758307905636850e-02 -4.192622910708443396e-01
2.443317675966669433e-01 2.843046001288987989e-01 -1.052935937070100109e-01
2.596932996336089872e-01 5.078494902634992508e-02 -1.340080552884603537e-01
6.565526593203431516e-02 1.750824326702192790e-01 -2.170254324195714790e-01
2.535852026439484597e-01 -2.898304922592900845e-01 -2.212311580577104864e-01
-5.129567223098056017e-01 -4.046929196054881439e-01 -2.001950455749527680e-01
3.051180270267951355e-01 -3.216735102665301826e-01 -4.443538380126189208e-02
-1.072970862173630927e-02 -5.439773537309200435e-01 -4.919623347779467082e-02
2.135226522669926297e-01 1.720737892859259058e-02 -1.014121605297932244e-01
-1.314929348899055439e-01 2.096094126863286000e-01 1.265328486694673737e-01
2.287877899670394677e-01 2.175406007694062060e-01 1.711177810016740464e-01
9.893571658201931462e-02 7.167033680216184331e-03 7.401228908763812786e-02
1.288098671167307308e-01 4.325519020169776296e-01 -3.163136622110578333e-01
-4.178164950546914835e-01 -2.976000001041638754e-01 7.645188540531945298e-01
-2.486290070532275742e-01 2.723728070210154062e-01 -1.377373912317486349e-01
6.488755448749594645e-02 -1.406195127145399570e-01 5.163490995459447674e-01
-2.397252112636827359e-01 -4.482366202223744822e-01 -2.624953801112517859e-01
3.387538378519998616e-01 -1.147428253666546161e-01 1.566505432824036870e-01
5.381487922149902348e-02 -3.861691266229060338e-01 -1.349840032797985090e-01
-4.503523326854953768e-02 -1.419832175853580070e-01 -5.256032603521284402e-02
-7.011491204317984449e-01 -4.017674876767646230e-01 -6.210247430465266616e-01
2.880648831305542279e-01 -4.911250947671197964e-01 -4.723727131756820519e-02
-3.038646997439762854e-01 -4.395904540183092069e-01 -1.252491653883341050e+00
-5.193756513902972882e-01 -9.130383942266968589e-01 -8.679163454973635172e-01
-3.150587488434706263e-01 -2.832312135088488336e-01 1.326785508726870955e-01
2.388786971338368592e-01 -9.520455718469622575e-02 -9.234005489246578657e-02
1.936529725006068681e-01 3.984736631050491695e-01 -1.946232570480126989e-01
9.633571362303181562e-01 1.077609844744033402e-01 8.952121564709215606e-01
-2.894546570850650369e+00 -5.421168263680668176e+00 -6.600355811607616641e-01
-2.912695218486518467e-01 -2.643852455352396214e-01 7.672184131353324554e-01
-3.636494474892162376e-01 -5.476718839113419168e-01 -3.400233819052436712e-01
-2.951688677730260335e-01 -4.181653827248476563e-01 -7.817826754195451866e-02
-9.940235594545747400e-02 2.586832818536709544e-01 -4.124229977248971002e-01
-3.410636174016862809e-01 -1.093631598018021261e-01 -1.003551194019894899e-01
-1.980019186008700471e-01 -9.834132541397266891e-02 -3.052845850023853669e-01
1.813544826694081791e-01 1.027133464147018810e-01 4.411481378597180425e-02
4.854628375265156170e-02 5.432334866944205781e-02 2.735026750896852113e-02
1.325904915812795570e-01 -5.575765949491066076e-01 -5.458546812546224286e-02
-3.789455770502047072e-01 -1.366980985717285713e-01 2.360732380944612629e-01
-2.021779139954106574e-01 -2.465187983579649189e-01 -9.501540045423477465e-02
-2.060673788124711137e-01 -5.076228181004595053e-01 -2.336818245413890827e-01
1.705005901137806312e-01 2.912987825987600199e-01 -3.554656333312292693e-01
-1.621442583884660504e-01 -1.938654741131398129e-01 -6.213474156997747522e-02
-2.267970251364077039e-01 -2.676831348621432904e-01 -7.861290789512390131e-02
2.505167166759819652e-01 -2.549665191560016586e-01 -2.102289614411270435e-01
-1.675439570654725097e-01 -2.429219869081857830e-01 -1.274313024265370797e-01
3.973003235792569449e-02 -5.163735827471496176e-01 -2.878861901749792951e-01
-4.119670075841364021e-01 -9.829225976337249149e-01 8.410687084077366205e-01
1.995997019184190258e-01 2.530131142862590554e-02 3.259142258796067226e-01
-4.006158072846232598e-01 -2.586637860041988146e-01 -1.081928463644621224e-01
-2.194538546432100168e-01 3.674698917775042761e-01 -1.382163004445972898e-01
-4.462941578047325830e-01 -2.034345732770509174e-01 -1.375991629447860243e-01
7.445339445475759876e-02 2.056943175849469951e-01 -4.262919324955385947e-02
-2.414429377705530344e-01 2.839384690191020244e-01 -1.460985075370014319e-01
2.426713798059730864e-01 1.641034489456544843e-01 -1.511850974192151809e-01
-7.771982587285050093e-01 1.503107263703379604e-01 -7.016228523779036719e-01
-3.684192021293615227e-01 1.942064751926937116e-01 -1.548828639463047108e-01
8.617756502483021885e-02 -6.395948392516710712e-02 -3.491625970511347266e-01
-4.589817649939341715e-01 -8.433892444218717144e-02 -8.321320964351466842e-02
-1.153990196876808066e-01 3.613338749882235579e-01 -2.020630504529305760e-01
-2.650326585494336418e-02 1.582218633657783424e-01 6.632283707910074932e-01
3.004713487034020303e-01 -3.416793281587891529e-01 -1.343120919273024516e-01
-2.924524995441423192e-01 -5.190805341449443722e-01 1.394824773865295797e-01
2.708534380234805528e-01 -8.221761592852998290e-02 1.446995525741624489e-01
8.486528955113769451e-03 3.276340825246623623e-01 -7.945058246406969116e-02
-5.773495404183631718e-01 -3.279364172827926027e-01 -9.836149574941056850e-02
-3.954536662129624625e-01 -2.529564030836087829e-01 -1.320048255174005869e-01
-2.157878523663119275e-01 2.931997908899755534e-01 -1.036183006235546628e-01
9.212317414326848253e-02 -5.430418868135876431e-02 -1.465341878927322872e-01
-8.189290467243618421e-01 -1.060861215386545431e-01 6.295329431799430164e-01
1.669183013932328263e-01 -2.881618275530710149e-01 -4.884377247016666312e-01
-3.607191949742408754e-01 -5.422745098646413187e-01 -2.875277607771211663e-01
1.817377733712814969e-01 2.603401927055811749e-01 -9.730931455770044924e-02
-4.283647070770678633e-01 -1.510301535435401299e-01 -1.514775370125330256e-01
-1.894841884950953514e-01 -2.844117011262871086e-01 -1.109175865429143648e-01
-5.281538444611104666e-01 -2.628828293437842079e-01 -1.529931362750453772e-01
-7.755431494963163468e-03 -9.250168128274374180e-01 -9.487571596373124416e-01
-3.503256077721590422e-01 3.725863380972319061e-01 -4.060809576442989122e-02
-1.129074218324126050e-01 1.817691527735974255e-01 -6.089829519411315006e-01
-4.057183120238089247e-01 -5.536657488392267013e-01 -2.133426737814742014e-01
-4.529558419008055115e-01 -4.270471995324157111e-01 -9.321417508061230484e-03
-6.199685018038497697e-03 2.925556366937788755e-01 -5.126881304539643303e-01
6.463492450128041078e-01 3.373656318065026416e-01 3.664038919315315002e-01
2.602185184802097151e-01 -4.545467040876100540e-01 -7.061034436917727752e-02
5.619164280345235740e-01 -3.051856478823781194e-01 -1.393160838788204181e+00
-5.016988587011165235e-01 -1.963679211318280701e-02 -1.376733806707216567e-01
-8.705315672255001247e-02 3.215425648820851579e-01 -9.791883157680869587e-02
2.789751062942437132e-01 1.596585861321676569e-01 -2.261124250004707681e-01
-2.203755210501842088e-01 -1.951848949115780329e-01 -1.149345309455499231e-01
2.228846001711486113e-01 1.933821121369732332e-01 3.659115954406777504e-02
-2.476361390938346951e-01 -1.976470410616353868e-01 -1.474905424697139089e-01
-4.271833635722060429e-01 -1.099098084058246216e-01 -5.325106970492623493e-01
-1.413065386160104464e-01 3.077225120994689367e-01 -2.175111107874253824e-01
-1.963616543974207318e-01 -6.560934425530474678e-01 -2.132798413814427640e-01
4.083815115109284966e-01 -1.634374239700145393e-01 -1.380840496690587393e-01
2.698757100980843648e-01 -1.199398261399637067e-01 -3.573427028373680689e-03
-1.106888585848712081e-01 -5.125539566086192433e-01 -2.696728810459075865e-01
-3.200286874310396823e-01 2.393728387958798665e-01 -3.698765819691368084e-01
2.791762897723426562e-01 6.500544831026945636e-02 -1.004907878183043946e-01
-1.024656548141457402e-01 -5.788928088146919615e-01 2.871111394956967280e-03
1.523960288603380397e-01 -3.612224919828789516e-02 -1.232863276840706623e+00
-7.702344589333638414e-01 2.497479343128529705e-01 1.030163323780311169e+00
7.917968411835579756e-02 -5.441506929142730931e-01 -1.027681158392600019e-01
-3.999044402047026159e-01 -6.547034942377332190e-01 -8.646842143556336957e-01
3.014163859372150089e-03 1.504091501544933263e-01 -1.049012634951047018e-01
-8.090419933925829810e-02 1.920876955915524209e-01 -2.284113291894914258e-02
-1.988716510105378033e-01 -3.031262486547954271e-01 -1.350378728914276016e-01
3.284051614693133114e-01 1.062940812803880690e-02 -1.435316842773056711e-01
3.517831753012011231e-01 -1.113806986763020285e-01 -5.848032212376463868e-02
-3.525167381528648280e-01 1.836517233291247164e-01 -4.434687939154006303e-02
-2.392854326092495043e-01 1.850053770694809196e-01 -1.368335370640768323e-01
-2.900225897559141619e-01 3.748190426799658526e-01 -5.715922422961551286e-01
-1.303473027653586080e-01 1.336031485852754164e-01 -1.106863591251451562e-01
1.832648626153597082e-01 9.562251242141708296e-01 9.123058472121761131e-01
-1.507084232606230867e-01 -3.904111776915372145e-01 3.518807251623694010e-01
-4.149923096321070926e-01 6.013815144300565380e-02 -1.014033722170801059e-02
-5.916416646230407417e-02 3.159252525916182441e-01 -2.753795213014270660e-01
3.994039893485467063e-01 2.476717339612534707e-01 -1.279302785978198576e-01
-1.803180850937400811e-02 -3.452544532540627320e-01 -1.364064433037326662e-01
-7.404595220637142372e-01 2.864881567867045287e-01 1.081964275511647200e+00
-1.446208121760011456e-01 1.717868841916343203e-01 -1.009899038927248027e-01
1.498683328910537793e-01 1.122003251577815275e-01 -1.260459191742169804e-01
-2.979377528618448179e-01 -5.393384706759331015e-01 -1.957062907298973697e-01
4.219062101827379396e-01 -1.456056608410584985e-01 -2.154535480414707105e-01
-6.566332640850638946e-02 9.527112568423700134e-01 8.109476551033261149e-01
-3.067967425221013525e-02 -2.233626412027492902e-01 1.375728087590544491e-01
2.210527255737698982e-01 -2.313364248030673198e-01 4.224198990236925355e-01
-2.994344724970445792e-01 2.163618355332639909e-01 -1.131361092768985444e-01
-6.738470258516005007e-02 -1.077948613136753414e-01 -1.081259227320668925e-01
-1.328087033745298587e-02 -2.395475267507823358e-01 -1.679942447617271128e-01
3.940572853812350229e-01 -2.480087375065344601e-01 3.526298351449199675e-01
-8.526098196415541133e-03 2.904552283826526415e-01 -2.711684552968835482e-01
-8.784574909606790438e-02 -2.472968302914708150e-01 -5.310545711576675904e-02
-9.071770463325927736e-01 1.593686020982332252e-02 1.083975342371035627e-01
-4.428879409376841325e-01 -2.418856049916433826e-01 -6.810635407201037772e-02
4.548699673825285505e-01 5.514510368356884129e-01 8.616856261509829862e-01
1.093234786979130624e-01 -6.845482256567686496e-01 4.989219854620656758e-01
3.350312490770512158e-03 -3.462497240362290563e-01 -3.788094376352695858e-01
-4.285359981709504495e-01 4.138202672430524309e-02 -1.379405079399828038e-01
2.107881639730062318e-01 -7.311414875016850057e-02 -3.402991771428340306e-01
4.490935129329584607e-02 -5.436422263819804535e-01 -4.588704489885829796e-01
-3.100379534917048763e-01 2.115942612516195642e-01 1.623800928498575769e-01
-1.733139798622103933e-01 -5.451142911599694552e-01 -1.429572572033991074e-01
-9.393399833919825470e-01 3.065606019447490449e-01 -6.077209406032979544e-01
-2.911066508445379619e-01 -3.230858083572555328e-01 -3.595114498087054744e-01
-1.698909864772794875e-01 -2.042431531348067320e-01 -7.384619733430954069e-02
-1.152822505327917579e-01 -5.044042128027305116e-01 -1.023305875941725729e-01
-4.178537712930422976e-01 -1.157692368339055811e-01 -3.264488568059306095e-01
-1.501470165802482049e-01 1.907211303307478345e-01 -4.562132682987453391e-02
1.291830308935121296e-01 -3.131520482504852043e-01 -2.122659911434268964e-01
-3.395031070761109770e-01 1.753805110271121348e-01 -4.510903277098310959e-01
-1.197222516393743885e-01 -4.471698996046968300e-01 -3.024884681913292961e-01
2.884676081133574765e-01 1.533290834287483195e-01 -3.158974379357095685e-01
-1.285176066075637724e+00 -6.293358368160551386e+00 -7.523885692792182667e-01
8.939169770106449864e-01 6.012280202375803739e-01 -1.100468434552535957e+00
-3.511092903906176677e-01 2.790587900955049383e-01 -1.243045673530663309e-01
2.160743832528998210e-01 1.528207571043657120e-01 -8.542495458037310113e-03
3.401707651556090117e-01 -1.109041922311283929e-01 3.023127637282522762e-01
2.504095184404746266e-02 -5.369310395396142965e-01 -1.947617173865376639e-01
-9.073847588674774922e-01 -1.308916634523419817e-02 1.083691755874374829e+00
1.268047595486971324e-01 -5.853547077615485206e-01 -1.699182634794627889e-01
1.833760763789153703e-01 1.767374712723456809e-01 -7.755045579142740009e-02
7.300990735443947666e-02 -6.127159973468891963e-01 -2.823347274288373968e-02
-2.985460769733035424e-01 -3.528061987931344068e-01 -3.116355198086542821e-01
2.108654289022764972e-01 4.024400487298011864e-02 -9.194461011950356977e-02
-2.624811717029737479e-01 2.119063990028734468e-01 2.287094341006038270e-02
4.314411071546695453e-01 -3.998220690338101235e-01 -3.840041188352671941e-02
-2.557925073018703088e-01 -3.117586941261538125e-01 -6.659282937001600455e-01
-3.038050143657334279e-01 -4.099370911467778433e-01 -7.179918330244750013e-02
-4.762464085616556764e-01 -3.300334389025892934e-01 9.396270664349558321e-02
1.901569584799413515e-01 -2.528143817137909477e-01 -7.309902839906130545e-01
-3.772234884697742152e-01 -3.448024429071992469e-01 -2.470776914979757044e-01
-2.340517311625701369e-01 -1.673476630593253300e-01 -1.296400905462740949e-01
3.776946920139004349e-01 -2.188852244677585990e-01 -4.761915451291380830e-01
7.563246730381585625e-02 -2.288401292392484021e-01 -1.533558292778793020e-01
3.046043454377027060e-01 -4.205827515822762597e-01 1.595773447558204439e-01
-4.283945463742934723e-01 7.544927663034298182e-02 1.802510258165331003e-01
-2.058278019161951800e-01 3.457586836035413114e-02 -4.246986182085436545e-01
-7.104764060872642562e-01 -3.485426857480773966e-01 -6.100933418100849825e-02
1.971357503030127800e-01 1.126233315753816522e-01 -1.198414804371231435e-01
-2.622787533551556027e-01 2.388290286634566217e-01 -3.094828503134346986e-01
-3.340057983780294615e-01 2.279953934612083122e-01 -2.456707619558018973e-01
1.628805775119475940e-01 -5.273605922463909801e-01 2.400957666269996904e-01
4.507197102276601364e-02 1.188308506063028014e-01 9.062554560216873334e-01
-5.402520140098772128e-01 3.363769539482744930e-01 8.800964510973436905e-01
8.744443014763892963e-01 1.536733619025902053e-01 2.815458514183535321e-01
-3.212335013460898003e-01 1.648675377268532527e-01 -1.467625674618908971e-01
-7.755480008715189832e-01 -1.762956739301705933e-01 9.209189230089286360e-01
1.082099050723099171e-01 2.807322392158848601e-01 -1.867054724918832953e-01
-5.451931063414882858e-03 3.266257692394846646e-01 -2.394093379032503355e-01
5.009286684304791182e-01 -2.520502382133869013e-01 7.369138347283181456e-02
-9.477126938140005563e-02 -5.721042533575012579e-01 -1.234885149823498202e-01
-4.111203113130075248e-01 -1.474301817252627322e-01 6.946534370148126081e-02
-7.785686927611943850e-03 -4.804749435297869242e-01 -5.303542418488391696e-01
-1.021395720243060412e-01 2.714351323831462603e-01 3.061297283020614213e-01
-1.181932998661988921e-01 -3.845244365819273091e-01 4.365487584496859919e-01
2.253242731986657144e-01 1.124002400470296287e-01 -1.267995412702255520e-01
-2.009246341832121585e-01 2.787741325354808342e-01 2.877402644154590169e-02
1.397138546723205588e-01 8.588948993237829899e-02 -1.121075596388304702e-01
-2.479958549901069564e-01 -4.606526707062255088e-01 -5.888619103902160284e-02
2.171648846240838426e-01 -1.764518896603053388e-01 -1.524929075239727372e-01
-2.408628054514561634e-01 3.522073387051843363e-01 -3.642040477467671789e-01
-2.838230756593260740e-01 -3.838150155872055436e-01 2.308619378444707465e-02
2.760317329957932553e-01 -3.666145891424288372e-01 -1.220806185486068562e-01
-5.499359417513968173e-01 -4.683823928656749014e-01 -1.081356834474913320e-01
-1.889591271181570165e-01 -7.331934111787464792e-01 -1.321367493947422256e+00
-2.691980158730883921e-01 3.398493161061201251e-01 -2.245470159298137702e-01
-1.176907098435173937e+00 9.716497847540347399e-01 -4.094407104593865698e-01
-3.512617141530141596e-01 2.172361758037832657e-01 -6.641163438623913784e-01
2.471169292670371762e-02 -5.634119866310498548e-01 -7.763831130997335926e-03
8.083717633381871936e-02 -5.180038665537931575e-01 3.073392729836162476e-02
-1.402064539995261268e-02 8.141082189812051673e-02 -4.331689427522139590e-01
-4.844800620701897875e-01 6.024201966625045701e-01 7.551287518343564598e-01
-2.473388112826339566e-02 8.358201388644749541e-02 -4.399194029257543770e-01
-3.112203424475358526e-03 1.098309425506641457e+00 7.776682355337589669e-01
-1.021381806537353075e-02 -5.627732207456661584e-01 -1.407553094002192695e-01
-2.894629871473218263e-01 -1.061314798196502374e-01 -1.789762949393681468e-01
-3.040007935618209770e-02 -5.201850198104788214e-01 3.352096392064594643e-01
1.899324944155280914e-01 2.033599671975101220e-01 -3.308888461505015560e-02
-1.977940023065938302e-01 -5.699014263385164814e-01 1.730231865206535991e-01
2.715497076925558195e-01 -1.471171561949049522e-01 1.185950967034433284e-02
5.499314432019948296e-01 -1.466148057011787409e-01 -1.202916926517682283e-01
9.941666981215903712e-03 -4.325742963071655955e-01 -1.313033923164166061e-01
5.640121993305557968e-01 8.675359310722075001e-01 -9.587335371166305631e-01
-3.564894562351037521e-01 -2.031294859109483431e-01 3.889398421998034594e-02
-4.173365124964964479e-01 -5.462047980198835306e-01 -2.256782966455804229e-01
1.793564273280950916e-02 4.218511978788321293e-01 -2.750072102538410612e-01
-2.566545031954700629e-01 1.407320797876099594e-01 -1.035147128798166206e-02
-4.695457565034147907e-01 -2.784247337850560555e-01 4.497258911677962795e-02
2.935426746820328781e-01 1.611868050596056978e-01 -3.538494126692730557e-01
-2.315977745070467164e-01 -2.656877074833194352e-01 -1.258495502354729234e-01
-2.689781658669229136e-01 2.340054440236825906e-01 -2.090245546950795508e-01
2.823607849874906761e-01 -3.606951248376996100e-01 1.345806796692831653e-01
-2.842209426058908139e-01 -6.020165993540575397e-03 3.297379628241193794e-01
3.478889392759366705e-01 -3.466712436067747038e-01 5.364570225490665478e-02
-2.241076730020412355e-01 6.161510794003349084e-02 -9.924940982304444534e-03
-2.958305890978184527e-01 2.969056823265037171e-01 1.518363696128448015e-01
4.006047655054552625e-01 -4.162466097951831867e-01 -3.849289347640393877e-01
-4.186400735810754115e-01 1.623851383904905410e-01 -1.810887145789528696e-01
-1.345529910817943597e-01 -4.745551590731099667e-01 -1.571389777062509041e-01
-3.370991717050624836e-01 -4.073654073961733846e-01 -5.410798238030405383e-01
1.753787447721789627e-01 -3.760198951076690888e-01 -2.937563450611337945e-01
-2.878474044284984878e-01 -5.289961044232977666e-02 -7.318013451589532037e-02
3.327007612786840873e-01 -4.845779952887603881e-01 -2.751427144959098237e-01
-1.091608449325712354e-01 3.312557263875041680e-01 -8.828615656997630505e-05
-2.275578464584055716e-01 1.354107454437000480e-01 -1.004048881619077904e-01
2.015835640868183232e-01 -5.362917156353931292e-01 -5.634078459962010149e-02
-3.559310270460981918e-01 2.249696269974457707e-02 2.946914254520678345e-01
-2.653633489495039743e-01 2.306238745262162160e-01 -1.040789989685393241e-01
-3.700999405769104800e-01 1.684970462466530150e-01 -1.508086122606833723e-01
-3.196215451356233528e-01 1.784965539309834315e-01 -9.179648877950906394e-02
-2.682848679617717003e-01 6.157450656948370432e-02 -1.216456570015597011e-01
9.432144990179767985e-02 -5.883510299109935282e-01 -9.209294054469038815e-02
2.715206112214993417e-02 4.596677395259550492e-02 -1.049686121279571893e-01
-5.529507980775453246e-01 2.626372856566693281e-01 7.150619145763266460e-02
-2.834483252458417368e-01 -3.855080314748582371e-01 5.519431314556963800e-03
2.368487171258653878e-01 1.760260353620297924e-01 -2.044490012549951552e-01
1.890668935403449213e-01 -3.033103460084636271e-01 2.893315661411460793e-01
3.651926415349218691e-01 -5.944939081761026894e-02 1.015609790262454043e-01
3.299991568389517016e-01 -6.897829294867033334e-02 7.319067191708267250e-02
-2.723189854420761113e-01 1.610492897747848318e-01 -4.125726794338021031e-01
4.961227934705680909e-01 -2.403045959152755595e-01 -2.304294556582736075e-01
1.087769847694487063e-01 2.534277871897057111e-01 -5.148150370568386203e-01
-1.811820116501418609e-01 -1.579512788087435449e-01 -1.191088850606895899e-01
-2.529948578297371298e-01 -1.872113546320056110e-01 -2.020861968465549330e-01
5.226392684077064282e-02 2.865407688270120157e-01 -8.819844351356018186e-02
1.477646780287721340e-01 7.698584174512539124e-02 -1.743375362909602155e-01
7.430507923722359277e-03 -1.011679430123160639e+00 9.884291540234453333e-01
-3.919975040803023170e-01 -1.561045451845729515e-01 -4.917145082734335898e-02
-8.626077218444168082e-01 2.204649165652467213e-01 -1.328419358458892363e+00
1.315391532131514676e-02 -5.058788708756601915e-01 9.095075878551022938e-03
3.546333071425679662e-01 1.849449935640448961e-01 -1.977660083131440594e-01
3.315837241791645962e-01 -1.755980218465836573e-01 3.311168773149738009e-01
4.613652644152845816e-01 -8.510430202479553063e-01 -1.300379598634258782e+00
-3.291422203301433980e-01 -5.520724170914496076e-01 -8.517573834122404985e-02
-1.037056971645095999e-01 -5.360121243979654171e-01 8.326142590063334917e-03
3.524461385385001533e-01 -1.420088418391868279e-01 -1.321374168267783478e-01
-2.790369219437555115e-01 -5.945617910604641954e-02 -7.185078626467023000e-01
4.894483373842523632e-01 7.664840623749052284e+00 -4.083708600627724561e-01
