-4.513182135378507098e+00 1.183658832081582846e+00 -1.382251476410034652e+00
-4.714602752806396957e+00 5.474961762599803716e-01 -5.602557939994943226e-01
-4.281072496509256808e+00 1.035228277884425063e+00 -1.234067728088651839e+00
-4.059439624044236972e+00 1.045835189804275034e+00 -1.147356146472965577e+00
-4.785305251756627243e+00 1.821666071787745755e+00 -9.199396772660100030e-01
-5.207578322512103064e+00 1.360576274923616769e+00 -1.167147776823342253e+00
-4.290203162176409180e+00 7.124988233075466582e-01 -1.277212504811562566e+00
-4.989994869931202004e+00 9.068066868243940259e-01 -1.359884319195489466e+00
-4.244222012924436349e+00 1.101139525537428110e+00 -1.609421471558845740e+00
-4.996975681608011755e+00 1.100985399096889861e+00 -1.134267289840082515e+00
-4.285327367958746692e+00 8.862895866551310231e-01 -1.386735299186514947e+00
-4.890525544674988012e+00 1.468487167316485653e+00 -1.084293693155640614e+00
-5.138395389015474102e+00 1.325211691953670723e+00 -1.166251252219398626e+00
-4.811483051609926065e+00 1.537625485125591940e+00 -1.426033016826723232e+00
-4.832250484593356710e+00 8.695497929003886961e-01 -9.999773691846840507e-01
-5.247127465403691460e+00 9.955459528702981231e-01 -1.395038451271535918e+00
-5.095904899460743209e+00 1.475133697885895545e+00 -1.507261300542862781e+00
-4.122376706722213235e+00 1.039514156961132807e+00 -1.293051657641353547e+00
-4.698351788382654881e+00 1.382241348728793673e+00 -1.298134380526054121e+00
-4.459729468518727202e+00 1.365495406437421622e+00 -1.280357077122682208e+00
-4.419657236178778703e+00 7.725517512285045019e-01 -1.248584019248378807e+00
-5.194745623452361016e+00 8.139456160692154496e-01 -9.794500849441761803e-01
-5.149552330354324248e+00 1.214186059448703281e+00 -1.074005777266641148e+00
-5.464286357203981481e+00 1.157611946030683070e+00 -5.614280521954116976e-01
-4.899813757094538147e+00 1.741974586356880739e+00 -1.024174808502421596e+00
-4.825114038988872700e+00 8.872984249606954421e-01 -1.294394317981569120e+00
-4.627271909501222247e+00 9.258314917825212209e-01 -1.305945363811656046e+00
-4.404781060028970074e+00 2.187299799283961121e+00 -1.103837507429933584e+00
-5.179053655444385562e+00 1.266168773937876191e+00 -1.356261634167189811e+00
-5.004627011697973415e+00 1.614847344023521147e+00 -1.108068512549488460e+00
-5.106329264000847523e+00 8.443652314261167469e-01 -1.231567540099625324e+00
-5.074842714875432037e+00 1.706964954522776079e+00 -1.510085306387344506e+00
-4.364979703769654051e+00 1.223771896588079056e+00 -1.246768590384460751e+00
-4.253826429656228925e+00 1.975135713386609426e+00 -9.435070974120800535e-01
-5.342074724596561630e+00 1.633537685094437863e+00 -1.695969282340964668e+00
-4.258305791341233437e+00 1.066410081639534546e+00 -1.417068259993308210e+00
-4.751076404654931196e+00 8.567965099194478906e-01 -1.391388709598195828e+00
-4.488915430996856415e+00 1.635735074723634996e+00 -9.864953273014291923e-01
-5.282820404938553871e+00 1.380708629306560464e+00 -1.217024037390004754e+00
-4.484295649030936026e+00 1.518537075714311735e+00 -9.424654714274963707e-01
-4.525133218723563999e+00 2.075695007388172364e+00 -5.567515453151529181e-01
-5.174176393207681635e+00 1.263375277830597776e+00 -1.366065088498590985e+00
-4.471112290556930269e+00 1.155056712652956730e+00 -1.324926278387986489e+00
-4.782942202619188343e+00 8.152838451974729894e-01 -1.082558517921696328e+00
-4.514514972706719753e+00 4.936035437123213465e-01 -1.456930336098541057e+00
-4.399540363972701762e+00 1.680055337007845484e+00 -1.437310863083314905e+00
-5.371912389961875256e+00 8.478873827942113861e-01 -1.186369538933601087e+00
-4.133522333857690079e+00 1.372060183137381317e+00 -1.489137401707974595e+00
-4.690121866308579968e+00 1.018072399470805189e+00 -1.131331515718220881e+00
-4.511430673798616731e+00 8.421663638725916945e-01 -6.259895204605362418e-01
-4.581864422289734229e+00 9.108083170999410338e-01 -1.013697980179757652e+00
-4.311547127331739837e+00 1.463316260639841770e+00 -1.022518001202822990e+00
-4.416383175453607812e+00 7.353077529751194108e-01 -1.114692241898067593e+00
-4.246273380882868764e+00 1.146186515214212331e+00 -9.029740756130963941e-01
-5.626399506299628150e+00 1.613935456303341232e+00 -1.407937779644059528e+00
-4.879729953984012880e+00 1.062850432094746500e+00 -1.730710431813907935e+00
-5.055033633997133791e+00 1.023434467387077884e+00 -1.427854604040289965e+00
-4.950961924352839993e+00 9.357847060990316379e-01 -1.300121008250530119e+00
-4.930310674297533780e+00 7.469578600146274949e-01 -1.240266644671087048e+00
-4.915363800838396635e+00 1.067760837484222458e+00 -1.168273205642133661e+00
-5.749218924648515916e+00 1.200607032101907334e+00 -5.080180458307701485e-01
-5.280772671619788916e+00 7.766566962416976416e-01 -1.302042127020768936e+00
-5.077216720160126151e+00 1.702953111463626046e+00 -1.650988718864741633e+00
-4.717950334088802045e+00 1.081417635247668763e+00 -1.341869915539783520e+00
-4.291277551388925637e+00 1.210190305885466611e+00 -1.397752364702629091e+00
-4.665095055214655062e+00 1.503958526241135685e+00 -1.358645977033800634e+00
-4.387411611982015458e+00 1.466936576642625223e+00 -1.034128109969634668e+00
-4.853922999750444944e+00 1.274118181537000183e+00 -1.345351200301779571e+00
-4.114597970232129143e+00 9.190496000824903700e-01 -1.380876005096379533e+00
-5.951362133779169561e+00 1.882813941429506421e+00 -1.127272748693150195e+00
-4.734416517805177804e+00 1.175334747489821252e+00 -1.116787465673197755e+00
-4.799034425461831788e+00 8.364698797533407504e-01 -1.453873824229601430e+00
-4.751101530699415321e+00 1.272624314969865278e+00 -1.344183730123154064e+00
-4.791102172770276724e+00 1.278562675177728147e+00 -1.401858525416929124e+00
-5.314879304201894250e+00 1.376874266149340276e+00 -1.128360355181578845e+00
-5.417912130935872206e+00 8.576010213181141095e-01 -9.221439874537533665e-01
-4.572477383118612515e+00 1.063157201709310717e+00 -1.765918198938193573e+00
-4.787667884599631662e+00 1.292979672187411833e+00 -1.776486570979102897e+00
-4.648195674988998327e+00 1.202688587594233915e+00 -1.328634754233390058e+00
-4.483066260967788708e+00 8.776817252316579943e-01 -9.931994127969213659e-01
-4.744232651540090551e+00 1.171086613398356624e+00 -1.150104671757137265e+00
-5.520750348892106807e+00 1.008470608035289207e+00 -1.402712207139420020e+00
-4.741341476645715147e+00 1.008681046734897668e+00 -1.459549159984538269e+00
-3.968833822422910718e+00 1.996529031411091504e+00 -2.171349018003659204e+00
-4.971447275359799356e+00 1.456056355999505447e+00 -1.150390617038534069e+00
-5.080487198785421654e+00 1.214004601658033700e+00 -1.387169696875766078e+00
-4.385951853757402930e+00 1.083521017119608132e+00 -1.059259204374200847e+00
-4.743442998449087789e+00 1.611975560415466191e+00 -8.606183857632642153e-01
-4.799038545953686175e+00 7.492006660110505090e-01 -1.257939404118593840e+00
-5.154357181782914132e+00 1.335911728203311277e+00 -1.192507059931912528e+00
-4.277343858240919339e+00 1.269788768329651596e+00 -7.897257665642813951e-01
-4.887182946755037172e+00 1.476177323747381642e+00 -1.245232914741813524e+00
-4.074251557166419069e+00 8.392716908963941957e-01 -1.120321312803851832e+00
-5.065465861606855746e+00 1.265982179978319966e+00 -1.316088498760223047e+00
-4.810412877611253357e+00 1.699312145962790677e+00 -1.308981669956247318e+00
-4.393004858541657676e+00 1.253154367306618111e+00 -1.101580380066814024e+00
-3.906048240013876960e+00 2.979046893177569877e-01 -7.276391370532268033e-01
-4.824891083336711795e+00 1.174449134483119161e+00 -1.438572879759208112e+00
-4.404056154592238315e+00 1.393114656572329135e+00 -1.518550375186836554e+00
-4.228093010437611099e+00 1.042250920855241292e+00 -1.287991467329860917e+00
-4.716608730157361151e+00 8.413267443053477068e-01 -1.183016556411954134e+00
-4.904196640901533399e+00 1.777592464164155839e+00 -1.440318381709649431e+00
-4.940262406204894319e+00 1.704831664819077108e+00 -1.634216672694847716e+00
-4.665580990997480804e+00 1.112226899727674967e+00 -1.258908953357137372e+00
-4.954901622105942316e+00 1.016487923023481121e+00 -1.282525582947807719e+00
-5.099658289433205205e+00 1.327629402847673612e+00 -1.349326218586571535e+00
-4.908092530152362798e+00 1.116145123298259767e+00 -1.042725004337478945e+00
-5.027386510416422816e+00 5.792862165474041980e-01 -1.524279989529219392e+00
-4.340692819998590579e+00 9.527841324392369859e-01 -1.352699266814362700e+00
-4.968183436142101783e+00 6.471515448792821701e-01 -1.493593121136822299e+00
-4.734359789017408282e+00 1.809932268137023348e+00 -9.502167295799639479e-01
-4.848078112520027183e+00 1.059857673299846370e+00 -1.357394814618351653e+00
-5.371542095795159177e+00 1.513374070144124062e+00 -1.285280544375403400e+00
-4.853832305066489994e+00 2.153969540494187651e+00 -1.301721309363876866e+00
-4.970534593186186179e+00 7.943300475003481909e-01 -1.090404997291252842e+00
-5.029344199530934034e+00 1.512909699433774069e+00 -9.882956822106074846e-01
-4.792073472739939888e+00 1.059402831583894145e+00 -1.251852145131191030e+00
-5.095549615052227921e+00 9.183933944723154941e-01 -1.173381449269419008e+00
-5.655219524461188918e+00 2.223516864400724824e+00 -8.009067654201766917e-01
-4.988068870703032509e+00 9.895713112185068328e-01 -1.276242069581493999e+00
-4.754648946509073326e+00 1.274977974818835236e+00 -1.357320983516691504e+00
-4.968727228262165951e+00 9.653630634264335209e-01 -1.059703547432111703e+00
-4.456413001388337847e+00 8.119329877569011478e-01 -1.131357638770742469e+00
-4.644531201172607204e+00 1.456611466892987261e+00 -1.575460818442021127e+00
-2.072906249369157550e+01 5.055746169460245198e+01 -3.091649241597513864e-01
-3.950000312463533003e+00 1.373666975766777876e+00 -1.286002804486921391e+00
-5.123253625481318352e+00 1.031405977894735759e+00 -1.592277319409520331e+00
-5.068833367674257850e+00 1.181931238260234052e+00 -1.301182970895329083e+00
-4.632496939059715935e+00 1.659177824175807503e+00 -1.350725058501882403e+00
-4.390014744085203091e+00 9.145123941752725250e-01 -1.279547896156383979e+00
-4.308695323681041245e+00 1.261338347948094407e+00 -1.296551827178821448e+00
-4.353789926626922657e+00 1.201863843679074728e+00 -1.113497538623802852e+00
-4.811904868133160207e+00 7.290553864423579000e-01 -1.262934676656651378e+00
-4.598729364116802110e+00 1.077253525934905865e+00 -1.300677124586303135e+00
-5.018316798616731411e+00 1.144112043344505780e+00 -1.306791065362340909e+00
-4.968965121007550501e+00 1.123376843833887362e+00 -7.171603785430809008e-01
-4.776360648056881431e+00 7.459603867131953114e-01 -1.192490817071085729e+00
-4.242042240038812473e+00 7.222506552195374629e-01 -1.356888162639226403e+00
-5.411598865662285540e+00 6.672033902804218597e-01 -1.087942331412530494e+00
-5.184749225936041483e+00 1.183421342701096890e+00 -1.510537875878680270e+00
-4.564917080147680828e+00 1.378455924962708412e+00 -1.296102216717401667e+00
-4.618871774384780693e+00 5.937300612726750249e-01 -1.170713766585710580e+00
-4.561368777939923014e+00 1.643847552957486746e+00 -1.371330637214142278e+00
-5.234323977524820037e+00 1.588938519850551900e+00 -1.257612943135348882e+00
-5.192904535644076169e+00 9.810116765346802437e-01 -1.049412325302331528e+00
-4.854239364706713467e+00 1.022006943911982990e+00 -1.432850487415241680e+00
-4.735269570067848655e+00 1.276258958454313586e+00 -1.112951219893594690e+00
-4.363026598963446467e+00 1.152820592434991243e+00 -1.572475626402425330e+00
-5.403099844193262946e+00 1.204271805129642825e+00 -1.117752123930020991e+00
-4.168780048017802997e+00 1.169812095610076375e+00 -1.182352920680545427e+00
-5.023621921780869748e+00 7.648393993652082834e-01 -1.341305329927495071e+00
-4.636639525861310673e+00 1.375737697148764704e+00 -1.362607032533165619e+00
-4.316655936357341794e+00 7.716348328262025991e-01 -1.171821365836217321e+00
-5.012202161619268459e+00 1.277514589653375943e+00 -1.250286280184136123e+00
-4.110616984696593867e+00 1.015199969234729327e+00 -1.295433642471940594e+00
-4.796454453449022104e+00 1.809363164489585118e+00 -1.819697193628540877e+00
-4.949206854027485392e+00 1.192061478102400818e+00 -1.332978846814014906e+00
-5.088118723042178715e+00 1.167027548178231955e+00 -1.663346834311860034e+00
-5.067788895063556787e+00 1.354913721340830657e+00 -1.416029425821223597e+00
-4.551754886292424196e+00 1.335252724794287138e+00 -1.281313592906949461e+00
-4.614470748713972448e+00 1.045801375558707003e+00 -1.634447800056031852e+00
-4.898167181108482815e+00 1.090244259538099447e+00 -1.437701171841693215e+00
-5.288170177481545053e+00 2.044743943336863712e+00 -1.532836478945410530e+00
-4.974514533700966190e+00 1.399814935558025386e+00 -1.240441432513976761e+00
-5.230068702851651707e+00 9.846687426812070765e-01 -1.314445403059719908e+00
-4.775275953509303228e+00 7.860757518492040852e-01 -1.190368732719976785e+00
-4.797905944502615760e+00 1.192712330758461281e+00 -1.272693686705224758e+00
-5.095809939704219360e+00 9.282660370620364754e-01 -1.499447105879311737e+00
-5.315020402994073301e+00 4.970124327185614366e-01 -1.357954692308298572e+00
-5.356536601821460408e+00 9.960885750606979228e-01 -1.334848810499663641e+00
-5.055306221752195128e+00 7.737226540422733612e-01 -1.058156870435817076e+00
-4.888046574063358740e+00 1.412698706482392152e+00 -1.279839976153553938e+00
-4.622619495728535810e+00 1.560888699212609643e+00 -1.404701376364663634e+00
-5.024052443540201196e+00 9.716125855032055059e-01 -1.200403114895821854e+00
-4.409507744018223541e+00 1.222020178240040167e+00 -1.189627120026500950e+00
-4.506279224211623635e+00 1.106954004525538604e+00 -1.107273761238505072e+00
-4.986804833190919162e+00 1.571031978808659302e+00 -1.025256103992587597e+00
-5.024568817804100362e+00 1.030817972748870215e+00 -1.207960689237117524e+00
-4.539375463000392408e+00 1.577918047155033809e+00 -1.309761026646535820e+00
-4.584653650554158411e+00 1.248995718204476413e+00 -1.374865902184007727e+00
-5.044078782616326251e+00 9.047342176739507913e-01 -1.519031471203398542e+00
-4.993921654442971203e+00 1.212919770918007067e+00 -1.227825354880270448e+00
-5.214666487589457056e+00 1.158741134090830016e+00 -1.438864719631644418e+00
-5.010708641549850739e+00 1.429961704563957603e-01 -1.347943936451981184e+00
-4.410145382352817833e+00 1.037534597292133931e+00 -1.240335071005194800e+00
-4.611851213799563531e+00 1.264301778161972312e+00 -1.357125590014487404e+00
-4.354493582526052897e+00 9.860143472485506377e-01 -1.163976908910495878e+00
-4.732304353409054976e+00 1.242810797421767033e+00 -1.283103162398143926e+00
-4.920001680511399300e+00 6.025856596603769155e-01 -1.089350737475503594e+00
-4.983465432247776050e+00 1.659026758083776532e+00 -1.153127364421030698e+00
-4.159760428411447108e+00 1.776448205655829282e+00 -2.005799161025318078e+00
-4.352629622059214221e+00 1.180243790458409103e+00 -1.452141595024768028e+00
-4.421504089729773490e+00 2.123657968996563117e+00 -1.901946220673829124e+00
-4.170822191679283364e+00 1.046073117294066934e+00 -1.420851711135430850e+00
-5.432183952679780603e+00 2.213548795231372601e-01 -8.746581360871040767e-01
-3.995232955623581717e+00 9.956332200688254863e-01 -9.288259854372714619e-01
-4.945648910693310363e+00 2.128472099812943163e+00 -1.429101781931960025e+00
-4.647386871287845445e+00 1.452766614984933646e+00 -1.154156718706791374e+00
-5.323171054458143203e+00 7.109035463215995776e-01 -1.054029478894583427e+00
-4.913156151300794861e+00 1.600819210521946978e+00 -1.005450002191905057e+00
-4.513350195577694457e+00 1.124412312494494470e+00 -9.208570867746589395e-01
-4.465898146358560084e+00 5.816346638243263811e-01 -1.397220238191303254e+00
-4.950366067370876699e+00 1.448590800926251809e+00 -1.267787865230395550e+00
-5.236316113369376524e+00 2.702855837359079416e-01 -1.502397793343903221e+00
-4.567926104131776022e+00 7.993765870205754576e-01 -1.175811528503695413e+00
-4.657944732348052064e+00 1.208618595404709506e+00 -1.370517952934038997e+00
-5.248037584020007529e+00 1.027025789619967711e+00 -1.152439853363258271e+00
-4.476064604544813363e+00 1.300352720739353263e+00 -1.270487884056191730e+00
-4.456931952880973213e+00 1.617048558508566325e+00 -9.291071121700640312e-01
-4.630291889864837529e+00 1.674242988793848808e+00 -1.148941949297168419e+00
-5.495898355891656983e+00 9.838860971967809954e-01 -1.321495159606861813e+00
-4.756696215814521622e+00 8.905159894452255864e-01 -1.039741017689308267e+00
-5.236296459420113791e+00 8.627447970626317408e-01 -1.067277888126509477e+00
-4.733812141052739619e+00 6.773780204548246475e-01 -1.389760848141170291e+00
-4.897956965842825916e+00 3.792694262497285293e-03 -1.505304266414287273e+00
-4.834401947297830127e+00 1.700976151548110549e+00 -1.568295729655864168e+00
-4.428361626138928031e+00 7.961367996649343359e-01 -1.056007535592015545e+00
-5.339908281232550458e+00 1.147987798641395996e+00 -1.248633129199053782e+00
-5.118017092086903475e+00 1.244323902812257243e+00 -1.466626808031930018e+00
-4.326768507816498577e+00 1.145809939515436859e+00 -1.474812908894520991e+00
-4.976469771565246170e+00 1.079639918746432059e+00 -6.105385405109853281e-01
-4.613316721083268845e+00 1.262337164866370598e+00 -1.300581356052689985e+00
-4.425808853384719299e+00 8.337378414647406144e-01 -1.574737658156023956e+00
-4.339825159191315507e+00 1.215513739475194921e+00 -1.255676211639301432e+00
-4.815734528661701042e+00 1.409746106383769293e+00 -1.442462798300978566e+00
-4.410776360592381984e+00 1.969887872436306142e-01 -5.468259476706243127e-01
-4.846570084969187064e+00 9.367860249545790774e-01 -1.616627186537210381e+00
-4.841762736660024657e+00 7.484945318856811580e-01 -1.192217219627935254e+00
-4.677253678427305772e+00 9.954364002122944033e-01 -1.462513719082296548e+00
-4.655381389386718638e+00 1.181645537678985169e+00 -1.200339495858260941e+00
-4.755284824980602565e+00 6.703601195544445224e-01 -1.625829468907768582e+00
-5.143801709809954659e+00 1.492135169134019224e+00 -1.108595387004043920e+00
-4.588135787366041107e+00 1.629438131769937348e+00 -1.367078420377714876e+00
-5.176619128575424611e+00 1.409217087718855455e+00 -1.483642427676029163e+00
-5.012590591954110941e+00 8.403953957865171187e-01 -1.138767116944616298e+00
-4.411943186998490418e+00 1.699449722775717486e+00 -9.579454023422222519e-01
-4.268928484546029800e+00 1.268426871308302895e+00 -1.183192244143096650e+00
-5.404160658786128835e+00 1.099319427615763622e+00 -9.683798127399438904e-01
-4.748182429909019397e+00 6.926040621234845762e-01 -1.447585779517438498e+00
-4.775022736557319014e+00 1.707451014892339636e+00 -1.445403866435976070e+00
-4.552637321187685160e+00 1.800035538446708605e+00 -1.493695401380089161e+00
-4.418306544390473434e+00 1.835182887228645088e+00 -7.039810179399690337e-01
-5.413568672253615155e+00 1.236649110144967256e+00 -1.228312357524488085e+00
-3.975062362594153687e+00 8.390468467850432654e-01 -1.083287533916810874e+00
-4.727258663635605984e+00 1.069770784675228903e+00 -1.824873457251085185e+00
-5.142313178054484624e+00 8.742856713140976233e-01 -1.384240322313381233e+00
-5.058520914055701034e+00 1.229882890384987659e+00 -1.277932226424167483e+00
-4.071353633465045085e+00 1.154577693840238783e+00 -1.135423095355560408e+00
-4.547656933042231842e+00 1.354102437293881467e+00 -7.962989577654250306e-01
-1.764898122681221437e+01 1.187600351186567593e+01 3.986434790073767331e-03
-4.586937037202519996e+00 7.665166876903842796e-01 -1.146491174771029131e+00
-5.172231860986956420e+00 9.045065168168023861e-01 -1.090919857808802629e+00
-4.384669895260258521e+00 1.541939804220842980e+00 -1.102031187920026634e+00
-4.662013824192904998e+00 1.192644390047406855e+00 -1.372622794304930061e+00
-4.634721439026320056e+00 1.335709770515272510e+00 -1.027716892398579551e+00
-4.930438339021441685e+00 8.385828233103854723e-01 -1.297933986781897753e+00
-4.857109501267037110e+00 8.492495359422541634e-01 -1.408935214867352181e+00
-5.209377005104410152e+00 1.372490989007468132e+00 -1.298994581262411740e+00
-4.431303373807400803e+00 1.149334168521488841e+00 -1.086869221759804605e+00
-4.825192526580850405e+00 1.255128429261771483e+00 -7.983936279343120113e-01
-4.827663927005615641e+00 1.525495943516064212e+00 -1.462853901482688901e+00
-4.977004414339202931e+00 7.428633144274610078e-01 -1.357368010546617043e+00
-4.973138751489923237e+00 1.175017899128131260e+00 -1.324650691691484417e+00
-5.343078507795964605e+00 1.848929203000093446e+00 -1.132095406522785286e+00
-4.532476244519123121e+00 1.143273201079024082e+00 -1.338354206987012462e+00
-5.500216142827511590e+00 1.789278314368991651e+00 -1.779320845730468337e+00
-4.319790505905327649e+00 1.024027412575787999e+00 -1.015576221264804735e+00
-4.100670517128282455e+00 -9.251012990982328266e-02 -4.652665088213664424e-01
-4.924063826387606646e+00 1.184911781373553685e+00 -1.180615990732542198e+00
-4.195701980118897723e+00 4.350561241726782491e-01 -1.910776449440739974e-02
-4.673266313572925768e+00 1.209542981199245304e+00 -1.308481829803126217e+00
-4.215105355194900483e+00 1.026236652721555620e+00 -1.162530746779968815e+00
-5.021786601083435997e+00 8.308452079486194908e-01 -1.236599097678709569e+00
-4.173562555485885284e+00 1.075971452276833773e+00 -1.311328633680198585e+00
-4.432987824586267500e+00 9.013063203164507486e-01 -1.282642656881193721e+00
-4.255902245893307345e+00 9.298631238297363488e-01 -1.429309854814513780e+00
-4.822318144246821703e+00 9.600289237454899816e-01 -1.472262893531268713e+00
-5.145366787491274962e+00 1.383603062129281858e+00 -1.581375648881998552e+00
-4.980562145591862055e+00 6.922304059071021642e-01 -1.597127670428931445e+00
-5.077797492270176960e+00 1.296735764811580038e+00 -1.719772213460865062e+00
-4.472939605174577338e+00 1.195643195414446636e+00 -1.274844825456560304e+00
-3.990113441737501709e+00 1.140747924766100985e+00 -1.363977478725838299e+00
-4.703988560420921061e+00 8.608449034139574740e-01 -9.161960597282633456e-01
-4.721319165843172350e+00 1.539572355320457664e+00 -1.284503841720214590e+00
-4.744423345872635700e+00 1.173675039458881741e+00 -1.428268468777817324e+00
-4.357517563620110224e+00 1.399744968595807215e+00 -1.354069774427119510e+00
-5.071531475996083671e+00 1.093597008424361583e+00 -1.115992998856773166e+00
-4.604695353139439895e+00 1.734497607953022102e+00 -1.140295011205704867e+00
-4.262325224012523783e+00 1.178965599780258167e+00 -1.328886767657763368e+00
-4.828949839614919526e+00 1.482404887935036220e+00 -1.477836984060723946e+00
-4.244333070317645173e+00 6.874287087192832990e-01 -1.212324071104891932e+00
-5.123106492305148585e+00 8.892180825345230577e-01 -1.129974841719150636e+00
-4.275826515810070561e+00 1.216492650377029250e+00 -1.467194806533565821e+00
-5.115572578708965423e+00 7.234814637112461089e-01 -1.400574564517380161e+00
-5.794252366785165975e+00 1.437399262454627236e+00 -6.743638339714578267e-01
-4.750813677686533509e+00 7.854876172537440526e-01 -1.261447376814843757e+00
-5.684384638244539545e+00 8.047019091559785009e-01 -1.437242485675787051e+00
-4.796010564569753498e+00 8.537410740071129656e-01 -1.165635860489275810e+00
-5.012648114552582079e+00 2.133728831501271905e+00 -1.275562683903517680e+00
-4.859437389852338640e+00 1.423883641078402595e+00 -1.503253949275732859e+00
-4.530752822397384527e+00 1.537592634536349090e+00 -1.296673145278109951e+00
-4.196823685029055895e+00 1.135952727694474751e+00 -1.368022115248317183e+00
-4.468229247106868307e+00 6.975253150879566766e-01 -9.850018260924341407e-01
-4.761656399743615431e+00 1.174021177610486522e+00 -1.078224049106888627e+00
-4.319183697683212309e+00 1.136264539303459165e+00 -1.376177059675645076e+00
-4.494430904442629604e+00 1.221604267051270121e+00 -8.738850988014539301e-01
-4.767672081805956807e+00 1.120986647009136083e+00 -1.188018219089619132e+00
-4.257189186144742621e+00 1.438975565717068417e+00 -1.523443739160175170e+00
-5.033028307629209941e+00 1.424863836724407529e+00 -1.340365249977326201e+00
-4.435468311668645747e+00 1.061812388057556955e+00 -1.708447250255043848e+00
-4.203222694862823516e+00 1.445797485019894246e+00 -1.260804486928236656e+00
-5.090141251921720844e+00 1.043274462108211953e+00 -1.262284855947576112e+00
-4.248420715445365481e+00 9.278084768678328542e-01 -9.106280345134328824e-01
-4.489080481535708600e+00 7.923690264814254869e-01 -1.162331523393254962e+00
-5.369116587646747263e+00 1.372036775910953965e+00 -1.182281581805791459e+00
-4.088561506055576444e+00 1.220928802350682352e+00 -1.255522076816852906e+00
-4.258969078689807120e+00 1.703537540323557531e+00 -1.237919980142540011e+00
-4.922164459986322349e+00 8.429944470002922463e-01 -1.270871386255651103e+00
-4.659431222765197944e+00 1.739368191295900257e+00 -1.935444057525975259e+00
-5.861146191939468508e+00 7.460777964418501274e-01 -8.356960045249597346e-01
-4.599099832775784158e+00 1.071685178316190479e+00 -1.276806509609465179e+00
-5.158593770786299437e+00 1.172367874839247648e+00 -9.642842939787432677e-01
-4.453398553822814243e+00 1.381261108097925128e+00 -8.989919592979999097e-01
-4.905531137087004723e+00 1.678560119579969756e+00 -1.354225882674160442e+00
-4.397927601846345347e+00 1.207947784689174187e+00 -1.369992057331656410e+00
-4.980133047280241421e+00 1.070668518952836212e+00 -1.221188463362853360e+00
-4.803828193522622136e+00 2.006540637729393950e+00 -1.193497010447554851e+00
-4.887527025964298666e+00 1.271110211560081193e+00 -1.556596076088765157e+00
-4.391161677264536323e+00 9.203513515576791093e-01 -1.280673779676699597e+00
-4.416339419180060233e+00 9.167277105870063059e-01 -1.040403409378502841e+00
-4.680868204482564465e+00 1.092166878683160647e+00 -1.359709179327466932e+00
-5.204813645264988686e+00 9.973454975025501934e-01 -1.200619538179440005e+00
-4.515075285231628044e+00 1.042399529378347456e+00 -1.526413726616073996e+00
-4.819627914885170838e+00 8.584795431789556952e-01 -1.385348372620240021e+00
-4.382186119172690297e+00 1.440954642387455298e+00 -1.601260825977819602e+00
-5.505940416793749570e+00 1.129152893524657530e+00 -1.349781669001673068e+00
-4.591193401810182095e+00 1.533439636625378411e+00 -1.134468316520095499e+00
-5.125008800789216501e+00 1.105315309466420537e+00 -1.254194217703973324e+00
-4.052619905809377698e+00 1.157721575528213975e+00 -1.069453252716730418e+00
-4.678117550401800884e+00 1.165377348789041756e+00 -1.418453243681117470e+00
-5.136281021504172983e+00 1.414319169674983723e+00 -1.257049691106668199e+00
-4.671814346186807576e+00 7.796282600479481628e-01 -1.309554528783944072e+00
-4.935161562709279082e+00 1.342827688946920173e+00 -1.446162465001267883e+00
-4.832842990844596898e+00 1.471072735673659926e+00 -1.186294038979833543e+00
-5.095414002407099296e+00 1.497460969818396492e+00 -1.488946153344965495e+00
-4.160224585256227847e+00 1.191731868057820387e+00 -1.172781664061576912e+00
-4.390545941706445632e+00 1.032609932238216066e+00 -1.524625258890944801e+00
-4.995971303817203335e+00 7.788189735014290349e-01 -1.315676226919264780e+00
-4.886536005006363759e+00 1.045254496186620807e+00 -1.209491512346586140e+00
-5.061177898936140451e+00 1.099539184673753001e+00 -1.466569282173613153e+00
-5.009348597700011396e+00 1.507185786303441244e+00 -1.296030702565209802e+00
-4.487730160987887906e+00 4.208012502826150580e-01 -1.038841870673019585e+00
-4.792729678326637099e+00 1.286381597095952012e+00 -1.344180175716717551e+00
-4.880645140646737268e+00 1.393363930188489919e+00 -1.188687584652745821e+00
-5.050896818370902430e+00 2.029773428092156995e-01 -7.315975223741904010e-01
-4.481007498414043333e+00 8.695478507073345353e-01 -1.411267316787344850e+00
-4.883244939007646224e+00 8.371143017606726966e-01 -1.547706353480662989e+00
-4.009167376174846531e+00 1.662134166569918303e+00 -1.387923600818852243e+00
-5.023552942593135562e+00 1.030779609050358703e+00 -1.072507404964647915e+00
-4.539921898122293520e+00 8.142364405517645842e-01 -1.286116822051381448e+00
-4.425455385117537332e+00 1.689871556489995097e+00 -1.377341172034828753e+00
-4.819664866110969115e+00 1.110334504469106642e+00 -1.625888087327610698e+00
-5.398290546890876840e+00 1.003258765882194981e+00 -1.187481820760063700e+00
-4.662470971684262722e+00 1.480175892599306708e+00 -1.422255092703778478e+00
-4.178744255976867272e+00 1.015671518496938930e+00 -1.101947373624707405e+00
-4.408646438207465046e+00 1.704049698769232846e+00 -1.085166610843154800e+00
-4.476315461585445021e+00 1.227444964041327191e+00 -6.775863073072142528e-01
-5.426807767128180693e+00 1.202264271490065317e+00 -1.117490713998245289e+00
-5.258412009134178611e+00 1.407909395593225144e+00 -1.117361364139341839e+00
-4.747051324366964309e+00 7.264877985517996795e-01 -1.391444358162111650e+00
-4.739991421017860418e+00 1.172475991733802125e+00 -9.846765067613681977e-01
-4.333821120133167781e+00 9.092332390006121479e-01 -1.212068515660454704e+00
-4.509410119135675465e+00 1.641870651761905942e+00 -1.385871941900973958e+00
-4.064601901049031518e+00 1.519084173419355421e+00 -1.049124372476165634e+00
-3.788500197362198918e+01 1.247273019689492912e+01 9.802534769534720915e-02
-5.341290521072679987e+00 1.265678032528602337e+00 -1.173660303687160011e+00
-4.193058706495896182e+00 7.383712789450760372e-01 -1.218764277859554879e+00
-5.002872591753848575e+00 1.021049267208643530e+00 -1.230883819766172005e+00
-5.037209692492802482e+00 1.432255491287334426e+00 -1.342352517895271546e+00
-4.854369547702219734e+00 2.213777273473399365e+00 -1.435777681166223507e+00
-4.893682774373587563e+00 4.669360809255485023e-01 -1.839424706994360559e+00
-5.011689124068037238e+00 7.276332081319093481e-01 -1.306605955311133993e+00
-4.752901468363401882e+00 7.593272166835388637e-01 -1.322927093864748160e+00
-4.986200385445441086e+00 1.299570834078746850e+00 -1.379596523725218349e+00
-4.609297333335628188e+00 1.334750927954876154e+00 -1.296391365626988090e+00
-4.470111161751539441e+00 1.183562264395538577e+00 -1.361308895950076536e+00
-4.760768334747600861e+00 9.411932360034995781e-01 -8.573928181204696353e-01
-4.361160272185658826e+00 1.355697616357196766e+00 -1.087252694114700935e+00
-4.691851698109909208e+00 1.217724913375292983e+00 -1.213401242759234666e+00
-5.437512885386846406e+00 3.618772468436268208e-01 -9.783202686844071350e-01
-4.086740103428152970e+00 4.170854643050763699e-01 -1.465611693628683154e+00
-4.756599822333535066e+00 1.362703447881314034e+00 -1.094618404152625679e+00
-3.845131539581526869e+00 1.749300102195997964e+00 -1.695738240000574493e+00
-4.661911754733923274e+00 1.175350398437611688e+00 -1.360189373091762244e+00
-5.045986316945162642e+00 1.594985228467925342e+00 -1.377004379215996943e+00
-4.472955692089747082e+00 1.196860170533490253e+00 -1.274371588794878551e+00
-5.626999236860818598e+00 1.687325313281599737e+00 -2.127331757921599120e+00
-5.126983908640196042e+00 1.114868408012197776e+00 -1.511055817679556323e+00
-4.218454393726939422e+00 1.652468043660824337e+00 -1.651138959471123435e+00
-3.952197146668065209e+00 5.738347772267304858e-01 -1.380818107686214713e+00
-5.114063826610723673e+00 1.230773033157832819e+00 -1.228553428190582331e+00
-4.471580421173338316e+00 1.117538745676585954e+00 -1.314811636670743411e+00
-4.791812991672977695e+00 1.530298331339744911e+00 -1.320663329551616805e+00
-4.708911213400647000e+00 1.061273986362912813e+00 -1.576724691538410328e+00
-4.546183094451679452e+00 1.027904196437839035e+00 -1.189810351884711404e+00
-4.431690849208699490e+00 1.105281713457958670e+00 -1.207486864827469031e+00
-5.150738910055066455e+00 1.805846352712101810e+00 -1.655406902826703552e+00
-5.673815617372679476e+00 7.858176257741057436e-01 -7.497968002699288981e-01
-5.189889224012281588e+00 1.670563890274405772e+00 -1.201056404531708033e+00
-4.846777690123573734e+00 8.771362674533893511e-01 -1.580726852790483861e+00
-4.876668043233323147e+00 1.559562028657788535e-01 -1.396488829131061093e+00
-5.077824103345976781e+00 9.764925814694602746e-01 -1.308246725278361611e+00
-4.895451282521958269e+00 1.186599368767025986e+00 -2.114733374152534928e+00
-5.132248271973785414e+00 1.891925957177099660e+00 -1.150584460945982102e+00
-4.684533081981435032e+00 1.492966710365496885e+00 -1.181393346195878102e+00
-5.538877560533363997e+00 1.377000380275619218e+00 -1.491830883238412842e+00
-4.772767355998182026e+00 1.443394517417077250e+00 -1.432517618361526024e+00
-4.484643918014049824e+00 2.119951814370963028e+00 -1.167929099485014222e+00
-5.010298665230679127e+00 8.030345825291516082e-01 -1.265116461328217534e+00
-4.510751809488773745e+00 2.360005905180615482e+00 -1.332341270066865091e+00
-4.286863272233063071e+00 7.398226750320592293e-01 -1.304560428491029267e+00
-4.707816733729784708e+00 1.523242194719965026e+00 -1.329915486347905684e+00
-5.385597163316137248e+00 1.343461374216481596e+00 -1.800107789141705217e+00
-5.132012709724903310e+00 1.378176874425028675e+00 -1.311027274420525135e+00
-4.621099214062885707e+00 1.453550921970699239e+00 -1.010874001790535548e+00
-4.798233207209946727e+00 1.406200723309239509e+00 -9.263341931953628094e-01
-4.239672248569168467e+00 1.369181957981238318e+00 -1.326439012822095975e+00
-4.764470809790699590e+00 7.366917841353259888e-01 -1.163553054270948239e+00
-4.749904251143332701e+00 9.124900859380872253e-01 -8.217235973817824668e-01
-4.892173374197244407e+00 6.633413974299637861e-01 -1.314667222230145871e+00
-4.726938948118054817e+00 7.449161406691640064e-01 -1.553874433458891868e+00
-4.316810238971313218e+00 1.545640816558756292e+00 -1.335643955514644654e+00
-5.206036136269900361e+00 7.846115938488541497e-01 -1.022913778180597477e+00
-5.053238356617842264e+00 1.076308090355386993e+00 -1.412544808405216124e+00
-4.577847587711117328e+00 1.579864289155277435e+00 -1.023729323193993235e+00
-5.166282845076507257e+00 1.629315520195301126e+00 -1.280706526518754051e+00
-4.445756699066896189e+00 6.040499695863370544e-01 -1.032106869668672600e+00
-4.276728926618834414e+00 9.956575316045453983e-01 -1.108817642004215731e+00
-5.143954632868405596e+00 1.181369635916449612e+00 -1.075673328651417959e+00
-4.304719429712403844e+00 1.251849146273828373e+00 -1.147864106874087797e+00
-4.724263033874227524e+00 1.637731138085370519e+00 -1.232657677802521334e+00
-4.461042862842008461e+00 6.436689184754492699e-01 -6.064651564161350761e-01
-4.645275493172072778e+00 1.210164603353797830e+00 -1.361273482788874167e+00
-4.933251173108684107e+00 7.971902315061825117e-01 -1.174319593521157001e+00
-4.920168333303386099e+00 1.051603632838273406e+00 -1.317824003640079233e+00
-4.389002505685265731e+00 1.532878064899095394e+00 -1.229847532377885022e+00
-4.696717030599788956e+00 1.506332650215763680e+00 -1.417958887046153915e+00
-4.398984305052993093e+00 1.216722789459111276e+00 -1.519804427026509419e+00
-4.657960408694235888e+00 7.717721672559356705e-01 -1.563500667080899076e+00
-4.525749033898952334e+00 1.296822871905192187e+00 -1.255418734083699750e+00
-4.282586359621572747e+00 1.820647380164815754e+00 -8.702822641853319441e-01
-4.623498448230766833e+00 1.252717271566207602e+00 -1.343686608518826375e+00
-4.354011746698320806e+00 1.377274539978432522e+00 -1.413986617995885764e+00
-4.683850707932290192e+00 1.656081652802832593e+00 -1.617633116319750819e+00
-5.833790941326986612e+00 4.059934850902945924e-01 -1.849356618984162148e+00
-5.286904060200889433e+00 1.453668249934082057e+00 -1.471140397938871303e+00
-4.087921210376284975e+00 2.153788240555882361e+00 -1.505871474386337505e+00
-4.308764074864527949e+00 8.424462145161502047e-01 -1.250945458324767445e+00
-4.415676056151641937e+00 1.184821536503142925e+00 -1.494566796651828344e+00
-4.138778014926749904e+00 1.106425073032343720e+00 -1.351757330613779118e+00
-4.515081151775276247e+00 1.195886879185639629e+00 -1.398706998382567512e+00
-4.757480448684971108e+00 9.451630286126622149e-01 -1.291528716170323277e+00
-5.079463653648536692e+00 1.490595976721144744e+00 -1.254663377565087945e+00
-4.927149446415451273e+00 8.500809378615998835e-01 -9.471696797208951635e-01
-4.837359889045684369e+00 8.572350043729096702e-01 -1.108348056568473128e+00
-4.370131877871928694e+00 1.705457028119100604e+00 -1.330716208300330550e+00
-4.705909741750052611e+00 1.059017842375042928e+00 -1.473538248036128762e+00
-4.689297779883958128e+00 1.389885685667126891e+00 -1.141171899202445994e+00
-4.956718113397339032e+00 9.445653883643658766e-01 -1.253740374259373125e+00
-4.586688203743166881e+00 1.153672065947200842e+00 -1.332999581908482334e+00
-4.799890354355046185e+00 7.399900628519864298e-01 -1.182069012185405388e+00
-5.523794624281318733e+00 1.922984868792556368e+00 -1.178179308415301163e+00
-4.727215743316703467e+00 1.312953847893450821e+00 -1.233584185566245495e+00
-5.278583619690374817e+00 1.169922737818183345e+00 -1.757789706051344991e+00
-4.470423664334465030e+00 7.433439992369352822e-01 -1.015243206587367109e+00
-3.877440111072218976e+00 1.155597860936818488e+00 -1.336292525793686181e+00
-5.094587392606884535e+00 9.852047809486432772e-01 -1.239534381760711623e+00
-5.187757644866416662e+00 1.176877788545140691e+00 -8.904511887818417071e-01
-4.778253484649163774e+00 1.742265220935599546e+00 -1.555723799267755725e+00
-4.703118696294704471e+00 1.255389057605627912e+00 -1.512093000477736204e+00
-4.955338073471938998e+00 1.105223277924270997e+00 -1.485264032599680428e+00
-4.738243819866991835e+00 1.383203114012840462e+00 -1.496467389610992349e+00
-4.673719061274732134e+00 1.392546312364047578e+00 -1.313210336396246181e+00
-4.560379506883525558e+00 1.674721730385726692e+00 -1.361060915779140013e+00
-3.916658885560776682e+00 1.246390194174233246e+00 -1.239265600840026460e+00
-4.872965338900474563e+00 9.243872575425732263e-01 -1.156146864118002826e+00
-4.477058165372090670e+00 1.027519938994949422e+00 -1.420758028645466853e+00
-4.516629152653242940e+00 1.620690253003147063e+00 -1.307049602966422253e+00
-5.149764861996369625e+00 1.036319142346246558e+00 -1.154471785895857083e+00
-4.523256690394240387e+00 1.419203487102324690e+00 -1.550021969271449862e+00
-4.468369359713263655e+00 7.134623903283472401e-01 -9.506812215223952034e-01
-4.244739122153590394e+00 1.107715241382077442e+00 -1.424005852648463577e+00
-4.346593200751436292e+00 1.263440439977489227e+00 -1.173784285075329725e+00
-4.650573990293552562e+00 1.265489113702709778e+00 -1.255479137162101688e+00
-4.278887545692127148e+00 6.157278686096316900e-01 -1.179355358371001916e+00
-5.113079695192046081e+00 7.616341681700354860e-01 -1.110088973639858922e+00
-4.994951191438043558e+00 7.225568543983194036e-01 -1.017314854038460448e+00
-5.355717458430944156e+00 6.103966131170179832e-01 -1.112672263944621376e+00
-4.986630025684141820e+00 4.314014178548111200e-01 -1.211474611901470988e+00
5.142149840283458673e+01 -2.058787271354927384e+01 8.908644216163974505e-02
-4.950338569258987853e+00 8.170604311248340634e-01 -1.442768933474274595e+00
-5.219379447694572072e+00 1.148422137764111728e+00 -1.213848735616504859e+00
-4.841407161820002081e+00 1.162840384280828587e+00 -1.203443828791256331e+00
-4.088453099196911467e+00 1.074344235365708888e+00 -1.234205081619909494e+00
-4.806213195905407076e+00 4.907565642887591340e-01 -1.264843400665454753e+00
-4.691846144639054472e+00 1.112989403498515495e+00 -1.144231514455475329e+00
-4.792204274873495429e+00 1.105598057799716427e+00 -1.394183735254537870e+00
-4.593377240964147568e+00 1.276940194214357893e+00 -1.374732257501157351e+00
-5.027461297983681021e+00 2.166733313432824826e+00 -2.043819859216773338e+00
-5.206056055658031312e+00 -2.068261974299277772e-01 -1.330899048577417920e+00
-4.039875213115836416e+00 1.434444467057913952e+00 -2.043957551998719868e+00
-3.801975041365865504e+00 6.559594397142289868e-01 -5.371517520079041041e-01
-4.583360166907636035e+00 8.967401472455702738e-01 -1.695050745323781749e+00
-5.241700017799566957e+00 9.014357518899223098e-01 -1.385561108527901819e+00
-4.311437012047231399e+00 1.446969214057960196e+00 -1.236847471364086681e+00
-5.149856356375310362e+00 1.132212886650808326e+00 -1.273477725142913908e+00
-4.459971484905869588e+00 1.269955141064091686e+00 -1.301800810777031359e+00
-4.528354557429004501e+00 1.410710322219885793e+00 -1.277474424791538832e+00
-5.851884844111806316e+00 7.762233166782736005e-01 -7.750973542757686463e-01
-4.206690671224536437e+00 1.157290871733461790e+00 -1.293892680257453964e+00
-4.819076713704531834e+00 1.260482275886463110e+00 -1.170192309806855402e+00
-4.075842255170308626e+00 1.117167350258900793e+00 -8.654435562478983712e-01
-4.701282219456158984e+00 1.235269514805125146e+00 -1.125393755732837064e+00
-5.687513308691859670e+00 8.523027433115493157e-01 -3.660473598755669689e-01
-4.528051334500364788e+00 2.416040789683139567e-01 -1.346079461515730991e+00
-5.436608669379360492e+00 1.176904903195973295e+00 -1.153673194124138268e+00
-4.661182795982479199e+00 1.539027665283394075e+00 -9.116076990718844364e-01
-4.600772191113141396e+00 1.441477393768917592e+00 -1.312794754170431233e+00
-4.410791545401472113e+00 9.804582202062370744e-01 -1.232420817187334539e+00
-4.680656074759280472e+00 1.569512623593735556e+00 -1.353770836011494172e+00
-4.241574886138145040e+00 1.128025177315133076e+00 -1.793795444518532012e+00
-4.692834118488040218e+00 9.698250911300526633e-01 -8.879478401898422968e-01
-4.565432333622082339e+00 1.199393085354255595e+00 -1.453447151052614128e+00
-5.066534624702097922e+00 6.882847181508365830e-01 -1.613959325815039092e+00
-5.630993387640770287e+00 1.506239290425615662e+00 -1.157041848981318344e+00
-4.765727172194800687e+00 7.393541598224464551e-01 -1.236013284678966651e+00
-4.470290000456157209e+00 1.069597104762412432e+00 -1.467725286072450119e+00
-4.303266455165954518e+00 1.198483052965736873e+00 -1.476662162129300793e+00
-4.429731398853148150e+00 1.209768708399003190e+00 -8.632066152467803288e-01
-4.515840800679945310e+00 1.461322783570127459e+00 -1.562689508759585566e+00
-5.084966423655857604e+00 1.332794235940229166e+00 -4.584218296056973285e-01
-4.929382400397050112e+00 1.470704980743680057e+00 -1.533616431711013917e+00
-4.282501169424935306e+00 1.262428918346737206e+00 -1.214860497995827959e+00
-4.993737178287092959e+00 1.115968605874897657e+00 -1.185541436074950994e+00
-4.589695443040789691e+00 1.034810689803516759e+00 -1.173983989633453184e+00
-4.657253033267902964e+00 1.055571010633384876e+00 -8.940734222731497871e-01
-4.644581491082757196e+00 1.863736186540152495e+00 -1.930436919642481097e+00
-4.401185981588141338e+00 1.141322066704233640e+00 -1.438674328759117937e+00
-5.024690382960407931e+00 7.192957801756943992e-01 -1.274389595464393565e+00
-4.394778848358201984e+00 9.433067339754466207e-01 -1.295112416157641277e+00
-4.732522296674478213e+00 1.198922509330014874e+00 -1.335059707766039105e+00
-4.566589753272314312e+00 8.282264785186008726e-01 -1.197091722379269196e+00
-4.652383152440501490e+00 1.321504641944585945e+00 -5.847317414813867353e-01
-4.633830967870299133e+00 1.642188093699340712e+00 -1.431737030276932554e+00
-4.708253350476646837e+00 1.302928661648975250e+00 -1.072911833579804020e+00
-4.528296851199297812e+00 1.206904302018288355e+00 -1.326163462586541941e+00
-4.558371289992150466e+00 1.550251268654885273e+00 -1.218639843223487729e+00
-4.208826567584634581e+00 1.427528198966868889e+00 -1.395865820867819629e+00
-4.799954409525233778e+00 1.183837174991891006e+00 -1.230502232583718047e+00
-4.964172260357917033e+00 1.348637290795616117e+00 -1.562938802182589848e+00
-5.586866668051339246e+00 6.774997228470815980e-01 -5.625067920697135460e-01
-4.083063497517260387e+00 1.346690039675944028e+00 -1.489828820925321207e+00
-4.674575381603601087e+00 1.357865355536904239e+00 -9.491580487519033493e-01
-4.599863424630493469e+00 2.258108665422069006e+00 -1.497224769193924221e+00
-5.144046168008568287e+00 1.269763135965066736e+00 -1.235186749415676744e+00
-5.322245081943716372e+00 1.494923932265812327e+00 -1.439795419403964161e+00
-4.342413912346970051e+00 1.060739726952977247e+00 -1.495006670371581636e+00
-4.760112091739460816e+00 1.133636617545848768e+00 -9.649910142218164344e-01
-4.848000922384960276e+00 9.177364504491539732e-01 -1.210789958457693105e+00
-4.766397055273919214e+00 8.330481251649999308e-01 -1.286145334028145237e+00
-4.564557740162104693e+00 2.005220627290857038e+00 -1.614571386376959961e+00
-4.432868717934748126e+00 1.374371203292892085e+00 -1.394336046554344399e+00
-5.052701464695003253e+00 7.812810855056598891e-01 -1.319812015679995287e+00
-4.590640885992856468e+00 1.150645537240042593e+00 -1.327265867563039325e+00
-5.437396946701865019e+00 1.741215734924215219e+00 -8.973800847195512187e-01
-4.478858844189334221e+00 1.248895551919589009e+00 -1.624673189438172294e+00
-4.786129858470046905e+00 1.613410676216438633e+00 -1.627418031687755340e+00
-5.236685448029309242e+00 4.349267453925793614e-01 -7.482150488953686063e-01
-3.825073200065791656e+00 1.036504230869900400e+00 -1.100909544954301378e+00
-4.444105944856358015e+00 1.413101720436285014e+00 -1.196291254378606617e+00
-4.586771916821903439e+00 1.276464257060314189e+00 -1.271157885504567986e+00
-5.198490642567909603e+00 1.583363279549102609e+00 -1.360735275886852946e+00
-5.421025707057432363e+00 1.048413183002319560e+00 -1.215147696929174570e+00
-5.013105518755592627e+00 1.570886957300167364e+00 -1.321280875452564674e+00
-4.257447623971061468e+00 3.648607260971827304e-01 -8.786098585187059884e-01
-4.507596182338527768e+00 7.852357766788699012e-01 -1.216172566675874034e+00
-4.557456940654693867e+00 7.164965016079547500e-01 -1.296092201054793946e+00
-4.988575167062657911e+00 8.098589144823318264e-01 -1.200626922300976895e+00
-4.564112678489634867e+00 7.359521080954058991e-01 -1.259635482744955182e+00
-4.932263136515881996e+00 1.445177770199858269e+00 -1.292135804098972107e+00
-6.181373965627563472e+00 1.127569828233644600e+00 -9.279499287358673465e-01
-4.331598893515656634e+00 4.996028610827369376e-01 -2.410167128493629463e+00
-4.825237865238729995e+00 1.190722916076980331e+00 -1.570627433914000060e+00
-4.818574758855836748e+00 1.153932566112829461e+00 -1.331257761954854235e+00
-4.919152383098357895e+00 1.117473342498981115e+00 -1.305615616039169868e+00
-5.185770811713537931e+00 1.418401137850658023e+00 -1.254306028197117229e+00
-4.323410650447279124e+00 9.314803236814626075e-01 -1.365601724104894998e+00
-4.645094588953288195e+00 1.572106150144445547e+00 -1.205485758662780515e+00
-5.010808546453977996e+00 1.034670935002984349e+00 -1.229436876858756467e+00
-5.301627729649235121e+00 1.275914899218966836e+00 -1.317735783790571213e+00
-5.044162768652235229e+00 1.112567268479961458e+00 -1.361960625800453073e+00
-4.509090705464544158e+00 8.876798421132942041e-01 -1.029067497120893959e+00
-4.486129907095367741e+00 1.141247427666161052e+00 -1.252883883740068871e+00
-5.060665491869603017e+00 1.671012317060850849e+00 -1.532545861113021823e+00
-5.093997174238919179e+00 1.503956604984244105e+00 -1.122835325785413119e+00
-4.270457273433304834e+00 1.057991424915615708e+00 -1.349973419230117599e+00
-4.697146214951885668e+00 1.086405885882766764e+00 -1.171216963062054361e+00
-5.156124343654911790e+00 1.215582776800460785e+00 -1.277255051610788117e+00
-4.839762336350368344e+00 9.216054316445897454e-01 -1.215912481568188763e+00
-4.286870076434183829e+00 1.021719527507651382e+00 -1.173975658364254437e+00
-4.539004706484274898e+00 8.266687915473834858e-01 -1.946383962676956125e+00
-4.499306694985270916e+00 1.542634012161855139e+00 -1.546433955306640851e+00
-4.234823290343814328e+00 1.169993672559985098e+00 -1.141184700274805008e+00
-4.137107213167192654e+00 1.340308049802162671e+00 -1.161150115756868884e+00
-4.988715780853826942e+00 6.874697052375013939e-01 -1.240727915633106804e+00
-4.563739893929886549e+00 1.439912171621564596e+00 -1.205109931965602899e+00
-4.092524364395086600e+00 8.124552764411211436e-01 -5.813699122068669567e-01
-4.925029724760880079e+00 9.822945552213608877e-01 -1.316775258467210108e+00
-4.359402548361309471e+00 8.898616968722954379e-01 -1.687219765221245282e+00
-4.798752162540918853e+00 1.054402849988663737e+00 -1.645403373349865417e+00
-4.765262991068422771e+00 1.195967605073504858e+00 -1.758545443883129611e+00
-4.526586172383280982e+00 6.792850088399771114e-01 -1.107388315442256355e+00
-4.550532368169358577e+00 1.594836108223673055e+00 -1.366667826334317937e+00
-4.551053397522772492e+00 1.143356303524522222e+00 -1.496458789166587922e+00
5.145645089553837437e+01 -2.760187535776842083e+01 -7.117917041970271974e-01
-4.357589422635106402e+00 1.251186771970601574e+00 -1.385023919931340330e+00
-4.280098790452274926e+00 1.234229245056214674e+00 -1.438780428876144324e+00
-4.321142242785758647e+00 8.868377329114645047e-01 -1.360086657813880828e+00
-4.490600554014850587e+00 1.400469661729317083e+00 -1.073670513044850061e+00
-4.322120069619086458e+00 1.381323918839752363e+00 -1.256143498159601135e+00
-4.456506712351037791e+00 1.601187895687424145e+00 -1.269539900243770614e+00
-4.506070415770579096e+00 1.140362086774374450e+00 -1.009714518475682832e+00
-4.816425732551046224e+00 1.237033291450396089e+00 -1.308478673017195115e+00
-4.002245200257081414e+00 1.542421050555496498e+00 -1.376959308852017561e+00
-4.724679750038928816e+00 7.880937099678591018e-01 -1.516837729832769543e+00
-4.264918481694191854e+00 1.011199480001875761e+00 -1.054303561528981303e+00
-4.812157085608587792e+00 -8.915900426473909179e-02 -8.404023473852683113e-01
-4.688910105035021481e+00 8.812911309112717584e-01 -1.219645285838523607e+00
-4.118185671650671509e+00 9.489995426977226867e-01 -1.268077345096374264e+00
-4.624374139291565378e+00 1.278186759991218224e+00 -1.322024636628142069e+00
-5.294560528358934093e+00 1.283430036524603857e+00 -1.435831586701763696e+00
-4.155593994625268017e+00 1.238826518178092195e+00 -1.513317927859340495e+00
-4.493146220699779647e+00 9.622790866351556005e-01 -1.615121464743734414e+00
-4.476160816001966580e+00 1.126856095954486880e+00 -1.450198201740710680e+00
-5.075137607699701903e+00 1.267834657907890072e+00 -1.390008867787055014e+00
-4.424985723160221873e+00 1.375307032197766288e+00 -1.314795669261721756e+00
-4.918536763764940645e+00 8.231400534381253520e-01 -9.487713285644105987e-01
-4.539619444031536943e+00 1.533165528293657820e+00 -1.278301513730804029e+00
-5.006538295354686419e+00 1.309628335349541484e+00 -2.221334781542974479e+00
-5.685383162361085319e+00 1.969433745590247087e+00 -1.994977467212529332e+00
-4.505345189352787827e+00 1.322201990834262153e+00 -1.208056588688846356e+00
-5.125549450168975341e+00 9.363317130375000685e-01 -1.246917784422344466e+00
-4.764460806177550189e+00 1.710782941060175366e+00 -9.473467527987071701e-01
-4.642475003388524257e+00 1.223437822539091613e+00 -1.281140050067711700e+00
-4.114620822681280821e+00 1.234798527571354221e+00 -9.332537836621108696e-01
-5.093986476024526588e+00 1.309055631234911310e+00 -1.391401496414144123e+00
-5.186128645186572683e+00 8.270053533573348270e-01 -1.172992365294469153e+00
-4.608378681868352089e+00 7.328308304928644601e-01 -1.450564308635171828e+00
-4.080278270483241876e+00 8.517221950000903874e-01 -7.251353720521450663e-01
-5.026008340828354903e+00 1.005184049934876034e-01 -1.568373239824237375e+00
-4.680738233337204512e+00 9.274459370588644669e-01 -1.260270734691011807e+00
-5.312100568011683954e+00 1.126986695912461478e+00 -1.289424247429922898e+00
-4.231600114361990350e+00 8.566781053247168876e-01 -1.203531996722776443e+00
-4.647575188417129688e+00 7.106768384838551000e-01 -1.008892907379100867e+00
-4.347224667553324373e+00 1.361412992425129920e+00 -1.360352032826207536e+00
-4.287375374484264867e+00 1.306859382715885198e+00 -1.371304502314131479e+00
-4.673337349311200484e+00 1.368128615493072964e+00 -1.290443951288402946e+00
-4.396522826767361281e+00 7.552701234628951266e-01 -1.284386671641715827e+00
-4.354582630652489073e+00 1.401916515879437553e+00 -1.062249398755037655e+00
-4.611557735550364967e+00 1.691158740451955245e+00 -1.361815661264057065e+00
-4.063829780334691222e+00 1.284691233273887123e+00 -1.553290926189612842e+00
-4.461095418713791005e+00 1.418833039467058965e+00 -1.284027810003637748e+00
-4.569326539264329412e+00 1.376353428818682501e+00 -1.299402443291680198e+00
-4.880234161209852317e+00 1.979342538375240546e+00 -1.204468611079762441e+00
-4.526011721351168582e+00 1.095485652285109968e+00 -1.617940377623193315e+00
-4.404778882513265437e+00 6.402638975646460784e-01 -1.255266977489339908e+00
-5.045707628053118121e+00 1.047205044659803352e+00 -1.332277470691399124e+00
-4.589699246033923430e+00 9.219877467996471232e-01 -1.340466163518157616e+00
-4.842347948578479055e+00 8.046666500746855188e-01 -1.924799268039240063e+00
-4.373121432465152836e+00 1.002520016262818281e+00 -9.618306105606290179e-01
-4.675616395336688491e+00 6.463352996318626476e-01 -1.432409230952920165e+00
-4.767010882054416143e+00 1.111788508227596672e+00 -2.020261315204708641e+00
-4.584238005253759241e+00 1.447748014042580911e+00 -8.323655313145781331e-01
-4.422116097592658335e+00 1.244611517466094996e+00 -1.420527243359549718e+00
-5.181613288864473255e+00 2.115677209153297156e+00 -7.634634357006805372e-01
-4.635991235046964754e+00 7.788860617362101113e-01 -1.402681873963170567e+00
-4.251900188313791240e+00 8.243121857368347349e-01 -1.102914836378739105e+00
-4.286123503595646866e+00 1.271471273480011099e+00 -1.875551552580386083e+00
-3.980314478796441069e+00 1.562554765517468303e+00 -1.477591519097615880e+00
-3.934758141126157849e+00 2.016070043730753270e+00 -1.920370323827906622e+00
-5.107055910241763641e+00 1.282293794099654605e+00 -1.557653432860676368e+00
-4.881556338339859913e+00 9.977535925969909236e-01 -1.262988125185785071e+00
-4.344033544320020646e+00 1.321953066618683836e+00 -1.204517093910926206e+00
-4.372611382852147344e+00 1.239381457439155065e+00 -1.180892002120598194e+00
-4.226520172341422743e+00 1.048628772987454605e+00 -1.490509383873788840e+00
-5.109161109676473522e+00 1.292172089607896535e+00 -1.249834596509594054e+00
-4.807125525039803726e+00 1.177783445256344264e+00 -1.397969041829599579e+00
-4.101551999412125227e+00 1.533149869368364948e+00 -1.520268884360884698e+00
-4.378773064824978967e+00 1.273474655606253725e+00 -1.120417974350114809e+00
-4.724084032114836518e+00 1.457984917330201524e+00 -1.663169235222791587e+00
-5.046713675984607406e+00 1.060811387434240416e+00 -1.271861913802623034e+00
-5.068875996884979251e+00 1.381362590294595183e+00 -1.260095380388769337e+00
-4.768893203224734201e+00 8.234319847453153152e-01 -1.164208641552713752e+00
-5.261726868349748898e+00 1.025540189491783938e+00 -1.152059728449473575e+00
-4.960982689281084212e+00 2.768519395488684975e-01 -1.449671586852639305e+00
-4.682090026575186137e+00 1.508643549275372253e+00 -1.436296464139527274e+00
-4.705047003862446786e+00 1.525021486042807961e+00 -1.209542740621709189e+00
-4.855202528338164569e+00 1.209702800008800816e+00 -1.350680145182747927e+00
-5.168781105149438559e+00 1.400128881287677096e+00 -1.159990462147226786e+00
-5.388790023161933895e+00 1.388685494578399071e+00 -1.350533480700804034e+00
-5.470020729312190078e+00 7.302444492128268294e-01 -1.202068195783458915e+00
-4.727349721603258281e+00 1.424820942820568259e+00 -7.944299631250486549e-01
-4.619090927798333190e+00 1.158558094111870274e+00 -1.410084850519740085e+00
-5.183949244778806253e+00 1.028707169796724274e+00 -9.458136074719656339e-01
-4.487124747579621875e+00 1.374137135026445744e+00 -9.503962086726217562e-01
-5.055185324770262945e+00 1.040491993919874236e+00 -9.257762203323025574e-01
-4.850500226994881814e+00 8.964610992421213620e-01 -1.342853447791184651e+00
-4.416306545680111384e+00 2.418965280951568264e+00 -2.164115066980224711e+00
-4.407376157238420689e+00 1.121941403908582879e+00 -1.218137673110124330e+00
-3.901939973646952442e+00 1.490318636221337867e+00 -1.091938775618113588e+00
-5.281943984300951911e+00 1.096092615929867176e+00 -1.255081474712881340e+00
-4.777633732503505648e+00 1.457637255809702159e+00 -1.046146596083251223e+00
-4.618094712842061078e+00 1.091933671308955800e+00 -1.362482503761317520e+00
-5.388310262557956420e+00 1.128677085676740077e+00 -1.170205508698023422e+00
-4.716745616666615959e+00 1.426561263921721112e+00 -1.648136295510451488e+00
-4.831248676048373270e+00 1.236903727696629485e+00 -1.180516071787969024e+00
-4.219388841682236269e+00 1.466177955051422899e+00 -1.254353214442488040e+00
-4.625780217586063614e+00 2.492141176759187227e-01 -1.161290952579775437e+00
-4.097515839351042466e+00 1.026173586478765110e+00 -8.673296552068753273e-01
-4.267601745747381159e+00 9.618269626645761239e-01 -1.374530150891284830e+00
-4.860100882937951283e+00 9.969423843908292726e-01 -1.180736209374349421e+00
-5.286898198970273022e+00 1.294127898684879874e+00 -8.786274117353196633e-01
-5.042961826373568712e+00 1.123909685051587060e+00 -1.332733902423910655e+00
-4.602826069934376818e+00 1.952632318892219221e+00 -1.134267241456405007e+00
-3.959857088437282346e+00 9.525367065087529950e-01 -8.385599276974904370e-01
-5.243797582753133568e+00 9.811223461600546702e-01 -1.318310132323280870e+00
-4.669784974956552759e+00 1.064895846461987539e+00 -1.787133467107219653e+00
-4.876618485255047375e+00 1.043395958219914377e+00 -1.315247090336986835e+00
-5.359934230930033294e+00 1.115180038841681265e+00 -1.434351594200191649e+00
-4.762224504987704776e+00 1.263009676058924002e+00 -1.400278851406467240e+00
-4.862888666469100230e+00 7.920485623455200130e-01 -1.386723864569819664e+00
-5.279563405562818446e+00 2.815669028661857420e-01 -1.095013030740264126e+00
-4.892216922538312751e+00 1.648875199863136132e+00 -9.197349638121964377e-01
-4.751290961693163339e+00 2.666387034289078861e-01 -6.361170394141053563e-01
-4.164491781081776089e+00 5.848460390532566056e-01 -1.518208197827140893e+00
-4.338844657104650615e+00 1.441646629282005598e+00 -1.123530885496019538e+00
-4.254225069223318556e+00 1.228438287596146816e+00 -1.364777437574095309e+00
-4.720456158525977663e+00 1.066823743607586250e+00 -1.345920171760681683e+00
-4.428428741842145300e+00 6.568672526005273626e-01 -1.643041228137531062e+00
-2.636058940424092256e+01 -5.804896831422637860e+01 -6.600355811607616641e-01
-5.050711486078292012e+00 1.291769830945690867e+00 -7.307449371850619491e-01
-5.240715211858695710e+00 1.022863117983950465e+00 -1.385274150824459705e+00
-5.320965368201276746e+00 8.581969849939520278e-01 -1.023168847451572994e+00
-5.088255875178496979e+00 1.100618102640527507e+00 -1.323620129474963436e+00
-4.661665661863775512e+00 1.394925752193712620e+00 -1.542475363391308862e+00
-4.370414970792507958e+00 1.198003504757532367e+00 -8.563817832047315726e-01
-5.050972080227895233e+00 1.098975562462330080e+00 -1.292339495509464697e+00
-4.684425553685758636e+00 1.096748327242319521e+00 -1.126336940356521987e+00
-4.820034258772493807e+00 1.657084632247683986e+00 -1.412093427824696157e+00
-4.480616850854707955e+00 1.414838892174647755e+00 -1.383788390614332231e+00
-4.484118800584939279e+00 1.131745075585091742e+00 -1.236812113827273185e+00
-4.685687217992798637e+00 1.658677640842663781e+00 -1.477359995895285660e+00
-4.833378703812678090e+00 1.691510906214309662e+00 -1.628954217562573747e+00
-4.905844409080936330e+00 1.020091886191824893e+00 -1.210987480120979232e+00
-5.124246414793381277e+00 1.352831342788749280e+00 -1.175311245383130254e+00
-4.785697625712687753e+00 1.286864046274536655e+00 -1.222145896809524013e+00
-4.434044705777687945e+00 1.494380378902857132e+00 -1.016730882986001561e+00
-4.871479839230160813e+00 8.383228142719508780e-01 -1.273264591384967614e+00
-5.258290486033332378e+00 1.579492173373863162e+00 -1.089845224902961540e+00
-4.777378599684826810e+00 9.332497441243730041e-01 -1.225597886143336979e+00
-4.578728039539935679e+00 7.475237057374629623e-01 -8.865618166868634020e-01
-5.491546335593173289e+00 1.327432613417006468e+00 -1.276574799888416267e+00
-4.906424844421819920e+00 7.944424565936419880e-01 -1.203926483017636384e+00
-4.289618001428523009e+00 1.181826320353428939e+00 -1.236967733585410345e+00
-5.376917980209891645e+00 1.525205321043880513e+00 -1.200193577450592741e+00
-5.334456867187534534e+00 1.404224730475344352e+00 -9.718814996892208846e-01
-5.340451181039307826e+00 5.146702959886415574e-01 -7.045989773022280911e-01
-4.295870339555436956e+00 1.985941896530508899e+00 -1.226621299160689071e+00
-4.851330928590819269e+00 1.514794574862825094e+00 -1.153023419782488901e+00
-5.134227448920470671e+00 1.027803429948355607e+00 -1.413298204726110230e+00
-4.959405019330811015e+00 1.096461471726087655e+00 -1.339923368338317600e+00
-4.122120408792790514e+00 1.411814803801501261e+00 -4.201768378231483525e-01
-4.806116797151538833e+00 1.242226086275196151e+00 -1.282202147383768587e+00
-4.737655879191419395e+00 6.780566145057168592e-01 -9.756908304266858067e-01
-4.388687089262246488e+00 5.053904291927008297e-01 -1.720906676414961867e+00
-4.417735189838006171e+00 6.577909497200938871e-01 -1.295059019346112006e+00
-4.285790454682224748e+00 1.804158549538968037e+00 -1.302539320798074884e+00
-4.571711030927579245e+00 6.438464723885165553e-01 -1.193195483880361563e+00
-5.227207082020028928e+00 1.295884466838903126e+00 -1.504401045841581741e+00
-5.062217568124375511e+00 1.123621949178950752e+00 -1.393332056483217229e+00
-5.840609213250160359e+00 1.519170970329888570e+00 -1.416562624820270511e+00
-4.763717415946634226e+00 1.218520254458750118e+00 -1.779393168297727978e+00
-4.668154198452437065e+00 7.017828336452930360e-01 -1.318066534709744220e+00
-5.102324942549624431e+00 1.266655441502770651e+00 -1.323061731844110911e+00
-4.863002571440325106e+00 9.417595136797521915e-01 -1.263542464500859053e+00
-4.659951293730681066e+00 1.208734720069409851e+00 -1.365029883212636852e+00
-4.512953493112577874e+00 7.619275097675654029e-01 -1.286579186114880313e+00
-3.484330091634038506e+00 1.486224208772216837e+00 -1.273139511860057693e+00
-4.088057483204511122e+00 1.304849343672410011e+00 -1.317454663379473256e+00
-4.569741081402755256e+00 1.548793460882801787e+00 -1.001510755076529868e+00
-4.956522982469108385e+00 9.918791511187183829e-01 -1.385307390777196668e+00
-5.389362192672852991e+00 1.212390315679800823e+00 -1.244542928480051547e+00
-5.167246874699375603e+00 1.271766171284656410e+00 -1.139895228740360533e+00
-3.963309329254085078e+00 4.623614490736624449e-01 -1.465628511271647616e+00
-4.632527528960693530e+00 1.642759425407839924e+00 -1.308734997891085383e+00
-4.738854273272012030e+00 1.942312075331911414e+00 -1.254318015733606240e+00
-5.074750769789925009e+00 1.663954620804805495e+00 -1.182420212838215523e+00
-4.301716338987137789e+00 1.219071658699566685e+00 -1.393268386932228875e+00
-4.549271832937955118e+00 1.202602585183881301e+00 -1.108233142294098084e+00
-4.710382599575936524e+00 1.074893491922865874e+00 -1.355119331914841130e+00
-4.490766156444481183e+00 1.197911241163808649e+00 -1.240267521392467653e+00
-4.325874314011522337e+00 6.939869625804979680e-01 -1.192500308910158457e+00
-4.266316145030912388e+00 8.760530836333962901e-01 -9.769424347553313792e-01
-5.212481995534583135e+00 8.232627781392908295e-01 -1.101163818832724628e+00
-3.851914672471751899e+00 9.378273499825753312e-01 -1.535140121956650061e+00
-4.743498238787394961e+00 1.046033824251144662e+00 -1.326221424685681827e+00
-4.188825778810240763e+00 1.267066190539025250e+00 -1.193816941528843767e+00
-4.712614938086495009e+00 1.663626376318541933e+00 -1.230511571382729930e+00
-4.572463121014671117e+00 1.719947008694363788e+00 -1.733561389236181194e+00
-4.926220137624636841e+00 1.436461425632477251e+00 -1.242710514531092603e+00
-3.926227527439057674e+00 1.371524311180585265e+00 -8.775039559969630698e-01
-4.979578804718737928e+00 7.412400938059423572e-01 -4.921851823786659863e-01
-4.778450436784844158e+00 2.280563169590400285e+00 -1.281952960015776855e+00
-4.238824824498599320e+00 9.870742438863234769e-01 -1.227223963724712874e+00
-4.835669247943780391e+00 2.146412232155085587e+00 -7.150249969978632603e-01
-4.523192779693364862e+00 9.938613924086806550e-01 -1.273818411894884761e+00
-4.591271105721535406e+00 8.183726613064398192e-01 -1.157287442347383566e+00
-5.035145654679856086e+00 8.720790668955550329e-01 -1.247363624300120932e+00
-5.069234627825137451e+00 1.215891454264142135e+00 -1.207472979239220479e+00
-4.868000857426043382e+00 1.005147243733928164e+00 -7.649460619945546158e-01
-4.323324545058091495e+00 5.742015665243954681e-01 -1.305229277480240313e+00
-4.947713720722055619e+00 8.238845052351317921e-01 -1.104868849446932089e+00
-4.817516608179704285e+00 9.438935298304870214e-01 -1.348760918118959262e+00
-4.843630606655356274e+00 1.630539810732355432e+00 -1.361160384057003681e+00
-4.944155807969405458e+00 1.457615188051696764e+00 -6.563830631548048800e-01
-5.002726948630075832e+00 9.247820055091532376e-01 -1.541859663040639372e+00
-4.844617745651484952e+00 1.269876549751027817e+00 -1.401186002394924968e+00
-4.911048136725582935e+00 1.561199820024559592e+00 -1.255598162135721063e+00
-5.058858153779033806e+00 1.028269488139488486e+00 -1.270127096117512844e+00
-4.504591061234614280e+00 7.970744056373876285e-01 -1.288369380204674730e+00
-4.795142946240463111e+00 1.042018105750215140e+00 -2.066414285434558629e+00
-4.674371264086405908e+00 1.198431913725964915e+00 -1.366308462382890943e+00
-4.460764859476234356e+00 1.532020682099441311e+00 -1.266210414773946358e+00
-4.459504428620681082e+00 1.487471756309994397e+00 -1.298478265132303688e+00
-4.323207900393484238e+00 1.176800881080725558e+00 -1.429060814890898312e+00
-4.593008208125795022e+00 1.911836269691242318e+00 -2.181182933406145885e+00
-4.413079303726771485e+00 8.090974642663264493e-01 -1.303397628615787562e+00
-4.922681044250166948e+00 1.163672557739743318e+00 -1.414806321928340438e+00
-5.043975669544564333e+00 1.112314112597459825e+00 -1.574797206496781232e+00
-4.643640863161054178e+00 1.187270653692084732e+00 -1.245191774399694751e+00
-4.795421452992379763e+00 1.132317955697773826e+00 -1.421615038325223956e+00
-4.883216110549156497e+00 1.695178406583054187e+00 -8.190913538347592837e-01
-4.874011054800678089e+00 9.937137090163293829e-01 -1.604205594245513122e+00
-4.170396176235560581e+00 1.114193820226649034e+00 -1.355904785244256283e+00
-4.467962916837833198e+00 5.016605249020699153e-01 -1.138433583405305427e+00
-4.399856976793414809e+00 1.286129444557310597e+00 -1.040873845812329668e+00
-4.643904131779972744e+00 1.291282080173036473e+00 -2.056063995911462161e+00
-4.301387767389618588e+00 9.750929111757017376e-01 -1.875350335653599876e+00
-4.199224440773178912e+00 1.096672112875753946e+00 -1.288832321259490099e+00
-4.397310097564340658e+00 6.972673405825201565e-01 -1.083939361733569529e+00
-4.573021243307460182e+00 1.361026410936399644e+00 -1.060300505210594046e+00
-4.449539106669313071e+00 8.346930669662118163e-01 -9.101352798165414093e-01
-5.132960352335451226e+00 9.457558547218167799e-01 -1.655359476326830004e+00
-4.576564692606161167e+00 1.573137984661431954e+00 -1.423042797676844051e+00
-4.350370430788800924e+00 2.009883541169810606e+00 -1.165285006672281298e+00
-4.251831491708370159e+00 1.388294675780066934e+00 -1.172562866085049782e+00
-4.405028603120139330e+00 1.170169769976852070e+00 -1.399872073270454154e+00
-4.903625887624134982e+00 1.252296940319562291e+00 -1.218625765665730887e+00
-4.274145009011689922e+00 9.060872984792608387e-01 -1.344726082710090198e+00
-4.564476248440016981e+00 1.151445171605566919e+00 -1.507288048616315601e+00
-4.920851845621683651e+00 1.410845588308424103e+00 -1.202826684328890394e+00
-5.412403295785853885e+00 9.382246963894723679e-01 -7.713158401090026706e-01
-4.625729997288418716e+00 1.088578264691546948e+00 -1.371409057727906333e+00
-4.933450194966521707e+00 1.995194766506066530e+00 -8.730860083703749774e-01
-1.015966742663411715e+01 -6.592804984116824585e+01 -7.523885692792182667e-01
-5.300465319077602544e+00 1.762211956337093044e+00 -8.317320445099964099e-02
-4.405754222878758064e+00 1.312971768653372173e+00 -1.556624451164697387e+00
-4.148039132485587643e+00 1.399659246111955468e+00 -1.232335695192492642e+00
-4.788585223699972637e+00 8.228573295720721381e-01 -1.582116447224091393e+00
-4.286458229372656525e+00 1.157207343612528527e+00 -1.281627221489890278e+00
-4.952321261437198530e+00 -5.370859242986780746e-02 -5.299364358278614295e-01
-4.869683390303439552e+00 1.328351864830733753e+00 -1.183514132030951682e+00
-4.410192507828843311e+00 1.327387766945985037e+00 -1.270404987449413658e+00
-4.618773577716776657e+00 1.062447366313266306e+00 -1.272920172371444059e+00
-4.449735870288276551e+00 5.944772756762535248e-01 -1.421434344552204854e+00
-5.077216754241781871e+00 1.041881323389967084e+00 -1.306484509191602861e+00
-4.823051503490334291e+00 1.192488600098461582e+00 -1.314071192331894400e+00
-4.945230849955151164e+00 1.671400083855117735e+00 -1.157166503280635750e+00
-4.671065709495368701e+00 1.302377343808463150e+00 -9.263858643643811952e-01
-4.893083173095959637e+00 6.363771970126315125e-01 -1.131659445620339710e+00
-4.430925913707692843e+00 1.538707838226145652e+00 -1.184261983181826849e+00
-4.737816721906448869e+00 1.647726868559750368e+00 -3.447715677810471724e-01
-4.777279562124792101e+00 6.453427880773108249e-01 -1.184629757604025668e+00
-4.646579479126063283e+00 1.190738881071380595e+00 -1.342034858115449536e+00
-4.304232099217688123e+00 1.435667889977448430e+00 -1.107579181379992228e+00
-5.417682889288503389e+00 1.136780243720592054e+00 -1.337332696108650687e+00
-4.701746173389865113e+00 1.140835194747805259e+00 -1.288784876583231709e+00
-4.938998081228565873e+00 1.783616238268914023e+00 -1.043290784096120527e+00
-4.851740796763714059e+00 1.146546030878748290e+00 -1.365569065438733798e+00
-3.985847064791203209e+00 1.237168927042346489e+00 -1.389563645855132590e+00
-4.876097267506096955e+00 1.223569357141355729e+00 -1.266485320887810850e+00
-5.014214029916344906e+00 8.880909623920051343e-01 -1.165256915032513163e+00
-4.408731056218465838e+00 1.251378206517347103e+00 -1.475355146670638717e+00
-4.993528847751633748e+00 1.680408246584953025e+00 -1.271623744542338175e+00
-4.818758307914231764e+00 6.878093284684849706e-01 -1.812262691661023384e+00
-4.208618220730356185e+00 1.818878469924995134e+00 -1.544539346714434602e+00
-4.471577643756229570e+00 2.354915806355842300e-01 -1.353277699896015207e+00
-4.612491256602487155e+00 7.636537714027540336e-01 -1.253680717846711090e+00
-4.732361882967666133e+00 9.835253523314914093e-01 -2.075492948279707317e+00
-4.853397990888048241e+00 1.293184794403769988e+00 -1.244181814906413441e+00
-4.723668647186798353e+00 7.556158053188779533e-01 -1.027470429299389254e+00
-5.330608400416163128e+00 1.227351543456779659e+00 -1.178007231602886451e+00
-4.320858197877782025e+00 1.082458286649605750e+00 -1.070128445878977486e+00
-4.571255620040179046e+00 7.596295633671104053e-01 -1.418589668791984115e+00
-4.517130403211234047e+00 1.261898258481027213e+00 -1.248951905481582969e+00
-4.441691648928690839e+00 1.382136983552098464e+00 -1.602302636962730453e+00
-4.567096438531170755e+00 1.738790040269454940e+00 -2.104122247982036953e+00
-4.196277707488449416e+00 9.830430076787743943e-01 -1.265740855151011202e+00
-4.867630584244976966e+00 9.324368576683488286e-01 -9.136671038382139232e-01
-4.296141867749192045e+00 1.219290258608244804e+00 -1.401895103190293090e+00
-4.571741845142892835e+00 1.572333911274921059e+00 -1.354942322447845404e+00
-4.376767438563732071e+00 1.297451630984652660e+00 -1.357828034801332961e+00
-4.622213030670054401e+00 1.310695672837506542e+00 -1.316242046700043744e+00
-4.557681140614777249e+00 9.867763523362906852e-01 -1.330540545859199231e+00
-4.764188805968879947e+00 7.239805548865467788e-01 -1.467246247390238789e+00
-4.678779829488084907e+00 1.661635224113550580e+00 -1.280968637091406181e+00
-3.694305193353897288e+00 2.986371282993718901e-01 -1.164503081211344382e+00
-4.484668859434463251e+00 6.985401248129299301e-01 -1.348389222446807034e+00
-5.469515701375207151e+00 2.461664568713140877e+00 -1.720284796223076729e+00
-4.723122650102372866e+00 6.785859786370816993e-01 -7.911201760554985585e-01
-4.334454118061379368e+00 1.158935906165518670e+00 -1.549707136966506749e+00
-4.791736934802099945e+00 1.329661819015034663e+00 -1.415871208145697890e+00
-4.569963221286701405e+00 1.280193727432567652e+00 -1.157261636113811054e+00
-4.248920702112613412e+00 2.196055604741587342e+00 -1.932819993744584908e+00
-4.390763928897158053e+00 1.125851993157336084e+00 -1.234055261158018224e+00
-4.060756718420178046e+00 1.011485777293648747e+00 -9.266430907732927658e-01
-4.447053407663165814e+00 1.568782514943102058e+00 -1.458679518673142272e+00
-4.986713436021960710e+00 7.150576102679837565e-01 -1.045265233520715986e+00
-4.395377874336226398e+00 1.760545203010505544e+00 -8.122717207688002761e-01
-4.314042867975160789e+00 9.015554536025751631e-01 -1.468367424013651279e+00
-5.471980300118633345e+00 1.144256696091481729e+00 -9.784473663521601194e-01
-4.989342126905169650e+00 1.391016272722395142e+00 -1.091829038593425061e+00
-4.781459783943447839e+00 1.530500400992984567e+00 -1.431915248250592798e+00
-5.003413666960949691e+00 9.262056525496575876e-01 -9.388244581564784141e-01
-5.157447735985260628e+00 1.488546786416116152e+00 -1.046800076100434573e+00
-3.990540706751176891e+00 1.182235459213008877e+00 -1.313008802572229961e+00
-5.370907816512637822e+00 1.449066927527011828e+00 -1.356543834208740362e+00
-5.047428712746427237e+00 1.353008303304719995e+00 -1.289225314783168264e+00
-4.426385564191448907e+00 9.411735032111425703e-01 -1.381504920405774772e+00
-4.464390778247303793e+00 1.336851123715698586e+00 -1.345795731023822661e+00
-4.619495724840764872e+00 8.124425536790575997e-01 -9.778790214321707586e-01
-4.639789387549780209e+00 1.232813876944576226e+00 -1.306219361036177862e+00
-4.898330053875323387e+00 1.089850586172206537e+00 -1.275174127414371084e+00
-4.990622555774644198e+00 1.578423000470358328e+00 -1.204939998957711866e+00
-4.804150770694522343e+00 1.456976263159587504e+00 -2.236237714002503818e+00
-4.433367889602725320e+00 1.396834737630335388e+00 -1.132710468045953878e+00
-4.441452733922993446e+00 1.160125371830415419e+00 -1.569303182312951739e+00
-4.776140196462139720e+00 1.015876117572656501e+00 -1.440961987092414853e+00
-4.820731547367197223e+00 1.627577612650936922e+00 -1.105262465270543837e+00
-5.053115220258919571e+00 1.473478903206998814e+00 -1.546945584944993124e+00
-4.769897496810838078e+00 1.558706063595576730e+00 -1.299087965959166979e+00
-4.841007918449841796e+00 1.629053248584950042e+00 -1.302294218041874618e+00
-4.991076302444735546e+00 1.376801529184331851e+00 -1.347324838187364815e+00
-4.627353362822304916e+00 1.193723790193430778e+00 -1.383724325408531852e+00
-5.306663225761093727e+00 9.911251060186220263e-01 -1.254763631606933494e+00
-4.336563570071925611e+00 1.606338799916857241e+00 -1.036138468015585845e+00
-5.203798587820022803e+00 8.722461941228397686e-01 -1.076271289323753377e+00
-4.540024468074913777e+00 1.487800613722253029e+00 -1.289849669406770705e+00
-4.680021071067245408e+00 1.287144601627199236e+00 -1.123346486653274079e+00
-4.646423955757196467e+00 9.650471971900720369e-01 -1.276849293990219181e+00
-4.204543611370398892e+00 9.427666770303385624e-01 -1.120168370463764385e+00
-4.814899983928246918e+00 1.333141990272526556e+00 -1.421748086240945508e+00
-4.452384355989300602e+00 1.515281018989153017e+00 -1.230140396481117060e+00
-4.566643679318269200e+00 1.442424628600959879e+00 -1.367427387572362152e+00
-4.361973154063362834e+00 9.043361086670712590e-01 -1.428834807699670417e+00
-4.903042844402882849e+00 1.804105821709118818e+00 -1.496298646287866907e+00
-4.820630933515089644e+00 1.524158134417715083e+00 -1.109832268457719318e+00
-5.414154748368934733e+00 1.248875434556018682e+00 -1.200571072427786268e+00
-4.286479130223805889e+00 1.963412785992528331e+00 -1.767827240377082942e+00
-5.122579691964948445e+00 1.338931349586824915e+00 -1.205980317712120442e+00
-4.765403545897459736e+00 1.469796686283365350e+00 -1.423086983071398359e+00
-4.752825465319618914e+00 1.590570596030513872e+00 -1.103065794399365362e+00
-4.929711403145823567e+00 8.719157952408421730e-01 -1.337294721088986504e+00
-5.050897532970514803e+00 1.360422855110829943e+00 -9.901131421657217713e-01
-5.140112570899933786e+00 1.201364733818105268e+00 -1.301059490192938872e+00
-4.622435311400964864e+00 1.216070095961857334e+00 -1.503760202373339405e+00
-4.760796674704725895e+00 1.549553323602916866e+00 -1.501064019266546312e+00
-4.927506393543093388e+00 1.429056944168651588e+00 -1.845659083586469462e+00
-4.117795523063956686e+00 2.048106360488984645e+00 -6.858609239742358143e-01
-4.539341665114302593e+00 1.419096541474539119e+00 -1.219292339807285019e+00
-4.724604176153433421e+00 2.322091656726664510e+00 -1.856964409649885628e+00
-5.104065339252324307e+00 1.025645873420214960e+00 -1.317926374235946829e+00
-4.550871423536232641e+00 1.048539559245500907e+00 -1.142674296774015108e+00
-4.623672926541979145e+00 1.378568275113638775e+00 -1.648073232930006737e+00
-5.415016508264006490e+00 5.281938048591189316e-01 -4.291946412588359960e-01
-5.229882886263467867e+00 1.752861918259416063e+00 -1.073334728589137477e+00
-4.250197133781795422e+00 1.285336660714239132e+00 -1.316367962417340109e+00
-5.113066044754862816e+00 1.438374141600658129e+00 -1.364389310968464830e+00
-4.838505023846309427e+00 1.274036076652347083e+00 -9.872590402334370241e-01
-3.316513925752474723e+00 7.926748925966053605e+01 -4.083708600627724561e-01
