-3.272099762542407309e+00 5.781883212410016126e-01 -1.088597698872600938e+00
-3.029378756323616084e+00 8.822760147904670225e-01 -8.103086394450633723e-01
-3.253269695396525663e+00 -3.972553377911050010e-01 -1.397810841127667070e+00
-3.724542335615602440e+00 1.583611267675292478e+00 -1.354879581886661466e+00
-3.844088435909858603e+00 4.128150703491377804e-01 -7.482152204320065003e-01
-3.091592675317567984e+00 2.508794474348536307e-01 -1.219846230387055197e+00
-3.739272601995727641e+00 9.294336328522497803e-01 -1.165961048721524840e+00
-3.248697463487214776e+00 5.541866668274864072e-01 -8.956054289771441246e-01
-3.518148979882508520e+00 2.603730575497736899e-01 -1.288980718553860649e+00
-3.498665074033997513e+00 6.006962720796252819e-01 -1.223839585455446022e+00
-3.295609335488683733e+00 1.117138281527431998e+00 -9.522921066902529930e-01
-3.100396715669195835e+00 8.325981484406220767e-01 -1.146717398767203466e+00
-3.571579263866748732e+00 4.929200947675966282e-01 -9.601039919776797049e-01
-3.595088537600452216e+00 6.934014030995976352e-01 -1.205753057068970957e+00
-3.369595866075965507e+00 1.138501161578635568e+00 -1.088738052498499531e+00
-2.954070987826011407e+00 5.000482312892109427e-01 -1.115925435724870018e+00
-3.312655607874907204e+00 1.752770291239079903e+00 -1.861323537631998537e+00
-3.260755576040287984e+00 1.268662770235800263e-01 -1.111525977658715636e+00
-3.234858861328741231e+00 1.004320122080617050e+00 -9.493532631873061733e-01
-3.763433527595291928e+00 8.993424986566396218e-01 -1.091633461069567712e+00
-3.188714267338580655e+00 1.163281003916431411e+00 -1.145210028327562357e+00
-3.613774933494047659e+00 5.464175718766604017e-01 -1.914896754482495522e+00
-3.206106116390212257e+00 3.027084342528278404e-01 -1.287395286566468622e+00
-3.216463447184537916e+00 9.742641532715198283e-01 -1.565784860690355274e+00
-2.955015447660493066e+00 9.748081741193815875e-01 -1.407731519937253983e+00
-3.389891907869114540e+00 4.084704216740471239e-01 -1.125342310600664808e+00
-3.287560152082752207e+00 4.824300191745834465e-01 -1.057929669147467555e+00
-3.153149538150290532e+00 1.380122879436999905e-01 -1.073503205721319409e+00
-3.207492158033614871e+00 3.422768966625804876e-01 -1.116402788728307227e+00
-2.982786726066924743e+00 6.618626926493123008e-01 -8.509310048202697319e-01
-3.011372835561764383e+00 1.090471499238542474e+00 -1.141233712542157219e+00
-4.006978650883731063e+00 1.166463527625173580e+00 -1.342123612267249966e+00
-3.358817462357174932e+00 1.141961160767041461e+00 -1.034848491417025507e+00
-3.772929009187499627e+00 -1.681947954690792280e-01 -8.438629361728395839e-01
-3.850374531445794002e+00 4.684806983919952983e-01 -1.058068722098013614e+00
-3.189605039884002569e+00 1.029284029622211882e+00 -1.188068285447405614e+00
-3.390020938073137646e+00 3.869232050636929876e-01 -1.206093261297227270e+00
-3.536197255551299268e+00 1.360602841204853641e+00 -1.687271540566411820e+00
-2.775709898685018384e+00 8.564714560907510377e-01 -1.117841006060825260e+00
-3.319032524597399725e+00 4.986508729013236496e-01 -1.563003316428527079e+00
-3.829495014886195037e+00 1.561334242149277962e+00 -4.386607859352054106e-01
-3.562655974719564078e+00 4.803964628934607739e-01 -1.159163332025643811e+00
-3.630703159605411567e+00 5.032222731535153093e-01 -1.426475881241771271e+00
-2.996623335748843431e+00 1.016121511888681272e+00 -1.226799095728822397e+00
-3.821545266981278388e+00 3.612843274336531851e-01 -8.550264464385241014e-01
-3.097498377592099672e+00 2.385643357092524230e-01 -1.269173341910199149e+00
-3.707202100375925458e+00 6.776611483947447834e-01 -1.094010770484194595e+00
-3.487824728954278530e+00 1.072337761243713911e-01 -1.206447541925104838e+00
-3.339599191785934895e+00 4.691796539152428558e-01 -1.075541953572583198e+00
-3.137715237763470277e+00 1.041111718503686889e+00 -4.701535041976387386e-01
-3.318727098151826649e+00 8.741678901490231857e-01 -5.786463179437036919e-01
-3.403909440502614903e+00 5.978891503628364079e-01 -1.179043788643745261e+00
-3.178973563642979894e+00 5.845117069116541053e-01 -9.471431563322417757e-01
-3.222745026786691280e+00 1.790664651430937948e-01 -1.491210681906523172e+00
-4.057879237114495830e+00 8.683568520814932690e-01 -1.109238043739637192e+00
-3.113603463715232778e+00 6.548425536122358670e-01 -9.225564626343484287e-01
-3.060820630207123472e+00 4.323102859193860281e-01 -9.848042753711172548e-01
-3.406575690692703606e+00 3.590473154133014266e-01 -1.066739944636878601e+00
-3.856495289756550093e+00 4.959095779301446738e-01 -1.402191330917220036e+00
-3.448653180228025139e+00 5.123328058355427483e-01 -1.144581573733741919e+00
-4.337172768146523971e+00 1.674676820434467181e-02 -6.532182489697830885e-01
-3.486195006202138735e+00 1.327234770700762567e+00 -1.107546656604733171e+00
-2.977241301607679524e+00 1.789518512409799866e+00 -1.085279066829016426e+00
-3.175472646189171577e+00 7.625433352458729219e-01 -1.001636490764267862e+00
-3.327504553085912420e+00 1.096592019125632644e+00 -1.155854248559057273e+00
-3.712003930825117148e+00 9.007593798368924709e-01 -1.186118251986303385e+00
-3.812634276970729097e+00 6.929119906022246367e-01 -1.393775205229891512e+00
-3.276777067844725888e+00 9.752591800885874740e-01 -1.119810022111408232e+00
-3.766660737381812840e+00 2.905257001985889209e-01 -1.033709874238071702e+00
-4.367247340342628625e+00 1.061683462789662080e+00 -1.306364998121737342e+00
-3.204161054388837027e+00 7.693969257909174519e-01 -1.040217972861122497e+00
-2.993347028845965152e+00 6.220279695817290122e-01 -1.305962526464297113e+00
-3.181721996685659803e+00 9.332566883740192054e-01 -1.066014489019582179e+00
-3.440389054376729483e+00 9.908152187063067329e-01 -1.337211793762234757e+00
-2.963687238035944915e+00 1.005775959687495780e+00 -1.009348495768810361e+00
-2.696379707724771979e+00 1.356880403635121191e+00 -1.083790899772796079e+00
-3.703628204679345171e+00 4.166186302722439394e-01 -4.177358202531774034e-01
-3.403674341852464647e+00 8.440959513144027371e-01 -1.120102883481031819e+00
-3.259099910453794990e+00 6.894129065121085143e-01 -1.111501423120746290e+00
-3.238831104606584521e+00 1.007965674191905414e+00 -1.388196848948684003e+00
-3.235089499526338841e+00 7.086028145017364555e-01 -1.124220277672157042e+00
-3.899033590049487241e+00 3.821844741450876048e-01 -7.234003725548885377e-01
-3.032490506748417136e+00 6.890384816454498962e-01 -1.005999938524482884e+00
-3.312595689651095299e+00 8.788324482182227060e-01 -5.315641343433203936e-01
-3.557216945792875507e+00 6.947941142047016072e-01 -1.026715797521257523e+00
-3.540416479050111143e+00 4.779361959054602704e-01 -1.154035246012423910e+00
-3.290917574986063521e+00 1.081825950614466514e+00 -1.301213663897456518e+00
-2.852327317393630324e+00 7.623577637690605036e-01 -8.856546145505309608e-01
-3.132774566417077633e+00 1.184400624570622229e+00 -1.169915568098383041e+00
-3.533151019554495953e+00 6.359273734038385362e-01 -1.031374291711657953e+00
-3.309412093106951502e+00 3.165363762626015043e-01 -1.045578062119564944e+00
-3.598354132472503242e+00 5.819184799816358167e-01 -9.131684631190044588e-01
-4.159161734059602544e+00 1.190047816198563035e+00 -3.041146069313222511e-01
-3.467048327449405498e+00 4.473108041768200094e-01 -8.723983909040219364e-01
-2.898730538855384786e+00 3.659764266148245460e-01 -1.197979872149620206e+00
-3.818654664040413760e+00 3.735279844050839460e-01 -1.107841213744411579e+00
-2.361025004442263597e+00 -8.453892674859590783e-02 -7.306612173183697490e-01
-3.267466332110819938e+00 8.080401518345479150e-01 -1.307330626020933861e+00
-3.610339360655055341e+00 4.349321922466597434e-01 -1.347263125118469684e+00
-3.566705668455365075e+00 1.197543992893027820e+00 -1.074221524649719539e+00
-2.896010532926752923e+00 6.488546054288357734e-01 -1.070811870332025517e+00
-2.825837396230835630e+00 8.440707339166353407e-01 -1.169253245763815174e+00
-3.709670870574986346e+00 2.865095579293757133e-01 -1.031828399455545719e+00
-3.269060105307033393e+00 7.884224210485950568e-01 -1.064243275785112131e+00
-3.558692082782136001e+00 5.046985450663652450e-01 -1.109185136535207450e+00
-3.532905096659759714e+00 6.436392008233340345e-01 -1.120880011749798344e+00
-3.377157129240710542e+00 6.851630129710597483e-01 -8.852890774072056379e-01
-2.738720932301468736e+00 1.838986672992009019e-01 -1.046186016463917401e+00
-3.197297120798543002e+00 1.032183407638600947e+00 -1.158935352760853466e+00
-3.684045502058220123e+00 1.132670247266706065e+00 -1.390377090887090272e+00
-2.845947873580790155e+00 8.316196277813837634e-01 -9.271160439504039230e-01
-3.482021629815632568e+00 6.210328228847032950e-01 -1.062714813760087917e+00
-3.017023908871449223e+00 1.109251997111708077e+00 -1.063427100154110239e+00
-2.353056633746355875e+00 1.108673441215909605e+00 -1.549663200229799420e+00
-3.933643284922220040e+00 6.836804162111170813e-01 -1.032761096414057223e+00
-2.941996488717897762e+00 5.692030167219063186e-01 -8.265836191904272212e-01
-3.187320534853367970e+00 8.502999040752351467e-01 -1.016737135246170265e+00
-2.839928051691582578e+00 8.943756106777646098e-01 -1.198872926968612695e+00
-4.669341613283105374e+00 1.038369932652104977e+00 -6.375221113581371890e-01
-3.405245422370204444e+00 2.963540161278819807e-01 -1.143926114374660630e+00
-3.361996964438766611e+00 9.936034940347261424e-01 -1.048034731630760552e+00
-3.000447587343868072e+00 5.317457667457855530e-01 -1.398464951936313261e+00
-3.407683021238987919e+00 1.813373268055858412e-01 -1.169998449563460330e+00
-3.617296532049315783e+00 6.267678824181348585e-01 -8.864697541952055726e-01
-1.701105653932006945e+01 4.176716506586156186e+01 -3.091649241597513864e-01
-3.132938475588005645e+00 1.416312854031553492e+00 -1.689865710557282741e+00
-3.006634512830052230e+00 4.651219706992918979e-01 -1.063973482699817730e+00
-3.663663110143412283e+00 1.017824940398197597e+00 -6.827099483075769193e-01
-3.401771162632066137e+00 2.814063241012741412e-01 -1.092167682422316100e+00
-3.066077845048740258e+00 9.603541922310546708e-01 -1.142647546015301829e+00
-3.825361044499641761e+00 9.106801697207544954e-01 -1.071453294627746633e+00
-3.433423577948508498e+00 1.078428310021733116e+00 -1.047032522979507885e+00
-3.574338077531463931e+00 1.199217422211437123e+00 -9.933442192757901967e-01
-3.444659469313250622e+00 5.260197611714179100e-01 -1.019138556100012361e+00
-3.477678746354714523e+00 5.747250313476254258e-01 -1.055300037999021168e+00
-3.638362404042783993e+00 1.532759617853641121e+00 -1.383630458298787502e+00
-3.058694207300381329e+00 9.465016089776913111e-01 -1.033108197440409270e+00
-3.980933204825206406e+00 6.555082468828525855e-01 -1.126955452501754662e+00
-3.098450952808141867e+00 9.660210624176391869e-01 -1.141372486927992869e+00
-3.051517571738696422e+00 2.865421400435159693e-01 -9.356772511928097558e-01
-3.500447824703796673e+00 1.110324417734076974e+00 -1.205498530152176118e+00
-3.833825331001305514e+00 9.471406226538671147e-01 -1.037549162264774782e+00
-3.684090540717074536e+00 5.295825370869422510e-01 -1.021221722375238228e+00
-2.855230404225297391e+00 9.540328522105796516e-01 -1.072278492473829115e+00
-2.904636369290547471e+00 8.091122190787127799e-01 -1.309112825378851985e+00
-3.446119207394426009e+00 5.560036919330432204e-01 -1.080729878196177607e+00
-3.346574655850377944e+00 9.521495873608256666e-01 -1.184302282966763764e+00
-3.430610899183547780e+00 3.510881578862517505e-01 -1.393101170009469758e+00
-3.175081760787795027e+00 3.877187632293583874e-01 -1.251645367042199197e+00
-3.717510648591143330e+00 4.223536936744022308e-01 -9.838496842382097318e-01
-2.904929186123605955e+00 8.967881493793737890e-01 -1.057670450444432975e+00
-3.499963595901470992e+00 1.097846054586900877e+00 -1.115677413346723545e+00
-3.574768081731679814e+00 1.123314941841759840e+00 -1.161026963735930284e+00
-3.085287347900369959e+00 4.287985386484080008e-01 -1.017380365604798831e+00
-3.728036361806510435e+00 1.023653561544055624e+00 -1.168532392140200216e+00
-3.915041696548002825e+00 3.118658396697836510e-01 -8.817478838887491399e-01
-3.257786922154464193e+00 8.826223270269031307e-01 -1.074484313583230932e+00
-3.131398751310353834e+00 5.132626222478992029e-01 -8.307339083146413339e-01
-3.322605630038077074e+00 1.993527530152569005e+00 -8.388680939040691342e-01
-3.203913841200073609e+00 1.044278672842164690e+00 -1.131871790923379750e+00
-3.132824537027074641e+00 8.378434968018106943e-01 -9.275954782450859248e-01
-3.431155917736479655e+00 6.589117186168661489e-01 -1.223256725477297469e+00
-4.130753648519955412e+00 1.204956707017898587e+00 -9.112834582945408268e-01
-3.533605352991350035e+00 8.492835850794665520e-01 -1.127875160404946842e+00
-2.870176198315030458e+00 7.742665996157885866e-01 -1.118201292494242605e+00
-3.116307061261068601e+00 1.187729080240994772e+00 -1.121371177938368602e+00
-3.275235733817544403e+00 8.418710741081492088e-01 -1.012760155627255187e+00
-2.895882310632868162e+00 7.777456942695480935e-01 -9.719500217430970812e-01
-3.704864489381614945e+00 1.725003739549958448e+00 -6.777965943300765517e-01
-2.936376654390966845e+00 6.468261606594287727e-01 -1.114766446224315644e+00
-3.603130095896208029e+00 1.216289916295584472e+00 -1.008246518148320003e+00
-3.318633361870684695e+00 9.308954859283534722e-01 -1.028827228373213831e+00
-3.745995467599577022e+00 7.709943826266305589e-01 -1.227594771000793505e+00
-3.035770839543305399e+00 6.257175036746297492e-01 -1.276756762399942291e+00
-3.537901198407717107e+00 6.922572836324372147e-01 -1.077310934168162371e+00
-3.205584804475978711e+00 6.056637090052570116e-01 -1.029646130258595749e+00
-3.452684216935149930e+00 2.882783357313076777e-01 -1.325583893066502927e+00
-3.004766928016181726e+00 9.861670552068928508e-01 -1.212364674047116564e+00
-3.680518130340786787e+00 5.545575330736018937e-01 -9.642028106815946353e-01
-3.167265369291705657e+00 6.312760573129456709e-01 -1.023498282262813364e+00
-2.975040507271339063e+00 5.761697149929039252e-01 -9.811586702774487412e-01
-3.404470825673850953e+00 8.895670277825568073e-01 -1.120785524918815668e+00
-2.867242492968953282e+00 5.157639078529253629e-01 -1.062704821055144633e+00
-3.631312148943131923e+00 1.534125211817121137e+00 -1.312621090324065820e+00
-3.209439611549679494e+00 4.729478755874094720e-01 -1.123154455355261039e+00
-3.146869130720852059e+00 5.916860411726223568e-01 -1.162885418374074442e+00
-3.651997052112803566e+00 9.238953867638266537e-01 -1.392041219231943572e+00
-3.215402778947556328e+00 6.757461756795090091e-01 -1.086219088662839116e+00
-3.940384340425519216e+00 1.126641432567331291e+00 -1.036118043397828092e+00
-3.344159321526777084e+00 2.575848976090943654e-01 -1.179687355140992544e+00
-3.356387023974255257e+00 4.331989750094725547e-03 -5.279428431079183914e-01
-3.725698171352505028e+00 8.082104034951926863e-01 -1.155542425153345043e+00
-3.620289942771758973e+00 1.592082344091207746e+00 -1.010460402248809286e+00
-3.851624692027402652e+00 8.320722314896729088e-01 -9.774424443309658317e-01
-3.707658410246024161e+00 2.921421670239579549e-01 -1.970254469348773074e-01
-4.506043996084194703e+00 1.888459443964585427e+00 -9.398237438453597159e-01
-4.115756873280982830e+00 7.210748576658243536e-01 -1.225006741682636902e+00
-3.651777385299956435e+00 8.276340607465237920e-01 -1.086473408756111425e+00
-3.742293978954401634e+00 7.051737974040329648e-01 -1.130783315287977819e+00
-3.148086959094963166e+00 1.397683224728812457e+00 -1.402092029701256903e+00
-3.429900834509729268e+00 8.578393751132781242e-01 -7.230008478779229586e-01
-3.674447801754000320e+00 4.835656738384743747e-01 -7.792205959346107935e-01
-3.416613499185480851e+00 8.943257859153751488e-01 -1.052446183064660756e+00
-3.674766688757390209e+00 -1.829571597191360921e-01 -6.823538024145929803e-01
-3.247393017499730306e+00 1.238883011977192972e+00 -1.219960292303724270e+00
-3.242922961285442440e+00 7.271728546230775692e-01 -1.249310696514464691e+00
-4.036503500996440508e+00 9.174147870680068317e-01 -1.125489342574138796e+00
-3.354679688341047239e+00 1.176824968321083187e+00 -1.048952615720963655e+00
-3.208982614363812935e+00 4.817642626524737959e-01 -7.758175002889764471e-01
-2.954773866323216147e+00 4.133088217766066608e-01 -9.031963673414891147e-01
-2.649377901826712289e+00 8.458910633967817727e-01 7.816086472439200128e-02
-3.542177448219261837e+00 9.726183058497450684e-01 -1.112057225849203856e+00
-3.378094274420384568e+00 1.206128152760451711e+00 -9.097435899949615212e-01
-3.325706866734061240e+00 1.172896512257420865e+00 -1.025800136448980604e+00
-4.154458574473826715e+00 4.862389967899938825e-01 -6.992942501607792849e-01
-3.607327641801566731e+00 1.119039882900288774e+00 -1.865607644370969043e+00
-3.709393927761797105e+00 2.399251827996591035e-01 -1.116042142962585082e+00
-2.937004284621187900e+00 9.153734033271513360e-01 -1.200505244425428941e+00
-3.519814708228480082e+00 4.136039744246809979e-01 -1.061750135598718892e+00
-3.166170638633986290e+00 8.429165153005914179e-01 -1.281873943381785175e+00
-3.758148551746796073e+00 2.288624867424376985e-01 -2.405089078379946677e-01
-3.218365302373484393e+00 6.788176776554970537e-01 -1.090620169365824843e+00
-3.356510375300932214e+00 1.087762577964226374e+00 -1.261335580545616120e+00
-3.285361623702848899e+00 1.078913338659211130e+00 -1.141274052027067665e+00
-3.950589411647031923e+00 2.887851271923445439e-03 -1.190121247750119293e+00
-2.894081228789779914e+00 -4.361615167570925267e-01 -8.127936152228286693e-01
-3.239940057131179163e+00 6.186074853682338448e-01 -9.319931336446666270e-01
-2.915385037195613371e+00 8.706176100365063952e-01 -1.184441769788485033e+00
-3.313601246927465827e+00 6.281815563707920935e-01 -9.751934466482932162e-01
-3.303645700297860976e+00 7.333956280917508508e-01 -1.021972569156480493e+00
-3.210587380270494062e+00 1.061101674664218564e+00 -8.972568664030574626e-01
-2.808460410521365080e+00 5.647454830764739864e-01 -9.649613095670145357e-01
-3.807231833551679934e+00 6.644109225152051712e-01 -1.170570960376621006e+00
-2.829788369061299491e+00 5.212781405641384591e-01 -1.357823827244155401e+00
-3.110398289074274292e+00 1.234509849497539502e+00 -1.209089478794607153e+00
-2.929752638102740114e+00 6.653639708804534036e-01 -1.401726715443606830e+00
-3.719178889604245253e+00 4.659532048607017973e-01 -8.990675481719107021e-01
-3.734349851836632261e+00 1.050625763087839060e+00 -1.167044172055622164e+00
-3.790560714261692166e+00 7.959397455549549472e-01 -1.425961092041301503e+00
-2.744771983046485619e+00 7.581436936352135003e-01 -1.097312009582640746e+00
-2.889583171226397962e+00 2.964091961123265784e-01 -1.213164106270798959e+00
-3.365732844152148129e+00 1.235966757778224512e+00 -1.292019349719622845e+00
-2.807834198519663982e+00 7.186305202294099859e-01 -1.171423567440940783e+00
-3.772487371465008898e+00 1.917894310465828589e-01 -7.488009443353881300e-01
-3.401785479420951219e+00 8.562117545183289824e-01 -5.007069494084400718e-01
-2.827702531880518677e+00 5.449703478399418044e-01 -1.145502169619029731e+00
-3.505307322322577246e+00 5.233270701439425299e-01 -1.321883828827373319e+00
-2.704520824896480491e+00 4.054208714346049236e-01 -1.282155815711263136e+00
-3.622137767488466942e+00 1.134259911720637337e+00 -5.877819709544247484e-01
-1.454080823630701502e+01 9.840069615204996012e+00 3.986434790073767331e-03
-2.962063280609779969e+00 9.663130859394086780e-01 -1.073316625105259492e+00
-3.012560755764444043e+00 4.042389157094797847e-01 -1.234488881002694605e+00
-3.691582892272707639e+00 6.638518562584860838e-01 -9.526608020462946635e-01
-3.195677406187777958e+00 6.758146830078728406e-01 -1.116412019310945691e+00
-3.550678265995478089e+00 5.933584695564672051e-01 -1.048670260419837019e+00
-3.091838890229122949e+00 5.940831441114217126e-01 -9.594789095935993828e-01
-3.119556644865752126e+00 1.070837293531622159e+00 -9.173618589307149795e-01
-3.451822765871637166e+00 2.741773975817128339e-01 -1.176574209116860947e+00
-3.058880607059024204e+00 9.009640159546214999e-01 -1.058499641517687717e+00
-3.828808195986539875e+00 9.645332981714900278e-01 -1.803096904690929758e+00
-3.630884127838110320e+00 5.973325114470948716e-01 -1.048162302541429947e+00
-3.724273164024437310e+00 1.078446779769909325e+00 -1.371569072702198522e+00
-3.385466007412205602e+00 7.590785073392030124e-01 -9.690376287220764384e-01
-4.033152832284327971e+00 6.073479152104684919e-01 -1.352348983682006178e+00
-3.331546714372498830e+00 7.137531951439850531e-01 -1.122235650746198132e+00
-2.323904189974373757e+00 9.531366110024781513e-01 -1.276331766618543639e+00
-3.597370323789054858e+00 1.053589728085563282e+00 -1.198815006732281141e+00
-3.944904450363048820e+00 1.580699618493468739e+00 -2.066034641513499359e+00
-3.422007562823621729e+00 8.280872274930134447e-01 -1.244422436410109967e+00
-3.104601452668099171e+00 1.384548793702768510e+00 -9.375675248279031759e-01
-3.085255382329214591e+00 7.186258474287533504e-01 -1.185758164101337941e+00
-3.674707383153233309e+00 1.093961931846062718e+00 -1.134419782415221789e+00
-3.130626369103492568e+00 4.011281315661138769e-01 -1.058833229085079042e+00
-3.867328730028584793e+00 8.032938428011415777e-01 -1.144602876713180173e+00
-3.035022324163636043e+00 8.847462693048485649e-01 -1.172813932882577737e+00
-3.665086946287866798e+00 1.130740744256820252e+00 -9.785544166413487899e-01
-3.426580701618954450e+00 4.671152834958950950e-01 -1.283058083296753527e+00
-3.188425965895520076e+00 2.904150495520789743e-01 -1.046257936472570593e+00
-2.566976108518694399e+00 -3.815346733076587782e-01 -1.700914015682484459e+00
-2.314773391038051464e+00 1.687982747323476251e-01 -1.094825815639660416e+00
-3.157833893721975205e+00 6.136776468690271491e-01 -1.286753208029178142e+00
-3.430758824710352428e+00 2.305955594212936999e-01 -1.144197362936364870e+00
-3.117131480868122306e+00 9.516419261243714844e-01 -1.420611671299652157e+00
-3.645228277361975966e+00 8.147932256186686262e-01 -1.019702799760924039e+00
-3.240607900383777107e+00 6.355572050555950980e-01 -1.210734852803495576e+00
-4.323293749580131795e+00 8.994460928641252462e-01 -1.320122391664456662e+00
-3.486477355748474949e+00 5.380823257821165662e-01 -8.799503115829091504e-01
-4.216857239396348156e+00 7.276217208885473742e-01 -8.473730328724768945e-01
-3.210312087387825919e+00 1.043029730891453344e+00 -1.163841845835430489e+00
-3.946378630404959953e+00 9.767153806072029765e-01 -1.149824611026500687e+00
-2.837901720891187196e+00 -3.696508425432105671e-01 -7.922124507585951436e-01
-3.255227915190367138e+00 1.211808219149085541e+00 -1.259313675226177542e+00
-3.421248883707125987e+00 1.046780464321598325e+00 -1.209805128659499074e+00
-3.802382741477294381e+00 6.343303898909317118e-01 -1.093266164604578705e+00
-3.995617605624816715e+00 9.681181465563839517e-01 1.139613413552963833e-02
-3.050912499242262488e+00 5.265515585799761533e-01 -1.155414274618523196e+00
-2.961147635895946539e+00 1.592526312918409293e+00 -5.660209671076402715e-01
-3.047207033967702650e+00 4.438810628186025120e-01 -1.058313130783761435e+00
-2.964602248941360596e+00 1.198453125991818108e-01 -1.051346736525763381e+00
-3.563487338833782214e+00 5.979461679879640723e-01 -1.267536182877924578e+00
-3.762255695565607017e+00 8.374841409971328643e-01 -1.154845479019866783e+00
-3.280506037216424531e+00 1.058227625735189914e+00 -1.082953587517900162e+00
-4.084559832611476260e+00 1.485541703764257093e+00 -2.423122190162518841e+00
-3.345902806431664711e+00 7.721108015838371585e-01 -9.010834338088972162e-01
-3.120329149671395186e+00 6.254203694449638196e-01 -1.095531992244535013e+00
-3.563290176300382139e+00 6.366423106785713548e-01 -6.883267685165141980e-01
-3.451982223630270852e+00 7.519587807026059112e-01 -1.243678821538968915e+00
-3.444069136174141121e+00 2.465862047509922717e-01 -1.209965702499421258e+00
-3.522418451103654480e+00 5.157013691560402568e-01 -1.291497511051537650e+00
-3.620233211332072543e+00 5.240598501122187836e-01 -1.152798451116938905e+00
-3.083718072526641318e+00 3.532479361630707637e-01 -8.228463675335737637e-01
-3.541584507469003551e+00 5.400615944963725878e-01 -1.141172271373425584e+00
-3.613834103936051978e+00 1.562098665728702818e-01 -1.041452984501978429e+00
-3.274444013785771102e+00 2.418926962183186591e-01 -9.982279513347390720e-01
-3.169163018920830410e+00 1.353184595856485428e+00 -1.058149409652913153e+00
-2.984509041542658281e+00 2.994429947463420061e-01 -1.321819289800250763e+00
-2.924822401853236720e+00 5.145739082027364075e-01 -1.489034449161831697e+00
-3.411054246886641828e+00 1.258396042460052211e+00 -1.382872855475857587e+00
-3.679886721736961075e+00 6.882609680544440334e-01 -1.575843244662742615e+00
-3.799153944836465513e+00 1.501119127570870848e+00 -1.402892565763687038e+00
-3.456766584204320036e+00 5.337723022052636157e-01 -1.066698601193497575e+00
-2.433440457524040923e+00 5.725404609434380232e-01 -6.584994311918789256e-01
-3.056540148127787404e+00 9.390621415725461940e-01 -4.433810408270789649e-01
-3.252552388389643223e+00 2.942346247632108280e-01 -1.000296404747040180e+00
-3.086557862427541821e+00 9.133925316884710099e-01 -1.093749613686414435e+00
-3.449720630454303993e+00 5.448522945728376810e-01 -9.298728187613670704e-01
-3.851508477318892343e+00 1.892733474565848617e-01 -8.984898988870686498e-01
-3.381239303751593095e+00 6.508945556969628621e-01 -8.701391314404672839e-01
-3.071728628738559674e+00 8.927597012938197629e-01 -9.276421029025291309e-01
-3.185425412650570554e+00 1.036390114437329979e+00 -1.252413883209943180e+00
-3.352025995066892694e+00 7.069957762652672173e-01 -1.143557587521396135e+00
-2.910956382448523172e+00 9.502309556138544000e-01 -1.084821497497639120e+00
-2.813979657467278184e+00 2.490651642793511866e-01 -7.644169340764570553e-01
-3.239268847318939493e+00 4.512679750259620537e-01 -1.191680447219590988e+00
-3.230873145283829739e+00 3.487808949603505848e-01 -1.217615724531798893e+00
-4.332195243594337164e+00 -2.121317132853308696e-01 -1.481510249054394324e+00
-3.666258699339293603e+00 5.877877029606523029e-01 -1.198843792330202662e+00
-3.078031858873619520e+00 3.480695323924279938e-01 -1.099479215051405223e+00
-3.423460234745387520e+00 1.452877320740185163e-01 -8.687455945355586628e-01
-3.229789416282263570e+00 6.723572816447174194e-01 -1.097028061650354935e+00
-3.305707326667962409e+00 2.915151509098142246e-01 -1.186821055028266292e+00
-3.044261298868560228e+00 1.133571802768102543e+00 -1.127922629909754004e+00
-3.469226849886463349e+00 5.138335584829628599e-01 -1.136769294570948663e+00
-2.872053156991715817e+00 5.299803474955221416e-01 -8.323985406306898538e-01
-2.755407679395148079e+00 5.436097558894965598e-01 -1.113284339259810407e+00
-3.348545879897168120e+00 2.883831666015865269e-01 -7.191319959873205825e-01
-3.191315688003251161e+00 1.969896946932005732e-01 -1.170917487277302049e+00
-2.933350917522777657e+00 5.643055221454881254e-01 -1.177845473711522484e+00
-3.412832635223638000e+00 6.734179000397652048e-01 -1.211543277948713637e+00
-3.538497322613892937e+00 4.999842386255993198e-01 -1.158837288407020161e+00
-3.471595967473373623e+00 6.877033653951063474e-01 -1.133588275794285005e+00
-2.621823302015319879e+00 9.521846906119483256e-01 -1.097089803855546553e+00
-3.226910336316908268e+00 9.074043579180502972e-01 -1.024885737622599935e+00
-3.433228864102866318e+00 8.503706551001076752e-01 -9.740606904303559244e-01
-3.571093506825150588e+00 1.199551263175927307e+00 -1.496735228663213846e+00
-3.042625593344712609e+00 8.741148926478805592e-01 -1.268443635367606959e+00
-4.002285632264216630e+00 8.781264266172937871e-01 -1.648830085750310426e+00
-3.998621288839943944e+00 3.881458427402852962e-01 -1.099652029560589162e+00
-3.276475378640085534e+00 4.085575125441118782e-01 -1.092636266862133221e+00
-3.425491518687854509e+00 5.054571535707751417e-01 -4.942950863667871370e-02
-3.089506049911856067e+00 2.659387315556803189e-01 -1.119029802206886748e+00
-3.306047654601832253e+00 5.991088652767775358e-01 -1.285435895464107192e+00
-3.079309821610726416e+00 -9.322795095866147352e-02 -4.079368834022294998e-01
-3.640907168381640968e+00 9.163617259661540615e-01 -1.249883002415612676e+00
-3.847157551063430603e+00 4.998042513869849768e-01 -1.009769541329450515e+00
-3.134892385212562527e+00 2.653934112705405579e-01 -9.008884081462652516e-01
-4.359905986654365684e+00 5.863750933710268898e-01 -1.445852650118109262e+00
-2.817582264063253739e+00 2.900917238252936903e-01 -8.478904620481878540e-01
-2.833506129328825729e+00 9.054012790944834244e-01 -9.406933223765342467e-01
-3.445666304494294341e+00 1.228720809929593205e+00 -1.150539458920919467e+00
-3.263484731913456560e+00 7.226152376299821434e-01 -8.632687146086851504e-01
-3.122164652488534031e+00 1.050148966017089736e+00 -1.200239852575397226e+00
-3.730877628472360374e+00 5.199920017165703401e-01 -1.030922301184401757e+00
-3.668430473729347163e+00 9.725758589337395454e-01 -1.177906031969839118e+00
-3.124175490713753689e+01 1.037479283311596134e+01 9.802534769534720915e-02
-3.414155074922461175e+00 1.123133313761298657e+00 -1.023503597163901047e+00
-3.058497397140421459e+00 1.244512543705683233e-01 -1.214992278148693927e+00
-3.523416795412212199e+00 4.357376941163080830e-01 -1.192381611143009223e+00
-3.514924668549143316e+00 5.191892149432819625e-01 -1.297992029554701165e+00
-3.061152395771801427e+00 4.999063291595227942e-02 -1.293572131915654566e+00
-3.813161632267261236e+00 6.679951913562631738e-01 -9.311416599790904858e-01
-3.491754906477308573e+00 1.198636018916370283e+00 -1.073402769395855660e+00
-2.977648937368083892e+00 1.000966626433117623e+00 -1.193437602469501035e+00
-3.510616281445857467e+00 3.779970923244517778e-01 -1.335355652137669935e+00
-3.468405271520813127e+00 9.792847728575077015e-01 -9.374266276779810170e-01
-3.258323583907130505e+00 5.291605130003884661e-01 -1.067411797571809151e+00
-3.501555506602941126e+00 1.028497610451117428e+00 -7.495753904806903289e-01
-3.737093388110443115e+00 9.398373201956885525e-01 -1.315604480899055018e+00
-3.186745137488257384e+00 6.875034477717906212e-01 -1.104411318752760440e+00
-3.361563634918311116e+00 1.298254360079990510e+00 -1.537740214529086602e+00
-2.863652749660000385e+00 -1.135374080934069690e-01 -5.321893625280380569e-01
-3.015827858405467410e+00 4.561078392444355978e-01 -7.595793204352414563e-01
-2.843570633497227718e+00 1.257145390178723510e+00 -1.641575560672830392e+00
-3.226372509863259630e+00 6.380091146318841444e-01 -1.172740751219831346e+00
-2.818835064850104821e+00 5.147157702999282103e-01 -1.072842643620029346e+00
-3.296634733987085841e+00 5.462070657437231302e-01 -1.202495263709934870e+00
-3.887051160835915731e+00 1.047144400875014592e+00 -1.961650002427810735e+00
-2.853292487078939121e+00 5.654714419834797612e-01 -1.274285901197936166e+00
-3.781803766231984998e+00 8.517317574030957017e-01 -1.393541650410773380e+00
-2.639865451403997643e+00 5.326720647970344391e-01 -1.244578783449587389e+00
-3.595118257303849152e+00 4.194642320509021083e-01 -1.037257448141053917e+00
-3.405933840684570502e+00 5.324089626641294037e-01 -1.112967764578000951e+00
-3.714742995740855758e+00 7.015172172003715234e-01 -1.095531383517688750e+00
-3.247168631272231210e+00 6.967090905180873817e-01 -1.422074641370699943e+00
-3.115404862064321989e+00 7.648182120718741706e-01 -1.180373670468958469e+00
-3.118264138708169764e+00 6.139349174273009968e-01 -1.179274920749935118e+00
-3.128810152984930593e+00 1.236998569026483835e-01 -1.475540683019665344e+00
-2.643383607240837652e+00 9.124538924390752648e-01 -2.486613472725009100e+00
-3.354971802597175756e+00 1.464854697596730038e+00 -1.163235256119172112e+00
-3.136204475960949978e+00 8.206129695998032325e-01 -1.534702591686692541e+00
-3.516328253308270035e+00 1.685796019036087223e+00 -1.393680853306809242e+00
-2.896104689395424092e+00 5.235075729769435027e-01 -1.152991095370907493e+00
-3.828489679809420565e+00 8.104669961573611747e-01 -1.884716425705662557e+00
-4.093002495837981591e+00 1.216362826273693187e+00 -1.379861139423083083e+00
-3.641085549935461074e+00 6.216749615693466513e-01 -1.220591654488067723e+00
-3.906364750874033565e+00 5.433166560431196279e-01 -9.634062467086799142e-01
-3.051707947515302610e+00 1.502423201420910015e+00 -1.109966998948332506e+00
-3.938546879492580644e+00 3.765783741381609206e-02 -9.890952283521071697e-01
-2.931174719685911256e+00 9.009977321178003207e-01 -1.198392821732652047e+00
-2.860946600245288352e+00 7.460644496992676622e-01 -1.225495573966951302e+00
-4.390416828963358498e+00 5.308341698251378693e-02 -1.133890785927805123e+00
-3.786633208448346277e+00 7.064420805690619920e-01 -1.131386930403746494e+00
-3.484081076745556338e+00 9.736418435033351582e-01 -7.728353147090303299e-01
-3.172760052904008532e+00 8.461649124560435276e-01 -1.116166590124403779e+00
-3.454281302936909270e+00 4.889641697146046018e-01 -8.427749894510037088e-01
-3.320024239766602214e+00 4.345715844713686216e-01 -1.088442831135310929e+00
-2.973531808680542898e+00 7.555769525379251172e-01 -1.054783136995805837e+00
-3.074139644952450290e+00 1.151314835345610188e+00 -1.166328787458497995e+00
-3.345778691065946386e+00 1.025131328483412485e+00 -7.316973297114202079e-01
-3.913331401784432728e+00 2.689626671947732972e-01 -9.849996252443120603e-01
-3.161612543138061504e+00 1.099779795543480709e+00 -1.002842972462772542e+00
-2.832463130031942278e+00 1.123440257867559078e+00 -1.200303257484247599e+00
-3.869549143604190888e+00 9.396293301744613746e-01 -1.572482214054869543e+00
-2.944152845304385480e+00 6.170376839655510315e-01 -8.371840605183031858e-01
-2.667249631974957236e+00 7.046276387366161575e-01 -1.052397469996052326e+00
-2.801434737796933749e+00 9.149772858240904361e-01 -1.113184830168102213e+00
-3.090247352118364432e+00 7.689658067778994133e-02 -1.264954202612760037e+00
-3.788247333432563480e+00 6.736753083950949295e-01 -9.314921138337106665e-01
-4.078701984772319378e+00 8.647341739954719220e-01 -1.239205167063743840e+00
-3.812891594602047629e+00 9.169524535454840475e-01 -1.292179500371536616e+00
-3.554541724861920216e+00 3.279921116147215820e-01 -1.169807645196580870e+00
-3.926008090637536085e+00 3.341262442031966984e-01 -1.644620435116214807e+00
-3.211404703681643991e+00 7.062548229707855674e-01 -1.146346234247479279e+00
-2.948748167347355231e+00 5.576617334253242131e-01 -1.004114867633513652e+00
-3.460066428476427980e+00 5.055981696331939279e-01 -1.142747987132370024e+00
-3.743567352272567206e+00 4.402316532210665545e-01 -1.143086273563351574e+00
-3.667436226617324380e+00 7.500573043790196293e-01 -1.288597737531307130e+00
-3.567849631738806870e+00 6.374859234230541016e-01 -1.187923345389819474e+00
-3.450986602874070996e+00 1.062244773343660631e+00 -1.497039012837350080e+00
-3.201691205531384199e+00 9.513796464180677148e-01 -1.249751440146000148e+00
-3.721563791200053206e+00 1.868256340414788053e+00 -5.079263247976414375e-01
-3.308921415871787008e+00 6.660344832133735515e-01 -1.112940370782029120e+00
-3.685320288333199468e+00 6.601115482962243153e-01 -1.503519682934943980e+00
-2.493429116410786239e+00 3.035147957332711699e-01 -6.406304821472565969e-01
-3.599883917283445367e+00 -5.763014821521988962e-01 -1.327244769434177796e+00
-2.993973334166299960e+00 9.852954352127195614e-01 -1.363122873345561592e+00
-3.199038184307464672e+00 2.565101682279861683e-01 -1.346094875668807367e+00
-3.224376673624220313e+00 1.163783839311662627e+00 -1.179724239381332529e+00
-3.113740765279738643e+00 7.914222806226828277e-01 -1.336585318895964214e+00
-3.845341878290709836e+00 5.721845084625929445e-01 -1.193801197938346936e+00
-3.326607214372618415e+00 6.601850539006306473e-01 -1.142369548075325980e+00
-3.316040611746724931e+00 3.562411699348914107e-01 -1.067309082821278343e+00
-3.651788922018571970e+00 4.650190023271482676e-01 -1.074329782253841570e+00
-3.493710005969364207e+00 2.206501386703273726e-01 -1.380286036993050969e+00
-3.237600739785566617e+00 9.505009205433793129e-01 -1.396457161803842162e+00
-3.068212833100689263e+00 2.337145765395513830e-01 -9.132446740965777243e-01
-3.343761427553007870e+00 6.103660755116619985e-01 -9.622085474384323156e-01
-3.466096349343837701e+00 6.316028389776244811e-01 -1.475099866377125091e+00
-3.515960193931413791e+00 3.839024201321544760e-01 -1.122555581687501247e+00
-3.286419873647158152e+00 7.020910844394133710e-01 -1.034534958758108081e+00
-2.906837275558877387e+00 9.297008162125683928e-01 -1.128143514974519812e+00
-2.872722218225243207e+00 1.982017698239965930e-01 -8.505197745982187030e-01
-3.565124427452713629e+00 9.903018597184433114e-01 -1.126928275005811386e+00
-3.763904919383612491e+00 7.191401211617268752e-01 -7.959757115150010165e-01
-3.768651986037911961e+00 6.627941725710998488e-01 -8.287300564014924431e-01
-3.196843318083018470e+00 3.747912451857859928e-01 -9.798837261599625537e-01
-3.042829089982382662e+00 3.840912424738779918e-01 -1.013849878431122287e+00
-4.007154686394275522e+00 1.886993758216052863e-01 -9.911040828566912708e-01
-2.882196778236178591e+00 5.957145460950890037e-01 -1.285612406381812622e+00
-3.243738713484204617e+00 8.115036761548110045e-01 -1.053571760754937525e+00
-3.350753995411040798e+00 3.193348150272617980e-01 -1.295216601346309560e+00
-3.153148814580085446e+00 1.522648642973728483e+00 -9.291695260244022814e-01
-3.376747750867882480e+00 1.022491481211491804e+00 -1.052921757524417190e+00
-3.620851035083964220e+00 4.587861716729734751e-01 -1.064897163458578655e+00
-2.659019403558884775e+00 1.784930149398444632e+00 -1.284447152314611706e+00
-3.164380770801922704e+00 6.099881815008858510e-01 -1.364475666829985556e+00
-3.089404829114918982e+00 5.243392680063552191e-01 -1.200428774768571349e+00
-3.565638498596639838e+00 3.277026645191181697e-01 -9.821898689186280285e-01
-2.824969935454264558e+00 5.322855188204651533e-01 -1.235146128873733540e+00
-3.711984180648865372e+00 8.915398860491355881e-01 -9.812734774214610933e-01
-2.976218405668748179e+00 2.817544932663758606e-01 -1.080546460429190336e+00
-3.791920619028140926e+00 4.527976445820693363e-01 -1.078932814835979359e+00
-3.068643656802475306e+00 7.347814878176900377e-01 -1.138476160768243206e+00
-3.653784322673153007e+00 1.370562660990557680e+00 -1.225377021100062302e+00
-3.817589516322587251e+00 5.045771626367941964e-01 -1.075402407909671121e+00
-3.518016797668469309e+00 1.285166588788922537e+00 -1.114201173722008997e+00
-2.729038496028482808e+00 4.069021564991414097e-01 -1.073009133362027079e+00
-3.079692015971574381e+00 -4.734298762820400575e-02 -1.146401433024734295e+00
-3.046227473800033891e+00 1.119594923069688441e+00 -1.182980985251665063e+00
4.239633911733129423e+01 -1.710262853115918347e+01 8.908644216163974505e-02
-3.024244839777911587e+00 5.356059547492029171e-01 -1.260125471622977278e+00
-2.954399922608801354e+00 4.633047059337196405e-01 -1.178379836584699802e+00
-3.308392661215203479e+00 6.423890904082870668e-01 -1.030156580535997124e+00
-3.125137589972457164e+00 2.002674090102602722e-01 -1.053166847182428922e+00
-3.637439657478866994e+00 4.234836989491584935e-01 -1.238425710142119662e+00
-3.189367299412751322e+00 6.641181678139405076e-01 -9.908534728526574575e-01
-3.154777302001839701e+00 7.635040692744881063e-01 -1.180102080205978066e+00
-3.188614740623875399e+00 6.449889886409069240e-01 -1.046304408063619240e+00
-3.229289591733000009e+00 1.231060606099219523e+00 -9.706920082649147519e-01
-3.109095687244876949e+00 3.424019939598823559e-01 -1.601952014539224312e+00
-2.330054629812592815e+00 1.171901677990854429e+00 -1.822690917194702331e+00
-4.229916782476720982e+00 1.076540125719251950e+00 -1.722628141130844615e+00
-4.304924003880025829e+00 1.111327306101796086e+00 -8.380411185944183217e-01
-3.286233856640693229e+00 1.286753072045260238e+00 -1.365155515781913964e+00
-3.430258888016042729e+00 3.387675916066221760e-01 -1.118062429536825331e+00
-3.589849375865277636e+00 4.362828874442677973e-01 -1.047058732050823560e+00
-3.283246443073090770e+00 6.093767640170895117e-01 -1.096689350697279020e+00
-3.483369794293829091e+00 1.086465796478731427e+00 -1.120636580576159558e+00
-4.082984004504423226e+00 -5.046276588605878022e-01 -9.393813697304215227e-01
-3.775751561045512794e+00 1.015538548176957434e+00 -1.083123101955830281e+00
-3.267932277296617727e+00 8.132033163064532610e-01 -1.301359893814300062e+00
-2.889257834752270160e+00 8.292239897952357053e-01 -1.186230369319326128e+00
-3.255388583419029924e+00 7.109924410980135168e-01 -1.262881464341927273e+00
-3.385976641552414179e+00 6.213117711291780143e-01 -1.762490607572121615e+00
-3.158947203497997069e+00 1.058893398425283960e+00 -1.129897606697069401e+00
-2.965994744241756020e+00 1.052215555559781412e+00 -1.146478741589674444e+00
-4.069347005498071823e+00 6.512474264868920448e-01 -5.419626781713320351e-01
-3.674703410490965272e+00 1.002067479688183438e+00 -1.062965810927290589e+00
-3.006860439508151739e+00 6.561234329525550413e-01 -1.087320229278000649e+00
-3.114490048268666378e+00 4.640985516187375870e-01 -1.155217407028956034e+00
-3.354916370203877118e+00 3.188970760196349064e-01 -9.263804466218040767e-01
-3.303706421940238780e+00 7.200019424452683836e-01 -1.534787513369214373e+00
-3.353021171622961205e+00 6.077291187128368577e-01 -1.027439106865843277e+00
-3.436500937104344899e+00 2.417987646170589311e-01 -1.138598238605110780e+00
-4.226864385144497582e+00 4.285162042193420562e-01 -1.215591352372126455e+00
-3.293114850859049092e+00 1.245072392908638248e+00 -1.209497178343719836e+00
-3.258979856021218868e+00 4.916595878652000873e-01 -1.050500272382245859e+00
-3.559344803640105415e+00 1.115391415912100781e+00 -1.199717928703296410e+00
-3.658551106643467943e+00 8.892897584603229877e-01 -9.740169068952608811e-01
-3.610554032107204048e+00 5.020775348643782277e-01 -9.564651253027527389e-01
-3.554983709152411020e+00 1.529309972092614212e+00 -1.995383172391001603e+00
-3.962838632114385806e+00 7.307083660309139361e-01 -1.379830992634614839e+00
-3.784878422700137079e+00 9.948843001684271048e-01 -1.196962555223231917e+00
-3.472496204263907149e+00 6.439846641389900261e-01 -1.209870120260981841e+00
-3.236004707179214179e+00 5.846681878229001983e-01 -1.221640574569567539e+00
-3.333006420329407860e+00 9.899936990494846434e-01 -7.799121251216055706e-01
-3.049593290598076045e+00 9.813342499071397995e-01 -8.209933802781906875e-01
-3.012653395536942558e+00 7.365288509339438239e-01 -1.187248968477198297e+00
-3.868737636682753056e+00 1.001550026695928741e+00 -8.710903226994449744e-01
-3.660468365437411276e+00 9.724092629814162780e-01 -1.359503257077654625e+00
-3.095316939633840914e+00 6.799126142027333008e-01 -1.099689797111025324e+00
-2.937299190846326180e+00 7.248441424501192998e-01 -1.144243647153801779e+00
-3.426688677171355835e+00 5.535864392452584104e-01 -1.831912382855124477e+00
-3.284402052772562808e+00 3.353805234834772997e-01 -9.343941045956997149e-01
-3.327949250893523114e+00 9.320977091774812484e-01 -9.959061304220102606e-01
-3.298602245746421691e+00 5.175399095825352624e-01 -1.073383314864866600e+00
-3.783691650194550782e+00 6.390674401760433332e-01 -1.188918076587406336e+00
-3.707223541120205468e+00 3.385756008358581370e-01 -1.039503442446349402e+00
-3.259659725085133797e+00 8.432131714054998950e-01 -1.154271649360840923e+00
-2.962965571903806161e+00 7.560252917853468313e-01 -1.226820172717375090e+00
-4.412044781990517528e+00 8.832028348337599422e-01 -1.527566086578084015e+00
-3.678241506179328990e+00 -9.403386662919636929e-02 -1.079253343717169633e+00
-3.131456207666226899e+00 1.680173152329641484e+00 -1.725170164900472924e+00
-2.860870472883817683e+00 1.021581718828156626e+00 -1.299352016234015528e+00
-3.647284863330163329e+00 1.418462531694974160e+00 -1.198611776560464248e+00
-2.700122489292645866e+00 8.251462032313641171e-01 -1.176046437074543594e+00
-3.287050596498216848e+00 1.352738664958137438e+00 -1.421800743161673486e+00
-3.270954449038362188e+00 1.148085095778989428e+00 -7.965953116291881742e-01
-3.301598509312224206e+00 4.057570583069124437e-01 -1.038607263931456748e+00
-3.131197480890338891e+00 4.573472139400057146e-01 -1.118932924127233441e+00
-3.339981949409736028e+00 1.462304702758244757e+00 -1.216588905220634231e+00
-3.568199572145814180e+00 6.799488965990462264e-01 -8.785820109327008298e-01
-2.994730013333368746e+00 9.549094647168208105e-01 -1.161910185530145023e+00
-3.122795127805260140e+00 7.835570470887366357e-01 -8.366896406039622258e-01
-4.543474094189670076e+00 1.152602985302764393e+00 -9.536318290033399814e-01
-3.635565433848988892e+00 8.298418111926774143e-01 -1.396488489979849534e+00
-3.116223118617059473e+00 3.899809206997068567e-01 -1.350393574132150221e+00
-3.444492983370566197e+00 -5.093585793649643145e-01 -5.140096410747836408e-01
-4.428363702063082386e+00 6.488143281742138058e-01 -8.230005886706596163e-01
-3.701628333265805981e+00 7.110892308168941245e-01 -1.207679049196054510e+00
-3.120294182042102182e+00 6.223464763656524346e-01 -1.116158822956648811e+00
-4.095408021386664821e+00 7.390968247703383343e-01 -8.295135304612341054e-01
-3.127452172471656855e+00 1.300015714697409841e+00 -1.110893956791838999e+00
-3.040204469784546060e+00 3.176746011182019491e-01 -1.101907871714224330e+00
-3.026014444496714084e+00 -2.031566913802581864e-01 -1.535097934194419089e+00
-3.067562393636311224e+00 1.024899503517735733e+00 -1.133091330198616076e+00
-3.141600946975417585e+00 1.119312394357844465e+00 -1.049160538402231779e+00
-3.021099523849133828e+00 1.135032570740054592e+00 -1.146120875764643277e+00
-3.230886356353436462e+00 1.215084648790088595e+00 -1.150516846239914237e+00
-3.622322061570808938e+00 6.733950448118760645e-01 -1.124079536470525165e+00
-3.618373046065149090e+00 1.688094554771056230e-02 -1.042019173865714521e+00
-2.813943784680086768e+00 2.589161422807045310e-01 -2.219804536217199864e+00
-3.446057275223654681e+00 8.704192431425564758e-01 -1.348070031945373781e+00
-3.248708625911740366e+00 8.331670354253261079e-01 -1.304446105410631107e+00
-3.406434201652230431e+00 7.722376432075986896e-01 -1.086230148454493838e+00
-3.809360370030863141e+00 1.242419808168552464e+00 -1.045150650020954419e+00
-2.936650209858656879e+00 4.609080671603818513e-01 -1.009809656411123413e+00
-3.734807755745312541e+00 4.828336468687824401e-01 -1.127592826984531227e+00
-3.450426054101092710e+00 6.245681517594174892e-01 -1.146972329159120951e+00
-2.826377450924899115e+00 7.242659298451773475e-01 -1.048609256842191639e+00
-3.122939815658210883e+00 4.607494557034302329e-01 -1.191173228378924032e+00
-3.161004830243492769e+00 7.076142090331483114e-01 -9.840437480754948840e-01
-3.416979074211952128e+00 5.029936467351946439e-01 -1.097398809305019540e+00
-3.019216621273403067e+00 1.140231770295872415e+00 -1.084311384461646988e+00
-3.824679702274435655e+00 1.114656838770911040e+00 -2.012319200132476560e+00
-3.876376442972627956e+00 4.701376540282191652e-01 -1.083603633547847167e+00
-3.268938169431534480e+00 8.194679369835499161e-01 -1.086682324095408880e+00
-3.608478752149617996e+00 5.131449851365175174e-01 -1.039959700162030432e+00
-3.195921575507445489e+00 4.053509070017853877e-01 -9.859055205920258524e-01
-3.822694341289841091e+00 7.065183348185448686e-01 -1.319971604001135113e+00
-3.576994823440025950e+00 1.040912272806537864e+00 -6.729708479001959009e-01
-3.815528192854461764e+00 6.456402589084777599e-01 -9.383331320220031913e-01
-3.905224277476728734e+00 8.116135892259521700e-01 -1.195423908283091974e+00
-3.277030918760528433e+00 3.326736669384404710e-01 -7.558863746315789278e-01
-3.557162098410800333e+00 1.208580292933980171e+00 -1.263340307892991010e+00
-3.703857284391683269e+00 9.003049074460454104e-01 -9.662475320196621809e-01
-4.204381416860177190e+00 1.062412546383460388e+00 -1.401285254195848040e+00
-3.481449424646097857e+00 4.618891153834656649e-01 -1.053340232248584307e+00
-2.957847155144325502e+00 5.284897094539059426e-01 -6.313231316308584029e-01
-3.311562967882822672e+00 8.241135785042374984e-01 -2.415938179031213995e+00
-3.521687541660449394e+00 7.258845575890507940e-01 -1.639955987754499356e+00
-3.777503172709896440e+00 4.720479052147681931e-01 -7.772734927378052161e-01
-3.805883888000817450e+00 5.724553682056645609e-01 -1.176609981021653928e+00
-3.167496843233795989e+00 7.271010420277356223e-01 -1.222674982901826635e+00
4.245695781464490182e+01 -2.280121481136772843e+01 -7.117917041970271974e-01
-3.811105049694087032e+00 9.374954707712710444e-01 -1.147226849756925127e+00
-3.881754718821289529e+00 6.663161387850665696e-01 -1.058636983065617487e+00
-3.385749413457423973e+00 1.107155908668778777e+00 -1.033166493954519538e+00
-3.712333258115343426e+00 4.552485441342595807e-01 -1.314644759950054809e+00
-3.224722315581522558e+00 2.009660691944758770e-01 -1.007325991552468603e+00
-3.821596637664350649e+00 5.936187633758571724e-01 -1.143380227725348641e+00
-3.272037090169450213e+00 7.575352986453477433e-01 -9.312246908650884114e-01
-3.334022794084414709e+00 9.545709167603677603e-01 -1.049194197597636435e+00
-3.879697553250311515e+00 -2.265928077959206421e-01 -1.184958974177324320e+00
-3.212446118825097674e+00 1.003772272929311926e+00 -1.328454443107276006e+00
-3.474348810977299085e+00 1.134068532185275924e+00 -1.345880205191143375e+00
-3.034866954491094670e+00 -1.061001691284733511e-01 -1.458920646273593746e+00
-2.919327697661834087e+00 6.436445933266947694e-01 -1.093315157307742869e+00
-3.542694098698909499e+00 5.444393232586385717e-02 -1.018930653381008744e+00
-3.110420740257144434e+00 7.254992037844109065e-01 -1.115342844812202028e+00
-3.760697530214968332e+00 8.981702066010506247e-01 -1.600887872580056825e+00
-2.777670431674827967e+00 5.042296565526669383e-01 -1.003091630482475294e+00
-3.177609181945583394e+00 6.513263329218342834e-01 -1.111167613626345751e+00
-3.081152960440867172e+00 5.378535348941458905e-01 -1.302318275132762881e+00
-3.525275583179542149e+00 5.725146148634525645e-01 -1.244409627651816397e+00
-3.823041383363102952e+00 8.719426651679913487e-01 -1.276564207878373214e+00
-3.943713767901811273e+00 9.203883790015436883e-01 -1.053870403857959159e+00
-3.769102654583698975e+00 8.124506408703634497e-01 -1.104289526175419089e+00
-3.232719809397039512e+00 1.585310045230571729e+00 -9.326535037813228346e-01
-3.235174356390750017e+00 4.189091093453151116e-01 -1.816870478076349826e+00
-3.189787020914851112e+00 9.244550614307546210e-01 -1.195893878937095423e+00
-3.074961765559866222e+00 3.133465200954351770e-01 -1.222251563863316237e+00
-3.506395521900321111e+00 1.111715898204782782e+00 -5.554806097776743279e-01
-3.220241667256298790e+00 6.232728750059122191e-01 -1.037624749547527481e+00
-2.646200510658944793e+00 7.559945925362542285e-01 -1.368768969167067473e+00
-3.526442655810216209e+00 5.253509843127146528e-01 -1.213851074379854733e+00
-3.451052328057878427e+00 1.183153976951150543e+00 -1.060573984232823452e+00
-3.138964578524205962e+00 1.094940228676123617e+00 -9.482008798741127231e-01
-4.803019842853268884e+00 1.413709364972917548e+00 -1.242196237943881565e+00
-4.324610948074533390e+00 8.096995512948345075e-01 -9.286872133568248033e-01
-3.404356357489955354e+00 3.591726503277655747e-01 -1.170519024214195181e+00
-2.813694611556041281e+00 6.174182546065406507e-01 -1.124952280148821204e+00
-3.860354395467339828e+00 8.184520831402545271e-01 -1.232945224336530421e+00
-3.658227163884952393e+00 1.100116389891973245e+00 -1.208616635520995963e+00
-3.746124778227197805e+00 8.697997702509481233e-01 -1.256793245923540470e+00
-3.472061898029242144e+00 2.451730807629976527e-01 -1.169474817326272342e+00
-3.348047866603701017e+00 1.003599000148481579e+00 -1.107148655401595461e+00
-3.361122203733617475e+00 1.161104807056372978e+00 -1.075625777572641661e+00
-3.518974589363494943e+00 4.783144531651568054e-01 -1.123613921269104310e+00
-3.615775419206210817e+00 4.467046979853420141e-01 -1.065402884661286187e+00
-2.625519555066787802e+00 7.551753072034425029e-01 -8.590210401252250660e-01
-3.898814455149775426e+00 6.490303578815239671e-01 -1.165022869713080000e+00
-3.495533040897377486e+00 1.109624195733201368e+00 -1.203106443008493454e+00
-4.231895622751247643e+00 9.972807397234602078e-01 -1.323359279508431685e+00
-2.832781791628043333e+00 5.158212163372090098e-01 -6.380748031375734763e-01
-3.803988708370917848e+00 9.346999408551251998e-01 -1.141791475816348100e+00
-3.537004234601160757e+00 5.669248420038398573e-01 -9.690495417432102299e-01
-3.391346530309234719e+00 3.531479459960505385e-01 -1.052798515191497808e+00
-3.056356873083577952e+00 -5.575637067124099566e-01 -9.259420667556095275e-01
-3.445322227538919702e+00 1.041680951822917089e+00 -1.395480746836394781e+00
-3.697678016301581216e+00 1.115895292270667527e+00 -1.444237000823634265e+00
-4.242614257501649888e+00 9.865916814763149301e-01 -2.047397422465639938e+00
-2.885515399033022899e+00 8.037817020749928876e-01 -1.747541845279880102e+00
-3.729845971195629772e+00 4.117938205811519925e-01 -1.395164185411037483e+00
-3.737123263526881178e+00 1.715382807748916827e+00 -1.513541093642522428e+00
-2.973415075680554853e+00 7.969042170620759258e-01 -1.311035209856549200e+00
-3.826260449256355223e+00 6.012761298238905594e-01 -1.143155842312230774e+00
-4.770516328798422911e+00 4.385916187089763385e-01 -1.408123037922776488e+00
-3.285751460243415245e+00 1.344722577566742849e+00 -9.034882557266473713e-01
-3.104282299125262323e+00 1.814916568236854433e+00 -1.946534573493244880e+00
-3.101201594120423621e+00 1.075143066350391363e+00 -8.231002847607490347e-01
-3.482044791020364016e+00 4.298002660907833117e-01 -1.118411462673831069e+00
-3.776377934907078515e+00 9.394205196279175052e-01 -1.254414900470382843e+00
-3.788860731494616552e+00 1.375197071238932089e+00 -1.394302813585266643e+00
-3.419435184522511495e+00 -1.213090077511181641e-01 -7.626640125025592187e-01
-2.811016443325127678e+00 4.259258575123630597e-01 -1.114531878688831856e+00
-3.479449782494434817e+00 8.793252684860420887e-01 -9.091164329002743294e-01
-3.328454779075904035e+00 -1.452617807665408656e-01 -6.732091164947366924e-01
-3.622709463504228733e+00 1.032851768481007459e+00 -1.145081100322883128e+00
-3.501612646813594409e+00 -9.951132369586393467e-02 -1.644749774588334157e+00
-2.894357024386852828e+00 6.934412938317572328e-01 -8.717719611809797708e-01
-3.624240255967713598e+00 6.177127356346298059e-01 -1.097964182346444106e+00
-2.915167247255891603e+00 6.803687422095168191e-01 -1.097300774510374000e+00
-3.022093120791042864e+00 3.080739991898838182e-01 -1.274215991907470036e+00
-2.898729103439746879e+00 4.542506223531408982e-01 -1.100398872720237176e+00
-2.849907651925144503e+00 9.499301745236301553e-01 -8.455441805887931039e-01
-3.685695856086482536e+00 8.779702842857751710e-01 -1.050982845229430529e+00
-3.247232237849335235e+00 9.036356355436688803e-01 -1.017121030683163507e+00
-3.305892018466967563e+00 1.364006195024701107e+00 -9.263831602163069556e-01
-2.868374260771631157e+00 9.486522768069789446e-01 -1.262575830849950398e+00
-2.844598341413918874e+00 -1.114883770948252480e-02 -1.046864402223266932e+00
-3.738532204281393767e+00 6.285329873246702226e-01 -1.147570902248520541e+00
-3.198270466327537420e+00 8.124550853619397772e-01 -1.376880512781210264e+00
-3.193317963781761915e+00 1.195133889177324216e+00 -8.631767044252376397e-01
-3.550656372203995659e+00 7.144239336110168592e-01 -1.477777362253926308e+00
-2.950634378336596253e+00 6.686904756001454952e-01 -8.058293673880568830e-01
-3.206010415064729280e+00 5.764501141143825169e-01 -8.848181738751337289e-01
-3.584329371971982425e+00 -3.318200022366624147e-01 -7.766595385751072500e-02
-3.087835290033651425e+00 5.988802757999687199e-01 -9.824851552139430844e-01
-4.297731325257895918e+00 7.157757392182703127e-01 -9.760298014866268801e-01
-2.948499917392272351e+00 3.673931190425743787e-01 -1.148607377201369628e+00
-3.481176872531164701e+00 7.743147279990594267e-01 -1.172974156933651146e+00
-3.385456153484041053e+00 7.889169862958756996e-01 -1.176412102178401975e+00
-2.886368717730375177e+00 8.662569089546297008e-01 -1.222763739918274695e+00
-3.578995923643037980e+00 6.181407770233237065e-01 -8.783562539084276422e-01
-3.479401734764325571e+00 9.786921675547426425e-01 -1.128260774055163562e+00
-3.756437335497656793e+00 4.120162505740087022e-01 -1.119168954161844365e+00
-2.899029958336050594e+00 7.876643462870898116e-01 -1.180711348673207928e+00
-3.037296476924369326e+00 1.586568084296168690e+00 -9.619651828369871760e-01
-3.242915839584186166e+00 1.099753210956067262e+00 -1.116831211712210559e+00
-3.264536951045517110e+00 9.981540363094046908e-01 -9.287366508153389599e-01
-3.069084309525866860e+00 1.154889705893453300e+00 -7.785073385951520875e-01
-3.406921044949691169e+00 8.609414335157633547e-01 -1.063651672203161702e+00
-3.330652196789494646e+00 1.424317151349027144e+00 -1.347721828031979596e+00
-3.613700442011646530e+00 5.943148268071658524e-01 -1.635145709525364088e+00
-2.872240886536157500e+00 7.784883954264586459e-01 -1.115862360862114100e+00
-3.896740031419320349e+00 1.013335976216051204e+00 -1.788055602527041765e+00
-3.271014609029166742e+00 4.641545909634632872e-01 -9.239506025543215983e-01
-3.516193285681231462e+00 6.834951772654582758e-01 -1.174454385029423342e+00
-3.489748810117809352e+00 9.627833627371905623e-01 -1.288187203745163156e+00
-2.941453971268020329e+00 6.551091977813751077e-01 -1.059737591896084519e+00
-3.619690034854011085e+00 2.520814403403338066e-01 -8.109589669605297146e-01
-4.030672158422851759e+00 3.301484914047657648e-01 -5.837140169621136687e-01
-3.129309637571975333e+00 -5.182584792620631431e-01 -8.507620448875972130e-01
-3.143143316749006377e+00 1.118321824617424909e+00 -9.494463766648731928e-01
-3.708368762742307201e+00 7.649018195608258130e-01 -1.116057840010225677e+00
-3.257667080176293695e+00 1.074844135404726231e+00 -1.099208068950794814e+00
-3.212947826562824183e+00 7.238966223045649739e-01 -1.100993073022575874e+00
-2.626030951394501045e+00 4.406765322754271352e-01 -5.000359946244036236e-01
-2.182548538146519590e+01 -4.787799277255856367e+01 -6.600355811607616641e-01
-2.701614526813314932e+00 7.701765014418016086e-01 -1.882537610352220003e+00
-2.927280099402146618e+00 7.768415990891971434e-01 -1.417441819405144576e+00
-3.378399075229558957e+00 1.330038933478264296e+00 -9.963393427363685939e-01
-3.001175243723893882e+00 7.383425186166941989e-01 -1.405446571453994986e+00
-3.266988422744567799e+00 2.134537845505179443e-01 -1.094591563972851844e+00
-3.570231081889287950e+00 5.786664503607529264e-01 -7.810284410575348835e-01
-3.405445645103187147e+00 8.216716894594517928e-01 -1.067866922340000135e+00
-3.536722138069953392e+00 7.014919872134330880e-01 -1.264625175761679987e+00
-3.696054686322356009e+00 4.295696063766091255e-01 -1.145335499068171892e+00
-3.667710957587451137e+00 5.377176340780389641e-01 -8.404971751949670278e-01
-3.359521064138559332e+00 5.360644694326781590e-01 -1.150649923279495335e+00
-3.588313928673879438e+00 3.803848852115534473e-01 -9.037129315579035538e-01
-2.914753926517915428e+00 4.481761728453651505e-01 -1.361815558077046351e+00
-3.432492824727573666e+00 5.744812295479277964e-01 -1.175172240019057179e+00
-2.996068267740456648e+00 3.131635074378194550e-01 -1.241444912666695100e+00
-3.367590845910847897e+00 1.007241198200961918e+00 -1.141574845029601271e+00
-3.313687943893541821e+00 4.811962991088458708e-01 -8.339904436093599216e-01
-3.156940790251898221e+00 1.108382134175856182e+00 -8.378286675582167220e-01
-2.940783616190874028e+00 1.534739931123445977e+00 -1.483200705744500913e+00
-3.290495401799613084e+00 7.199938210274542394e-01 -1.403697371919675252e+00
-3.822416464988811935e+00 7.765768235729293423e-01 -8.570751337125326330e-01
-4.210308117833775121e+00 7.476116067545692800e-01 -1.080613153769608203e+00
-3.271295126663460895e+00 1.210305772356306431e+00 -1.078378905646834696e+00
-3.657690512933377214e+00 1.063761672335600039e+00 -1.044753373397700802e+00
-3.907532938785447829e+00 1.704585734633200789e-01 -1.179451702325856388e+00
-2.918928827899513578e+00 1.071536189566511199e+00 -8.461365471865396337e-01
-3.048506048698834014e+00 1.307306937996319141e+00 -1.594489858151510786e+00
-4.083771583395577665e+00 -6.386383566941948586e-02 -1.073715005094935560e+00
-3.638620689918422801e+00 6.841226078439699432e-01 -1.040205484389251644e+00
-3.003624785771943806e+00 3.950104977308148690e-01 -1.058817451897644313e+00
-3.291172449524707666e+00 8.291337726963180499e-01 -1.143162972690540125e+00
-3.948790882617384757e+00 3.187262105663865031e-01 -1.937538673916260556e+00
-3.233451195101537223e+00 9.453458468879626375e-01 -1.159185353932634222e+00
-3.113104753514128298e+00 -5.584235894542276257e-02 -1.379465158461483210e+00
-2.787088687473329607e+00 7.768122243494720580e-01 -1.596062859552232593e+00
-3.955316083100944624e+00 9.695246229778304858e-01 -1.190226826752529110e+00
-4.081438053723067227e+00 2.387171138313748386e-01 -9.675557674651831253e-01
-3.962837167135302874e+00 7.701056339546110685e-01 -1.096717047489671248e+00
-2.999106126645212367e+00 7.236339311341678515e-01 -1.384087644204309520e+00
-3.491008299522530667e+00 7.377022707115007405e-01 -9.902286815304910395e-01
-2.591189283088329631e+00 1.424194617430220022e+00 -1.523727901405353302e+00
-3.643155248479155173e+00 3.514368705483346678e-01 -4.918580201639119465e-01
-3.850995491244681546e+00 1.002954081488589777e+00 -1.319481245401376235e+00
-3.481686830241335073e+00 7.634810454715265093e-01 -1.008797549651999859e+00
-3.370926962712271102e+00 3.404572584388951828e-01 -1.195414122265784362e+00
-3.260224544302278371e+00 6.665254415997282633e-01 -1.092799315470744048e+00
-3.526170049672718854e+00 1.175332939268728616e+00 -1.225392880835114662e+00
-2.476423715146282678e+00 8.832459042399698479e-01 -1.961515456801578017e+00
-3.709464247653704305e+00 3.005023293224814429e-01 -1.077297608257011596e+00
-3.142974632465716844e+00 9.550553958700132018e-01 -1.697285677897844458e+00
-3.398072798113498827e+00 3.922994893998847932e-01 -1.175179267098002578e+00
-2.878637582818786456e+00 7.954717338603232990e-02 -1.095345196749194505e+00
-2.903111385239362630e+00 5.502912841749864059e-01 -1.314325201765494500e+00
-4.243198655977791667e+00 9.205643911046977879e-01 -4.595809672082189490e-01
-3.717567531600199704e+00 4.750420635724483254e-01 -1.111386942261386457e+00
-3.372013369176334319e+00 1.283763540915013213e+00 -2.218050615138860593e+00
-2.907645958735189495e+00 1.080442187656780240e+00 -1.032656232222665560e+00
-3.892164089844670549e+00 6.640961598808898803e-01 -1.092784959359125008e+00
-3.185247938482543173e+00 7.488897794077626902e-01 -1.179041467517771835e+00
-3.259802206980447092e+00 7.570641829463738981e-01 -1.165379568089045748e+00
-3.599820111186163629e+00 1.602581679570221462e+00 -1.314323206190814997e+00
-3.897155889890425495e+00 9.026190508028251180e-01 -1.272957062143599050e+00
-3.726778774556714247e+00 5.014344148104756815e-01 -1.408200554642457858e+00
-3.907693269395975832e+00 9.998425817030048846e-01 -1.058315764779116819e+00
-3.261697592887875086e+00 1.435033129713122468e+00 -1.116306752805481306e+00
-3.490401694338079785e+00 5.490494302047939090e-01 -1.119750269462571390e+00
-3.787640510644132430e+00 3.908948635789886716e-01 -1.157234651646812829e+00
-3.510959650030990531e+00 3.130233125765485847e-01 -1.070018126318878604e+00
-3.162925409965936296e+00 -2.990581680676154819e-01 -8.950496356468503611e-01
-3.664986834091910506e+00 5.920034911207907591e-01 -1.066028795360568271e+00
-3.555195759896234264e+00 1.397418355891973718e+00 -1.283701572010783609e+00
-3.510845560605341920e+00 7.493464561110666500e-01 -5.473913335274839254e-01
-3.383130265143337034e+00 1.337259134588380860e+00 -3.892028177208728401e-01
-3.552029321538829887e+00 -1.982902917080621094e-02 -1.032262065994241640e+00
-2.809760943434750580e+00 5.008984985580623439e-01 -1.498761694747992479e+00
-3.225088227982518596e+00 4.501633491996631653e-01 -1.098319180886386359e+00
-3.003656044022327443e+00 9.153879591786103775e-01 -1.086947873412907439e+00
-2.996405418005440691e+00 1.135378768541835726e+00 -1.072414245529784926e+00
-3.512772620434819970e+00 7.242890249993418905e-01 -1.236736087888772095e+00
-3.644392309721860901e+00 3.297314527235604142e-01 -1.546777725178843710e+00
-3.497961152958827036e+00 3.445764129988232449e-01 -1.309097641988204774e+00
-2.510403050850820161e+00 1.052248361567015067e+00 -7.518598174431314618e-01
-3.676272541145115369e+00 -2.206028888959445378e-01 -8.394608809042578557e-01
-3.657328473182872575e+00 4.500626492876544371e-01 -1.085990315263940520e+00
-4.490380661170737753e+00 9.768258494705732708e-01 -1.254289220746855227e+00
-3.369748685793159115e+00 1.137223761692397694e+00 -9.896278972546176389e-01
-3.269112612614391900e+00 8.553767970946624111e-01 -1.124269436579165227e+00
-3.529682139852198919e+00 3.064370551080154992e-01 -1.050670748200927207e+00
-3.566401535770719722e+00 5.296378734482450890e-01 -1.101814433854763520e+00
-2.961436334792264091e+00 8.516241287956205497e-01 -1.178927128095645038e+00
-3.199702609021250588e+00 6.384597099515129104e-01 -2.263369505335585785e+00
-3.295730035032085503e+00 6.096679320574984740e-01 -1.125111158221262064e+00
-3.787864525242770508e+00 4.836230216215535171e-01 -1.091634988746514656e+00
-2.700798699759992871e+00 7.558786144322195977e-01 -9.988274684328268815e-01
-3.032819607039857424e+00 5.696746944780266553e-01 -1.090532030405339414e+00
-2.524574312096523165e+00 1.527349425017166418e+00 -1.596071635999880556e+00
-3.101627416999864995e+00 1.097874580441507764e+00 -1.002567630127336962e+00
-3.095176494920382382e+00 5.831260136586914333e-01 -1.274665249522039190e+00
-3.258284227314723669e+00 3.411177668444322908e-01 -9.617500953900710581e-01
-3.230980654308873934e+00 7.063330469717125082e-01 -1.046703103642264709e+00
-3.137559578514052649e+00 7.396531781259154670e-01 -1.143044681871854262e+00
-3.954819065432380043e+00 1.148297435425741142e+00 -1.551744922625933221e+00
-3.163004177698560682e+00 4.549675139383946298e-01 -9.981858607195688293e-01
-3.694141022924719131e+00 1.097508048921349122e+00 -1.097744873420918976e+00
-3.606484356566173055e+00 1.750267723244876006e-01 -1.099862637097734241e+00
-3.562240178206228070e+00 5.032146354666118260e-01 -8.983558148278302236e-01
-3.242901781681101436e+00 1.007399123612777725e+00 -2.415419769984135545e+00
-4.009680691823668930e+00 4.670633665165398463e-01 -1.632086906154740225e-01
-3.451659726272925610e+00 1.140392247618367660e+00 -9.562597004747812601e-01
-3.958220512438484828e+00 5.817051587060311224e-01 -9.889787421704376857e-01
-3.577036091263392059e+00 9.607385514693101980e-01 -1.288979769659921448e+00
-3.499826434263534125e+00 1.414238972555040275e-01 -1.426381002515581420e+00
-3.346739033179278344e+00 1.216575637937019394e+00 -1.190166450259220410e+00
-3.790404318085370150e+00 7.328045218775632863e-01 -1.072263216124220486e+00
-3.231335228668374970e+00 -3.823649951062585983e-01 -1.108754095801039785e+00
-3.729314952866618071e+00 4.843034356851703137e-01 -1.031567627238964224e+00
-3.231701598159538058e+00 5.531389558000598949e-01 -1.037244164382243872e+00
-3.572546843837015818e+00 9.920001224181597133e-01 -1.101396509797211154e+00
-3.153254447463268217e+00 1.030144478171962197e+00 -1.113263726938140019e+00
-3.081077198253410643e+00 6.973574375201816444e-01 -1.261780245288992797e+00
-3.491558088687781058e+00 9.043102245069448708e-01 -1.050608865927905367e+00
-3.300107842950718240e+00 6.497450542056246170e-02 -1.059675748858555089e+00
-3.470769863238227781e+00 5.355169558805815688e-01 -1.125188020359167984e+00
-3.968744724855298500e+00 6.995511912268836952e-01 -1.224874939837551580e+00
-8.444561826809676930e+00 -5.440290556712952963e+01 -7.523885692792182667e-01
-3.880392242747535914e+00 5.897272337234874540e-01 -1.175859005073705443e+00
-3.612866893067949281e+00 1.193405379904746155e+00 -1.021051500525951283e+00
-3.688425516516617986e+00 3.374507430837955790e-01 -1.193926770586150710e+00
-3.771489918461459645e+00 9.476176617679979985e-01 -1.499061613261277959e+00
-3.154137595391896198e+00 9.789615620048319755e-01 -1.067822198858360272e+00
-3.158810379691027403e+00 4.823098134136852289e-01 -1.654416837762978654e+00
-3.566314333380269819e+00 8.350607025821921159e-01 -1.168517173767464445e+00
-3.920988773617520629e+00 7.019864578192140936e-01 -1.195064220092470597e+00
-3.330676593691793475e+00 4.415459025237869484e-01 -1.099840668116993436e+00
-3.959882086070745988e+00 8.841666631814716348e-01 -1.345945832966296551e+00
-3.327224407350088953e+00 3.357579805783459936e-01 -1.084667212184190266e+00
-3.212388664472992428e+00 9.548713294511457228e-01 -1.021537748065799889e+00
-2.791131072229573462e+00 5.922424283360842034e-01 -9.636536285809752522e-01
-3.338933274380670113e+00 7.493464710504018633e-01 -6.971580293254869831e-01
-3.430494151907772071e+00 1.287600316362867314e+00 -1.184098525321044981e+00
-4.256343084629472528e+00 1.092674829891499666e+00 -9.865257976381607286e-01
-3.388190146421293569e+00 3.334632845698607961e-01 -1.675910363869126174e+00
-3.930786521460111871e+00 6.667838101615349844e-01 -9.238347178920045533e-01
-3.227800107132904994e+00 6.660947762531643779e-01 -1.131070698584909717e+00
-3.620245871719291575e+00 4.976156487331986900e-01 -1.115803711205013204e+00
-3.024351161556357415e+00 1.200347155274413602e+00 -1.139846959609262411e+00
-3.362769151591794348e+00 7.724374988992520619e-01 -1.250877012635962515e+00
-3.376784942139312573e+00 1.265471942214461132e+00 -1.421775402119936249e+00
-3.360358690810050675e+00 7.420141097816649323e-01 -1.297980343190401342e+00
-4.187838471614716340e+00 7.449022778118412624e-01 -1.300943931045097424e+00
-3.348500576629922509e+00 1.012772951853350367e+00 -1.067461671924823108e+00
-3.143023637026248984e+00 4.490377489071087358e-01 -1.266182434943764035e+00
-3.093228773503220452e+00 9.806700593361750151e-01 -1.230638198052334653e+00
-3.852753523109969880e+00 9.782396635208398528e-02 -9.509995636722131662e-01
-3.849858140681833962e+00 1.448211144300724174e+00 -6.072003291550032156e-01
-3.118869265056264162e+00 7.054183002482430909e-02 -7.834347393680023419e-01
-3.432669791280750893e+00 2.845380297424514662e-02 -8.317699685963121370e-01
-3.116606709740429082e+00 1.198953983768823894e+00 -1.135317688600398833e+00
-3.961843684857911274e+00 8.158310154278056725e-01 -5.250848106626868628e-01
-3.378429924530129025e+00 7.700058187403904242e-01 -1.179220658878147310e+00
-3.533665260825720633e+00 1.053870605319958909e+00 -1.134303464530078687e+00
-2.840299592632937298e+00 8.497634298084171256e-01 -1.303843433146351982e+00
-3.701000381953224228e+00 9.967227168962558004e-01 -1.295100199066036462e+00
-3.566329852609554152e+00 2.139043165260492152e-01 -6.839166265073208795e-01
-3.663078857978041558e+00 5.984368864835168944e-01 -8.518943312996941630e-01
-2.749414044150142011e+00 6.111908772457851358e-01 -1.022438664557417720e+00
-3.455101694091050835e+00 -2.316136549812047585e-01 -9.591103916011077812e-01
-3.426447215132813806e+00 1.201054842178057802e+00 -1.101339857132625610e+00
-3.371684705108414892e+00 1.124294925111581467e+00 -9.930398807147797768e-01
-3.593737046269541047e+00 1.106406472378890449e+00 -1.161396376883176762e+00
-3.800407466684136093e+00 8.099255149452737612e-01 -1.180549777829493552e+00
-3.615201135992963888e+00 1.060321697660821183e+00 -1.255801110788060004e+00
-3.156833844649760135e+00 9.164431615532779851e-01 -1.094330101064632244e+00
-3.244752913633786484e+00 5.837035499765181878e-01 -1.174893213294758265e+00
-3.091456974393582691e+00 9.655695154055429219e-01 -1.337752187330754294e+00
-3.778640339970205098e+00 3.476341717590846203e-01 -1.086811506597029409e+00
-3.413615850779430527e+00 9.379731598591223296e-01 -5.223657366971062865e-01
-3.902678504570627815e+00 3.033265251654486683e-01 -1.009017234811590225e+00
-3.489435371786029805e+00 3.651427834038900588e-02 -1.305095094748361717e+00
-2.985901171287034916e+00 8.160772620343028638e-01 -7.905456360226372770e-01
-3.418297599223997452e+00 1.042499199644358887e+00 -1.046616452618893689e+00
-3.579035665698079516e+00 8.217708033842274773e-01 -1.257791095450231378e+00
-3.583298105221865537e+00 8.524349911969121285e-01 -1.345802743648423005e+00
-3.612373024606977623e+00 1.484417525691767992e+00 -1.943015430886273043e+00
-3.569934126079751913e+00 8.754367926874551120e-01 -1.517797326730050411e+00
-4.515411489145011004e+00 1.004234390870917037e+00 -6.001761789867102737e-01
-3.380580173069131611e+00 -2.702470314489047176e-01 -1.131537846382476120e+00
-3.817955338111354902e+00 1.112140157908831251e+00 -9.191715295824114396e-01
-4.076022339160499719e+00 3.460613853467213175e-01 -1.021198883578796623e+00
-3.335747516161785331e+00 1.116123660350226254e+00 -1.036226110581722981e+00
-3.367521850640607273e+00 1.430786204279525409e+00 -8.662155529010845401e-01
-3.355369352631602187e+00 7.715327627148811374e-01 -1.071359871416517118e+00
-3.603966487380827033e+00 5.597459218154614558e-01 -9.559634557964835633e-01
-3.370867185702378421e+00 1.050564303208532779e+00 -9.856557685683807746e-01
-3.952407768018605161e+00 6.318518227413415511e-01 -9.792014456670988798e-01
-3.185815767021591860e+00 4.138108826335112345e-01 -1.342369767761900201e+00
-3.852417185448033798e+00 1.149846008260904773e+00 -1.086041755034200307e+00
-3.550060440871776191e+00 6.898143475399274305e-01 -1.059026709171899894e+00
-3.077934174341901752e+00 9.656567010520678007e-01 -9.143897833426114508e-01
-3.900050815208682575e+00 6.111651469175235496e-01 -1.107424838529108335e+00
-2.711971981998092307e+00 1.098665174856924498e+00 -6.895376026390913626e-01
-3.234968391766591900e+00 6.767185262063772910e-01 -1.115660141709458264e+00
-3.184633388398902198e+00 8.606365588283607648e-01 -1.105158141786386716e+00
-3.122814890230501739e+00 1.154241917788039418e+00 -1.451551877797166767e+00
-3.191815972970961202e+00 3.769153698716958267e-01 -2.783396344251564125e-01
-3.786012955815026171e+00 6.815700199277444638e-01 -1.364860295706862070e+00
-3.251788534569564071e+00 8.808815232886434421e-01 -1.342134343333557300e+00
-3.388214790406585575e+00 4.464679130411871588e-01 -1.260872359416356447e+00
-3.769543365893653242e+00 1.023980486026095038e+00 -1.158582297861260546e+00
-3.464574925390721649e+00 3.216966468547911018e-01 -1.125280470732419547e+00
-3.732755169591136735e+00 7.754296983136990118e-01 -1.125900735418931209e+00
-3.160608200921681377e+00 3.985926522364734437e-01 -1.240890127867698700e+00
-3.483416333252709052e+00 6.888614970250942493e-01 -1.106202089966608737e+00
-3.321577923926996689e+00 6.548881454967093729e-01 -1.138624243522230461e+00
-3.241944537551087357e+00 1.253908164256645419e+00 -1.063065657450735335e+00
-2.984145716373477697e+00 3.427345326264697456e-01 -7.869654618264865231e-01
-3.086153688115363725e+00 1.129585589063251128e+00 -1.224707226621325917e+00
-3.750483255057695420e+00 9.761292815219384522e-01 -1.055110596512578658e+00
-3.339526719896140250e+00 6.512703913557431612e-01 -8.340164310044998475e-01
-3.427293236391538045e+00 4.057610630687152331e-01 -1.108722368255635304e+00
-3.310206109309018263e+00 1.184062576711371190e-01 -1.139279979778905050e+00
-3.272526342347156447e+00 1.043041710542796707e+00 -9.999144825132181280e-01
-3.684396533596271173e+00 3.323258794862140042e-01 -1.141386665276775458e+00
-3.753105676529875812e+00 9.093401736930980528e-01 -1.215865840955889343e+00
-3.167779525557552045e+00 1.027156469975493369e+00 -1.286587229160119250e+00
-3.059775951802711891e+00 1.032995576593983555e+00 -8.845239036551658662e-01
-3.515927609098471240e+00 3.708492255125770409e-01 -1.225948677938945686e+00
-2.853427490724806059e+00 8.379543804110367589e-01 -1.118721011373825736e+00
-3.412284972060905641e+00 2.283919732021481852e-01 -3.569197190480664084e-01
-2.893011701501928101e+00 6.403265471526226049e-01 -8.797330554823885596e-01
-3.647276146563595667e+00 5.487965439302522341e-01 -1.292165501723675058e+00
-3.565972852967795426e+00 5.060264307333021128e-01 -1.354214673967325089e+00
-3.014643741366469509e+00 6.145403609695770930e-01 -1.277249047203190546e+00
-3.062362781584651916e+00 5.038246196141091815e-01 -1.259150351795675027e+00
-3.554182314111988816e+00 6.073214286441558363e-01 -1.016714033482337021e+00
-3.247623834471906612e+00 7.853842627032655566e-01 -1.342380666774116049e+00
-2.668132455290743721e+00 9.544727962073272787e-01 -9.812692617164634479e-01
-3.746052761027764966e+00 1.141198779632140115e+00 -1.530190189464265771e+00
-2.935148668338142919e+00 1.891667841696371033e+00 -4.711794666158657385e-01
-3.723927897193076486e+00 1.005678631687255242e+00 -1.027970464196020783e+00
-3.418028257954744742e+00 -4.797319202913461478e-01 -1.272425533468037662e+00
-2.915758222587189863e+00 4.684667892685698276e-01 -1.120675387562350966e+00
-3.335705692932026789e+00 4.795933052063078295e-01 -1.140878368273047450e+00
-3.024479648125700137e+00 5.269652084086428045e-01 -1.157043113859588024e+00
-3.903114395898717337e+00 -1.278270797085190313e-01 -5.602985315775133035e-01
-3.875201982509815846e+00 9.837870521581008054e-01 -1.257105845766992136e+00
-2.985500863411760353e+00 1.929774218197916613e-01 -1.413304312261119300e+00
-3.532539339218977670e+00 5.475902021586517288e-01 -1.179493733283242030e+00
-3.180055827260028778e+00 4.991925894111663431e-01 -1.248892704189445979e+00
-2.580964481280668910e+00 6.542938872541527928e+01 -4.083708600627724561e-01
