-9.007638315382440197e+00 2.696209736843294458e+00 -1.626913394696564819e+00
-8.510140888600060904e+00 3.378179108661620411e+00 -1.841227095022187621e+00
-7.807524536997123121e+00 2.375136338750228671e+00 -2.049108611872564989e+00
-8.090203346996071687e+00 3.211644353096138271e+00 -1.650344432857989263e+00
-9.179775688344882667e+00 2.560955092934035449e+00 -9.643140031470682771e-01
-8.399477937864254784e+00 2.803960574967455432e+00 -1.520530690821051190e+00
-8.055055220007405481e+00 2.898143648977128173e+00 -1.459142175675751441e+00
-8.361724965492966177e+00 2.946700646486873243e+00 -1.419937232783494485e+00
-8.568302577535442666e+00 2.067748173603287221e+00 -1.676201670028514723e+00
-8.466989450140118834e+00 2.502449740859048255e+00 -1.420457727154055938e+00
-7.994740737614820958e+00 2.473028475349521749e+00 -1.572372907751741433e+00
-7.747625757666936508e+00 2.351795055454278138e+00 -1.969459961657386460e+00
-8.676657006924838100e+00 2.921887992490304509e+00 -1.597456515596283211e+00
-8.872729486222727502e+00 2.889694675579406624e+00 -1.510176934459004361e+00
-8.374367682786679978e+00 2.243538618109357063e+00 -1.835432237339016615e+00
-8.909870877978450565e+00 2.263913557364408469e+00 -1.546555786286726963e+00
-8.824525838268888478e+00 2.281022288377360763e+00 -1.928662087577975193e+00
-9.148035713090573395e+00 2.197869510453943409e+00 -1.534410025967433144e+00
-8.715932815333170325e+00 3.048147344990262742e+00 -1.690592277843752766e+00
-8.466654496820213538e+00 3.091545899050002433e+00 -1.395755095379977995e+00
-8.148645695571872238e+00 2.177038964216088779e+00 -1.408729340568836141e+00
-8.631827389966774788e+00 2.715475637815999210e+00 -3.009801848319391682e-01
-8.287968760540415758e+00 2.460688910241364713e+00 -1.535634374910195721e+00
-8.142115616266815792e+00 2.903863166091750880e+00 -1.137189116999092864e+00
-8.187020471590619408e+00 2.632779516032446754e+00 -1.286555559079525901e+00
-8.785688530089315051e+00 2.595437275238256181e+00 -1.567001800753831331e+00
-8.262746873547101245e+00 2.573534807668224733e+00 -1.453081954582270185e+00
-9.247195842542575761e+00 1.734453277869737464e+00 -1.147111779368199080e+00
-8.663868262981871737e+00 3.104013535159865889e+00 -1.470983019171849149e+00
-9.091832495813614301e+00 2.995687040052772421e+00 -1.444556898164076175e+00
-8.169586481624614649e+00 2.533395601432407496e+00 -1.641221592961626508e+00
-9.382533050870769387e+00 2.141577581618081538e+00 -1.443600144517618311e+00
-8.879646996939557724e+00 2.673952456754683293e+00 -1.566989924219436059e+00
-9.459716349353310960e+00 2.841486009875456631e+00 -1.965270361341074912e+00
-8.786507176393785201e+00 2.878250073398125775e+00 -1.400897519587031681e+00
-8.672107178938240679e+00 2.309637685544572161e+00 -1.579882686205228648e+00
-8.665029252793212677e+00 2.711529432352389080e+00 -1.458814837744197845e+00
-8.792454095140277204e+00 2.500992326840354441e+00 -1.816075719375183528e+00
-8.005052286490473179e+00 2.867327492696976066e+00 -1.580853258142824735e+00
-8.389581774341381859e+00 2.548416562323587264e+00 -1.603749351878039464e+00
-9.191213158075431267e+00 2.781583025569664080e+00 -1.965707746793180721e+00
-8.874859773445235689e+00 2.801477663134624763e+00 -1.519333300134948050e+00
-8.910808973025451607e+00 2.606797307675285058e+00 -1.665163524196222156e+00
-8.440148828681079962e+00 2.848197616144128919e+00 -1.734560035986538296e+00
-8.767130720906500585e+00 3.607854718568282326e+00 -1.905924554234637025e+00
-9.270228200226309667e+00 2.874334445359712387e+00 -1.551945619440197044e+00
-9.128115383056083942e+00 2.515215172426496171e+00 -1.694433926453423611e+00
-9.308626675762917912e+00 2.473458497841318771e+00 -1.629010495866744179e+00
-8.500914547227472085e+00 2.630014602495509113e+00 -1.336487777903205609e+00
-8.251487776697761234e+00 2.945363083595321285e+00 -2.323472919019614391e+00
-8.357155483969355814e+00 2.650327790245506243e+00 -1.437421367208780998e+00
-8.837245295268061795e+00 3.039217139910495025e+00 -1.344320337124067732e+00
-8.810319519714651548e+00 3.314964601754814222e+00 -9.391142584721223763e-01
-9.040861919399761248e+00 2.971624994180475099e+00 -1.964447561562005173e+00
-8.572697571395964999e+00 3.111906628031484434e+00 -5.732619348180044705e-01
-8.433147775562112258e+00 2.773131739823242903e+00 -1.923468337746527368e+00
-8.155679915818671688e+00 2.734051426946972008e+00 -1.555124141148675809e+00
-8.660902348171118703e+00 2.598422330330817598e+00 -1.475722137174762416e+00
-7.934048699671945037e+00 2.045528757514607054e+00 -1.976027467679713823e+00
-8.299583277550896199e+00 3.081336454221159649e+00 -1.599347615238736697e+00
-7.735009612683282576e+00 2.332193957648732496e+00 -9.784256713758598956e-01
-9.078192051749541136e+00 3.108099395257313269e+00 -1.222219318168231927e+00
-9.684068344641767467e+00 3.181132041543409450e+00 -1.414043630825393416e+00
-8.367907060039025069e+00 2.729873429376405980e+00 -1.505244199637037594e+00
-8.484654805002872280e+00 2.149943908911171597e+00 -1.549351564153948368e+00
-8.756945199637504729e+00 3.185790755845003819e+00 -1.557239459586682528e+00
-8.495739222966424364e+00 2.222575930846796055e+00 -1.278532584313202936e+00
-8.602200744311916836e+00 2.456365537426454360e+00 -1.566381928831779735e+00
-8.356310257254564888e+00 2.183005228236886364e+00 -1.590734683023303786e+00
-9.028207045303068057e+00 3.124908852894269451e+00 -1.780728829034533778e+00
-8.866958939263398065e+00 2.825642123006033124e+00 -1.767659543992726290e+00
-8.475378447470584220e+00 2.744299750948686611e+00 -1.421999484554997251e+00
-8.437897607840923797e+00 2.531675932626816561e+00 -1.463004363828439569e+00
-8.355560461738766875e+00 2.505169788986239876e+00 -1.680748993575416295e+00
-8.098950807249826411e+00 2.870845106442727612e+00 -1.585566810323993492e+00
-8.596655985814170009e+00 2.946169949414273681e+00 -1.647539557645355757e+00
-8.594384172393146670e+00 3.327873591714127777e+00 -1.505428172820529875e+00
-8.895307333873235578e+00 2.969069687118643497e+00 -1.338450280232991618e+00
-8.475121389438964314e+00 2.551172917199906021e+00 -1.526475313505655684e+00
-8.321528221867767527e+00 2.194809740638082651e+00 -1.744023615195532395e+00
-8.758100304359745181e+00 2.584370669367995532e+00 -1.751926282940046820e+00
-9.142144818175896859e+00 2.666310080552092288e+00 -1.624796341150615886e+00
-8.562552768820562932e+00 2.621191937469266264e+00 -1.521853294121522593e+00
-8.874116678411843040e+00 2.561748754873965250e+00 -5.571083891043863145e-01
-8.706548320707497624e+00 2.854363197736079716e+00 -1.464114738134419946e+00
-8.658716594730728744e+00 3.039283904676400638e+00 -1.476673135093318212e+00
-8.943883370717344405e+00 2.664971961736286143e+00 -1.810165767623734601e+00
-8.287495325820090741e+00 2.923658500462595011e+00 -1.468700553486688598e+00
-8.367468673001292601e+00 3.017296200211186274e+00 -1.720850840518765024e+00
-8.827106553144972168e+00 2.988635574817612106e+00 -1.662778223873808026e+00
-8.811627531084509357e+00 2.328956884425782192e+00 -2.056212945933863168e+00
-8.184804246906635328e+00 2.670636258373833893e+00 -1.590899903739435128e+00
-8.348490765561862759e+00 2.981751137698886112e+00 -1.186023305750038281e-01
-8.677465937821667197e+00 2.844216791373428421e+00 -1.349015706817363602e+00
-8.818889188095676346e+00 3.078598246387699966e+00 -1.706036102509477459e+00
-9.047991371529262139e+00 3.093665992107281326e+00 -1.412515002589232349e+00
-9.032197424556724030e+00 2.412688651960990693e+00 -2.236971373678955821e+00
-8.547294577047354736e+00 2.365546051563218288e+00 -1.498687085206188430e+00
-8.753208310954065041e+00 2.321811795216796259e+00 -1.350457225542182282e+00
-8.724848905531052523e+00 2.176336765344908386e+00 -1.592078945670420742e+00
-8.554578298638178424e+00 2.677799243854035449e+00 -1.528895706108960528e+00
-8.959827652957047306e+00 3.027639434249309591e+00 -1.553253581056652344e+00
-8.879584448715554856e+00 2.100220788236168090e+00 -1.049179100016114585e+00
-8.665148652890259484e+00 2.319583595633092354e+00 -1.522696747932016148e+00
-8.744213868791634425e+00 2.462278852252240302e+00 -1.528473672000778105e+00
-8.805189734704516269e+00 3.017149105885344795e+00 -1.541180380613959011e+00
-8.888610533486499321e+00 2.939438895544327579e+00 -1.272706384840033511e+00
-8.666522413132666358e+00 3.474298966618923235e+00 -1.747567383067289759e+00
-8.114967944757323082e+00 2.623890538794657612e+00 -1.465499058427697010e+00
-8.608188081923557888e+00 2.038303266263400193e+00 -1.794277790953492602e+00
-8.729441682298597627e+00 2.131275770714816442e+00 -1.226511505516121980e+00
-8.678508920977879626e+00 2.496293746926204093e+00 -1.415679860618143771e+00
-9.341191120983028284e+00 2.560224209548790597e+00 -1.589088344214324655e+00
-8.691479582899626521e+00 2.756362707119706101e+00 -1.688513430766185541e+00
-8.591876694052533736e+00 3.140463753987238427e+00 -1.909647114667162970e+00
-8.795972730084420377e+00 3.039701691409829376e+00 -1.777381412631574120e+00
-8.490402327253207204e+00 2.424415173843102789e+00 -1.482505329600408706e+00
-8.460656372704539407e+00 2.854989637330595631e+00 -1.416890765895785886e+00
-9.709338762448249227e+00 3.400930533084900897e+00 -2.066878745574622478e+00
-8.409890783671285064e+00 2.445160264939715944e+00 -1.571641867916269364e+00
-8.557699448003633691e+00 2.701013894537589444e+00 -1.563803482499173114e+00
-8.434607163521045337e+00 2.864630622629444456e+00 -1.719802455616761261e+00
-8.257224620010086724e+00 3.271357593197756763e+00 -1.479133551761481646e+00
-8.665055684943157033e+00 2.637494829577256450e+00 -1.298845519787463765e+00
-2.966592084273134233e+01 7.168643157279264244e+01 -3.091649241597513864e-01
-8.441314121412785809e+00 2.949053890988523996e+00 -1.642374333783586104e+00
-8.593348204458791884e+00 2.742146592595554377e+00 -1.586189733320565232e+00
-8.760526181316112826e+00 2.509273586340645679e+00 -1.332001657432417829e+00
-9.002389366428671380e+00 2.398110884499808471e+00 -1.504734378840076658e+00
-8.812805063039926168e+00 2.243825188198512510e+00 -1.620443558676835316e+00
-8.396822391272941388e+00 2.380124824321643295e+00 -1.720266737246756383e+00
-8.690110835944636847e+00 2.128574141822227261e+00 -1.335249856563510029e+00
-9.141564535386853763e+00 2.739350624662977740e+00 -1.763571471847324545e+00
-8.975560132507265365e+00 2.532779663517805702e+00 -1.455561755235976973e+00
-8.446165249187091106e+00 2.975508992020686527e+00 -1.632827839919360757e+00
-8.195396614728515772e+00 2.872361519124377871e+00 -1.129635475493323105e+00
-8.297165242487801962e+00 2.818918733197828708e+00 -1.233768462082680761e+00
-8.844532046795155367e+00 2.263907535080700750e+00 -1.450296105111807288e+00
-8.443246082746536985e+00 3.667341830465446151e+00 -1.508858992199982429e+00
-8.395167386471959148e+00 2.350534787763047806e+00 -1.397379263404255445e+00
-8.894008413147130199e+00 3.082962412738985858e+00 -1.441018060919477151e+00
-8.906615125546009537e+00 2.266507138715076586e+00 -1.216401431751140683e+00
-8.559137565130537695e+00 2.830822134585010197e+00 -1.540375106630296642e+00
-8.908676360992371812e+00 3.091029892054181882e+00 -1.429061217739331591e+00
-8.595600462726135760e+00 2.190377988617386418e+00 -1.406090507472238516e+00
-8.406696600143870768e+00 2.637456253435134457e+00 -1.616939233951934840e+00
-8.940963047204508740e+00 2.747890210043189896e+00 -1.324732179876306759e+00
-8.243338113370118236e+00 2.794105763438307743e+00 -1.298536617226709655e+00
-8.533127223663782956e+00 3.648405613403931991e+00 -2.132711716983396233e+00
-8.267755431294350643e+00 2.511486782756578773e+00 -1.754835461719259859e+00
-8.117994095505737917e+00 2.446972582169205435e+00 -1.338124124700663220e+00
-8.588757234588427991e+00 2.307388378480346613e+00 -1.522179998168182502e+00
-8.634617278982146260e+00 2.131362525472851654e+00 -1.599312440158366044e+00
-8.594231363242888833e+00 2.555741852960736971e+00 -1.154575054899291686e+00
-8.337412310016423689e+00 3.089893620634537097e+00 -1.732733367265047564e+00
-9.218170803916846623e+00 2.908670794708857255e+00 -1.981057834384770011e+00
-8.673483091632562036e+00 2.537693845678521409e+00 -1.429213833890440988e+00
-8.672716275907609074e+00 2.414285971992107704e+00 -1.564666329337354611e+00
-8.789290686581111345e+00 2.996927941246455784e+00 -1.534076690391542819e+00
-8.641977512473124179e+00 2.262455005382354667e+00 -1.471679163452035866e+00
-8.811990805983864306e+00 2.624779608233758665e+00 -1.220928043916856387e+00
-8.472543295532330987e+00 2.843864515100669621e+00 -1.692655721439151550e+00
-8.060431289945585220e+00 1.939674591765645717e+00 -1.690539182409595442e+00
-8.976445929178954231e+00 2.919059320152540327e+00 -1.492265274291739718e+00
-8.675201841388199497e+00 2.896299451949571058e+00 -1.466101058887552266e+00
-8.176312307180985783e+00 2.646653303987998918e+00 -1.640606659810136536e+00
-8.621692864753088159e+00 2.440357946942460998e+00 -1.497856223036115431e+00
-8.470259450838941717e+00 2.774377932824787951e+00 -1.417622275898290596e+00
-9.725904342117908996e+00 2.367329649808522785e+00 -1.012602037744111616e+00
-8.802765440412008147e+00 3.236747839766170198e+00 -1.461332414790938783e+00
-8.388388811945549861e+00 2.784540093295203356e+00 -1.577757721595351770e+00
-8.688798689808278297e+00 3.024052982403381495e+00 -1.513220558853276554e+00
-8.866888437044634586e+00 2.796612261202416239e+00 -1.516768356736189372e+00
-8.592619813893689340e+00 2.868777397842347199e+00 -1.509838685082249388e+00
-8.799494407873032387e+00 2.488167054281164248e+00 -1.582340561674812518e+00
-8.838296222711782946e+00 2.280643819545642881e+00 -1.256637859945598068e+00
-9.017741746190914398e+00 2.495801418180110254e+00 -1.227685380840677576e+00
-8.466323736269654177e+00 2.839764332913211842e+00 -1.597144254686735820e+00
-8.669869816527965511e+00 2.723259755816541894e+00 -1.322355920865415646e+00
-8.434083678502071635e+00 2.726588192995923254e+00 -1.593361971074676919e+00
-8.571576273395503875e+00 2.930851984738373606e+00 -1.334193628641675344e+00
-8.490768308027142552e+00 3.093049452606697614e+00 -1.620576907777532050e+00
-9.063033467900334372e+00 2.787035319338365902e+00 -1.310673022980273217e+00
-7.602863767714341137e+00 2.636262340749144784e+00 -1.706097053021464083e+00
-9.007057858464033728e+00 2.481545018505455058e+00 -1.352372512406941230e+00
-8.613316240984538297e+00 2.548994284272319000e+00 -1.465551990653370940e+00
-8.279522085139946697e+00 2.894571044424536499e+00 -1.820702702050189581e+00
-8.461484796995401680e+00 2.457295544891058725e+00 -1.445695923449068498e+00
-8.300105620383352090e+00 2.285195052908145286e+00 -1.510472380265577952e+00
-9.152251406483843610e+00 2.433587800556328506e+00 -1.630207867877518257e+00
-8.865864683693821746e+00 2.225242180918593604e+00 -1.613041254146129644e+00
-8.817747914140207754e+00 2.378045673644941349e+00 -1.729182190087869664e+00
-9.168787694503668817e+00 3.319129596648664471e+00 -1.231249293569569137e+00
-8.811970755597450022e+00 3.066838096387565660e+00 -1.602312688335766788e+00
-9.145301116151090426e+00 3.836201730928231246e+00 -1.514209518816275635e+00
-7.761957812296832238e+00 1.564556532766780972e+00 -1.954842285595046025e+00
-8.106750607005430709e+00 2.624293459319437805e+00 -1.820716802648539634e+00
-8.939175556395490219e+00 2.796124502079574192e+00 -1.407628625209535578e+00
-9.281422030653127209e+00 3.173193763374695830e+00 -1.363465829708933486e+00
-8.263665133721094236e+00 2.766462214750229354e+00 -1.269166325391549943e+00
-8.856130312790506665e+00 2.757182288446506924e+00 -1.373818820894732617e+00
-9.084351268107990762e+00 2.811827929371559787e+00 -1.846364088086613453e+00
-8.790611850644921788e+00 2.958277395596694337e+00 -1.523874020785796590e+00
-7.761773044955820211e+00 2.591718633403993888e+00 -1.591363577266841745e+00
-8.151741325716375997e+00 2.765087219368274507e+00 -1.608934493288690648e+00
-8.451031948319144504e+00 2.478161255241112304e+00 -1.513591227573081399e+00
-8.050575912760002950e+00 2.413407268207762968e+00 -1.425262306751872599e+00
-8.582845793739318552e+00 3.180938533516112443e+00 -1.347446395934454033e+00
-8.509246308382403257e+00 3.194215464455315345e+00 -1.770625232480461442e+00
-8.994834824905460380e+00 2.550751079274536259e+00 -1.566886292166518091e+00
-9.738305446215964167e+00 1.932211374615306010e+00 -7.488015438179823624e-01
-8.206992928694891276e+00 3.236413891822877087e+00 -1.829152873909933419e+00
-8.750805620869464008e+00 3.089745159726027701e+00 -1.228888523988518111e+00
-8.996777698861455619e+00 3.041605828866738470e+00 -1.542149861389549015e+00
-7.703569520459333297e+00 3.095409274467804561e+00 -1.989067504219022453e+00
-8.230984438161057071e+00 2.457835554819951973e+00 -1.251592992570128127e+00
-9.032932592751299339e+00 3.012546487751593727e+00 -1.498840827212355009e+00
-9.199011505681280454e+00 2.259634784303238497e+00 -1.418740510427175527e+00
-8.172222707392574392e+00 2.459954919896440995e+00 -1.489541931534906771e+00
-9.015549111825100326e+00 2.881858298971667676e+00 -1.299016250040185172e+00
-9.249209233974063693e+00 2.883062494506973827e+00 -3.063441049260546833e-01
-8.345221098718436537e+00 2.570108282874796313e+00 -1.496182439609752723e+00
-8.849086326314784756e+00 2.532613008187920567e+00 -1.664470079178649087e+00
-8.756441335952377614e+00 2.700873022907872123e+00 -1.489968461941758804e+00
-8.140636209575575322e+00 1.867831803830334536e+00 -1.666782441278346516e+00
-8.535433316855966623e+00 2.876562913859550097e+00 -1.988598018760203701e+00
-8.413747591667991799e+00 2.640756895982811159e+00 -1.722681939530298578e+00
-8.102742427381770085e+00 2.750372378906154047e+00 -1.608838792418270991e+00
-8.620057090092503316e+00 2.658323691673443623e+00 -1.554522132221261455e+00
-8.897496764889934795e+00 2.627198527012326146e+00 -1.384194501546999634e+00
-8.510927585775457160e+00 2.313082258826236526e+00 -1.179773401023423540e+00
-8.012122616585553914e+00 2.870695671903106483e+00 -1.443258846686718000e+00
-8.711121749798445890e+00 2.844025063725804880e+00 -1.515076201731313299e+00
-8.077404080716396706e+00 3.032857966929873861e+00 -1.527742232830703317e+00
-9.184193176561073813e+00 2.674883539330458415e+00 -1.614166044449575788e+00
-8.701581186212875352e+00 2.920146595862652017e+00 -1.160237920669805245e+00
-9.053342291921978813e+00 2.926588174866486813e+00 -1.695834248356132612e+00
-8.383966171200292194e+00 3.619367555453533392e+00 -1.644941606707223336e+00
-8.622856437688204423e+00 2.240513223116052721e+00 -1.198067441344405681e+00
-9.040808641632999354e+00 2.695109223249025909e+00 -1.355135912879464444e+00
-8.235878493213695251e+00 2.994902978557570261e+00 -1.684317135275948507e+00
-8.805801094232963422e+00 2.631888639795980644e+00 -1.288692003050161405e+00
-9.150757217067408078e+00 2.627829470948317869e+00 -1.452135384861223510e+00
-8.839193063281085117e+00 2.097264745489938242e+00 -1.975845879241208580e+00
-8.624963935028564066e+00 3.415462547764015255e+00 -1.261527666449481666e+00
-8.417521591727577857e+00 2.821011987214777861e+00 -1.638778447659632320e+00
-8.581593983602999742e+00 2.818088324737693995e+00 -1.430693454817213439e+00
-8.542627017840887405e+00 2.079841415075699640e+00 -1.714522148752947617e+00
-9.232730891321697442e+00 2.643361830373454513e+00 -2.317605925809627987e+00
-2.512000254346124350e+01 1.676971618090327354e+01 3.986434790073767331e-03
-8.349740899313211173e+00 2.586640994189900233e+00 -1.613891743864615202e+00
-8.637698796996462036e+00 2.113869086216387583e+00 -1.305389682641629800e+00
-9.106373013166573216e+00 2.909156639719194803e+00 -1.704459438099454882e+00
-8.475818415699702513e+00 2.648972835174856488e+00 -1.576937150880787453e+00
-8.361137527421167448e+00 3.019026760884996552e+00 -1.255215378469103138e+00
-8.303368388796540600e+00 2.544238127194561550e+00 -1.351745334245231467e+00
-8.121097409897533481e+00 2.818333309191463965e+00 -1.686299251630504648e+00
-8.623091592868696864e+00 2.854921363329841366e+00 -1.472046422190646853e+00
-8.882218305020675331e+00 2.421727929733390461e+00 -1.665099360426032016e+00
-7.975833519762796975e+00 2.065815084995710649e+00 -1.444407758763044169e+00
-8.297065967853287205e+00 2.322410597646313857e+00 -1.760964340459506783e+00
-8.807510928217299195e+00 2.374250554374512490e+00 -1.345421558525610850e+00
-8.599917733338907411e+00 3.160418810716995708e+00 -1.755767298006673416e+00
-9.244463832850705387e+00 2.872617321681389502e+00 -1.174619867987806376e+00
-8.522933503447951864e+00 2.353881968699254479e+00 -1.522833109155402598e+00
-8.701163829069084699e+00 1.438293681439486882e+00 -1.838305771806388655e+00
-8.877428008977936713e+00 3.083831619714802574e+00 -1.737766780409727208e+00
-8.869702453885139448e+00 3.705283144824571551e+00 -4.204862382028114465e-01
-8.233367411433301086e+00 2.968821473413043588e+00 -1.703167866818012355e+00
-8.867516080073301055e+00 2.474011935509782489e+00 -8.965053153388272689e-01
-8.421595327088621019e+00 2.519456220438361704e+00 -1.597697398515866452e+00
-8.620613906976929641e+00 2.315704626906155195e+00 -1.344314483166486163e+00
-9.004120868703591185e+00 2.556405331120104929e+00 -1.514292031200598521e+00
-8.908342379286802171e+00 2.452241453757230349e+00 -1.488520414455108520e+00
-8.414398274752931783e+00 2.218754805025419774e+00 -1.681869434672200070e+00
-8.058765982522503535e+00 2.442725085081996816e+00 -1.386657024970849417e+00
-8.518767524837182137e+00 2.511325371553716046e+00 -1.411879685597924539e+00
-8.630794840087688158e+00 3.190147285292520785e+00 -1.318579529075113888e+00
-7.444162100239247515e+00 2.537471158821800632e+00 -2.052427519588520877e+00
-7.971450316714194351e+00 2.244124863422823246e+00 -6.352175645065386012e-02
-8.855594265256439002e+00 2.902663681508917737e+00 -1.303497920581572211e+00
-8.600648103606545192e+00 2.270407427425362279e+00 -1.481949037884015885e+00
-8.624488370808698789e+00 3.115082670874253612e+00 -1.441532292862631737e+00
-8.922788318208532132e+00 2.796249993663864508e+00 -1.632330439187125393e+00
-8.370061830690934457e+00 2.715216979558414678e+00 -1.651271410479413504e+00
-8.211240361685584688e+00 1.986848780793453839e+00 -2.062446500224893509e+00
-8.501725897318694436e+00 2.941480405006794197e+00 -1.517496707766190056e+00
-9.239130370000934178e+00 2.422416609978628177e+00 -1.512255236939565206e+00
-9.067107020004389284e+00 2.588373453823426207e+00 -1.427859512203269121e+00
-7.943618946340578191e+00 2.642698108493744868e+00 -1.817196903474330938e+00
-8.220453820278383006e+00 2.385556903572101373e+00 -1.492725162834407815e+00
-8.161100953712166373e+00 2.519944296003954420e+00 -1.658790367002039190e+00
-8.963851532464278904e+00 2.336574985211059996e+00 -1.427609755782298873e+00
-8.460490703947407098e+00 2.768476915721465925e+00 -1.293547911021317054e+00
-8.617291807306099116e+00 2.827107958517903974e+00 -6.897531843374274940e-01
-8.397604933990509224e+00 2.846719186430324733e+00 -1.522904753955351298e+00
-8.310507506385210519e+00 2.936867450141098512e+00 -2.067454461132511412e+00
-8.627116313884659604e+00 2.271366688520169763e+00 -1.582300582857346427e+00
-8.311084576712362448e+00 1.999918630146980680e+00 -1.655461470733514240e+00
-8.709729665004243060e+00 2.711677388190640414e+00 -1.292604770561603500e+00
-8.873278664863843090e+00 2.553423231072397215e+00 -1.507316608984713646e+00
-8.711600224978605311e+00 2.269577256108976204e+00 -1.601903794872054032e+00
-8.835435108275209615e+00 3.220764056670106346e+00 -6.430330108583769411e-01
-8.866479390969503882e+00 3.115540738521959785e+00 -1.719548762191630775e+00
-9.081684710744623246e+00 2.600133399935983025e+00 -1.352894715703609307e+00
-8.368831010315831875e+00 2.419600065496761321e+00 -1.046939634727469315e+00
-8.912464289063731115e+00 2.483041350031894190e+00 -1.470721933254336644e+00
-8.451724149434495459e+00 3.056410327874059973e+00 -1.625020300536826889e+00
-8.859693753535056615e+00 2.197817092306907583e+00 -1.648154294576527734e+00
-8.315224193807145170e+00 2.366723350490315791e+00 -2.033819248425623005e+00
-9.193867138367638248e+00 2.779114009379124006e+00 -1.528950077482665870e+00
-8.451172817281312533e+00 2.366721691836451757e+00 -1.527132496594644673e+00
-8.636019495970327142e+00 2.485960965944349788e+00 -1.713882807521371232e+00
-8.068144587984329874e+00 3.073422130970239863e+00 -1.439514763740582515e+00
-9.280688640152440883e+00 3.027121162789030429e+00 -1.455853377879337218e+00
-8.562144847902048994e+00 2.143156502639943728e+00 -1.661570454774684569e+00
-8.929190222754767703e+00 3.086992233344324710e+00 -1.889802570299866424e+00
-8.274635691538035687e+00 2.544697256259990770e+00 -1.300882335678241075e+00
-8.919911087295311347e+00 2.296849575468834725e+00 -1.407240896666867025e+00
-8.775812634255595768e+00 3.090549040191419738e+00 -1.926669450781106629e+00
-8.679830121099934459e+00 2.725549069847692962e+00 -1.425798635293050065e+00
-9.134337787786517282e+00 3.286900251567055342e+00 -1.479364378617100240e+00
-9.058890810185983966e+00 2.271745767238821934e+00 -2.848478555655342692e+00
-9.119253117301013845e+00 3.039196759049545005e+00 -1.524854599322184923e+00
-8.878157849088546882e+00 3.100213761731841711e+00 -1.518034661666824103e+00
-8.440995958280506528e+00 2.860433922444908017e+00 -1.766705764574882931e+00
-8.930125606453396259e+00 2.040214464558590013e+00 -1.198325436800387056e+00
-8.452842740942040578e+00 2.495580666782945656e+00 -1.404169380812014145e+00
-8.222176619052500968e+00 2.482784945289939316e+00 -1.588060388411264956e+00
-8.188090476925589556e+00 2.695379852780607433e+00 -1.773403452255185586e+00
-8.910613010577261406e+00 3.008356086252133021e+00 -1.479826003282515234e+00
-7.920934222873907693e+00 2.463080227376297504e+00 -1.327887606451897851e+00
-8.550870226494755144e+00 3.272410702686694428e+00 -1.173435524942398223e+00
-8.608444239070967896e+00 2.553788151663831663e+00 -1.681111206441363359e+00
-8.251239902207093024e+00 2.794991774179635957e+00 -1.245978867505554533e+00
-9.410152090421247451e+00 1.901963719041271927e+00 -1.381348424950205711e+00
-8.968580383009918222e+00 2.658378796429571533e+00 -1.525622346361795501e+00
-8.454952910442230518e+00 2.850168597300378526e+00 -1.778417046879795738e+00
-8.271656733027706210e+00 2.135326396842606833e+00 -2.132771594130235648e+00
-8.458097732183562201e+00 2.682109471594483985e+00 -1.506647946007782179e+00
-9.047108735329294049e+00 2.537170060824064155e+00 -1.468424747971703193e+00
-8.230733107502869572e+00 2.440733771103072769e+00 -1.469880735125437266e+00
-8.392785414247805775e+00 2.274214083803660635e+00 -1.295936799276748319e+00
-8.918847849209042167e+00 2.414207040823667327e+00 -1.402122119712090775e+00
-8.218309899514155248e+00 2.914555168346755210e+00 -1.849653495245264567e+00
-8.584209921261335197e+00 2.253085536567828839e+00 -1.290491317269429894e+00
-8.972794551322571976e+00 2.446875501593267721e+00 -1.062683774311537599e+00
-8.071328059824766754e+00 2.743120241202354315e+00 -1.375907080489821022e+00
-8.568763488537047834e+00 2.686485208603845098e+00 -1.345307424777704597e+00
-8.670011782947925738e+00 2.721647288542260235e+00 -1.726964758860435545e+00
-8.832107938144750037e+00 2.926624035022668213e+00 -1.497929598141576557e+00
-7.991384796234331844e+00 2.664081936696584663e+00 -1.462338852842642201e+00
-8.367219864696524567e+00 2.508812989522748893e+00 -1.348617294900224195e+00
-8.837179165534593039e+00 2.804100958191923176e+00 -1.370658519671084985e+00
-8.622633520410660779e+00 3.172775574088662065e+00 -1.763421766147917902e+00
-8.444836646274275438e+00 2.200924027095572555e+00 -1.483297948606276950e+00
-9.424274461251194168e+00 3.608369666248134600e+00 -1.551734871793971182e+00
-8.814118151697146075e+00 2.230069732315838049e+00 -1.641475325543228836e+00
-8.445398185148480508e+00 2.907148466681312549e+00 -1.764238432912030863e+00
-8.821290694755877126e+00 2.898484800169648157e+00 -6.164653120028286137e-01
-8.036337536694041717e+00 2.618779749980768123e+00 -1.756556733847953522e+00
-8.742671990711514241e+00 2.559248656879206774e+00 -1.858187306236728897e+00
-9.224062210281049445e+00 3.102716944891789286e+00 -9.461739154249344530e-01
-8.452815753420399147e+00 2.996122979958498522e+00 -1.610043011174937089e+00
-8.815979812933818494e+00 2.225106835483149137e+00 -1.386436291601494286e+00
-9.002254229927036278e+00 3.083451119336636737e+00 -1.272815430609012477e+00
-8.336032402198718216e+00 2.552222620997308233e+00 -2.298377799076718020e+00
-8.235141521027189881e+00 3.583615660426220817e+00 -1.290490159868748377e+00
-8.363017315931385198e+00 3.092953103165784867e+00 -1.416875873884732240e+00
-8.110959666965232628e+00 2.296276498422032297e+00 -1.639933992269069662e+00
-8.721386019946468338e+00 2.431636893674422595e+00 -1.314957448464424639e+00
-8.674329447406108784e+00 2.295895674019829080e+00 -1.655907221767851878e+00
-9.117952499577274494e+00 2.823872148389780179e+00 -1.467431875101956384e+00
-8.335499318352619369e+00 2.691205909662333084e+00 -1.409809421848563060e+00
-5.385317382149141707e+01 1.751547872267556727e+01 9.802534769534720915e-02
-7.936864356318681146e+00 2.535573192862365488e+00 -1.404346752834529255e+00
-8.372137843797524681e+00 3.043332844304715401e+00 -1.498738109075762548e+00
-8.475187535654084670e+00 2.717168776461005297e+00 -1.507045580339307467e+00
-8.868680116254550327e+00 2.195060745256992352e+00 -1.648955648246175132e+00
-9.182506792439633969e+00 2.200017586162249739e+00 -1.571102075009871868e+00
-9.046010321674989640e+00 3.073073371694700739e+00 -1.879382452495584666e+00
-8.276490961557513515e+00 2.685041044988072390e+00 -1.529716545373994929e+00
-8.463973743370269531e+00 2.312048727221572175e+00 -1.366912867655596830e+00
-8.737270602031903977e+00 2.743424598237390377e+00 -1.391635024702587486e+00
-9.029073441712865744e+00 2.939571504468163177e+00 -1.628889154861810740e+00
-8.977195360676963887e+00 2.571718836342768544e+00 -1.507225592805017111e+00
-8.838346102228296530e+00 2.482427108450602660e+00 -1.062911391005554096e+00
-8.575776513457766370e+00 2.691403567965851007e+00 -1.349138283739790278e+00
-8.474769907036625582e+00 2.435800948736949412e+00 -1.660261394626350473e+00
-7.928631590976508825e+00 1.926882387156647614e+00 -1.376428108625745717e+00
-8.943937518876310833e+00 2.357492618746572788e+00 -1.372405633869991703e+00
-8.870035328920391038e+00 2.814119180757437277e+00 -9.822683416028442638e-01
-7.813701195113083919e+00 2.161116999136354355e+00 -1.836399500174377586e+00
-8.499970955226249458e+00 2.559101558398205079e+00 -1.495405459832962025e+00
-9.055772181968176682e+00 2.795702913183032656e+00 -1.504976455274769087e+00
-8.592433571525710079e+00 2.487902994909049426e+00 -1.384275628086117704e+00
-7.986273045651214098e+00 2.449758967388145692e+00 -2.264386729211441907e+00
-8.924351857645829611e+00 3.003903795540008748e+00 -1.267423493420607894e+00
-8.484080630185895089e+00 2.026931017823167203e+00 -1.425032638103245874e+00
-9.052599083451191575e+00 2.028493882156421790e+00 -2.556331654999027592e+00
-8.652189439666948090e+00 3.048361232077614780e+00 -1.586413610423264453e+00
-8.998542073722592960e+00 2.835516350547427677e+00 -1.475371387027372583e+00
-8.602180038842959675e+00 2.821630019376854204e+00 -1.558599391134352086e+00
-8.515602212061287091e+00 2.622397382754714457e+00 -1.513170912208401830e+00
-8.328174139174358004e+00 2.676529970155875571e+00 -1.683395666444572392e+00
-9.042303716856613605e+00 2.480942774272147489e+00 -1.567226897599954150e+00
-7.646585303919935406e+00 3.078910307409023606e+00 -1.332984448728461224e+00
-8.144760383000155812e+00 3.016879726781722226e+00 -3.172055180579025357e-01
-9.194287712237365184e+00 2.373811963107071765e+00 -1.490558800517645333e+00
-8.183038045430327756e+00 2.803043720498519242e+00 -1.425055459570439442e+00
-9.157112328234966014e+00 3.417892656002602170e+00 -1.449535932713885478e+00
-8.316619708249092469e+00 2.888145758230276527e+00 -1.408450965557820345e+00
-8.426826530793166015e+00 2.189805625216646234e+00 -2.160235665867001220e+00
-9.623197381282162510e+00 2.527970575215195304e+00 -1.457939316113554984e+00
-8.684452548681516504e+00 2.683208764461832097e+00 -1.684339008422855555e+00
-9.106776122410085605e+00 1.982941874050352826e+00 -1.624907932950029998e+00
-8.518844553769966410e+00 2.128184229708909747e+00 -1.452198347604854778e+00
-7.932345988382347279e+00 2.175891529405314717e+00 -1.385911831498539692e+00
-8.347600763519878342e+00 2.717835018601214792e+00 -1.731372089992400554e+00
-8.872256204639768384e+00 2.253374092079172719e+00 -1.244815126603892042e+00
-7.850586917484299043e+00 3.192402478427862178e+00 -8.441382876830545445e-01
-8.833289392718278066e+00 2.947097002102994523e+00 -1.560629449655291712e+00
-8.818679438678541871e+00 1.666460753084051172e+00 -1.570721714828430926e+00
-8.888819477108341971e+00 2.828204101783094337e+00 -1.595152855083926235e+00
-8.815442707533186706e+00 2.571451255901862520e+00 -1.941067539613084314e+00
-8.353131997066737924e+00 2.465677321601778438e+00 -1.502823013784670758e+00
-8.650700824920598109e+00 2.960366081350296330e+00 -1.581239844103961234e+00
-8.051380894175222735e+00 2.525301199206178904e+00 -1.587834808669117415e+00
-8.397793274173388056e+00 2.530264421744262915e+00 -1.754548622929275936e+00
-9.097313035518096669e+00 2.429513605175121160e+00 -1.479191027870430331e+00
-8.475383113584999961e+00 2.887314444766148736e+00 -1.510841068379733088e+00
-8.084462985249377454e+00 3.259438018250746083e+00 -1.546824122172603788e+00
-9.029037959806704094e+00 2.117200916178757719e+00 -1.803144180668957208e+00
-8.682340524765237433e+00 2.339598250060019868e+00 -1.164830311437845767e+00
-8.427391267795405483e+00 3.049812852917498152e+00 -1.608992653175654208e+00
-7.920597266377589207e+00 2.725725455530241259e+00 -1.768938068518589368e+00
-8.065370394369205442e+00 2.936419202431976849e+00 -1.836695453062308525e+00
-8.845836190381772823e+00 2.134777942326608891e+00 -1.250959712254764877e+00
-8.887782174514583744e+00 3.288954855879067996e+00 -1.409240554502648068e+00
-9.114079009583218038e+00 2.759267596650529786e+00 -1.602281517383037812e+00
-8.941071251115523921e+00 2.325180749913681399e+00 -1.334908156297472726e+00
-7.909627088532032779e+00 2.738140912740146149e+00 -2.357203756874544531e+00
-8.501473364153433465e+00 2.576501860594514692e+00 -1.548209173320597154e+00
-8.266548280295204165e+00 2.395718174377515997e+00 -1.424197544005607607e+00
-8.642869383235051828e+00 3.069795160378093524e+00 -1.663026601737356946e+00
-8.028084925583424791e+00 2.906419029691446720e+00 -1.602312678935339241e+00
-8.809084172010683389e+00 2.776126834809583777e+00 -1.469512814588535665e+00
-8.823043707368302790e+00 2.605884081803930830e+00 -1.750439039144621844e+00
-8.210992973743509893e+00 2.784436209481207403e+00 -1.803191061447408261e+00
-8.580651072059756856e+00 3.110403884187137091e+00 -1.543056636323890674e+00
-9.763647041428713536e+00 2.310510457208346136e+00 -1.421333198465383640e+00
-8.482467179636485000e+00 2.615211351299251419e+00 -1.545065487103732593e+00
-8.518879721595586929e+00 2.321900644993422080e+00 -1.853187293785627743e+00
-8.690794683402291554e+00 2.127257815702335186e+00 -2.006578663562039733e+00
-8.374613890314504872e+00 2.711156534332455958e+00 -1.762644763856957564e+00
-8.197069501218891219e+00 2.325721881449541950e+00 -1.373676723849807768e+00
-8.564658491515320549e+00 3.541029850331955942e+00 -7.190328201080248283e-01
-8.298322359011867988e+00 2.996066147384386369e+00 -1.615543987398604386e+00
-8.948812547677730933e+00 2.601279736760269135e+00 -1.577200594772129261e+00
-8.050231890308140237e+00 2.645771541698958895e+00 -1.521105492273975512e+00
-8.409868897965850465e+00 2.766999504480588179e+00 -1.510270996415879363e+00
-8.299911251177615412e+00 2.677299891995226666e+00 -1.679875673767788680e+00
-8.799458948472956621e+00 3.237584668754457606e+00 -1.558075332088266762e+00
-8.575463978344727067e+00 3.114328107799080758e+00 -1.832739812620479913e+00
-8.239569519726213542e+00 2.869492024088227566e+00 -1.376370093721045684e+00
-8.933120064063171384e+00 2.361320610974261935e+00 -1.353052502680626157e+00
-9.022110953776909525e+00 2.746425628078369652e+00 -1.476534769882712705e+00
-8.522574217066418711e+00 2.703985845050721704e+00 -1.723234929486811673e+00
-8.694421236798550723e+00 2.637703577520308151e+00 -1.526492734331063250e+00
-8.450645607514948310e+00 2.547416277800787388e+00 -1.552242376043236005e+00
-8.471261269522484483e+00 2.412391946207076643e+00 -1.452460643766959381e+00
-7.982965652582422855e+00 2.024294018940969053e+00 -1.284106871779283621e+00
-8.468160605800351348e+00 3.181534816323271286e+00 -1.495921365896723199e+00
-9.652788349149171054e+00 2.735935390113032994e+00 -1.548019722963582367e+00
-8.728244807082445433e+00 2.278468364393272161e+00 -1.306089241172111226e+00
-8.339325337588775255e+00 2.278989290159003644e+00 -1.527382543241984969e+00
-8.740213438320845185e+00 2.327189768328362440e+00 -1.464476064921756748e+00
-8.975043821118948273e+00 2.417517181135158122e+00 -2.039071938160880393e+00
-9.139115986628691957e+00 2.530128859303003797e+00 -1.687861082302882343e+00
-8.532457072989332758e+00 2.406919328982162654e+00 -1.356711006640947570e+00
-8.371223796483889146e+00 2.735980863362599713e+00 -1.328548343597349302e+00
-9.225235789918949436e+00 2.617957464057044881e+00 -1.692074552455151704e+00
-8.430746648303411916e+00 2.977053407771919513e+00 -1.583549737519658329e+00
-9.172643652676130799e+00 2.651559507436381580e+00 -1.372865924945214866e+00
-7.180996628935282899e+00 2.886719192845961235e+00 -2.066390519134316150e+00
-8.380792604776059918e+00 2.918888845632656270e+00 -1.625690617402550942e+00
-8.827957572118505070e+00 2.290243162316797587e+00 -1.336768516621446468e+00
-9.067784215506872414e+00 2.882684395330774141e+00 -1.577037755116506013e+00
-8.370419277241374800e+00 2.820751001611711661e+00 -1.321575921201739279e+00
-8.806218153189853126e+00 2.748088533971334346e+00 -1.397140599548623463e+00
-7.817802630827340060e+00 2.098326968731296205e+00 -1.113208044186926982e+00
-8.839758703918249694e+00 2.531601518349254842e+00 -1.595681292009009322e+00
-8.799423940018867185e+00 2.618198626826868214e+00 -1.705824028057994601e+00
-8.246208236759461130e+00 1.925204585760641018e+00 -1.786559985854280663e+00
-8.662712811771628552e+00 2.054271803078965064e+00 -1.419649626838914047e+00
-8.596818854443995406e+00 2.180843012381564083e+00 -1.484319453720557513e+00
-8.970220887129620735e+00 2.675226307229073175e+00 -1.507956319678809942e+00
-8.325775070811504364e+00 2.073854838702753778e+00 -1.478922628026627217e+00
-8.258103951590429759e+00 3.318140918769220349e+00 -1.274095632885217322e+00
7.311500053870970817e+01 -2.896524863819334428e+01 8.908644216163974505e-02
-8.765872944805066069e+00 2.402238764307520480e+00 -1.344166605959747240e+00
-8.616405159478267350e+00 2.974934646804506144e+00 -1.472231303412742109e+00
-8.592952934113720076e+00 2.396061719108892429e+00 -1.700979058104104880e+00
-8.226924228562664254e+00 2.226151192207405760e+00 -1.640749764957398327e+00
-9.212960344025587389e+00 2.576345216075123457e+00 -1.662535118095120001e+00
-8.893747662679698962e+00 2.676546447973845222e+00 -1.635485233264759808e+00
-8.826464823099932744e+00 2.426911737710576666e+00 -1.453347108714496239e+00
-8.628654262226511662e+00 2.519283621242185855e+00 -1.465306529253918688e+00
-8.959309865807339790e+00 2.154569044035763437e+00 -1.928920858525422499e+00
-8.520343476164731200e+00 1.658429787976641867e+00 -2.581733169086485535e+00
-8.574469014923444377e+00 2.854230895855460304e+00 -1.805571992143414906e-01
-9.016656494654888832e+00 2.778197385383899487e+00 -2.898641446953750478e+00
-7.915100909004757490e+00 2.870685377528368942e+00 -5.614935713147979346e-01
-8.360203871152487309e+00 2.851893771713718273e+00 -1.652141787414877383e+00
-8.249287991421331512e+00 2.581703871608580059e+00 -1.888938406980670948e+00
-8.392540431113500787e+00 2.843938755053831091e+00 -1.463151976382349728e+00
-8.492961206821400211e+00 2.480661719927923503e+00 -1.568465493902623464e+00
-9.042404450468577437e+00 2.932627670586636537e+00 -1.455629452504361820e+00
-7.856199151134574343e+00 2.569810053188430476e+00 -2.238126740355404820e+00
-8.621297680506042838e+00 3.110572455530189018e+00 -1.577685459474762908e+00
-8.608181546666823891e+00 2.436776148632830541e+00 -1.672620036577326275e+00
-8.289948753348708621e+00 3.580610102704924191e+00 -8.278360994004032580e-01
-8.799803990539690091e+00 2.653997668045402492e+00 -1.419250913810584880e+00
-8.095459965037886008e+00 2.891156194153354786e+00 -7.669478266246152476e-01
-8.105101643650350240e+00 2.462898069514678046e+00 -1.547870598203630266e+00
-8.630628888389159314e+00 1.912515320166030097e+00 -1.605521106128496189e+00
-8.966422851416975703e+00 2.518576423749138815e+00 -1.132566781843759474e+00
-8.488298860013481217e+00 3.207576613393442244e+00 -1.454862435018580813e+00
-9.145621006844761425e+00 2.868481571217655457e+00 -1.607490821207350207e+00
-8.355188650328049249e+00 3.274141750494086178e+00 -1.637120217695471336e+00
-8.963409959546693173e+00 2.682094820760434484e+00 -1.158795333720659126e+00
-8.692250195982966332e+00 2.525592675404461751e+00 -1.776718827468839024e+00
-8.838177446423035377e+00 2.485968851037958949e+00 -1.563976552794485331e+00
-8.240157196525407457e+00 2.709072947371722773e+00 -1.842655488695468469e+00
-8.194410915826470188e+00 3.204985465424748714e+00 -1.776436668773130556e+00
-8.415382954222900835e+00 2.137282681296760245e+00 -1.534976444221948899e+00
-8.584729358049390413e+00 2.750724385691878826e+00 -1.525636202592802526e+00
-8.484699355112290675e+00 2.233480786266305529e+00 -1.725128469885443216e+00
-8.717492077138484063e+00 2.591958090934041614e+00 -1.209517245240198324e+00
-8.370448239247856748e+00 2.721865951874443468e+00 -1.439001250419370326e+00
-8.639402560399647157e+00 2.961116441125985599e+00 -1.281758923720408339e+00
-8.421504950525999789e+00 1.659572431920097735e+00 -1.767068036635101258e+00
-8.151682061722276273e+00 2.454358238820917304e+00 -1.653134071540599104e+00
-8.364951771345319642e+00 2.555909388297155527e+00 -1.737929955946591054e+00
-8.850528405985301106e+00 2.600976707638911645e+00 -1.354807887897794272e+00
-8.347679527021970358e+00 2.515142779071267043e+00 -1.583832342917616209e+00
-8.191434203065460551e+00 2.810124152492014638e+00 -1.391825591687996022e+00
-8.859429044342528314e+00 2.428908286049480836e+00 -1.260172139251661827e+00
-7.930437404022168124e+00 2.546881689521613978e+00 -1.706739817367211698e+00
-8.378377894143932636e+00 2.338267501307214946e+00 -1.769278179628123393e+00
-8.406535251996409386e+00 2.682019590526510289e+00 -1.518176693839794034e+00
-8.318095707343299949e+00 2.608917120916452781e+00 -1.329284371876949145e+00
-8.672036302179447986e+00 2.429461642698552026e+00 -3.181311251016401886e+00
-8.694346369015260478e+00 2.754859451173363283e+00 -1.520082473080927699e+00
-8.350369070101038460e+00 3.133484624156377851e+00 -1.379425356318107587e+00
-8.345479777505413921e+00 2.531457199831987470e+00 -1.536877552063179664e+00
-8.409364862421432107e+00 2.815457178204336053e+00 -1.463505392169291763e+00
-8.822803731930152438e+00 2.429911212303446533e+00 -1.530626813984512946e+00
-8.802922123028794843e+00 2.417122951436184497e+00 -1.591629379968864333e+00
-9.003574460766143872e+00 3.140153749158830276e+00 -1.362532327583796832e+00
-7.626092050696029467e+00 3.110105299709747140e+00 -7.973706978561155845e-01
-8.287526930014122328e+00 3.426548036709253342e+00 -1.796209369097906405e+00
-8.662892968571883401e+00 1.921963899973939904e+00 -1.588465542718081380e+00
-8.067443195127728117e+00 2.042131120547544754e+00 -1.275838714424746501e+00
-9.276716132879224475e+00 3.465872011101259531e+00 -1.821336438865218010e+00
-8.611022469528876400e+00 3.183228363542514483e+00 -1.424174781891526465e+00
-8.347405176102302704e+00 1.571358802403596266e+00 -1.525151630505525491e+00
-8.541873753628888011e+00 2.470909442231445929e+00 -1.387385383701324582e+00
-8.736034413461458925e+00 2.574944204496619093e+00 -1.371576134120377821e+00
-8.703246329491458155e+00 2.566343546564786582e+00 -1.519274569730514335e+00
-8.935394167793665687e+00 1.705100931770643813e+00 -1.218944236850985074e+00
-8.360361198147575834e+00 2.620997924585158234e+00 -1.783205139366112135e+00
-8.268864432645379736e+00 2.894837396196048740e+00 -1.557517177689595744e+00
-8.648350445534562780e+00 2.725620113534606315e+00 -1.321683506612534087e+00
-9.044823160348192559e+00 2.555167346032185538e+00 -2.904926961209703062e+00
-8.945009874649297643e+00 2.792537715797825282e+00 -1.875352850556625706e+00
-9.076989827604268868e+00 2.759933275397708385e+00 -1.506957767937006532e+00
-9.178056392364334570e+00 2.741637011638935917e+00 -1.388837247399471897e+00
-9.131669146942456905e+00 2.009691176544797120e+00 -1.478081488595243354e+00
-8.784533420447695917e+00 2.626902482235485170e+00 -1.675991755873619482e+00
-8.440387345974976085e+00 2.404148848799598781e+00 -1.542185231203941242e+00
-9.187490251074924785e+00 2.189362938489486599e+00 -1.599887079259959322e+00
-8.135011230722517084e+00 2.711567745391216810e+00 -1.597365440516684387e+00
-8.509938566451117126e+00 3.255214209388765934e+00 -1.717740413616804407e+00
-8.564694721529951593e+00 3.128956191170495504e+00 -1.655017034260281905e+00
-8.555142021025652355e+00 2.201437052125191141e+00 -1.505407021494318487e+00
-8.640287959082870728e+00 2.147962025008645082e+00 -1.553175253969109493e+00
-8.240720955178881368e+00 2.121688813309155375e+00 -1.441498122051879882e+00
-9.058562810198562687e+00 2.694557782949447144e+00 -1.413859207001404883e+00
-9.149789345800405371e+00 2.664779962532016988e+00 -1.452514496535886712e+00
-7.599974492888573074e+00 3.830909232100800033e+00 -9.562333148773697333e-01
-8.282557245923580780e+00 3.431610811177180143e+00 -5.301526089881010151e-01
-8.683763843840230479e+00 2.884686000567578290e+00 -1.647564684779842636e+00
-8.508543468818398736e+00 2.457817761271686940e+00 -1.410805593577651784e+00
-8.706864508949484716e+00 2.362019318372797105e+00 -1.565539153227064162e+00
-9.253958095914438076e+00 2.701474481194350297e+00 -1.902117401292572785e+00
-7.973843172937553625e+00 2.916028285434736578e+00 -1.535431290429429163e+00
-8.347081501979614515e+00 2.676409670543427044e+00 -1.398589806698998794e+00
-8.247302531856814056e+00 2.502826734659633789e+00 -1.608915199537884755e+00
-8.110401989873064821e+00 3.132950913084922462e+00 -1.714559668430918782e+00
-8.294401513393959036e+00 2.800454494532785166e+00 -1.419480489983983906e+00
-8.260613644149474410e+00 2.555268031044703569e+00 -1.477142421468013778e+00
-8.943931456618752662e+00 2.767584441831647535e+00 -1.613034738655208411e+00
-9.072503671373242540e+00 2.802785333741014018e+00 -1.522821398540673998e+00
-8.488604108216360800e+00 3.215752737130129546e+00 -1.580925468935550526e+00
-8.811158233727898192e+00 2.508508049633423553e+00 -1.530988219046971910e+00
-8.695041037475942147e+00 2.463682501727118890e+00 -1.579910084955582494e+00
-8.747210556018062633e+00 3.103841491265395991e+00 -1.570920896322502980e+00
-8.280367848083720617e+00 2.633021377458986567e+00 -1.399154280198639855e+00
-8.983140831592999476e+00 2.812913189985834617e+00 -1.705793990178509967e+00
-8.789630573878230990e+00 2.051920508260559384e+00 -1.436056437691398013e+00
-8.547056179432491518e+00 2.573305519878929193e+00 -1.260666495313136348e+00
-8.487602893711096996e+00 3.127218128383042028e+00 -1.341321370957814896e+00
-9.169854100542053743e+00 2.246542168880923285e+00 -1.696507960418545791e+00
-8.099989946833320076e+00 2.511749993832377736e+00 -1.430876615439266031e+00
-8.604121500911240616e+00 3.105386546420143112e+00 -1.559019763314652085e+00
-8.875979164159087276e+00 2.187782572273709647e+00 -2.526732412292455709e+00
-8.709580335646924354e+00 2.449237756409834432e+00 -1.437679532315019326e+00
-8.430453081982363983e+00 2.467626083742181287e+00 -1.228424145376061594e+00
-8.791039872389935894e+00 2.535495451357486996e+00 -1.932253786680890206e+00
-8.518329105715578109e+00 2.415605354029676910e+00 -2.168291033570166171e+00
-9.081629064842340782e+00 2.730879072223107329e+00 -1.376017708515081761e+00
-8.446609828940692566e+00 2.125494213208406702e+00 -1.619176683604042433e+00
-9.039412846416185587e+00 2.667488728557367850e+00 -1.350316698264283133e+00
7.308825995228667693e+01 -3.914107777211025763e+01 -7.117917041970271974e-01
-8.993218160882685552e+00 2.765236149585487357e+00 -1.489442689273566378e+00
-8.230678128312595376e+00 2.223474858087107542e+00 -1.479188395796224631e+00
-8.790611404536200268e+00 2.366636291425423089e+00 -1.622103167502155774e+00
-8.286194463795615306e+00 2.406180739904749899e+00 -1.252176031239684129e+00
-8.348136583127237387e+00 2.238734323449067976e+00 -1.649777291680763813e+00
-9.114947873489626318e+00 2.870471333401520830e+00 -1.485193120106623521e+00
-8.720161996813436289e+00 2.492595189024411795e+00 -1.564829610272106208e+00
-8.589545007045153113e+00 2.497993853690598787e+00 -1.484423286438554701e+00
-8.396469740707768636e+00 2.205169682220987859e+00 -2.095643980827922803e+00
-8.724787768609196803e+00 2.498883600946521177e+00 -1.830530105855545431e+00
-8.877384766191354970e+00 2.690025572287605637e+00 -1.408275718758116968e+00
-8.767601288134924786e+00 3.363899898287238788e+00 -1.246377086923437849e+00
-8.524455324731791350e+00 2.250965685244300296e+00 -1.536604278734701401e+00
-8.318171317665719044e+00 2.713102876901483995e+00 -1.529641911995170744e+00
-8.495358705025433110e+00 2.506888306868523486e+00 -1.505723773506134844e+00
-8.140001720308127631e+00 2.757830097558087168e+00 -1.673482249728142301e+00
-9.117988683030944230e+00 2.345836501568008714e+00 -1.583782053403957502e+00
-8.756890847516029197e+00 2.384054684912300992e+00 -1.783294271125659414e+00
-9.067216486260971209e+00 2.270035905409595767e+00 -1.597986375035674866e+00
-8.754362262960587060e+00 2.897822943114248151e+00 -1.426807231999456027e+00
-8.783895962864638918e+00 2.903267959380466223e+00 -1.472050701763009561e+00
-8.219478429560881594e+00 2.426119798459563270e+00 -1.291173867210007264e+00
-8.826493827844103635e+00 2.744849238193124652e+00 -1.641594878636439603e+00
-8.171542790967599501e+00 2.512389956883907427e+00 -1.112787481764957453e+00
-8.761072492081398266e+00 3.745468510866539980e+00 -3.755960357429610208e-01
-8.879310067266793283e+00 3.008332757229745802e+00 -1.235729104572688586e+00
-8.852300582898635639e+00 2.593182753632705229e+00 -1.425004761725423119e+00
-8.119009010232471013e+00 3.184373458156374959e+00 -1.318211759148764317e+00
-8.438485939110163869e+00 2.538078333294318867e+00 -1.562168042011069291e+00
-8.466217784768298671e+00 3.242197678882744238e+00 -1.919368275322171691e+00
-8.755884879547798150e+00 2.817546941417333528e+00 -1.418748801543062488e+00
-9.195153823892066924e+00 3.002894027242712038e+00 -1.621690312431876224e+00
-8.480166752292873866e+00 2.327022928814148628e+00 -1.312798229325630395e+00
-8.219376387239845982e+00 2.047866150303026878e+00 -2.769724086887334069e-01
-9.770770430182306399e+00 2.707801933329242239e+00 -1.173519418886208587e+00
-8.790477033997255774e+00 2.513355262721036265e+00 -1.395261186136465659e+00
-8.157660346878010671e+00 2.382819632268384780e+00 -1.497145324167756808e+00
-8.292577881198253564e+00 2.186569627497861656e+00 -1.678839231285154776e+00
-8.134585186287761616e+00 2.578768573649144358e+00 -1.538282425377021756e+00
-8.464354146079664076e+00 2.592070923239351288e+00 -1.499415722064046275e+00
-8.534881412610886287e+00 2.779281178466574964e+00 -1.511855086350690325e+00
-8.955043883163085638e+00 2.929728824168526646e+00 -1.373092951804870232e+00
-8.190287235949394784e+00 2.559431138999063382e+00 -1.397513261961383479e+00
-8.341772336114793518e+00 3.045412691979915820e+00 -1.585957262429805059e+00
-8.833158556117398419e+00 2.858798991677206747e+00 -1.561770705872567389e+00
-9.157893539634018865e+00 2.667719155793121022e+00 -1.732747223535447301e+00
-8.715148102064725677e+00 2.810520760738810075e+00 -1.535450887874361126e+00
-8.896939310933920098e+00 3.091127675649084416e+00 -1.441153756305060041e+00
-8.911684438450096835e+00 2.180464021329142188e+00 -1.610513787961620924e+00
-8.541570506801074103e+00 2.377133275688757763e+00 -1.878771713930874387e+00
-8.697379078444376077e+00 2.112589030508338794e+00 -1.446502660098006654e+00
-8.242058386742645126e+00 2.624171171106672418e+00 -1.470689050446873480e+00
-8.830786693592923342e+00 2.538370138972071643e+00 -1.598258657140804173e+00
-8.398867680490775811e+00 2.889172539091602321e+00 -8.817867887962652640e-01
-8.639376388350580527e+00 2.102605137371443611e+00 -1.216296894125157291e+00
-8.982903408958010871e+00 2.611277479655047529e+00 -1.452168468261212375e+00
-9.644381982140229681e+00 2.703810906381472812e+00 -2.400050205614388865e+00
-8.800971505365264846e+00 2.945565309985239022e+00 -1.075621121769488431e+00
-8.850896850884128142e+00 2.259456651929542481e+00 -1.756678050977736216e+00
-8.014459719981545049e+00 2.701460695233043552e+00 -1.027029553415325092e+00
-8.419337352011893927e+00 2.716464774565718887e+00 -1.599413413519962246e+00
-8.657314506911294671e+00 1.537582362008715897e+00 -1.487707612198837737e+00
-8.152262120514867760e+00 2.906599693726646283e+00 -2.271696885371568442e+00
-8.418471616594231932e+00 3.285041663697010339e+00 -1.871676258926235681e+00
-7.919724921226306336e+00 2.457118982566038223e+00 -1.588333594145644900e+00
-8.680813220430112054e+00 3.040749299862098631e+00 -1.443060398255381127e+00
-8.785194317441968437e+00 2.475254338710891400e+00 -1.521822178715282137e+00
-8.587625816779715038e+00 2.544515309541993009e+00 -1.458592924166801863e+00
-8.061331873826548033e+00 2.370035759779771656e+00 -1.672909027281009209e+00
-7.497088073347946136e+00 2.156245471985839490e+00 -1.772693765500513718e+00
-8.367129580117904197e+00 2.153010649540794130e+00 -1.644994833890341068e+00
-8.684181562000416577e+00 3.005388015570495064e+00 -1.887908713677902250e+00
-9.189301750238659139e+00 3.687433271281687297e+00 -1.755310871629953251e+00
-8.374966250361401521e+00 2.658858249140492180e+00 -1.693278963301195983e+00
-9.085364385807361387e+00 2.647559850521099545e+00 -1.926629423811011321e+00
-8.740005974697213631e+00 2.856463533553283529e+00 -1.106642644827528166e+00
-8.615269064525318043e+00 2.789257161042518085e+00 -1.559740549295931755e+00
-8.406440719376981008e+00 2.752066044869391881e+00 -1.669237729399076331e+00
-8.125031580802707154e+00 2.374082291618739404e+00 -1.514434132416450085e+00
-8.745072537791124034e+00 3.392187513583437841e+00 -1.501933453109361549e+00
-8.515021581909437032e+00 2.847964980162823512e+00 -1.783119089133535784e+00
-8.877757471427740299e+00 2.811509760416979642e+00 -1.522456180127702785e+00
-8.413458920422682397e+00 2.482358960003998138e+00 -1.498960934106006615e+00
-9.027638637886724382e+00 2.933243363294225858e+00 -1.644598438887489467e+00
-8.605211647410389020e+00 2.110711296113619184e+00 -1.614329166546048189e+00
-9.035600860615405239e+00 2.062647872264530946e+00 -1.468190162242416497e+00
-8.819018309253063848e+00 2.732835656528721735e+00 -1.054868214127703485e+00
-8.441011908698817123e+00 2.495018522703228658e+00 -1.525941182080249314e+00
-8.994021185044143607e+00 3.175136366181445347e+00 -1.299863190656432854e+00
-8.605056034950125721e+00 2.541462581442671897e+00 -1.549311199501898662e+00
-8.374973588482857778e+00 2.653708551025809825e+00 -1.366364715993307888e+00
-8.502771048088252570e+00 2.637769744225579860e+00 -1.355375772810690105e+00
-8.802368413853297824e+00 2.216892786709959040e+00 -9.446561948970928491e-01
-8.721394972055502848e+00 2.154289829408706058e+00 -1.511316346702283653e+00
-8.727132967654171125e+00 1.769192113190961591e+00 -1.662183043726169318e+00
-8.588517966840958806e+00 2.887828676475632239e+00 -1.547370043323498257e+00
-8.794233571742763544e+00 2.971919240694838926e+00 -1.625516991064408501e+00
-8.900699473385131455e+00 2.528926633374548150e+00 -1.471215401586972282e+00
-8.356374712014140727e+00 1.926570416307631817e+00 -1.475347464030607236e+00
-8.628054573174706476e+00 2.711875605126763844e+00 -1.791955373815714569e+00
-8.513706782555377828e+00 3.063153023092539673e+00 -1.608888552159229768e+00
-8.528994468286345665e+00 3.051435681122583787e+00 -1.586685482607235409e+00
-7.612818667411841211e+00 2.701772773591367027e+00 -1.583083109384135545e+00
-8.313688759951766372e+00 3.421875909336412391e+00 -1.343713446321590510e+00
-8.555140858214603128e+00 2.215346251942829081e+00 -1.443465127751101473e+00
-8.157330102920797188e+00 2.514679487073732123e+00 -1.494603444837946604e+00
-8.278934063575977831e+00 2.825926060991566402e+00 -1.301694617785144503e+00
-8.536009149074830660e+00 2.318635464505892418e+00 -1.371371263325400047e+00
-9.640507751238393652e+00 2.560327011556502885e+00 -1.568815863914682085e+00
-8.762141074787868078e+00 3.031939455926432547e+00 -1.910029383308309292e+00
-8.673334757234947290e+00 2.899383963194765546e+00 -1.470192074060146403e+00
-8.100711126618104885e+00 3.154000323834591946e+00 -1.752173684541233900e+00
-8.574458390071846736e+00 2.490151153989482058e+00 -1.713726300252019552e+00
-9.281098759794963016e+00 2.500685829937067783e+00 -2.037801213262236733e+00
-8.516190034817702426e+00 3.182016041955904040e+00 -1.404536924079994975e+00
-8.365691580714418762e+00 2.699798661373089992e+00 -1.414243781990948134e+00
-8.764802177092422042e+00 2.979583987483225727e+00 -1.651019525665063270e+00
-8.068262177186138473e+00 2.866026765275478727e+00 -1.395084231392636598e+00
-7.233384655159710519e+00 2.754519523173545092e+00 -1.678548897194731548e+00
-7.875248458278522712e+00 3.096937449870583059e+00 -1.552366004241797937e+00
-8.396682080860593089e+00 2.620462081463831527e+00 -1.683321457168596824e+00
-8.327508916268389072e+00 2.858610564102916030e+00 -1.608656253905719646e+00
-8.432211393780626452e+00 2.426033770424572911e+00 -1.565057183302376531e+00
-9.217649203874001884e+00 2.527540776005905876e+00 -2.845100733396674908e+00
-3.726148164247248218e+01 -8.249663429511599588e+01 -6.600355811607616641e-01
-8.508790430588353715e+00 2.773108523973754735e+00 -6.113101226141559597e-01
-9.143519242211231912e+00 2.805361123661926026e+00 -1.403682057476147715e+00
-8.047151652284284751e+00 2.667780990502693683e+00 -1.489269880716953764e+00
-8.528283482102807511e+00 2.761261977239850562e+00 -1.677080068473116636e+00
-9.165166040305120276e+00 2.756724866305274357e+00 -1.808959940354238238e+00
-8.530048311375772130e+00 2.253190808457656846e+00 -1.120695770322619911e+00
-8.283251383765760423e+00 2.561729818661649727e+00 -1.571737287671753913e+00
-8.845697953762082122e+00 2.505728941608600380e+00 -1.279896135279690705e+00
-8.246223631002846943e+00 2.401001095466567481e+00 -1.664827633196356071e+00
-8.944621894548033580e+00 2.687745360173873888e+00 -1.196912621816736966e+00
-8.479854688702550547e+00 2.765668719401476405e+00 -1.483327002761533286e+00
-8.635794141003520608e+00 2.695035693226795370e+00 -1.600367414848060443e+00
-8.403695141112153877e+00 3.068140692932717961e+00 -1.610017360050580715e+00
-8.629645952335769366e+00 2.429391900757843281e+00 -1.617890605454718189e+00
-9.118645488029143209e+00 2.415158010738410965e+00 -1.362282433176927654e+00
-8.431236668114282296e+00 2.462390888627045804e+00 -1.452068165662335320e+00
-8.211183034097480515e+00 2.827605687328986761e+00 -1.846471094194014784e+00
-8.397317622610421139e+00 2.283387131490433486e+00 -1.235518503717575767e+00
-7.639317916546406906e+00 3.398976072226734590e+00 -1.926634507574798150e+00
-8.736087015903802211e+00 2.553531575450403324e+00 -1.527387465045052739e+00
-8.488657691760920443e+00 2.307954349104771818e+00 -1.794102787102369811e+00
-7.786592041035372169e+00 3.275145768057421414e+00 -1.611476666281850267e+00
-8.405535328424759811e+00 2.901440226452565163e+00 -1.625437620839666142e+00
-8.921525070033375471e+00 3.050134985220719575e+00 -1.546362398855210651e+00
-7.926954792364264257e+00 2.280822180912078778e+00 -1.344437264597627912e+00
-8.342720361377457650e+00 2.971091745564239606e+00 -1.419393669302090322e+00
-9.586235863411802782e+00 2.783061935407705079e+00 -2.046278340336836976e+00
-7.856815694745248102e+00 2.887613009332285596e+00 -1.436609611607728709e+00
-8.442691373786702869e+00 2.229337931809272089e+00 -1.719144595060860148e+00
-8.531639089026924694e+00 3.005570988147599820e+00 -1.652340494398761628e+00
-8.672022665802179731e+00 2.486927984309911910e+00 -1.460743118338639901e+00
-9.224123881667409819e+00 2.699633476237332630e+00 -1.086110409054335646e+00
-8.528886912087378036e+00 2.643507942488861673e+00 -1.628590540657696151e+00
-8.268919653391320068e+00 2.396427460700147449e+00 -1.762158454854652279e+00
-8.337846701714692443e+00 2.733703813080916589e+00 -2.080772265747594663e+00
-8.189015379799512218e+00 2.184906558209580130e+00 -1.518816053397640475e+00
-8.275075193649991334e+00 2.311649497075613180e+00 -1.549062109144533572e+00
-8.824342354645629882e+00 2.350802506233069966e+00 -1.484903462592899626e+00
-8.424122084901203067e+00 3.219397661951082679e+00 -1.246806654781670520e+00
-8.230224685823568365e+00 2.573925137938665841e+00 -1.426380265381810286e+00
-8.784473637609711005e+00 2.137031697884138826e+00 -1.327054601409524581e+00
-8.794107817473912903e+00 2.651826066455168718e+00 -5.653443971503235854e-01
-8.430200139400975345e+00 2.891358757871627549e+00 -1.538483774366520285e+00
-8.320929607891423885e+00 2.852832825286855556e+00 -1.570832576863036456e+00
-8.627724202348197480e+00 2.677237202939747540e+00 -1.384980243722065518e+00
-8.504573979108668524e+00 2.565008806179522427e+00 -1.538071712636492228e+00
-8.606933388980413824e+00 2.157533363160980322e+00 -1.645001202757988112e+00
-8.612298091856159132e+00 1.581420359856533953e+00 -7.944135182907591242e-01
-8.926780758298454188e+00 2.977303584349627386e+00 -1.328498587796403951e+00
-8.944484180451411248e+00 2.864713356839656111e+00 -1.165461201427288929e+00
-8.356236780244099549e+00 2.690040663547534461e+00 -1.380068911054535885e+00
-9.385982224086026449e+00 2.749447600903893285e+00 -1.661628451935373452e+00
-8.383009213227747836e+00 2.727998117110929766e+00 -1.759099882414711491e+00
-9.547981842857948820e+00 3.048927726584151454e+00 -1.058089669736424154e+00
-8.866759677155080510e+00 2.734710146697445055e+00 -1.574456683339133134e+00
-8.448766400152665668e+00 2.957801657118225958e+00 -3.329810283606113308e-01
-8.854784051228255848e+00 2.230048336765352079e+00 -1.433447557261235294e+00
-8.613913011407642983e+00 2.647041654028176261e+00 -1.423280460542816650e+00
-8.696735578894280394e+00 3.175381574890331571e+00 -1.750789187380746625e+00
-8.384280324720796429e+00 2.668185349154496677e+00 -1.591386231358482339e+00
-8.174348584654740790e+00 1.966359636462462923e+00 -1.979935054344526879e+00
-8.335449530100135007e+00 2.069670698343113013e+00 -1.607682902637872058e+00
-9.079577783363486532e+00 2.598579160681705247e+00 -1.051244768038613442e+00
-8.216149863852185931e+00 2.011798155898488538e+00 -1.700215237977878768e+00
-7.905129984715131286e+00 2.516805715365551865e+00 -1.917570040113298013e+00
-8.634993810331074826e+00 2.811653235782183291e+00 -1.468309160299988259e+00
-8.857326636561097644e+00 2.395521201205478512e+00 -1.539704939970678144e+00
-8.181986852797841436e+00 2.557015849551007136e+00 -1.580414688164109682e+00
-8.681671597148749697e+00 3.508975539665021515e+00 -1.936109532520662313e+00
-8.701777754932537690e+00 2.804838115897453577e+00 -1.469327843154327518e+00
-8.040785518941060417e+00 2.263657375510929715e+00 -1.594632158875364691e+00
-8.792074903575214151e+00 2.887639245535985388e+00 -3.059242396620944771e-01
-8.241162299923519896e+00 2.958364183460065355e+00 -2.200153690673991136e+00
-9.200864007493320784e+00 2.565326962361754948e+00 -1.492882275407277692e+00
-9.624243788308744385e+00 2.636681851565130685e+00 -1.532724676845556688e+00
-8.526811959706034116e+00 2.153160288826480695e+00 -1.676931754473357072e+00
-8.520185825509823729e+00 2.179509293370809786e+00 -1.651010782135692301e+00
-8.493893383376759587e+00 2.137307149045533539e+00 -1.392073585221587972e+00
-8.653543025540392009e+00 2.380810406250019717e+00 -1.580460333431742859e+00
-8.510608295642098753e+00 2.241789069430281778e+00 -1.087938973338142601e+00
-8.524365237314984967e+00 3.011146882822343329e+00 -1.366556179049071229e+00
-8.675370651868719918e+00 3.351239454660571937e+00 -1.786634027822591841e+00
-9.012416793938411885e+00 2.600046819946778331e+00 -1.609849661303696999e+00
-8.312374517444284905e+00 2.247099972760049358e+00 -1.638427926061677198e+00
-8.486443448652426724e+00 2.787699922135423503e+00 -4.815304972759963387e-01
-8.883976459787046309e+00 2.677835189653315240e+00 -1.913385656749633901e+00
-8.507569931108818651e+00 2.442289578286765739e+00 -1.571465907289196329e+00
-9.217751116114975218e+00 2.758617769147375220e+00 -1.487184151563090140e+00
-8.584846420247652432e+00 2.706670532438250731e+00 -1.569559088101017075e+00
-8.370676834073540462e+00 2.780519851481279225e+00 -1.611848106107981238e+00
-8.121298124056560042e+00 2.947629225756725369e+00 -8.262813866762964699e-01
-8.504063972893471046e+00 2.535865272325809716e+00 -1.488680752501083226e+00
-9.043325227197627214e+00 2.414645251477190779e+00 -1.605630850329062831e+00
-9.154612569656155330e+00 3.196027013732753996e+00 -1.484952428261390178e+00
-8.603348539150823981e+00 2.696317514789162928e+00 -1.503057399408838979e+00
-9.541013168364749220e+00 3.175285643649867762e+00 -1.114668856950405074e+00
-8.515709294291854192e+00 2.196241129744297194e+00 -1.536876864802656506e+00
-8.396933689218295527e+00 3.021312269407508300e+00 -1.695658406937267548e+00
-8.506563150101662529e+00 2.880627463274376243e+00 -1.363928263980655364e+00
-8.522530885598678552e+00 2.581864305692799899e+00 -1.520759766594585338e+00
-8.458804790474419022e+00 2.553122361235723670e+00 -1.380080332755215133e+00
-8.232971551812040545e+00 2.723498179486049331e+00 -1.865245263038954437e+00
-8.904852240342236769e+00 2.908843946298810490e+00 -1.554932928402017023e+00
-8.856535617060441012e+00 3.182737415697595829e+00 -1.421083522282822420e+00
-8.095557661504040325e+00 2.881991604099178872e+00 -1.588867570518620820e+00
-9.056026140343366393e+00 2.157805807092832762e+00 -1.277678032689115728e+00
-8.407794147980558463e+00 2.734951999006881795e+00 -2.730191414959603158e+00
-8.531336360019620813e+00 1.742186344870180426e+00 -1.019245058597024745e+00
-8.560260178590432645e+00 2.251230374882667196e+00 -1.451213491774040909e+00
-9.129238628961752866e+00 2.855464869630044422e+00 -1.625193262656778215e+00
-8.934996078946801035e+00 2.829087104188308111e+00 -1.379191654507922582e+00
-8.299340818746339110e+00 3.110192493249754886e+00 -1.820190493363516460e+00
-9.073307486485282070e+00 2.696602953300192507e+00 -1.131891635830822196e+00
-8.937970497964165872e+00 2.677289526727862246e+00 -1.491569335634685745e+00
-9.440205908171520832e+00 2.270187956870343804e+00 -1.400911641650523842e+00
-8.766396519796160192e+00 2.119031199985421221e+00 -1.422964714294834732e+00
-8.694865437158741273e+00 3.122960763350377533e+00 -1.349432418144746126e+00
-8.740701644892000743e+00 3.064929005803311846e+00 -1.449696956133995185e+00
-8.599585090463023107e+00 2.253662120292266646e+00 -1.516252676820182721e+00
-8.916291387514434064e+00 2.576943770024647140e+00 -1.361022665932554387e+00
-8.848195890382992701e+00 3.007402778337028071e+00 -1.413514445351732984e+00
-8.633870890372051576e+00 2.998181153988208614e+00 -1.636664340879073976e+00
-8.613710431864017636e+00 2.403283990972289619e+00 -1.472771310668129940e+00
-9.083608671006359714e+00 2.534044973659541622e+00 -1.141930495691874992e+00
-1.428221483171671657e+01 -9.363069020628884687e+01 -7.523885692792182667e-01
-8.947038362030903969e+00 3.343296628437772533e+00 -4.895114655690804284e-01
-8.063920986200031393e+00 2.340167122555837587e+00 -1.199239977107641408e+00
-9.170570047177619699e+00 2.675306082187216106e+00 -1.382855998518291329e+00
-8.232547980111037944e+00 2.892438213539392677e+00 -1.703093079037739654e+00
-8.536302010275655050e+00 2.136933496523605758e+00 -1.610625104407232167e+00
-8.761794932317252815e+00 2.126029249997424486e+00 -2.772588275979895212e+00
-8.679103573279713046e+00 3.030435318416284218e+00 -1.599789759054562666e+00
-8.924449273282210271e+00 2.624086046832774688e+00 -1.459632922089650453e+00
-8.658737745945977338e+00 2.474520675515569756e+00 -1.562094831090930169e+00
-8.210313746870410156e+00 2.803724207271174773e+00 -1.547937540593767203e+00
-8.371225497727726506e+00 2.901934864265472314e+00 -1.473234077399966813e+00
-8.477202567887916373e+00 2.400855774866943460e+00 -1.524891855317131562e+00
-8.985226015343309669e+00 2.745216269060568592e+00 -1.315000665852789519e+00
-8.900210804749370652e+00 2.557934854924049706e+00 -1.802464607010819453e+00
-9.395551091151896017e+00 2.866166438716712950e+00 -1.601483593307173159e+00
-8.532398209432155767e+00 2.221318193413536868e+00 -1.390022417544871214e+00
-8.913765279081060200e+00 2.505798742956856895e+00 -1.812564145442967289e+00
-8.970662280921009923e+00 2.375158962084835235e+00 -1.540846080236145887e+00
-8.493734913624676253e+00 2.639308559004787558e+00 -1.575142068186020428e+00
-9.013770218406001788e+00 2.517146464127069105e+00 -1.345635476918318529e+00
-8.146602553722603446e+00 2.232949310495859319e+00 -1.628479079450606104e+00
-8.690276217576588635e+00 2.382570888527848485e+00 -1.553978370714933943e+00
-8.614310749047053406e+00 2.055103883697638079e+00 -1.457495041031445338e+00
-8.438343272231554337e+00 3.038569529001760472e+00 -1.380952292102715306e+00
-7.854649351653691269e+00 1.770314735164979059e+00 -1.853116366795220182e+00
-8.474838141099047206e+00 2.543615365938223682e+00 -1.470054750529574239e+00
-8.424183799523493832e+00 2.334077824053275130e+00 -1.480989814501381341e+00
-8.833150737496222149e+00 2.746017205823998886e+00 -1.501431222588526904e+00
-9.367823521361378525e+00 2.701262287814096830e+00 -1.119926257523188307e+00
-8.002455961555725139e+00 2.904968190221074220e+00 -1.913456980660082740e+00
-9.129412441937098777e+00 2.357743597679285319e+00 -1.314445411275321662e+00
-8.533158674135799870e+00 1.340247304452579113e+00 -1.805063549304535497e+00
-8.064655023626158936e+00 2.933759804343275324e+00 -1.586905108069939008e+00
-8.475681501775598647e+00 2.777592472131702905e+00 -7.281942879561423831e-01
-8.967420249030302770e+00 2.842290645568119167e+00 -1.585119197769696564e+00
-8.119805492925710411e+00 2.487094011471536525e+00 -1.624546334152420002e+00
-8.811888745840827042e+00 3.233047862927983296e+00 -1.548982550004825098e+00
-8.686404956543164246e+00 3.108231816972727657e+00 -1.406122927722081473e+00
-8.519317191432779879e+00 3.064916692195340353e+00 -1.669564431971984897e+00
-8.958243158764094716e+00 2.346202530273627129e+00 -1.760742923173850283e+00
-8.866469997513412693e+00 3.165137181487557516e+00 -9.584563399413317253e-01
-9.013409316444143116e+00 2.527149973165481178e+00 -1.321085258058628087e+00
-8.533897037323182388e+00 2.225297961375277467e+00 -1.641646818749434189e+00
-8.274189047485128512e+00 2.672600233398595204e+00 -1.242165834832566818e+00
-8.488499996104030387e+00 2.756168024144588280e+00 -1.665759834877956536e+00
-8.857893240884862962e+00 2.826349472410659480e+00 -1.521884128145837511e+00
-8.740245376084843087e+00 2.974179384972638562e+00 -1.244013232254970625e+00
-8.357667202199142054e+00 2.600897633856291691e+00 -1.541723964930075796e+00
-8.277374947354429580e+00 2.524701678327201826e+00 -1.571852206877925040e+00
-8.558930938198392013e+00 2.475114127139214304e+00 -1.275271477167231104e+00
-8.041452641177450289e+00 2.417785636198471977e+00 -1.635557584306361001e+00
-8.400389661391026053e+00 2.205562827579124807e+00 -8.932147985154813563e-01
-8.735226931015892760e+00 2.241753050193047603e+00 -1.512869464238351114e+00
-8.571889395513329291e+00 3.129653542342110129e+00 -1.727644218102300178e+00
-8.524532114223495327e+00 2.851841431827748963e+00 -1.816808022561930747e+00
-8.768614013925258632e+00 3.172591743606655523e+00 -1.866361157800572768e+00
-8.788738202876219319e+00 2.855850778226334707e+00 -1.367295533339413893e+00
-8.714808306009775407e+00 2.757092757026903485e+00 -1.338482856486935990e+00
-8.338478450099307437e+00 2.366884418823866021e+00 -1.251654547565225428e+00
-8.889050125169807970e+00 2.708961457577161447e+00 -1.664293681887895504e+00
-8.814093611559350450e+00 2.651506565356404277e+00 -2.787551415695048718e+00
-8.123547459870103182e+00 1.494790468350506885e+00 -1.592861380467496257e+00
-8.425881671397279504e+00 2.233895354647699616e+00 -1.536568568201038376e+00
-8.084739870910970794e+00 3.067658041999854035e+00 -1.367078170714269847e+00
-8.049315922555305036e+00 2.716785022759442558e+00 -1.553429583784465162e+00
-8.763919484414088856e+00 2.129344574663885492e+00 -1.674562199483581315e+00
-8.511418101647347356e+00 2.928272557110072949e+00 -1.346444177937703879e+00
-9.077286370005481331e+00 2.604716624998247632e+00 -1.526932179511700127e+00
-7.929212674489722446e+00 2.576858875320811926e+00 -1.729124974673083237e+00
-7.832002043028263749e+00 1.708304761387401616e+00 -1.094582559971839286e+00
-9.155144186705845399e+00 3.117128905132164896e+00 -1.676739387124251079e+00
-8.696681574489083744e+00 3.656316348026171781e+00 -1.617593095955556004e+00
-8.859247032619425255e+00 2.973600179631562757e+00 -1.416228189020743766e+00
-8.668683449319821932e+00 2.157764251958798507e+00 -1.479747005815838179e+00
-8.859735354456544698e+00 2.558428916004170439e+00 -1.570569296891093369e+00
-8.190815023491225588e+00 2.689026618167426275e+00 -1.167720955085828294e+00
-8.281676896069711802e+00 2.614734978340564009e+00 -1.423211621161805773e+00
-8.584366324132650661e+00 2.523846636273751720e+00 -1.433936676737951332e+00
-8.598559693896531186e+00 2.139159649745422609e+00 -1.855335106164389014e+00
-7.661369482275996567e+00 2.685848287602308648e+00 -1.893079220887887271e+00
-8.846218438851312982e+00 2.670894915866240726e+00 -1.441431442132899532e+00
-8.765965818423820721e+00 2.781631661589504034e+00 -1.328377041996546160e+00
-8.722354130434514019e+00 2.506152211508186678e+00 -1.425403594307847355e+00
-8.730540215640349544e+00 3.453420861033541733e+00 -1.401542131469935448e+00
-9.034226499108978459e+00 2.904353318870365630e+00 -1.456083537668119154e+00
-8.940137122457890939e+00 2.781227640970908688e+00 -1.551091615918360533e+00
-9.051877713322063812e+00 2.940899829294928658e+00 -1.682680330196311580e+00
-8.856328634146528600e+00 2.904358055359114399e+00 -1.585643737085361993e+00
-8.422629737243600090e+00 2.650299778866029410e+00 -1.595957179784951663e+00
-8.297820476224954334e+00 2.004413371645411779e+00 -1.407720174924600665e+00
-8.841828282385495896e+00 2.089894004205927303e+00 -1.475626813961211869e+00
-8.441085209613213181e+00 2.095253374284335113e+00 -1.476994213492387908e+00
-8.871927781598426321e+00 2.867411915516643539e+00 -1.563157743585917858e+00
-8.858917928518769358e+00 2.438015113291252423e+00 -1.618423748231749171e+00
-8.330307790210383700e+00 2.809477625951168012e+00 -1.578897126621556346e+00
-9.156620438697322228e+00 2.966620464786880795e+00 -1.295916546306017159e+00
-8.323525312643889507e+00 2.464380969132854649e+00 -1.655199172880833958e+00
-8.995697808004168294e+00 2.533878128810409081e+00 -1.611260527154125155e+00
-8.257905411805584350e+00 3.049405735613806012e+00 -1.634847868089968514e+00
-8.648915756738633220e+00 2.244540392716675381e+00 -1.684370899188018411e+00
-8.276492484180293374e+00 2.929669836035859287e+00 -1.666349692791666559e+00
-8.521948257269068350e+00 2.298282527318780577e+00 -1.758960389418418924e+00
-8.413832337642343617e+00 1.868386280073858652e+00 -1.523307456690607964e+00
-8.629476034912723748e+00 3.362467483758371234e+00 -1.156635404219432672e+00
-8.624536167252532692e+00 2.231448431567636614e+00 -1.358463679181689754e+00
-8.167188670044549070e+00 2.698433089061789580e+00 -1.714610119415758804e+00
-8.519099735093337955e+00 2.687385914872166826e+00 -1.667961794250295560e+00
-8.116423521995983492e+00 2.854942599536229864e+00 -1.501582818630517568e+00
-8.388120419326263288e+00 2.683991203110034807e+00 -1.709064518861490134e+00
-8.480646615455722070e+00 2.913753107328934444e+00 -1.553962644653369640e+00
-9.059324684750041712e+00 2.866096129638012968e+00 -1.471098571222045237e+00
-8.967819311083960798e+00 2.472460433208851338e+00 -1.307735706861860248e+00
-8.191322928300108330e+00 2.923102701827603234e+00 -1.704056948307202335e+00
-8.356971232399979854e+00 2.358533666354137193e+00 -1.729982645716173328e+00
-8.529760801253795321e+00 3.119859211930841258e+00 -1.485372066884600883e+00
-8.790314432357687835e+00 2.087161389953461121e+00 -8.570495222093806875e-01
-8.438763929755969784e+00 2.828456647513590827e+00 -1.550302473941184145e+00
-8.777610158769419968e+00 2.281923720529305033e+00 -1.266334186390291050e+00
-8.839117056959091556e+00 2.967339905332265992e+00 -1.599706644660081167e+00
-9.208205219245403583e+00 2.496119321012124193e+00 -1.276248807408620678e+00
-9.157363180050525742e+00 2.652646059695257019e+00 -1.384111026602619754e+00
-8.793071707898535649e+00 2.180231078767891795e+00 -1.492129782371828473e+00
-9.161784518545296407e+00 2.628796350191108910e+00 -1.640503913277228332e+00
-8.482389674444679173e+00 2.959003594187307851e+00 -1.020959461804145540e+00
-5.084531856494082014e+00 1.125297125621583092e+02 -4.083708600627724561e-01
