-5.477143995648931174e+00 1.571983867727594131e+00 -1.266789183695160803e+00
-5.439385260340898753e+00 1.834388239516753893e+00 -1.471486401284413770e+00
-4.945832503220197296e+00 1.637511282635875753e+00 -1.003247659161201621e+00
-6.153972245536154517e+00 1.455217903751214292e+00 -1.186124182702467111e+00
-5.271319021510751490e+00 8.864788353458467052e-01 -1.217664469686629003e+00
-5.696837046377051905e+00 1.882089357298737831e+00 -1.496399573899643842e+00
-5.395532191624710094e+00 1.186681415683748630e+00 -1.341259928070779539e+00
-5.691521065212237218e+00 1.195854305289749453e+00 -1.334120472121189227e+00
-5.228892888485322743e+00 1.209811711255736277e+00 -1.480343291084277535e+00
-5.578446148269217808e+00 1.309926554316567460e+00 -1.246116088911672470e+00
-5.357355970438630877e+00 1.018147835428912851e+00 -1.251487382557359140e+00
-5.586958630354888378e+00 9.351099959225990244e-01 -1.677065622130014644e+00
-5.890601640699720143e+00 1.759857560839030333e+00 -1.531553616552550512e+00
-5.765151636065181329e+00 1.768045791522097288e+00 -1.359830799519381683e+00
-5.735669493673880126e+00 1.112456436489257294e+00 -1.606480252342646908e+00
-5.931814432068394538e+00 1.844134980431778370e+00 -1.510743380694609783e+00
-6.143187853582468883e+00 1.523882638514027166e+00 -7.936509397754426542e-01
-5.865341078387186435e+00 1.007879995018187591e+00 -1.318583907569734537e+00
-5.694364166408607097e+00 1.620513739103561557e+00 -1.169627047079106363e+00
-5.504784503688187947e+00 1.689510597884046783e+00 -1.398289847379399209e+00
-5.497111079865040217e+00 1.013419509619102543e+00 -1.454524330546818955e+00
-5.315821541785666682e+00 1.639004153222069604e+00 -4.410069513329931690e-01
-5.989900365501381607e+00 1.480142265154572812e+00 -1.637384785197528059e+00
-5.552540439667499328e+00 1.040694001135420210e+00 -1.936508176217481614e+00
-4.864516855494482428e+00 1.550035827190457294e+00 -1.055033895217880824e+00
-5.364710791165586024e+00 1.303114418722215673e+00 -1.335338138253618023e+00
-5.151517515490685817e+00 1.359003627269945946e+00 -1.322428150784789036e+00
-6.493422079906759237e+00 1.413336162070047308e+00 -1.528326129372825859e+00
-5.975827476039297537e+00 1.738910636615757177e+00 -1.329896361219865986e+00
-5.428082206718867653e+00 1.707627531082406058e+00 -1.577155296058326828e+00
-6.080850770287362650e+00 1.497481729318568489e+00 -1.350229997082895705e+00
-5.302822946078114441e+00 9.708758225355458293e-01 -1.196399119598985594e+00
-5.262280098326633571e+00 1.617782032401195558e+00 -1.515657945390304073e+00
-5.827708820410230750e+00 1.315808819317251466e+00 -1.474660116861594039e+00
-5.526696445308278527e+00 1.178194624056225992e+00 -9.348648377494214179e-01
-5.049366147635283575e+00 1.198782574762431441e+00 -1.279651080811369912e+00
-5.444598831528008276e+00 1.307541271614456546e+00 -1.411488623742827020e+00
-5.160845433720971265e+00 1.224471006537045881e+00 -1.139192435277134319e+00
-5.239288355445576251e+00 2.074067052117470222e+00 -1.275321326456361426e+00
-5.188637162689561322e+00 1.433006821644938977e+00 -9.570530778995124388e-01
-6.401721853313000921e+00 2.335100700711989941e+00 -6.656211506345199869e-01
-5.936867074185783189e+00 1.629095037349837849e+00 -1.297563209467504475e+00
-5.097832527291622284e+00 1.215857266907986567e+00 -1.107821469004631965e+00
-5.647038766216466499e+00 1.186579183843488483e+00 -1.546913348193247328e+00
-4.761845136694094371e+00 1.560937360519198513e+00 -1.394574401411034170e+00
-4.893300841806995649e+00 1.121920451108789241e+00 -1.521827668241789944e+00
-4.924486482977196822e+00 1.376786468523363283e+00 -1.718198560786444062e+00
-5.140533549583929052e+00 8.827514097882691591e-01 -1.405321877671560138e+00
-5.256509551758785648e+00 1.415569021740367583e+00 -1.429361725664639593e+00
-5.881630685512890366e+00 1.608838040765440791e+00 -1.925900913241547441e+00
-5.469858256924883477e+00 1.382810516736819650e+00 -9.226156316516260780e-01
-5.092779701712426110e+00 1.720163104543489752e+00 -1.575748495355358214e+00
-5.557814434003264026e+00 1.611095350584709873e+00 -1.083193292107760719e+00
-5.747883632457489789e+00 1.138755388903130772e+00 -8.859462784506487720e-01
-5.924517686902464497e+00 1.355882825164027361e+00 -2.433914297273915395e+00
-5.738729906738063491e+00 1.354669568731345475e+00 -1.283849602433068338e+00
-5.880220837976935400e+00 1.434648092581138235e+00 -1.185431767039116346e+00
-5.368025007716425989e+00 1.186824800186768059e+00 -1.363267224694077351e+00
-6.139518743922884880e+00 6.908412854658418922e-01 -9.488974737460166287e-01
-5.685978177712153858e+00 1.310967683488492685e+00 -1.488203355611154688e+00
-6.039498600914029680e+00 4.738548209690000568e-01 -1.200425249847707709e+00
-5.789227731379600783e+00 1.969663088802869666e+00 -1.253429986582752065e+00
-6.627380082013779372e+00 1.549371592774678508e+00 -1.000129815826348967e+00
-5.484964380125676442e+00 1.564509650578778110e+00 -1.318178742533665293e+00
-5.065610954479701888e+00 1.614311330580143977e+00 -1.432174494562834743e+00
-5.737030504973345657e+00 1.656820220161506318e+00 -1.510093349693832465e+00
-5.229782101442262743e+00 1.697347044859840670e+00 -1.711950424396786241e+00
-5.442488465956023092e+00 1.386191035226515877e+00 -1.325133380718083176e+00
-5.731408939521950963e+00 1.029903066240818177e+00 -1.294005790054220117e+00
-5.872060881742503291e+00 1.843486036488386270e+00 -8.792593165723323612e-01
-5.619987586762261955e+00 1.477232265741442063e+00 -1.174456565081134274e+00
-5.305675220243653456e+00 1.247106118293994870e+00 -1.298225023285775492e+00
-5.580624978237742617e+00 1.352297465026973011e+00 -1.380490576870041508e+00
-5.611923868205040300e+00 1.361472409478198475e+00 -1.489156416995943033e+00
-4.974169674796262264e+00 1.806286885843890966e+00 -1.232340834286541842e+00
-5.157037402588777297e+00 1.078014024784025748e+00 -1.588264367109660791e+00
-5.358216331490345041e+00 1.702418817903209813e+00 -8.079856573625184835e-01
-5.530506307132259103e+00 1.649665391407651338e+00 -1.908102500390397083e+00
-5.524394519415724680e+00 1.449309992344353537e+00 -1.436658286030684684e+00
-5.438057217590594128e+00 1.038547239716346660e+00 -1.248919909976115239e+00
-5.443393713466798012e+00 1.459671438846413594e+00 -1.168209636319193168e+00
-4.975236314161102236e+00 1.720560221588479433e+00 -1.170297566192541661e+00
-5.399022880457176932e+00 1.366169706805119510e+00 -1.285648242279210374e+00
-5.074159449771498132e+00 1.928591487287383277e+00 -1.368901976676235366e+00
-5.629111424334205971e+00 1.789398572978358359e+00 -1.544689831553053949e+00
-5.898056026726636425e+00 1.642779063212207902e+00 -1.321585929841332163e+00
-5.115543029379963080e+00 1.174880747838811690e+00 -1.608894357917278306e+00
-5.230612452784296096e+00 1.462897945712493097e+00 -1.042932024288552473e+00
-5.630639047988812429e+00 1.115832241953753634e+00 -1.364892537021147101e+00
-5.947123811270320637e+00 1.640190497399317326e+00 -1.473475034885510349e+00
-5.462851656465803174e+00 1.193767985299533096e+00 -9.853195225417544778e-01
-5.695257346127412745e+00 1.940921653721616735e+00 -1.380918367966106342e+00
-4.827235161993485235e+00 1.295441787918894860e+00 -2.162361177038877036e-01
-5.838746320123082256e+00 1.769797915875690020e+00 -1.338678345333881525e+00
-5.222655976460285565e+00 1.764810834804707573e+00 -1.190991488206121662e+00
-4.983514400074200879e+00 1.306833167698112863e+00 -1.545682957338133212e+00
-5.273666003191753937e+00 1.292471635850889200e+00 -8.404070935446017465e-01
-5.560719919347423712e+00 1.423742401184519224e+00 -1.572414581912982223e+00
-5.231593707012945238e+00 1.564617889754689406e+00 -1.077587869432808043e+00
-5.241760349142480457e+00 1.073137619620029293e+00 -1.408413321412910646e+00
-5.270590826378583671e+00 1.230652648035916119e+00 -1.270211368697188536e+00
-4.848517013576561396e+00 1.670902620998048649e+00 -1.555600182886627936e+00
-5.748997517407192781e+00 9.162031535482905165e-01 -1.153047546142426549e+00
-5.388672851464178848e+00 1.540263684756103757e+00 -1.331334811841740740e+00
-5.353856762883613563e+00 1.331575445324854945e+00 -1.339167203070268819e+00
-5.901647792192055597e+00 1.740488159520355849e+00 -1.371797583137255749e+00
-5.678273044857255591e+00 1.336162682122706835e+00 -1.565970397235029621e+00
-5.637218094764262943e+00 2.297132527665194601e+00 -1.811390131074771537e+00
-5.357506102490845912e+00 9.602482949655479771e-01 -1.371635329809133053e+00
-5.833186115908874925e+00 1.513841887830600141e+00 -1.273298900575243087e+00
-5.020476277964689871e+00 1.263049851708217375e+00 -1.059865518928430506e+00
-5.313169527289242744e+00 1.301448780432913788e+00 -1.394017642646530497e+00
-4.949318169896214314e+00 1.695842070162291604e+00 -1.409528986349098956e+00
-6.254505833684641303e+00 2.083112234515590799e+00 -1.976260995328970260e+00
-5.863766484885965191e+00 1.775102230800253089e+00 -1.466796164772812494e+00
-5.296312994483833414e+00 1.840444896717629453e+00 -1.386299054368826722e+00
-5.461744212436967061e+00 1.345981469850505929e+00 -1.262575951031038146e+00
-6.084568459380184535e+00 1.709692026123928787e+00 -1.399159727076093596e+00
-6.108999935237581447e+00 1.596831345500407728e+00 -1.515965889904702157e+00
-5.593870369632750972e+00 1.198257125972525650e+00 -1.437413825128770695e+00
-5.662658265389223899e+00 1.314440371720454692e+00 -1.398297002344492501e+00
-5.699101375705613037e+00 1.209464382362375190e+00 -1.675214236445989435e+00
-6.076958207895257758e+00 1.835640663320141863e+00 -1.222909039122530350e+00
-5.446996799151435198e+00 1.838252775062835909e+00 -1.278008474943711947e+00
-2.267334083680328050e+01 5.515422231697154132e+01 -3.091649241597513864e-01
-5.751457062842290746e+00 1.042412859318830431e+00 -1.513519872227026219e+00
-5.859689930556882587e+00 1.399321294208331068e+00 -1.046248794431302365e+00
-5.843892823695250982e+00 1.510104967164437317e+00 -9.430788754507904992e-01
-5.161580812523256512e+00 1.873048157179979523e+00 -1.395933429259977654e+00
-5.152798175650072920e+00 1.208000171834982206e+00 -1.348466842607958904e+00
-5.107812542309094539e+00 1.568481627385562183e+00 -1.368542197534994731e+00
-5.140702914490758779e+00 1.513449551383708291e+00 -1.601397724370710707e+00
-5.861927208330193650e+00 1.301965799552446290e+00 -1.645079745553640116e+00
-5.251622930447718218e+00 1.522241373518603780e+00 -1.308818134377014220e+00
-5.736034261577598770e+00 1.363211048046747420e+00 -1.293601734668684999e+00
-5.900585063056769108e+00 1.492425028960834732e+00 -4.572085619068764761e-01
-5.537187982726782032e+00 1.171943584478405631e+00 -1.695266835905101077e+00
-5.986019126278804059e+00 1.018242423760204574e+00 -1.510969609546578329e+00
-4.762479351495199076e+00 5.417951346491347575e-01 -1.586390808535500074e+00
-5.648310895157674594e+00 1.893576103765051810e+00 -1.465660143022774697e+00
-5.689691639661980993e+00 1.658210301450727897e+00 -1.490790514398802724e+00
-6.051585374671766715e+00 1.430736606992489834e+00 -1.153338917365112959e+00
-5.204283092191920979e+00 1.854777576090126168e+00 -1.412550853367278592e+00
-5.013462643021946441e+00 1.925176578185517240e+00 -1.332349629968210269e+00
-5.940814004994261488e+00 1.861469282170662431e+00 -1.319444956375785960e+00
-5.515715863823544396e+00 1.280906703501208499e+00 -1.125218371172915122e+00
-5.632995522320688231e+00 1.440774555371949983e+00 -1.414933791373612859e+00
-5.069201397683082533e+00 1.291971546874754573e+00 -1.748273126868681970e+00
-4.883249396709548051e+00 1.692832611269009080e+00 -1.817126932129017547e+00
-5.270809538565284669e+00 1.140673260197057504e+00 -1.556397533093410557e+00
-5.903237895574752869e+00 1.383624285524975184e+00 -1.226693316668779898e+00
-5.782192633115816882e+00 1.540272090236044722e+00 -1.467365785774487064e+00
-5.801020269436828691e+00 9.914842702355592952e-01 -1.434387976546928956e+00
-5.816099563805093631e+00 1.529536257828643997e+00 -1.818516525475934120e+00
-5.272545616678869784e+00 1.105693885552948785e+00 -1.434914182772367264e+00
-5.325251844798174261e+00 9.759611484023855699e-01 -1.534958237456484076e+00
-5.533954551654176157e+00 1.262474448220021195e+00 -1.343811778021400505e+00
-5.566029633355487505e+00 1.664522286107517957e+00 -1.764820851957725756e+00
-5.765240860245547161e+00 1.454140824414431155e+00 -1.426665594254082237e+00
-5.694373975555631517e+00 1.615686577242340771e+00 -1.394870863792908144e+00
-5.315744560277321007e+00 1.254991878743179967e+00 -1.055391753973887736e+00
-5.732190474440846728e+00 1.369965792980959218e+00 -1.310941097093490937e+00
-6.629639061099944719e+00 1.298654031318388302e+00 -1.931388095433825836e+00
-5.804270799224577893e+00 1.697409222026298625e+00 -1.452606192726813461e+00
-5.993202678435102015e+00 1.746690734136543632e+00 -1.346987940240321313e+00
-5.923159133285777145e+00 1.172028293660821729e+00 -1.442318371025895773e+00
-5.367687343204925021e+00 1.421360072984446443e+00 -1.250293121601449675e+00
-6.020487447757870925e+00 1.639853962409689503e+00 -1.474971089272115954e+00
-5.245835074387363406e+00 9.495493886987035337e-01 -9.531094716018683188e-01
-5.821933376967120211e+00 2.032165789953662483e+00 -1.442075288627153506e+00
-6.024157461895255139e+00 1.653152039370718862e+00 -1.300057510822708595e+00
-5.808352098676051511e+00 1.646183482885624105e+00 -1.271955200145961529e+00
-5.579772743690468495e+00 1.791717237420225484e+00 -1.336129389097165721e+00
-5.907485135684749977e+00 1.318600065730079152e+00 -1.551719662473421746e+00
-6.063438429306675204e+00 1.355665162102660082e+00 -2.045126321036111250e+00
-5.217331901140828343e+00 1.419764924519913096e+00 -1.463044290020318217e+00
-5.426939214885878826e+00 1.800513701579865344e+00 -1.422841454793240867e+00
-5.867650250179947236e+00 1.458067781707885979e+00 -1.079500397004387047e+00
-5.288507656407395174e+00 1.751753152470896246e+00 -1.590852062724930294e+00
-5.619008001867790369e+00 1.485269150565337481e+00 -1.358100092929081182e+00
-5.956458571945375091e+00 1.443588526197748356e+00 -1.377926633253595323e+00
-5.750865812378505915e+00 1.368059367037480323e+00 -1.231232583557377636e+00
-5.836537914704252650e+00 1.956567208656150081e+00 -1.465016611777628430e+00
-4.506766501719216222e+00 1.159508781895826512e+00 -1.285068465624833900e+00
-5.069848813689667111e+00 1.426653351586095075e+00 -1.320430949088334138e+00
-5.660544330214938746e+00 1.396234930116913908e+00 -1.415343432475924423e+00
-5.355553192458767597e+00 1.099639387170865401e+00 -1.014665706600534678e+00
-5.423266677806382496e+00 1.430760381955833216e+00 -1.403107862171568021e+00
-6.172389308314124357e+00 1.722366264672611447e+00 -1.367408533878523569e+00
-5.310818353452872564e+00 1.723547519285929086e+00 -1.559409143324633984e+00
-6.125142762024589516e+00 2.060737820699591438e+00 -6.658142403564705214e-01
-5.049286322713236075e+00 1.403292095415478613e+00 -1.203430695433393538e+00
-6.322762627268062374e+00 1.453023820981863112e+00 -2.195010855805012984e+00
-5.223210303654659548e+00 1.089357113597997362e+00 -1.519157620972780398e+00
-5.318114627291163465e+00 8.725085764176462311e-01 -2.083710714852145429e+00
-4.376367700757655577e+00 2.006889595032735230e+00 -1.081461104135786444e+00
-4.047340927892276952e+00 2.186435491658043961e+00 -1.335719368428857967e+00
-5.686333290108238181e+00 1.669182656546051913e+00 -1.531027395810116154e+00
-5.662691320073547807e+00 2.107752986578260934e+00 -1.280511194916152284e+00
-4.981248396668808809e+00 1.570654980014261515e+00 -1.083263263519352870e+00
-5.289775954578249895e+00 1.228983534353197626e+00 -1.411072595635801896e+00
-6.145928376182155262e+00 1.378199555365624995e+00 -1.519740544926609926e+00
-5.854735718942561284e+00 1.758007984963324333e+00 -1.387646549023919373e+00
-6.279995298032894802e+00 1.165802514081351715e+00 -1.566504950414331132e+00
-5.659832889114361443e+00 1.076444163767507955e+00 -1.528151409457092935e+00
-5.496254027088781413e+00 1.475669803298298444e+00 -1.493633322386286544e+00
-5.164927100256941905e+00 2.152374933004763680e+00 -1.333600352533803379e+00
-5.545568969550154215e+00 1.660004946376587798e+00 -1.336475858353201707e+00
-5.173573126539804612e+00 1.414471842936660506e+00 -1.096543817267885412e+00
-5.154527535615058831e+00 1.798250794162978838e+00 -1.538157455486239611e+00
-6.350550824090907653e+00 1.286753082417829708e+00 -6.022848194142871314e-01
-4.784782147606645886e+00 1.539845694268980880e+00 -1.743014747189416180e+00
-5.704618830383624051e+00 1.982130441171328306e+00 -1.107818423784049378e+00
-5.573754538431554550e+00 1.090906325773124186e+00 -1.273810970799433617e+00
-4.382695424776866133e+00 1.337157844108127547e+00 -1.295404122296267779e+00
-5.186286831724025603e+00 1.383760472318153134e+00 -1.914865647675330296e+00
-5.982798381656714959e+00 1.409386965305501782e+00 -1.164144481585443369e+00
-5.103830685051091720e+00 1.990686357947625273e+00 -1.426252223245362938e+00
-5.734974649660681933e+00 1.929488763464339396e+00 -1.196740765366752779e+00
-5.048172875000250137e+00 1.492951400141794505e+00 -1.278630727635023279e+00
-5.750878253424561493e+00 1.614491147522340908e+00 3.431902175857146683e-03
-5.555836244080196273e+00 1.411031125168203726e+00 -1.459719447191804909e+00
-5.389674415279706921e+00 1.158282815416987077e+00 -1.170356221983674949e+00
-5.232270007924823219e+00 1.613413741117888378e+00 -1.538254489419995652e+00
-5.891857961776204355e+00 1.273748969988911961e+00 -1.193587940698847438e+00
-5.387335975492011819e+00 1.106249164932408879e+00 -8.412618833514651229e-01
-5.604261597824894636e+00 1.270925142410830100e+00 -1.581273380951004004e+00
-5.900674813918456607e+00 1.257898454568417757e+00 -1.433387738289057856e+00
-5.384896330124743002e+00 1.285230953831029144e+00 -1.418403209655926700e+00
-5.367303535145388160e+00 1.521843919619889185e+00 -1.218751490195587817e+00
-5.565338087395095279e+00 2.162128591278489775e+00 -1.847826397587352565e+00
-5.315248415987391617e+00 1.990343397602897024e+00 -1.416612580094687823e+00
-5.505387580955565241e+00 1.831609852449624487e+00 -1.357715350423364331e+00
-5.349972845500631458e+00 1.992188970897552869e+00 -1.391668364425545645e+00
-6.017716323905502485e+00 1.320405666297585601e+00 -1.475092461744840211e+00
-5.222762389163277064e+00 9.672140492330266737e-01 -1.600227716369579944e+00
-4.959596940991740865e+00 1.339468498159652965e+00 -1.637919453256515556e+00
-4.708572898188546851e+00 1.174229222120097615e+00 -1.705971104262947513e+00
-6.113908463422126793e+00 1.663603651159871077e+00 -1.704755128309605849e+00
-4.836368239545294045e+00 1.622911927990235759e+00 -1.452170349669484439e+00
-4.782432309366768663e+00 1.280986701812921735e+00 -1.470844716439682509e+00
-5.900086026458992272e+00 2.121333276335441997e+00 -1.506500947533955914e+00
-5.306283678553666228e+00 2.160653691114412744e+00 -1.395499091541635206e+00
-4.816327265009236136e+00 2.268400842758353075e+00 -1.539306226359969498e+00
-5.199384470185819396e+00 1.342732722941574197e+00 -7.118732613926963548e-01
-5.936260128584626372e+00 1.847883590504523887e+00 -1.453145950046297763e+00
-5.838114421090539352e+00 1.587351274825342440e+00 -1.436407579493671705e+00
-5.743290970743189838e+00 8.803829707203761901e-01 -1.128853285807206897e+00
-4.982485104956085209e+00 1.691857742788753338e+00 -3.175756223506987497e-01
-1.927435609341143063e+01 1.294066619177080213e+01 3.986434790073767331e-03
-5.232395442667531427e+00 1.172818754179144385e+00 -1.549387826814902169e+00
-5.923337026354788648e+00 1.493005811084566758e+00 -1.504117399866676807e+00
-5.257850125277927944e+00 1.669438758156998270e+00 -1.738422605577501390e+00
-5.536309231466361780e+00 1.476034734543823390e+00 -1.433363746592069221e+00
-5.621091221883252054e+00 1.394323575898741119e+00 -1.716115596942416444e+00
-5.526295199995386653e+00 1.114379498592313000e+00 -1.499851254879812856e+00
-5.794017670455517965e+00 1.208497587591563116e+00 -1.394800146059288704e+00
-5.847389002614949760e+00 1.804053031490733705e+00 -1.412715684063998278e+00
-5.176220312766340648e+00 1.246402898356521849e+00 -1.638276788584027033e+00
-5.110310856782121824e+00 1.249502968260278735e+00 -1.419803124154208396e+00
-5.637648138883145421e+00 1.861296380939283734e+00 -1.223158856053158550e+00
-6.034641554804431429e+00 1.510484988847912380e+00 -1.534791615042446766e+00
-5.693489879632632977e+00 1.334379552829650262e+00 -1.186115510498086056e+00
-5.810843861954327672e+00 6.838195376712107310e-01 -1.571641525575981024e+00
-5.505574667267777222e+00 1.542505648735202017e+00 -1.408120614082749134e+00
-6.293168751544782502e+00 9.549329823322831867e-01 -1.164393810077069435e+00
-5.327477248153799749e+00 1.124319938073947034e+00 -1.518826937552445910e+00
-5.533298677702790158e+00 1.517058587780855783e+00 -2.344445129894021651e-01
-5.720367430066035652e+00 1.332443166737962814e+00 -1.502987154874943831e+00
-6.209057236992252982e+00 6.368210948932138127e-01 -5.931808406950541679e-01
-5.582118714608775178e+00 1.402143429497836769e+00 -1.444632532978571859e+00
-5.235313819446295369e+00 1.171030974474086328e+00 -1.562393690653235856e+00
-5.674973687494722974e+00 1.088383421681829999e+00 -1.414720253838916753e+00
-5.079263705953212416e+00 1.205143089546480750e+00 -1.397730511497230044e+00
-5.186774485114463040e+00 1.187184242036854354e+00 -1.422023051828385620e+00
-5.363135413629845694e+00 1.016159280896401729e+00 -1.522570490667497500e+00
-5.435840423425676526e+00 1.335840061699173908e+00 -1.441525700172492597e+00
-5.299490510376657859e+00 1.984445401272340925e+00 -1.556736740616883496e+00
-6.527323934187184484e+00 6.524625100291220337e-01 -2.070598233594459714e+00
-6.136133620439508718e+00 1.814328683294647471e+00 -2.097881434086352304e+00
-5.534967567134303934e+00 1.589563835661651714e+00 -1.365594308773765864e+00
-5.574129251793304540e+00 8.053706515602083726e-01 -1.433705231994370832e+00
-5.494927272345938363e+00 1.141079149464507392e+00 -1.510098351892371848e+00
-5.745277550465472949e+00 1.714895608608596023e+00 -1.532784818655865466e+00
-5.474721783257442631e+00 1.496471206545843202e+00 -1.456175175285062240e+00
-5.921485201593796432e+00 9.427820815386868114e-01 -1.788195299349348621e+00
-5.787465867979176615e+00 1.343510990030949426e+00 -1.568525077764596487e+00
-5.310508712951559573e+00 9.023467535886697810e-01 -1.919215832791075549e+00
-5.011791523919328029e+00 1.576837884480898788e+00 -1.413264647418899234e+00
-5.159734030376761815e+00 1.241981188977026695e+00 -1.547373244019927485e+00
-4.506259054160144828e+00 1.609039595219181162e+00 -1.674423316284831431e+00
-5.997344629626681467e+00 1.632360274016447121e+00 -1.214790637917236626e+00
-5.053373110611012464e+00 1.540014804347362265e+00 -1.169245248317019481e+00
-5.041305030276077126e+00 1.394426683972069148e+00 -1.068411291060193280e+00
-6.152095124115275482e+00 1.459330994896419043e+00 -1.913981691407222074e+00
-5.287598616474983970e+00 1.185545298910699374e+00 -1.282420181639293943e+00
-5.103433285866567637e+00 9.534805452439745199e-01 -4.180249715192584925e-01
-5.389748551433151569e+00 1.180321122735418005e+00 -1.348950688684421584e+00
-6.061304461662991194e+00 7.634640285121321313e-01 -1.391276066536862643e+00
-5.708955992889269027e+00 1.858776214490848622e+00 -1.173326259182198239e+00
-5.278620220533747798e+00 1.730982352335695085e+00 -1.433210418417040888e+00
-5.010168386401202767e+00 1.394936222945945659e+00 -1.332601381534389118e+00
-4.917303419500610673e+00 4.257475871089391739e-01 -1.489221144625284099e+00
-5.681981580623912897e+00 1.394334016583341107e+00 -1.377108472670804717e+00
-5.042250403325567731e+00 1.509999181738605589e+00 -1.219593360255407433e+00
-5.548041160935211380e+00 1.239993988613048881e+00 -8.756491550139687829e-01
-5.768749102428991193e+00 1.395852665866141651e+00 -1.445379266343947311e+00
-5.054504168762629313e+00 1.364128247680954198e+00 -1.191394632352755778e+00
-5.566780970046061761e+00 1.908231455069204108e+00 -1.475951553768542368e+00
-5.416881345837002648e+00 1.107552052458817160e+00 -1.757715368215448715e+00
-5.059888098083450636e+00 1.015079846046870182e+00 -1.210882833583058149e+00
-5.742217822546788142e+00 1.211522773646304785e+00 -1.453251502517126648e+00
-6.057160045712230101e+00 1.279485933227885397e+00 -9.234473931722098072e-01
-5.862189415688824567e+00 1.500140246424381152e+00 -8.069411016711858231e-01
-4.706439107827151247e+00 1.262471635095256284e+00 -1.335282810212973903e+00
-5.405792835869500657e+00 9.393607672905929240e-01 -1.354532184020817764e+00
-5.234979721548184806e+00 1.024416637618533965e+00 -8.201425250421362501e-01
-5.846279846693186677e+00 1.095239509527353050e+00 -1.199637139630948646e+00
-5.207166245368191504e+00 1.286514256846724491e+00 -8.809531947654474227e-01
-5.710472835822666404e+00 2.847495595421590808e-01 -1.752378740302440452e+00
-5.243655165804288920e+00 1.551675920244402374e+00 -1.286163447496298851e+00
-4.647007245117256602e+00 1.606239949385130039e+00 -1.313577642544307755e+00
-4.435936505227994431e+00 2.159273133937134936e+00 -9.921769708873494631e-01
-5.287647902864645033e+00 1.877650418271037625e+00 -1.451313195989313298e+00
-5.411480382655457610e+00 1.627197235567856115e+00 -1.330875277866591544e+00
-5.706885844454117063e+00 1.285497731147102085e+00 -1.587270669957803193e+00
-5.861686031883976078e+00 9.221795529450631523e-01 -1.474182524820659923e+00
-5.694165912150297437e+00 1.607250984666672045e+00 -1.760309015235103969e+00
-5.134479225318094642e+00 1.347874455080263933e+00 -1.440119574508721190e+00
-5.365074064951878441e+00 1.055985012236944964e+00 -1.286868558331158763e+00
-5.327643087970804991e+00 1.546542247925486446e+00 -1.382902633054459596e+00
-5.784720454352504149e+00 1.883106487257512507e+00 -1.500972087816334843e+00
-5.690948213422722723e+00 1.273376251588024255e+00 -1.573360758503313361e+00
-5.348754841665758875e+00 1.225537179943588795e+00 -1.485483106718316959e+00
-4.965512687642774203e+00 1.305967433869656524e+00 -1.509188953037430725e+00
-6.847006245901827270e+00 1.797512505310665976e+00 -1.365955780042586998e+00
-5.503579060655246380e+00 1.739541808604677442e+00 -1.649643877368122347e+00
-5.963345933587603120e+00 1.427059464026797730e+00 -1.436025482193408864e+00
-4.692643035363733617e+00 1.358476470322649066e+00 -1.615850061901279000e+00
-5.524106603135909843e+00 1.522146934520856920e+00 -1.350273545108012119e+00
-5.549732113876630457e+00 2.044804268985288331e+00 -1.501453194441268124e+00
-5.330520212931475932e+00 1.213741703930842464e+00 -1.305812365278125053e+00
-5.610178660815425822e+00 1.842269999620291143e+00 -1.046059308264774668e+00
-5.513258659438442066e+00 1.896859238677700565e+00 -1.738102086962525661e+00
-5.324088111186887851e+00 1.831312335763853216e+00 -1.648646248480211796e+00
-5.468585712036889035e+00 9.313009156759393115e-01 -1.163379801231204214e+00
-5.606468963667859740e+00 1.051843927454669592e+00 -1.592002753885880972e+00
-5.778231965775329826e+00 1.196813827973139288e+00 -1.303008977330819995e+00
-5.469040588919263257e+00 1.251915529407780392e+00 -1.162700230913490396e+00
-5.738784591593494966e+00 1.623073093702192438e+00 -1.152150519335843892e+00
-5.839850723000396648e+00 1.783448931236700341e+00 -1.442471201445119755e+00
-5.809175956711722932e+00 1.964507431389296954e+00 -1.413900006364096962e+00
-5.522857252269488093e+00 1.334384838182941735e+00 -1.270310496729553984e+00
-5.808820623360874791e+00 1.718086338239878774e+00 -1.346310813995271971e+00
-4.580769041037274114e+00 1.082875377552613427e+00 -2.000818544599655802e+00
-5.158605947317076001e+00 1.197281947068748131e+00 -1.249257185893208888e+00
-6.090841186126196405e+00 1.017047237225982448e+00 -1.695248357803259776e+00
-5.785842920671894873e+00 1.014690229259221477e+00 -1.437095290117447854e+00
-5.724725350305399196e+00 1.257411586285613003e+00 -1.571963272182311133e+00
-5.439065741752741268e+00 1.594919442856450154e+00 -1.876633782415380702e+00
-5.027026400427529573e+00 1.516360066712049370e+00 -1.362278150633339013e+00
-5.524497664457300061e+00 1.394650125934326690e+00 -1.024550567297964898e+00
-6.735034440629257269e+00 1.372294997500032920e+00 -9.696957898912538232e-01
-5.725053396394474525e+00 1.675480616026666203e+00 -1.531958583069591873e+00
-5.332141671597406152e+00 1.121790162407299452e+00 -1.227732449942153359e+00
-5.060447515461996559e+00 1.440710700716527626e+00 -1.267057084161548275e+00
-5.053124530282148363e+00 1.511460253247995711e+00 -4.288616918847956150e-01
-5.129230973353738676e+00 8.520126351147770949e-01 -1.498866785768864229e+00
-5.337663486925748657e+00 1.960962906715446596e+00 -1.167455119339385838e+00
-5.797744689453872446e+00 1.076285838766826375e+00 -1.342025485080201808e+00
-5.448120365262723475e+00 1.415263946108747950e+00 -1.661891182991508398e+00
-5.306668897155138787e+00 1.160619511639666923e+00 -1.486302345598619734e+00
-5.002049064122836342e+00 1.609511610512708746e+00 -1.522683065144428749e+00
-5.706503194743143936e+00 6.766130611949714435e-01 -1.344184518926283989e+00
-4.135899355884549067e+01 1.356981670822888475e+01 9.802534769534720915e-02
-5.254557212881479700e+00 2.001002746833169255e+00 -1.256803358201249443e+00
-6.278873064043513530e+00 1.298278910853768897e+00 -1.199845383892281792e+00
-5.524395824316221670e+00 1.180756452497589537e+00 -1.388873576678863797e+00
-5.571412067331772633e+00 1.898799288576472621e+00 -1.471107477669362895e+00
-6.281743927063877742e+00 9.121641702247824668e-01 -1.242872853921334730e+00
-5.445028592134455003e+00 9.364726880581273338e-01 -1.395678012927124012e+00
-6.122840818975200605e+00 1.607528688768608660e+00 -1.490947754846223106e+00
-5.473899882464102085e+00 1.153179556400768524e+00 -1.266198611302592036e+00
-5.779518921844251977e+00 1.857022799099917743e+00 -1.294679684856724355e+00
-5.606486237043406540e+00 1.536963448815638289e+00 -1.624143736935444116e+00
-5.497927595539179535e+00 1.645176712868123614e+00 -1.376723344839980490e+00
-5.869339669304561191e+00 1.448169809860536006e+00 -8.465915272179717066e-01
-5.241448084009787678e+00 1.666792568359834359e+00 -1.595518650571171815e+00
-5.432897922310638172e+00 1.453067936125712389e+00 -1.249624739222389813e+00
-4.632708573984879230e+00 7.818890909989991700e-01 -1.788740749577254263e+00
-4.208295271359603795e+00 1.753673944150875297e+00 -1.765649915292759164e+00
-5.372980980199824508e+00 1.746339554975655073e+00 -9.150653542893205650e-01
-5.265310935820156857e+00 1.991177587360930756e+00 -2.929689637596606944e-01
-5.560498520218420282e+00 1.489849951249953008e+00 -1.348986128477966728e+00
-5.206704475640627550e+00 1.919707544581369829e+00 -1.591625842151251691e+00
-5.519885565485221690e+00 1.518322989137783630e+00 -1.262001778637321880e+00
-6.220980353216721603e+00 1.461563491419390681e+00 -1.054834575037230548e+00
-5.814515940192335641e+00 1.989614470528802581e+00 -1.418791496799957530e+00
-5.321705478379699983e+00 8.944036368981508334e-01 -1.862912501508932506e+00
-4.860224674586420157e+00 1.347327088612014556e+00 -2.693712812273681423e-01
-5.909791096583627557e+00 1.680094691007217422e+00 -1.475055604640288509e+00
-5.361654543716737997e+00 1.604647894370431427e+00 -1.315658823302094937e+00
-5.629196907936857563e+00 1.897861980688700712e+00 -1.431996144764382750e+00
-5.570731575605464059e+00 1.415441217059432599e+00 -1.287543614765194855e+00
-5.244926634355330464e+00 1.383932844384627270e+00 -1.576927189723706935e+00
-5.137587206326982070e+00 1.462200537192325678e+00 -1.572415809681595444e+00
-5.977073884976348062e+00 7.341072806305964926e-01 -1.103288840288149775e+00
-6.016004452866105190e+00 1.310717995392036705e+00 -8.950593260387843531e-01
-4.857628502909808965e+00 1.569160538618244560e+00 -1.310115068264847471e+00
-5.587578389993336891e+00 1.347061974949251395e+00 -1.031625442048637042e+00
-4.476727112440415546e+00 1.353896880871031660e+00 -1.238200156178746125e+00
-5.945003878531429642e+00 1.409176504577327460e+00 -1.294657353953702295e+00
-4.825189415798784687e+00 1.318303457094446296e+00 -1.274370711213580476e+00
-5.130755435884444715e+00 1.146610021578270189e+00 -1.330409264928498647e+00
-5.624542443778937084e+00 1.730710787132116790e+00 -1.564749654753997410e+00
-5.234333952189504480e+00 5.401193644572462871e-01 -1.088238376335480373e+00
-5.045809959670317646e+00 1.678482463820398785e+00 -1.531005354871895596e+00
-5.621109037201166281e+00 1.078456590006546589e+00 -1.236656739808195349e+00
-6.007868191252343060e+00 1.372348526462964236e+00 -1.519488885295381841e+00
-6.560175876207636314e+00 1.678967617840606108e+00 -1.026009170650395985e+00
-5.095689644335013924e+00 1.532107679194009808e+00 -1.690425723739219066e+00
-5.623791301936327258e+00 1.949511599522111949e+00 -1.365444274354655763e+00
-4.768096294238747923e+00 1.618856104919260241e+00 -1.721427278629742208e+00
-5.765576345839987127e+00 1.652701880985411709e+00 -1.020925697617813377e+00
-5.249718910667341198e+00 1.608777401475327329e+00 -1.472287095085712982e+00
-5.575267742683543304e+00 1.834689531007015484e+00 -1.498185828222318383e+00
-5.581770014461485907e+00 1.136913814591603789e+00 -1.354323784153672161e+00
-5.782228763025709206e+00 1.219510900483780746e+00 -1.462733048181902085e+00
-5.848735236859051945e+00 1.403330014389247093e+00 -9.903953740305305731e-01
-6.100365356152841478e+00 1.826529038274263383e+00 -1.422178977264044741e+00
-5.762455282564286740e+00 1.313091022855380263e+00 -1.453312899322309892e+00
-5.242645966185158990e+00 1.015009228137962793e+00 -1.393475186785443132e+00
-5.406763763304545556e+00 1.998837764383116111e+00 -1.020091346177923741e+00
-5.774970396230122205e+00 1.788069353188809441e+00 -1.799480307790943368e+00
-4.942760111080192864e+00 1.532609597579042138e+00 -1.033316063950687091e+00
-5.006912035871248001e+00 1.863807875883824128e+00 -1.456073408614894094e+00
-6.181072892042133837e+00 1.649528978575277582e+00 -1.178566811572186568e+00
-5.543039986576927092e+00 1.046825915117565620e+00 -1.360664511330108573e+00
-4.736597651023701339e+00 1.549344207686697228e+00 -1.857589369693884551e+00
-5.036409415795716882e+00 1.481220961613303633e+00 -1.609072816627302727e+00
-5.258217978027773576e+00 1.881166312557077891e+00 -1.299002030956946996e+00
-4.497494017347799300e+00 1.679356553894690629e+00 -1.725846999001680260e+00
-5.549493455999312985e+00 1.482577780918616250e+00 -1.429575236388662685e+00
-5.460900137270501276e+00 1.101548798380445948e+00 -1.451237410491793112e+00
-5.625145152364479095e+00 1.287330083327864916e+00 -1.156211373053793734e+00
-4.907708567908732000e+00 1.497153579336492291e+00 -1.379478953505132610e+00
-5.666010258928397825e+00 1.800564498270754266e+00 -1.207854343221135274e+00
-5.134837633729951278e+00 1.447445704430371238e+00 -1.773603014978375025e+00
-5.529753254568621657e+00 1.178198199116477163e+00 -1.118011009000796641e+00
-5.541785032586971305e+00 1.646749490326029131e+00 -1.516577625109177818e+00
-4.946797506735181926e+00 1.409243894771579519e+00 -1.233136287364268169e+00
-5.574097562730211841e+00 1.400485487569054444e+00 -1.397468719714844099e+00
-5.216618173652314283e+00 1.625757692800909870e+00 -1.170262500796473093e+00
-6.009026030432773169e+00 1.414288897072973450e+00 -1.503415824465012207e+00
-5.508711452420732790e+00 7.457595138418215974e-01 -1.648225369212064084e+00
-5.009522359816894088e+00 1.892225779158785981e+00 -1.569844266070684835e+00
-5.885294802209151577e+00 1.911196764789351521e+00 -3.002626645423974172e-01
-5.445251210318391877e+00 1.045116377478697789e+00 -1.485754820099024487e+00
-5.270687786864032276e+00 1.619898289554095205e+00 -1.407372566761415866e+00
-5.146883185308369413e+00 1.073867138133262955e+00 -1.337764733349088520e+00
-5.609601320272718183e+00 1.515332985116016218e+00 -1.425843045986615820e+00
-5.349311219923766458e+00 1.271275097700075518e+00 -1.197123856464006542e+00
-5.543588900356176907e+00 2.018649767679670415e+00 -1.433952347028054852e+00
-5.396102365466814987e+00 1.992592726829247152e+00 -1.338062020712881939e+00
-5.555531273148927696e+00 1.162862092892708032e+00 -1.151679047309966508e+00
-5.205444152427163296e+00 1.632035492037560154e+00 -1.518914480068289885e+00
-5.407527773348975053e+00 1.523336657719625009e+00 -1.490950023633050181e+00
-5.541703641326971130e+00 1.686764361034019721e+00 -1.190241579113427761e+00
-5.454008165080745485e+00 1.142041732446292590e+00 -1.306388866683547034e+00
-5.631527761316686309e+00 1.491384137916208941e+00 -1.360130399438673532e+00
-5.540090435168324667e+00 1.108417130439831810e+00 -1.453353665518865689e+00
-6.007652289605437623e+00 5.463484848116425541e-01 -1.285348454733716617e+00
-5.708749232277944508e+00 1.560947305049944056e+00 -1.319064270945107697e+00
-5.115265098264932142e+00 1.371371639709237034e+00 -1.087426974815250302e+00
-5.897887636091041053e+00 1.337836007215819745e+00 -1.041884480359154708e+00
-5.944349329730246545e+00 8.237802060349859179e-01 -1.373081974874737599e+00
-5.717703141614395079e+00 1.228529712136205543e+00 -1.447197584419001704e+00
-5.118367060479577901e+00 1.117806019897984893e+00 -2.178777974396896688e+00
-5.115727416002353145e+00 1.706841273614315924e+00 -1.590729850158955960e+00
-5.559828057808882562e+00 1.593910574354728382e+00 -1.404035099529080677e+00
-5.698239087271678827e+00 1.415037364520852270e+00 -1.200445529565088876e+00
-5.007427189139781909e+00 1.523064945113418833e+00 -1.584330882908713933e+00
-5.733233394248042458e+00 1.578075614000781446e+00 -1.350587981189961928e+00
-5.165265226420298283e+00 1.797201562569672006e+00 -1.304596879644553065e+00
-4.844710399376429777e+00 5.441080034814422817e-01 -1.464928422828820187e+00
-5.619586190294598715e+00 1.296323526080198185e+00 -1.586494640390455624e+00
-5.173603190025877652e+00 1.281150609750977276e+00 -1.208992091861020413e+00
-4.964219187067635985e+00 1.632512196521942238e+00 -1.563885408618178152e+00
-5.956135189209648573e+00 1.788622687622724694e+00 -1.584227878129568001e+00
-5.461728048570235750e+00 1.705325280174598168e+00 -1.168214703474109717e+00
-6.104223027838074245e+00 1.907672922617689837e+00 -9.459050529915059569e-01
-4.992306182060794129e+00 1.275487082847903686e+00 -1.378108590230932906e+00
-5.195434472422862271e+00 1.589473785092422098e+00 -1.354091416941173298e+00
-5.353023453051275915e+00 1.424213027755893979e+00 -1.351186941596577817e+00
-6.228904524188337177e+00 1.237105833326952675e+00 -1.332749831277267871e+00
-6.007563263848020085e+00 1.756371674888900003e+00 -1.261664224424530634e+00
-4.762136449322959209e+00 1.556800099661971748e+00 -1.890446091233616954e+00
-5.538417817584696756e+00 2.326714242023987467e+00 -1.326845192212199764e+00
-4.592851916011010616e+00 1.332435480740185918e+00 -1.286809207537372490e+00
5.614107711176750115e+01 -2.241043159791840367e+01 8.908644216163974505e-02
-5.560564645511632875e+00 1.113026712605702517e+00 -1.189643341439475366e+00
-6.011364039051586339e+00 1.509295057510543048e+00 -1.442002434170949421e+00
-5.371598455714937437e+00 1.491363970397684202e+00 -1.530617694561253073e+00
-5.658432096406873946e+00 9.572949014218905539e-01 -1.257372217796323577e+00
-6.202355769753129522e+00 1.709945825181400370e+00 -1.513402314944546356e+00
-5.510285349419603129e+00 1.468357865176746158e+00 -1.309138409248653101e+00
-5.364112413613312036e+00 1.524940907691796577e+00 -1.418847216296301728e+00
-5.647230109252812547e+00 1.400047385801603816e+00 -1.329063174909800749e+00
-6.603606501475696611e+00 1.676298848987873180e+00 -9.215849844432114635e-01
-6.055234972091703582e+00 1.070521715854338973e+00 -1.104809078709882542e+00
-5.284869667378552904e+00 1.484971985185112198e+00 -2.299731736551876349e+00
-5.091936109321875570e+00 9.190469303786514832e-01 -1.685876044683542352e+00
-5.248405269373710880e+00 1.413209408476489903e+00 -8.435374524277716723e-01
-5.929553655939614920e+00 1.785225910807886507e+00 -1.281172837984574597e+00
-5.098589898742733162e+00 1.132722451287466070e+00 -1.586969542143172429e+00
-5.951421705138513651e+00 1.378716096703352489e+00 -1.318770565623369917e+00
-5.491614754680244737e+00 1.622744506428782429e+00 -1.352736168977579867e+00
-5.691132014058211119e+00 1.640276692087033084e+00 -1.429425795812700128e+00
-6.262280601949689718e+00 1.662910880363376309e+00 -1.159662701056791256e+00
-4.939607712368093040e+00 1.326836499461655050e+00 -1.402324833222516887e+00
-5.457050808278514964e+00 1.435244894067299049e+00 -1.355660207748935697e+00
-5.093616783815179794e+00 1.764776444021999957e+00 -1.695665833325642913e+00
-5.435300266334659902e+00 1.466753096306131932e+00 -1.143405430575880954e+00
-5.356360399053535559e+00 1.784442388786769751e+00 2.155426658948766394e-01
-5.445035031171932438e+00 1.758012827190871485e+00 -1.233307284145270577e+00
-4.991579703868233686e+00 1.775479597068841287e+00 -1.347742474642404931e+00
-5.446813960577977731e+00 7.274373365106626688e-01 -1.839832443263026418e+00
-5.669719068476103629e+00 1.639558124022938435e+00 -1.581538449150051484e+00
-5.025193908341906379e+00 1.316130830600271029e+00 -1.384008092490413233e+00
-4.860602242680643670e+00 1.652888365087221700e+00 -1.354229499714252549e+00
-5.742455501070249824e+00 1.011662300930110003e+00 -1.688430104799822917e+00
-5.519562085977880450e+00 1.741190003896159411e+00 -7.402464248244893241e-01
-5.314624123395232935e+00 1.634718573080514936e+00 -1.412673273557253140e+00
-6.473221939132651315e+00 1.431305549532668309e+00 -1.939252519869387736e+00
-5.365517358084174404e+00 5.113902461748334183e-01 -1.516089197906782093e+00
-5.754292792717858873e+00 1.056003861405804711e+00 -1.349866977657129263e+00
-5.152787446523366732e+00 1.492498255291283771e+00 -1.397719207296576061e+00
-5.111768438130442682e+00 1.590445651655049142e+00 -1.224488017907701121e+00
-5.220789973263502581e+00 1.421571019519037193e+00 -1.254279935870944218e+00
-5.178258700475501186e+00 1.760890850956560838e+00 -1.230849421556220902e+00
-6.140875665482161239e+00 8.100865468115463486e-01 -1.310744546294168922e+00
-5.043302818971862500e+00 1.391109534572257944e+00 -1.622475669238239382e+00
-5.138927350279672623e+00 1.635657546846563726e+00 -1.473081748531498647e+00
-5.584534141085138792e+00 1.336504721998680312e+00 -1.389663963418767967e+00
-5.312823650371450768e+00 1.399138651249938858e+00 -1.297338124494201717e+00
-5.709110618929073233e+00 1.287090604244394143e+00 -1.308126676115888065e+00
-5.888896978207526445e+00 1.779437135605112630e+00 -1.493549230754442236e+00
-5.170378436572185876e+00 1.331562408048382329e+00 -1.229145144443959614e+00
-5.837512915660863833e+00 1.882257168717475837e+00 -1.501092846463526254e+00
-5.646142627747024356e+00 1.002159172614308869e+00 -1.062570083043500313e+00
-5.510403867766051178e+00 1.441393208885689114e+00 -1.363498277537108505e+00
-5.183925040938666129e+00 1.251560189234537601e+00 -1.451190237120983273e+00
-5.061971512122148908e+00 1.866712388532322686e+00 -7.406368516603257790e-01
-5.239255531953437739e+00 1.784546268067736641e+00 -1.463555622495972486e+00
-5.644552845620669501e+00 1.489534354216625944e+00 -1.394476890127589241e+00
-5.540662442802091192e+00 1.643318504518975320e+00 -1.387659246106859534e+00
-5.217564438583114139e+00 1.739287421714251769e+00 -1.557883299041779024e+00
-5.005187608595920601e+00 1.570843377589650647e+00 -1.339933996169540231e+00
-5.331525177232765422e+00 1.423920657139273072e+00 -1.260873241820656743e+00
-5.386006753866346308e+00 1.953963526381296223e+00 -1.486032791228087291e+00
-5.996487220113371208e+00 7.312528248545995258e-01 -1.958671420703353316e+00
-5.476118163904541092e+00 1.801053302674676004e+00 -8.391930738692330305e-01
-5.929714693946571913e+00 1.352616808086161582e+00 -1.538756361562577890e+00
-6.324513062832234134e+00 1.544921897239011521e+00 -8.232521182203805798e-01
-5.807221983016927602e+00 1.039731931495660122e+00 -1.066198872412620124e+00
-5.033881355313833517e+00 1.972814343450771002e+00 -1.622248377985607837e+00
-6.052053748475318962e+00 1.815867963518195793e+00 -6.170525336305772157e-01
-5.607276711614797016e+00 1.820848099913075613e+00 -1.021421623129548317e+00
-5.363113229981308905e+00 1.260803263221220272e+00 -1.329328253385610559e+00
-5.244655797749347315e+00 1.295067757200675240e+00 -1.317992577948354782e+00
-6.124546105210837865e+00 1.804530550489132690e+00 -9.803639549993138358e-01
-5.134585580525948600e+00 1.649036815150921820e+00 -1.465363561242111201e+00
-5.842618219754087683e+00 1.259464171087728124e+00 -1.242113448106983764e+00
-5.357683950951234841e+00 1.538863915615531264e+00 -1.572617184009092117e+00
-5.632737310419934751e+00 1.849257830644507106e+00 -7.139555623347922930e-01
-5.279056775042461069e+00 1.458814323782262834e+00 -1.025844770232858583e+00
-5.112397260836253565e+00 1.655492633078672782e+00 -1.751332434663461779e+00
-6.115535530518186214e+00 1.586381082998087555e+00 -1.315110034348781487e-01
-5.703929112833804105e+00 2.339451177158307527e+00 -1.563201723975863544e+00
-5.265732390376459904e+00 1.687818623226968739e+00 -1.500453693874173489e+00
-5.711378125803195260e+00 1.473504549058733959e+00 -1.362253808992904824e+00
-4.951988953462080012e+00 8.725272335046343475e-01 -1.125387843808372645e+00
-5.533240917425706229e+00 2.139161707552041491e+00 -1.432777488270970290e+00
-5.240919524770811577e+00 1.973729974804926401e+00 -1.347977901524553879e+00
-4.292571604395906348e+00 1.642726859474471723e+00 -9.576053090350086228e-01
-5.289765203912046410e+00 1.105595083164068182e+00 -1.427393426306668323e+00
-5.383356221448988954e+00 1.119816490789501406e+00 -1.382977525873628544e+00
-5.986154212066382208e+00 1.239725565502935334e+00 -1.394308449235604375e+00
-5.494260872197956225e+00 1.023963823862476641e+00 -1.397726456684482255e+00
-5.521608736548352603e+00 2.000185690937990035e+00 -1.404555038188652016e+00
-5.731168730109557075e+00 2.604595501441044902e+00 -6.152211274090239046e-01
-4.980427573595146207e+00 1.039550997653948983e+00 -1.453280161267310522e+00
-5.717019557133313334e+00 1.492852836395615723e+00 -1.050015330689761051e+00
-5.560374677150646150e+00 1.372089510581846694e+00 -1.582156060782939022e+00
-5.346369097364096490e+00 1.425761274166844172e+00 -1.329853575496614981e+00
-4.825896343231365293e+00 1.081212772775951070e+00 -1.749760364148567282e+00
-6.449008852349734866e+00 1.784459440542620179e+00 -1.418177747307951986e+00
-5.212375909302535248e+00 1.753232317812437158e+00 -1.448476756807001387e+00
-5.565072563053309551e+00 1.164680620341537631e+00 -1.264580159160650918e+00
-5.441162213155801730e+00 2.108816756747815990e+00 -1.545311503160657685e+00
-5.899749799857362476e+00 1.442409494625226607e+00 -1.326066869031034656e+00
-5.191663772072557137e+00 1.280970693114759751e+00 -1.582397623558096988e+00
-5.325506115373960014e+00 1.615161081250243713e+00 -1.234861410016733219e+00
-4.982638168883603669e+00 1.816700718113486657e+00 -1.566537026636748875e+00
-5.973930843201180174e+00 1.757073265078264113e+00 -3.701625332257432177e-01
-4.911299916440621693e+00 1.299596001112288901e+00 -1.354152824032638813e+00
-5.484813137362733571e+00 1.522760663048673191e+00 -1.209519465122450121e+00
-5.907210303646769134e+00 1.572803149475461071e+00 -1.348411415065651653e+00
-5.345562749793455914e+00 1.249684169971780889e+00 -1.454636919775898374e+00
-5.076823824204608648e+00 1.178560298815635399e+00 -1.262885701391115223e+00
-4.965020602098825009e+00 1.796625026177146367e+00 -5.760488772272573943e-01
-5.351414995505234806e+00 1.692342983861759631e+00 -1.159299549723878719e+00
-5.054649741251949102e+00 1.163433254741372380e+00 -1.485591575921657803e+00
-5.241042622169893583e+00 9.345854164412394915e-01 -1.149281460983406999e+00
-6.038627613368661606e+00 1.485173668417960835e+00 -1.139264067953188242e+00
-5.630525593037440046e+00 1.639927824770450071e+00 -1.555761087474804683e+00
-5.895770667979463475e+00 2.251938514227291410e+00 -9.244895846639958892e-01
-5.356350441863128253e+00 1.372579396505820171e+00 -1.346185042026071477e+00
-6.100172109660116249e+00 1.411710770483594501e+00 -7.390493500301081875e-01
-5.743810150861853536e+00 1.216624424880005328e+00 -1.990850515479904992e+00
-5.272809033695532221e+00 1.413896659237665165e+00 -1.199487219773981872e+00
-6.049726566468228484e+00 1.342578572479109722e+00 -1.163949522089391619e+00
-5.188856029991886665e+00 1.782199822648951049e+00 -1.417750164976594007e+00
-5.568724372258033739e+00 1.495940900010691355e+00 -1.539794513022163525e+00
5.616260782774872240e+01 -3.011231252423483795e+01 -7.117917041970271974e-01
-5.333588803677423051e+00 1.581585407358311546e+00 -1.373312944056181983e+00
-5.064154900170144025e+00 1.552278069014598749e+00 -1.330454642981762081e+00
-5.104700039082875840e+00 1.167094170833041122e+00 -1.251564409069725992e+00
-5.316970263398736130e+00 1.593099021502278667e+00 -1.532627413574565001e+00
-4.925772117027508834e+00 1.053182504003364883e+00 -1.498416536556872902e+00
-5.047401560181432600e+00 1.682154010765146479e+00 -1.520996279230634185e+00
-5.356547252356929079e+00 1.392127285938627779e+00 -1.647453534297409261e+00
-5.607275784875253244e+00 1.307792890933084484e+00 -1.345935598771705877e+00
-6.235887747435197248e+00 1.697893786415535899e+00 -1.832048983834011047e+00
-5.375652242651022483e+00 1.167907226968317724e+00 -1.106826664601278543e+00
-5.337232880612462260e+00 1.165613652728415550e+00 -1.505899205857058609e+00
-4.443822284707097836e+00 9.554000513368369196e-01 -9.403873672175704357e-01
-5.249202756196588382e+00 1.226976453427959912e+00 -1.270512361865443696e+00
-5.839846542861362622e+00 9.580104753873036616e-01 -1.265894297535400836e+00
-5.639664808118113548e+00 1.366426318949695684e+00 -1.393693041914699338e+00
-6.619468759012479886e+00 1.334773945315394394e+00 -7.528988517389578750e-01
-5.705174263767320397e+00 9.472315229935820424e-01 -1.505627210390074744e+00
-5.189847303720897642e+00 1.355971904018616225e+00 -1.036852457022385376e+00
-5.122705921557470177e+00 1.507827705316997280e+00 -1.339090527042624323e+00
-5.774825276777748151e+00 1.799583336176117765e+00 -1.259140096300674250e+00
-5.443008531775186398e+00 1.672658024708629787e+00 -1.213003858930052692e+00
-5.982786140617901260e+00 1.569383378264623374e+00 -1.123219504859279239e+00
-5.304161837189040440e+00 1.748404340913340516e+00 -1.503794351506477334e+00
-6.197474628434781252e+00 7.683047666658817665e-01 -9.706194060250791233e-01
-6.131769319010023978e+00 2.465453999318653278e+00 -7.632139624028632108e-01
-5.653775612359678071e+00 1.565455741089491370e+00 -1.291661183873997976e+00
-5.742016662215692513e+00 1.106817010873713203e+00 -1.270987718065611061e+00
-5.406114909036952909e+00 8.592936640745568733e-01 -1.291250371498959382e+00
-5.572455516819379895e+00 1.402663445129826547e+00 -1.407994451689233983e+00
-5.806431725396100418e+00 1.059010102905404427e+00 -8.206981191596881553e-01
-5.853497901079833809e+00 1.837430683244771101e+00 -1.260318880285016929e+00
-5.897616709673716429e+00 1.858739943949464291e+00 -1.448580112275789977e+00
-5.375282762893506039e+00 1.204836713954511751e+00 -1.220551801828297256e+00
-5.065936900079801575e+00 1.563631236836138916e+00 -2.501849705317130135e-01
-4.893660173768279442e+00 7.597797631839169341e-01 -5.030520063787489171e-01
-5.214811121145073614e+00 1.360144688814091118e+00 -1.342501125825779296e+00
-5.905554525585491099e+00 1.801566853679141378e+00 -1.442352032423964481e+00
-5.838904309989783492e+00 9.829784435226150974e-01 -1.154314317710461779e+00
-5.701063352606996482e+00 1.161059188670522824e+00 -1.187403758903538886e+00
-5.207554820147850982e+00 1.670914218200451051e+00 -1.204977690351545005e+00
-5.066758531742272531e+00 1.621553748312535514e+00 -1.398691115380011452e+00
-5.684274968473341794e+00 1.479746171724477755e+00 -1.350025957064096227e+00
-5.691224410340114837e+00 9.623862373231193423e-01 -1.378102602482263794e+00
-5.127611592325154177e+00 1.395691274137310645e+00 -1.488144460291257687e+00
-5.365248551962466195e+00 1.857513581348789744e+00 -1.388632970364331864e+00
-5.488176949188652287e+00 8.243137737478936078e-01 -1.629687705173421541e+00
-5.187166570824775391e+00 1.713974396544937884e+00 -1.462292511607946821e+00
-5.686045450480716745e+00 1.651701906544549292e+00 -1.489831685010131634e+00
-4.677948628129422026e+00 9.626903237671807778e-01 -1.338426951013557131e+00
-5.764877415185155840e+00 1.557434865359427878e+00 -1.483626428868706881e+00
-6.143527727616179490e+00 1.187421526048141329e+00 -1.386703405271478395e+00
-5.604036732683622013e+00 1.190248830896439181e+00 -1.232268809518836550e+00
-5.243347294361710098e+00 1.346740027886531799e+00 -1.276573969698254984e+00
-5.739125952668511665e+00 4.003652511392055136e-01 -2.066844568750824340e+00
-5.580351647728824638e+00 1.048371743471602668e+00 -1.118958386186996945e+00
-5.466181589669090179e+00 1.099625068180134280e+00 -1.212199274975107155e+00
-4.715902906928044480e+00 1.160065492793313613e+00 -2.066222427155715025e+00
-5.097851987387283401e+00 1.201315372979388840e+00 -8.541241371555678974e-01
-5.124811603677291494e+00 1.439159508645418084e+00 -1.181417019055146511e+00
-6.674147050189330521e+00 1.212384722164106865e+00 -1.001882252856517441e+00
-5.207123168778510447e+00 1.224636993572742583e+00 -1.163046832513214834e+00
-5.613219170099649880e+00 1.789005525391697882e+00 -1.436753906715177553e+00
-5.204726184898133212e+00 1.444015449319887789e+00 -2.504663597731847435e+00
-5.645395543203128419e+00 9.963374782544740516e-01 -1.130366781171373569e+00
-5.384187809985037099e+00 2.148001509856292124e+00 -3.847587559498451548e-01
-5.217928544580274774e+00 1.970379118750484437e+00 -1.569889852198774083e+00
-5.359905569612529952e+00 1.449028044098096712e+00 -1.317570746617565236e+00
-5.182995316281137299e+00 1.597794030985419500e+00 -1.396348219893053466e+00
-5.903120056320705800e+00 2.313589442489469405e+00 -1.615324445959658073e+00
-4.670980175384890742e+00 1.689126606499976813e+00 -1.198259964546851464e+00
-5.823905793649722717e+00 1.969978601706699139e+00 -1.487924130718139448e+00
-5.743816650438193783e+00 1.416386117964595792e+00 -1.494284326617958181e+00
-5.685615680116949733e+00 2.019116463951363016e+00 -1.107202592757455806e+00
-5.255560059253747696e+00 1.590790966941179718e+00 -1.618813179487916365e+00
-5.291456286885592775e+00 8.607734592544171726e-01 -6.397718123266975532e-01
-5.417599711433823906e+00 1.922756598320861654e+00 -1.361099754612725254e+00
-5.617074351383382513e+00 1.932089710450397790e+00 -1.440973228237525827e+00
-5.354558346951991510e+00 1.202944368019455368e+00 -1.301924167868986126e+00
-5.865796021086414846e+00 1.386878268620089338e+00 -1.491744027576894283e+00
-5.458523579014367577e+00 1.837881487853810336e+00 -1.476548747749117929e+00
-4.802823467115802103e+00 1.239820218966656729e+00 -1.264307326884957838e+00
-5.665803288680747229e+00 1.811606680131354397e+00 -1.469453087810472569e+00
-5.415889828447057575e+00 1.456786447942718388e+00 -1.323638824614810083e+00
-5.032881800298675934e+00 1.626548440074373936e+00 -1.269819340482333470e+00
-5.054515218131489185e+00 2.052224312996941968e+00 -1.453239354280982498e+00
-5.170463347036987400e+00 2.286730366601649855e+00 -1.409979520437646405e+00
-5.279650263463142146e+00 1.215785074837560042e+00 -1.265188263389507295e+00
-5.592314038048454172e+00 1.517557878510888303e+00 -1.495487368127936811e+00
-5.791683937275156957e+00 1.812466144493546594e+00 -1.138456533781549096e+00
-5.329092611787895173e+00 1.588571657156304884e+00 -1.757244892958991000e+00
-5.865309593468999161e+00 1.769605773313765562e+00 -1.312233391273999850e+00
-5.506775467705973703e+00 1.201369521576543642e+00 -1.517906966153188320e+00
-5.526279602351388043e+00 1.107275572880237924e+00 -2.915009322994352559e+00
-5.125858352438821264e+00 1.471405697905831866e+00 -1.291596538721698995e+00
-5.865170163485478483e+00 9.977874432821491890e-01 -1.065306992457432544e+00
-5.913405321721562302e+00 1.628073810568302804e+00 -1.416855100044078997e+00
-5.742412559093048152e+00 1.659651397883809443e+00 -1.592376815091576470e+00
-5.400391535338403770e+00 1.458301638030934377e+00 -1.385013951789929587e+00
-5.431627351750157651e+00 2.121649999238086171e+00 -1.341148326679185265e+00
-5.594098322615638885e+00 1.674293571023446114e+00 -1.035455966145601758e+00
-5.739465502514744522e+00 1.462413259438595681e+00 -1.243859412220620131e+00
-5.001648949747584894e+00 1.467978067910168827e+00 -1.441402510684933080e+00
-5.601061274956466995e+00 1.898467134976595805e+00 -1.417493467506751204e+00
-5.627690486263223768e+00 1.691640189874451305e+00 -1.670349070350902965e+00
-5.232701063216296689e+00 1.059867993970035061e+00 -1.332210104646756932e+00
-5.638096874697596128e+00 1.368166899329332553e+00 -8.983048899244059360e-01
-5.227848728779787457e+00 1.942332784779759569e+00 -1.041095590396081239e+00
-5.748002399390117034e+00 1.238128393648558090e+00 -1.453895723954528929e+00
-4.732789557700274763e+00 1.055155153288797054e+00 -1.178542628574742235e+00
-5.866767836429586325e+00 1.980715657068099045e+00 -7.108486543347728448e-01
-5.995341799018525819e+00 1.743883670303260081e+00 -1.342177445574193939e+00
-5.643961177438426624e+00 1.735551708259477133e+00 -6.853804644150763847e-01
-5.405213705747453190e+00 1.334911316011043514e+00 -1.554690640463124884e+00
-5.007217307154190777e+00 1.919417561814629414e+00 -1.441434725084218549e+00
-5.712485817252352938e+00 1.382019601102540518e+00 -1.522413352714374835e+00
-5.452168592235628886e+00 1.119839949588238515e+00 -1.326337528597804072e+00
-4.904290962038900581e+00 3.946706170600553509e-01 -1.841932101302715230e+00
-5.893095642654289534e+00 1.128187658750298361e+00 -1.719247219601653720e+00
-5.867861945088128195e+00 7.385717139068346260e-01 -1.039479730056348528e+00
-4.433535973899424221e+00 1.198567628865076840e+00 -5.126946281709265918e-01
-5.177445001379238576e+00 1.691706154906724935e+00 -1.661893507496840838e+00
-5.089642596934148777e+00 1.639170073262693927e+00 -1.371645494748409799e+00
-5.419539711528841508e+00 1.608650891863770971e+00 -1.365735813027591394e+00
-5.635208128753710355e+00 7.162973859106295249e-01 -2.672737587202425935e+00
-2.873215756294015577e+01 -6.336773534060312585e+01 -6.600355811607616641e-01
-5.692466106750258881e+00 1.387015033985106838e+00 -2.014309238312866235e+00
-5.842261442932992210e+00 1.923729819223518600e+00 -1.241385375955224468e+00
-5.755492137154377907e+00 2.064528070013786465e+00 -1.227614921216664712e+00
-5.825270337435484613e+00 1.564784694490275241e+00 -1.032136620096920865e+00
-5.078622437956017421e+00 1.686833200997424953e+00 -1.677334006118101906e+00
-5.332816435158624913e+00 1.216968631995287486e+00 -9.587225526872914516e-01
-5.734747629744390451e+00 1.247183488057612477e+00 -1.380963222487728626e+00
-5.590706808181711729e+00 1.381168397615213372e+00 -1.419822891868531833e+00
-5.509508813480493039e+00 1.819985921814080587e+00 -1.306849267516383195e+00
-5.251173482983672258e+00 1.445649979659451079e+00 -1.786710964564109938e+00
-5.180475399274163451e+00 1.573839573490192212e+00 -1.416928526156831625e+00
-5.301376752275793969e+00 1.744082013544229648e+00 -1.329845246971629757e+00
-5.111422481388860461e+00 1.605233370231478940e+00 -1.740514130017384087e+00
-5.456487960423718420e+00 1.403102982592833170e+00 -1.237094373906769018e+00
-5.788748724043648153e+00 1.943195567648456024e+00 -1.510298926910802919e+00
-5.639961318823953462e+00 1.374612665320388727e+00 -1.250472379588424721e+00
-4.903608562817960426e+00 1.190832447195108168e+00 -1.139095337821958376e+00
-5.985246741991986141e+00 1.515954483461464442e+00 -1.702570423594353288e+00
-5.926870782707264418e+00 1.331731195067002771e+00 -1.056413757068980885e+00
-5.560250715066946015e+00 1.246804749473343188e+00 -1.529839193717637436e+00
-5.890516070991711928e+00 1.338707152726123839e+00 -9.855368701684125154e-01
-5.003177720869883771e+00 5.996133727129668856e-01 -1.328530277418981331e+00
-5.994758185229978942e+00 1.214317996013464462e+00 -1.450398283229199059e+00
-5.018384265122283416e+00 1.487576400957808520e+00 -1.519281701000736673e+00
-5.700668957238041124e+00 7.093923251782285888e-01 -1.296264156110743526e+00
-5.005559052465804015e+00 1.937256234806442379e+00 -1.102352958180457643e+00
-4.948153165338395887e+00 8.173953265878968200e-01 -1.950490260404486254e+00
-5.934890905953336571e+00 1.099881175393406352e+00 -1.252280879107135148e+00
-5.519996035977291271e+00 1.876623653553612270e+00 -1.547168048831372600e+00
-5.854032105626050253e+00 1.547992687101474418e+00 -1.236048194190044525e+00
-5.469305196477773023e+00 1.244722749602701128e+00 -1.362980023113138817e+00
-5.211660598244812093e+00 1.719243770523093850e+00 -2.350648790853386849e+00
-5.578299651974222506e+00 1.357037817702105631e+00 -1.328059828260151454e+00
-6.079733246644670963e+00 1.989919140150364196e+00 -1.106922937210273128e+00
-5.577608643880674677e+00 1.875377202714458402e+00 -1.441668073462852862e+00
-6.014611942741892925e+00 1.053629164989436484e+00 -1.365841510894719502e+00
-5.671549966203190074e+00 1.001299464928999461e+00 -1.547241441941307638e+00
-6.117966832263118881e+00 1.511943637375577021e+00 -1.318686245068847462e+00
-5.464704428634799882e+00 1.862788291418778552e+00 -1.299309440572621765e+00
-5.670847900282889320e+00 1.248414796232871771e+00 -1.349828944357283733e+00
-5.985212493606817397e+00 5.381793349215647781e-01 -1.959325290986849266e+00
-5.192697706344658215e+00 1.290081459448783052e+00 -4.357402946487431428e-01
-6.066677764735669776e+00 1.183671954974904850e+00 -1.315890108039927897e+00
-5.905201007999329121e+00 1.470013579797788017e+00 -1.239072038604605241e+00
-5.405539913829617404e+00 1.202515665299489278e+00 -1.398428491681226182e+00
-5.532049185674599023e+00 1.453898117841966542e+00 -1.372827254185167378e+00
-5.737603852416429007e+00 9.743753585163706932e-01 -1.317724239521145924e+00
-5.549560720966018934e+00 2.294046695688151338e+00 -6.247555677420008058e-01
-5.105030043641149540e+00 1.110709150909469978e+00 -1.421691811037040898e+00
-4.951548306758234652e+00 1.244172917823609392e+00 -1.384104616650897679e+00
-5.439965189167408788e+00 1.196685830431190256e+00 -1.444483022672173433e+00
-5.205601935635330690e+00 7.687389694661478368e-01 -1.339155159692763331e+00
-5.797030859554923587e+00 1.809628089578833698e+00 -1.273950343136571517e+00
-5.060570049333154685e+00 2.104283027783331317e+00 -8.761752745823162547e-01
-5.301679531661013911e+00 1.769686368642258367e+00 -1.453166425774394144e+00
-5.566221554927761161e+00 1.484771951971718407e+00 -2.681796430161776379e-01
-4.911794754257823747e+00 1.649645024912419933e+00 -1.285225792934692635e+00
-5.129323662004719786e+00 1.577930473568514236e+00 -1.306649282024461511e+00
-5.568046238756312327e+00 1.536591103650306600e+00 -1.281306726601196599e+00
-5.477068497128210645e+00 1.567289456874915166e+00 -1.378769236429548073e+00
-5.510818216717635387e+00 1.374603284884524879e+00 -1.289675664680255851e+00
-5.882447729510574597e+00 1.102417009486084565e+00 -1.182110714695796760e+00
-5.934638104725556751e+00 1.292083405272662633e+00 -8.679705229656835552e-01
-5.719907972354300263e+00 2.088166718762650031e+00 -1.279050203708148592e+00
-5.432747669868820850e+00 2.217704920240622712e+00 -1.119263141414334140e+00
-5.310796199583373678e+00 1.512966618071059255e+00 -1.312662550014550344e+00
-4.937169350798437328e+00 1.469690897581702682e+00 -1.481408000177755424e+00
-5.273497667289279711e+00 1.717112094873366690e+00 -1.599939382301039714e+00
-6.373168999783704436e+00 1.476776200703287634e+00 -7.916383632155279404e-01
-5.734094603789664291e+00 1.969296536136866838e+00 -1.470034913627110917e+00
-6.063144972653071285e+00 8.798873863677741936e-01 -1.261016107854371127e+00
-5.727885831430137742e+00 1.251178079178027813e+00 -6.501812475752806186e-01
-5.814147425213402443e+00 1.584692262343382563e+00 -2.077848591791266575e+00
-5.898320490831468810e+00 1.130744032601523674e+00 -1.263159477888535553e+00
-6.118487144960926827e+00 1.615964621080027808e+00 -2.246999275589870226e+00
-5.121617384419475449e+00 1.395870416458139252e+00 -1.302603290140550873e+00
-5.256170082644777253e+00 1.149555438589534351e+00 -1.459480073946969547e+00
-6.096989319613506098e+00 1.451140474300437910e+00 -1.501384318147088281e+00
-5.742764072200939651e+00 1.355239339928202780e+00 -1.481960879123314090e+00
-5.655289208236859544e+00 1.868415398917341763e+00 -1.370261365087716898e+00
-6.319400656577946584e+00 1.522251475179677627e+00 -1.318076563381535449e+00
-5.323752276574911235e+00 2.176774124638428898e+00 -1.971849111120956399e+00
-5.409628316399086145e+00 1.168689293430491549e+00 -1.223383796223664888e+00
-5.350858194399961576e+00 1.919004565838415610e+00 -1.368484592926044741e+00
-5.090295408030084623e+00 1.670990397381872938e+00 7.924811227133327085e-02
-5.685780487064485911e+00 1.623137027175016955e+00 -1.944800271003225278e+00
-5.434808438308269096e+00 1.383309122020747628e+00 -1.430394297631048861e+00
-5.388715066144238897e+00 1.981248582633933886e+00 -1.352822155795797343e+00
-5.527991349204881111e+00 1.175083348015935059e+00 -1.293665627100636817e+00
-5.108754483407133229e+00 1.266212686048622249e+00 -1.360341520317867481e+00
-5.804906499011697640e+00 1.124365019835229740e+00 -2.466362286388402936e+00
-5.515555636087467128e+00 1.461401862298692844e+00 -1.359355052791736851e+00
-5.003354355334105996e+00 1.708719568872301364e+00 -1.491012410515854647e+00
-5.058444971923346856e+00 1.212834775807987819e+00 -1.324834122716288309e+00
-5.102673624163577060e+00 1.539972725500586614e+00 -1.358195122610807548e+00
-6.281925511768553072e+00 1.871739800441521773e+00 -7.496112135136544508e-01
-5.303183357944335263e+00 1.283693418453864643e+00 -1.336388332328408479e+00
-5.732111727151037783e+00 1.455697553959263812e+00 -1.204948745859387493e+00
-5.889695734498043400e+00 1.549437644310065698e+00 -1.117317872887741981e+00
-5.555441912937983950e+00 1.472401260334917028e+00 -1.248174017388873125e+00
-5.481917257780541064e+00 1.484519179669034905e+00 -1.475112662096548455e+00
-4.672694636118043476e+00 1.190352156276911710e+00 -1.304187392644185595e+00
-5.617609852202532394e+00 1.308883487253764022e+00 -1.158550177276337356e+00
-5.084705011309051059e+00 1.151372408931347735e+00 -1.374601638695838179e+00
-4.668282130757610560e+00 1.508206671547845268e+00 -1.688948923714865380e+00
-5.035853414985027143e+00 1.097740728992889325e+00 -1.069502903249570425e+00
-6.310089534260221455e+00 1.515105052739711189e+00 -2.124895523902584404e+00
-5.327192888588331954e+00 2.077123110431717379e+00 -8.088615359798498883e-01
-5.046853494035383747e+00 1.285887620814376131e+00 -1.382925072169729486e+00
-6.106986199538764204e+00 1.222567983342362385e+00 -1.217863823028071613e+00
-5.579822884171877106e+00 1.630018479550533250e+00 -1.565567022409753317e+00
-5.997086775927272129e+00 1.507065537215348305e+00 -1.025803439353883739e+00
-5.764111184426069734e+00 1.640211136854509144e+00 -1.494901724278760113e+00
-5.386404615723221490e+00 1.779176343730433985e+00 -1.355457043840963438e+00
-6.403399814522721556e+00 1.716608445083538381e+00 -1.488013063102808564e+00
-5.123719154604621018e+00 1.675457845830528480e+00 -1.564528657787903176e+00
-5.351282956767109411e+00 1.602173980715414947e+00 -1.404698147986013668e+00
-5.818103846451883499e+00 1.555397900321806581e+00 -1.309848500095876167e+00
-5.241140651707595133e+00 1.052823299047086270e+00 -1.343074959490323961e+00
-5.582853244613831478e+00 1.528524052861687910e+00 -1.552913714178107751e+00
-5.779303870348172723e+00 1.741453932182346565e+00 -1.402127651579810452e+00
-5.089659062849157145e+00 1.658284541632449205e+00 -1.209897668406194171e+00
-5.363507983322802097e+00 1.654059817933650756e+00 -1.393368808702210915e+00
-5.369635699487275815e+00 1.200298240373770753e+00 -1.652736354686219489e+00
-1.105655751094598038e+01 -7.195496014961051401e+01 -7.523885692792182667e-01
-4.958701205393174938e+00 1.789794482994012448e+00 -1.111094151849998241e-01
-5.854093338764676524e+00 1.736475052557934662e+00 -8.583562392697164922e-01
-5.049641671944547383e+00 1.145946162208929975e+00 -1.240831624579856740e+00
-5.660350757262565757e+00 1.085030865748404239e+00 -1.434094992311784278e+00
-5.040306959434347256e+00 1.549142743681450662e+00 -1.342778444919743741e+00
-5.838053182778068617e+00 1.295110060976753186e+00 -2.197727733900693425e-01
-5.782909097507926255e+00 1.645277529700140073e+00 -1.484954016109376829e+00
-5.291269634834153912e+00 1.659658442950782353e+00 -1.354256681578779320e+00
-5.151504816289628863e+00 1.451773692843581154e+00 -1.307176654912042935e+00
-5.960132603323108569e+00 1.174269320689114160e+00 -1.367484436814890181e+00
-5.868969267703048942e+00 1.351530117372352624e+00 -1.378164854924670557e+00
-5.524707376585090479e+00 1.365802753470280795e+00 -1.331339309124363046e+00
-5.020222011804029272e+00 1.805309297367425181e+00 -1.435727550934680741e+00
-5.413358067864767698e+00 1.769806981716363969e+00 -9.321113138294829792e-01
-5.864143673294774928e+00 1.313111931014766975e+00 -1.368695161834908358e+00
-5.672327963425450648e+00 6.835919737287686759e-01 -1.098750616859961449e+00
-5.452300146793242597e+00 1.567495010667824706e+00 -1.885517889845505390e+00
-6.102153943267157210e+00 1.650578949163531650e+00 -1.249754580016737115e+00
-5.532138267578905477e+00 1.467257727694166514e+00 -1.467854920210349023e+00
-5.143463763783556075e+00 1.605023841123939254e+00 -1.275408075169051525e+00
-5.388424266374759242e+00 2.134222638763702662e+00 -1.508969491570294919e+00
-5.386634721937271664e+00 1.405226440783784225e+00 -1.280475498419449965e+00
-4.819976098858266944e+00 1.433624529012233806e+00 -9.681226584821156500e-01
-5.686146182839453722e+00 1.403374721253452417e+00 -1.108322265327622569e+00
-6.116017130739339613e+00 1.072190295071326016e+00 -1.385562310370277883e+00
-5.548560633268772690e+00 1.296588047527116316e+00 -1.288249517922687382e+00
-5.679008526620604513e+00 1.146108434127412146e+00 -1.449054625916053274e+00
-5.251451260969089319e+00 1.676332436414453841e+00 -1.271723908296893857e+00
-5.197775211675963902e+00 8.853480847885879523e-01 -1.079173893799038719e+00
-5.157600005151421030e+00 1.185140895355556001e+00 -5.508820255400761479e-01
-6.041784939437970792e+00 1.955376954998267358e+00 -7.823358209412515363e-01
-4.283020299877811077e+00 1.193409123504156177e+00 -1.335236857353271134e+00
-5.572318151005982934e+00 1.185518309094161227e+00 -1.371122386164274287e+00
-4.973889318316131458e+00 1.190870581059703115e+00 -1.577786957356073883e+00
-5.467815300162289560e+00 1.489119029409603279e+00 -1.152875345929574191e+00
-6.125967502795290898e+00 1.390233409579610724e+00 -1.193310839266874090e+00
-5.660409652968021454e+00 1.923828063966084967e+00 -1.245407198750515532e+00
-5.285148184553585260e+00 1.035500454442799034e+00 -1.404914712831367485e+00
-5.894394169998278699e+00 1.293693483723926896e+00 -1.395473522215572082e+00
-5.276838005824486366e+00 1.400586854147910509e+00 -1.640705648565422781e+00
-5.392796234080758033e+00 1.187754323074150520e+00 -1.822445583703701022e+00
-5.936044414302805272e+00 1.367783775714390249e+00 -8.464671255034917907e-01
-5.172556568085390438e+00 1.139866636249688758e+00 -1.433028285240313560e+00
-5.854083031799637737e+00 1.172180860598523999e+00 -1.254170657119831889e+00
-5.148191771915259451e+00 1.634974954917641776e+00 -1.269133286498792756e+00
-5.588928136915917833e+00 1.880534326776202469e+00 -1.361966405983830120e+00
-5.429774114235292437e+00 1.608417741278175939e+00 -1.260795866390348241e+00
-5.708003079670945112e+00 1.469843160718633079e+00 -1.358819757949902174e+00
-5.250317708978576192e+00 1.368294260372311832e+00 -1.515338932763240498e+00
-5.395593793662592397e+00 1.082466388053101580e+00 -1.189936881566497684e+00
-5.533015972040990604e+00 6.454054033005055535e-01 -1.530994859949575737e+00
-5.069509216827389864e+00 1.184876658193507293e+00 -8.669657394124569150e-01
-5.937943775892477127e+00 1.178546841845475202e+00 -1.341106047039779536e+00
-5.597408740504253188e+00 1.919730800823419514e+00 -1.550170019641458063e+00
-5.721908627522309665e+00 2.240761461698973278e+00 -1.065719438648335515e+00
-5.091091681874418740e+00 1.310182976524807863e+00 -1.163918781039451789e+00
-5.733913342621595355e+00 1.681481743245569316e+00 -1.277215121729416758e+00
-5.448685758565275705e+00 1.519005623050152076e+00 -1.529567375887763703e+00
-5.686452144288255184e+00 2.241258933058012381e+00 -7.343868846001632145e-01
-5.310723448237395949e+00 1.222952696304015596e+00 -1.047867672839018383e+00
-5.096581923264233538e+00 1.552044622024467690e+00 -4.110055095774918510e-02
-6.468271220814143518e+00 1.265363865287541634e+00 -1.068301479409223376e+00
-5.989883684284135867e+00 1.700983397142369791e+00 -1.093600940455471848e+00
-5.794914536389065063e+00 9.368482379475960853e-01 -1.529309607764565815e+00
-5.350868340247124877e+00 9.826264670508744192e-01 -1.362156139425042323e+00
-5.050984295011597069e+00 1.984027250233028505e+00 -1.158518046746826125e+00
-5.870993699760440165e+00 1.604881309390891575e+00 -1.580131716198089453e+00
-5.373447768528976987e+00 1.943855727842161540e+00 -1.215521558936107693e+00
-5.757088682675309599e+00 1.887183154179920885e+00 -1.029288315222987471e+00
-6.431006926844342608e+00 2.220683466622722868e+00 -7.156081361311199540e-01
-5.979758466696314834e+00 1.060419826636829432e+00 -1.245172846709478254e+00
-5.101231816423518417e+00 8.350331407255745519e-01 -1.325898927604415967e+00
-5.857027852513600585e+00 1.762640293383325840e+00 -1.342899661814988210e+00
-5.083582925017446463e+00 1.228010217919043301e+00 -1.283220750846436164e+00
-5.335617512878393143e+00 1.587980432807439168e+00 -1.481655946689349523e+00
-4.774218270567814670e+00 1.817276882058647347e+00 -1.968742501747905882e+00
-5.518544876755358430e+00 1.409213825608053083e+00 -1.462641932973053116e+00
-5.455616085401559623e+00 1.230855571990329134e+00 -1.304338933513899068e+00
-5.077004626073209792e+00 1.488875257753576875e+00 -7.274876288526499479e-01
-6.206308071404328608e+00 9.726445356324265878e-01 -8.970720201112742931e-01
-5.322256281173985748e+00 1.626407125337411275e+00 -1.603958032512692311e+00
-5.372467422435883933e+00 1.490167531631042319e+00 -1.273683654572848045e+00
-5.327257614738273084e+00 1.333988842181704326e+00 -1.201043700216902321e+00
-4.820952873813793005e+00 9.832319381492379273e-01 -1.064856291573475611e+00
-5.495515201909585201e+00 1.881621136456133714e+00 -1.434901447818182074e+00
-5.705022569161212864e+00 1.868085856911548603e+00 -1.384402960667708404e+00
-5.226760944693715771e+00 1.662178589019786878e+00 -1.080298713619649353e+00
-5.858632171955170165e+00 1.760057392327531334e+00 -1.306450143495696992e+00
-5.567389299089303023e+00 1.444619621900680828e+00 -1.335192567909681882e+00
-5.516279427609717345e+00 2.008097783367228217e+00 -1.474049415339766744e+00
-4.919452743324897348e+00 1.103605406828406910e+00 -1.045663918266079406e+00
-5.928870554271278515e+00 1.697879083609011186e+00 -1.407648541875344161e+00
-5.663262023194641337e+00 1.720747026031714366e+00 -1.508208910281186199e+00
-5.264308765541948709e+00 1.637145768003041457e+00 -1.765690951311129409e+00
-5.156573273890359133e+00 1.410057935057985379e+00 -1.298514259021813277e+00
-6.171140864059818654e+00 1.333459702205134212e+00 -1.102511317604215169e+00
-5.651809406967093885e+00 1.453431181002552419e+00 -1.457504035211005800e+00
-4.937291972652369410e+00 1.675763694268724402e+00 -1.484574606783798378e+00
-5.662845804741831301e+00 1.692298972525070111e+00 -1.344769182019608378e+00
-5.219883378199233093e+00 1.173388354442398196e+00 -1.358967032042383449e+00
-4.808311833075641140e+00 1.507376236878128051e+00 -1.396916993651689198e+00
-5.255397283446148649e+00 1.881959866287588934e+00 -1.376161981972127579e+00
-4.976103132107244420e+00 1.783060038502906508e+00 -1.359655387458970743e+00
-5.913905981116953647e+00 1.493929166121770624e+00 -6.551358308044714640e-01
-5.807106038481969712e+00 1.734069565299712234e+00 -1.712558919030285232e+00
-5.601319183191989737e+00 1.967629939406850825e+00 -1.287544400417558910e+00
-5.491833606550760472e+00 1.787785286159213616e+00 -1.643707149510978294e+00
-5.755580117661143191e+00 1.146992486180442583e+00 -1.314663573650653561e+00
-5.859595244445564788e+00 1.764180465004215437e+00 -1.497937658894049839e+00
-5.926395216280138101e+00 1.401860090258621350e+00 -1.271115161783919589e+00
-5.454685703300101274e+00 1.553283069913951264e+00 -1.562374161244844073e+00
-4.853807191123301834e+00 1.648991645325768696e+00 -1.437149916041212450e+00
-5.343307377382954471e+00 1.790627027611036537e+00 -8.437371404345402892e-01
-5.997594210238508694e+00 2.511339355894723013e+00 -2.018221179694559275e+00
-5.663123205830759233e+00 1.671620481399408664e+00 -1.448877424236906686e+00
-5.072625663451139744e+00 2.382032349022621620e+00 -9.431580597983222347e-01
-6.065238458518298792e+00 1.480390269044397300e+00 -1.303042735970306731e+00
-5.153242314305735761e+00 1.383994698004830770e+00 -1.351000991240177473e+00
-4.974739772848979058e+00 1.617453984087783292e+00 -1.667719464879508395e+00
-5.776004527756647633e+00 1.443238782572444423e+00 -1.115007993486975546e-01
-5.291899191879175568e+00 8.402976530332916250e-01 -1.437132741965493565e+00
-5.349611019498076381e+00 9.721281009446992583e-01 -1.433211497890550135e+00
-5.650494665555172880e+00 1.926029535632015177e+00 -1.280712233324591276e+00
-5.458677264402754581e+00 1.762574714740360760e+00 -9.925034697167084419e-01
-3.701159048090941983e+00 8.650392715371539509e+01 -4.083708600627724561e-01
