-3.661596533536857212e+00 5.758260897934780465e-01 -1.032158528264991659e+00
-3.651166463646076998e+00 2.808954077007366212e-01 -8.455050104354654428e-01
-4.052724762547489590e+00 1.639425236439164379e+00 -5.647625344678099957e-01
-3.088161269331355818e+00 8.679212249305690019e-02 -1.171253109340599563e+00
-3.372918481059060003e+00 1.554429315919495069e+00 -9.808829939158627553e-01
-4.018863591329620455e+00 4.563711575044397395e-01 -1.195192671717832944e+00
-3.141224364247831247e+00 1.235866172738555369e+00 -1.046143620466552404e+00
-3.902461986969030239e+00 5.262013979727383495e-01 -8.283669866902151346e-01
-4.074939499389132358e+00 8.517877320678546305e-01 -1.448759676257852957e+00
-3.800505744946176989e+00 7.666457336652412469e-01 -1.201827812469758561e+00
-3.181265353704900267e+00 8.093477437145466524e-01 -9.831149611930337651e-01
-3.646828654715101869e+00 3.411344486027603762e-01 -8.217244684340043737e-01
-3.952586272717503846e+00 8.641809041650877488e-01 -9.931033388202693546e-01
-3.592777067816772529e+00 1.097185001256203440e+00 -1.263656723891000144e+00
-3.097872650919039739e+00 6.222178290724423855e-01 -1.376890651011337896e+00
-3.696250303483139543e+00 3.379134344158382652e-01 -1.137668291655582919e+00
-3.262236897170552652e+00 1.114565664454206760e-02 -1.644790699697556147e-01
-4.187026425617478509e+00 7.125968618690541323e-01 -1.133894889283575846e+00
-3.396608322626019749e+00 9.010563056872598064e-01 -9.527412044919855161e-01
-3.311097946724151253e+00 1.225093587948306695e+00 -1.095594732050921616e+00
-3.118559177950994687e+00 7.500629249736827653e-01 -1.172818780155682195e+00
-2.949154162649756383e+00 1.245359866322627518e+00 -6.211657467198951066e-01
-3.823023810554790458e+00 4.029175022906584802e-01 -1.228956855440358487e+00
-3.509718082608430212e+00 1.552744600514563700e-01 -4.888770267193767727e-01
-3.341930579803737977e+00 1.893985002605520773e-01 -9.720854810520181966e-01
-4.048800343984042982e+00 5.394530555027117202e-01 -1.133312574253192651e+00
-3.795734825881175389e+00 5.316230136319640698e-01 -1.061906690918539731e+00
-4.182648965448408696e+00 9.642296802915329978e-01 -9.490097384780333822e-01
-4.165832269463825455e+00 5.369731205227535886e-01 -1.167799850921849236e+00
-3.949751677858882815e+00 3.306623712536048698e-01 -8.977366068952586931e-01
-3.089910908085330643e+00 5.006296970505920152e-01 -1.127354333642671014e+00
-3.226006310734185423e+00 7.252708919148544986e-01 -4.251203634315150470e-01
-3.201109607587979689e+00 9.685863960657863370e-01 -1.083364492299194515e+00
-3.623802707018393576e+00 1.648361857793404495e+00 -1.015394504893462058e+00
-3.700277955823218168e+00 8.533959237925394792e-01 -1.629775589259026880e+00
-3.269336748987448971e+00 7.443885891178850800e-01 -1.217945793729517057e+00
-3.739048325506654002e+00 4.244227241642501980e-01 -1.219822964343777905e+00
-3.031103984535390428e+00 3.440480243292959317e-01 -9.379223177805424694e-01
-3.557878281214993166e+00 1.728151941186991947e-01 -1.259697328180849452e+00
-4.135559230503447203e+00 7.371925779968394599e-01 -1.058280993135201742e+00
-2.961325455826167463e+00 1.739301517212035464e-01 -2.119780987355749158e+00
-3.995705160612983420e+00 8.424543306210218185e-01 -1.209956625527310647e+00
-3.564305691758283601e+00 1.127875857193515241e+00 -1.482328913766523870e+00
-3.256162224999143096e+00 4.229407535255870210e-01 -1.105586417116976472e+00
-3.464661854799168328e+00 1.346814404548007049e+00 -1.594130650254474313e+00
-4.089794831203067638e+00 5.380659200298463229e-01 -1.022999135028463291e+00
-3.669848373944315956e+00 1.341402640479172348e+00 -7.580318360899840346e-01
-3.995851072349633881e+00 1.004608610565356885e+00 -1.367161947592361315e+00
-3.772525346805508217e+00 5.981482504802011491e-01 -1.062090248511324164e+00
-3.406781491996288658e+00 3.191154330646304299e-02 -1.443957915291581573e+00
-3.577580589713782455e+00 8.010598551828209679e-01 -8.794691606403872708e-01
-4.116963537190890143e+00 8.876935791072209092e-01 -1.415321796724236636e+00
-3.935962687306404639e+00 2.120636913176852378e-01 -1.483411324542834864e+00
-4.146185179254316289e+00 7.811887468289695491e-01 -9.949469584401102740e-01
-2.756808745075660649e+00 6.463489178945083236e-01 -8.999479924343868342e-01
-3.630601086675250500e+00 6.312153603540818780e-01 -7.729734783145140176e-01
-4.007784872047154501e+00 4.383511421806262076e-01 -9.987999851443928323e-01
-4.082649877423697227e+00 6.829072054257420143e-01 -1.093877345038603011e+00
-3.062968312890421263e+00 1.105092285605936642e+00 -7.910855030392439646e-01
-3.707616277260761706e+00 6.941878227954326741e-01 -1.097164693152863801e+00
-2.879494367999301030e+00 1.647691469637139416e+00 -1.905265857647889582e+00
-3.132893389371011583e+00 8.631839612581408971e-01 -1.375039349638566444e+00
-3.569472573699351337e+00 -3.535491195345481508e-01 -8.273241785072703580e-01
-3.560112834027823414e+00 7.314078109114681148e-01 -9.910537284123528412e-01
-3.162373264656572314e+00 9.175899139784574610e-01 -1.197028361988317524e+00
-3.432392791173186630e+00 1.082600538328033712e+00 -1.241645966751964147e+00
-3.553781797799938857e+00 9.543750144841773864e-01 -1.418220902152260043e+00
-3.497151273214015532e+00 7.742514708384233835e-01 -1.098800298640718154e+00
-3.928599179365877436e+00 1.008963840270480139e+00 -1.400259905654629877e+00
-2.483328842045866569e+00 4.574611379631777774e-01 -5.101488129273571426e-01
-3.388824221024901551e+00 7.461152954945260429e-01 -1.033332003771105567e+00
-3.624859056780126210e+00 4.929382564635089170e-01 -1.325260205238409705e+00
-3.337472542189390268e+00 7.604326534481591349e-01 -1.078525768023044895e+00
-3.410794787345341916e+00 9.743596254152044889e-01 -1.343124378018378362e+00
-3.298339178928896054e+00 2.945108102267977590e-01 -9.676007897454813600e-01
-3.748228030469053174e+00 1.372142260255425905e-01 -9.426772767442848089e-01
-3.201505131343501898e+00 1.479315938013277876e+00 -1.450528342812578808e+00
-3.514820478152758998e+00 5.834819138392756122e-01 -1.770458075047337765e+00
-3.596747722048212470e+00 7.197952694244148519e-01 -1.119121922412484871e+00
-3.190727734791100723e+00 8.316105265230048227e-01 -1.353563600922455645e+00
-3.571283320879242051e+00 6.461201555297704235e-01 -1.169652120680440444e+00
-3.699052903865297282e+00 1.267258893950291343e+00 -1.244274563012030210e+00
-3.541618080373650113e+00 5.739585963605625674e-01 -8.243248838567631687e-01
-3.821376836539813748e+00 3.467072370229306588e-01 -1.563801239544600596e+00
-3.687882963588764884e+00 1.103798807289152695e+00 -1.048297852773408145e+00
-3.826156626637850611e+00 8.482448994803565290e-01 -1.210261365100691044e+00
-3.236704375611233253e+00 9.921837743879420302e-01 -1.255556345870409096e+00
-3.821763193635988820e+00 5.080059381624170145e-01 -6.703282096384864941e-01
-3.054138511809105339e+00 5.589889863239663192e-01 -1.052853196791167623e+00
-3.841418349727946602e+00 9.920027180650976550e-01 -1.054264728954976249e+00
-3.830162093579822624e+00 9.287464189198929576e-01 -6.156059967550415735e-01
-3.773238891520954041e+00 8.748498618506275193e-01 -9.402432002927814114e-01
-2.809678590060217918e+00 4.314963507623337247e-01 -1.593631679268594281e+00
-3.934942331771146051e+00 7.604072566009687506e-01 -8.926194399950587721e-01
-3.866490918022664758e+00 3.609142307597057453e-01 -1.319863842042267921e+00
-3.828239246411510255e+00 1.024208409728896818e+00 -1.347733296682297910e+00
-4.432316907087991531e+00 1.314901356488101580e+00 -2.059249950258961626e+00
-3.477056707444808215e+00 7.800055380680299688e-01 -1.335370421329381108e+00
-3.950928834280026614e+00 9.912852134886632749e-01 -1.538253755419821456e+00
-3.168649994398080150e+00 9.563866567039907007e-01 -1.021387248431546935e+00
-3.449113123800523706e+00 4.557892991777161562e-01 -1.057290997824066547e+00
-3.443872789927300726e+00 1.695520553816988463e-01 -1.166026622991956030e+00
-3.757361801799031120e+00 1.211805359233675938e+00 -1.688062826407243033e+00
-3.580305121902641829e+00 8.531292550178806167e-01 -1.092137011915211620e+00
-3.952033156899869670e+00 7.650260497615879451e-01 -1.125545826829628560e+00
-3.695438376841426287e+00 9.411038025784673744e-01 -1.176795200823062437e+00
-3.616869491265191527e+00 8.111444806638991034e-01 -8.848231134378972129e-01
-3.925763811518998558e+00 7.622486024155353812e-01 -8.960635611958941427e-01
-3.149136887859430356e+00 6.444590615990328786e-01 -1.185688846075334313e+00
-3.104288127701105626e+00 7.832735500544822926e-01 -1.450100290455202057e+00
-3.382417703750910221e+00 4.773059325714930634e-01 -8.588276135740127160e-01
-3.861146359212515033e+00 8.870517028944419069e-01 -1.058707428746500812e+00
-3.086123182273594168e+00 4.465699194132004557e-01 -1.188955547914683386e+00
-4.572913997132179276e+00 9.379930840924298463e-02 -1.110671213231277266e+00
-3.433633592174861082e+00 1.164586740204972992e+00 -7.027455600822558601e-01
-3.921236485676858674e+00 2.780853570970804878e-01 -9.466766493304913377e-01
-3.531819043561283955e+00 8.569196903389015851e-01 -1.032127821201144435e+00
-3.387465026177155725e+00 4.377342614312750291e-01 -1.143213154476344195e+00
-2.314121206199708958e+00 8.975612809496331668e-01 -1.731532349643168933e+00
-4.014907925452968485e+00 5.853822148009584225e-01 -1.175090180005490259e+00
-3.291757053993515036e+00 9.482425823729531134e-01 -1.064397458665315765e+00
-3.608286771531570292e+00 5.104253704081093135e-01 -1.287998588042438941e+00
-4.148257268443115819e+00 7.067276800502727552e-01 -1.112458632219943677e+00
-3.808902162812890513e+00 9.684311778267692405e-01 -9.714723101270711370e-01
-1.752270873487578129e+01 4.297683891385342747e+01 -3.091649241597513864e-01
-3.391146620097058140e+00 7.227774230581175685e-02 -8.372195164161846392e-01
-3.609880493025185100e+00 5.081409860222694252e-01 -9.000686828379654836e-01
-3.281562724223176186e+00 6.500680786964389002e-01 -1.381544455211778821e+00
-4.157841137361671713e+00 6.519037060130613570e-01 -1.112676202705673578e+00
-3.242755615447407536e+00 5.160088424692199638e-01 -1.147540230745394130e+00
-3.515543310344875216e+00 1.184259673092305842e+00 -1.293668319106503262e+00
-3.272746254963234236e+00 9.273587359114349171e-01 -9.524252079035629981e-01
-3.177667785545962964e+00 9.149679344137765513e-01 -8.776665972533980176e-01
-3.794813596732212968e+00 7.901911470113659464e-01 -1.055021007811012046e+00
-3.811642850220064993e+00 9.503837600516826800e-01 -1.088950878444365777e+00
-3.215641052293865432e+00 -2.270484035920983246e-02 -1.346041574223597603e+00
-3.190135972819379440e+00 7.103557134922381389e-01 -1.185605116515499935e+00
-3.574168456275941708e+00 1.284584635277516318e+00 -1.047495406559059594e+00
-3.523207842474433527e+00 1.768325518305499944e-01 -8.898019970874667672e-01
-3.959084480113752580e+00 5.740172776801180099e-01 -1.076779997009322809e+00
-3.241476404817073664e+00 9.998119125042032040e-01 -1.234027249200863041e+00
-3.267606574346730408e+00 1.117140990281740853e+00 -1.394670054670543058e+00
-3.989154641577357552e+00 1.018927208656335459e+00 -1.090879746837442488e+00
-3.339712763420769726e+00 2.219567313530923514e-01 -1.141834143611447194e+00
-3.353951906117958348e+00 4.142159461448537416e-01 -1.326579024889279035e+00
-3.714472422999176793e+00 7.198042012857761573e-01 -1.077402193255185159e+00
-3.359057318961941707e+00 9.397966106553694576e-01 -1.203017512006631318e+00
-4.104617154322523831e+00 7.892923553089766786e-01 -1.456325440196294618e+00
-4.072182156512798912e+00 5.070048369249471332e-01 -1.500884300851746955e+00
-3.852172150395351213e+00 1.226183253659129280e+00 -8.556880731704946674e-01
-3.279810670804943040e+00 4.193837843298493517e-01 -1.030309910680020646e+00
-3.240722865266398411e+00 9.628760301835471713e-01 -1.125920565276373964e+00
-3.074874665743715596e+00 1.037795137990537242e+00 -1.185715552002720274e+00
-3.634987306733767909e+00 6.312545180059246919e-01 -1.254656602574783175e+00
-3.315116035156223440e+00 1.261933915217878566e+00 -1.171399805850098508e+00
-3.444940793576613647e+00 1.293274784431073243e+00 -1.887190206198620102e+00
-3.439289735236152890e+00 9.477859017343813752e-01 -1.062770404716688821e+00
-3.743677813448849534e+00 6.650582517345776656e-01 -7.979304083026393934e-01
-3.311055154599866324e+00 -3.895239252241589067e-01 -1.618477250696459313e+00
-3.324886158053490526e+00 8.376377458432462397e-01 -1.153636627083845623e+00
-3.552768655408536258e+00 6.042043717375682466e-01 -1.042397658127007798e+00
-3.589926187243083433e+00 7.789660971598512118e-01 -1.252261639471435428e+00
-2.586959462282921951e+00 5.097076925804526759e-01 -1.176631467310325974e+00
-3.600353946667072869e+00 1.119853325320826265e+00 -1.164386410975160935e+00
-3.499038442171072738e+00 3.212713194171993858e-01 -1.050053102214456802e+00
-3.051366514744931813e+00 6.419592662678827999e-01 -1.137251813846528181e+00
-3.580079307052288495e+00 7.754523455799516851e-01 -1.040272864265216812e+00
-3.529863021554095592e+00 3.765752593437342033e-01 -9.339470043293305324e-01
-2.909547601517997961e+00 -4.277940455123774299e-02 -1.262859146159966750e+00
-3.489760006024415162e+00 2.677416067814762934e-01 -1.069432479273912051e+00
-3.013518414647845756e+00 9.765459659681979820e-01 -1.102389051462702163e+00
-3.390917113619693612e+00 1.054478753819736214e+00 -1.038431118675862574e+00
-3.654700997980070643e+00 1.095018535249654867e+00 -1.267272667145916021e+00
-3.695751203943778318e+00 3.242211303582154813e-01 -1.418386792188917278e+00
-3.615898516693488052e+00 1.312724132350536976e+00 -1.647382104614447673e+00
-3.682275098313464667e+00 5.022902510267246434e-01 -1.004453801003937441e+00
-3.936640393143131522e+00 6.884452241324811039e-01 -1.321798977935129349e+00
-3.470416793472656192e+00 4.881899150346348248e-01 -1.545574315262173037e+00
-3.868935777284306265e+00 1.018866526424005992e+00 -1.131327536264340683e+00
-3.541602477340351385e+00 5.990486052488963598e-01 -1.054158319945510014e+00
-3.672544204752971719e+00 3.630181027960731055e-01 -1.024017357065579059e+00
-3.501809083546680412e+00 1.004803191963098863e+00 -1.135907686625296398e+00
-3.638857449823484913e+00 2.799522613072449317e-01 -1.009644257541285395e+00
-3.056078948892740232e+00 3.291049286985845979e-01 -1.198361402113952145e+00
-3.714817167636055739e+00 4.727305719668175588e-01 -1.108271884860608569e+00
-3.530483001662646281e+00 5.326206457215671985e-01 -1.173105163992539834e+00
-3.366154673104760242e+00 1.036926245550696013e+00 -1.524713231771875899e+00
-3.571324565159614384e+00 6.831047765362496804e-01 -1.141146843700907798e+00
-3.190962827832343862e+00 1.048582244837170441e+00 -1.027243118957190893e+00
-3.937841919632699028e+00 4.869885816392124367e-01 -1.296048119183623060e+00
-3.916450330946544156e+00 1.248122273134955496e+00 -1.635935003110759123e+00
-3.540657523495247094e+00 1.275534843372015503e+00 -9.985171437547492035e-01
-3.212721177982634568e+00 -8.433727778754286988e-03 -8.062261349895771811e-01
-3.502256138234203675e+00 1.296943206444976404e+00 -1.040613742166403899e+00
-3.424541824388544153e+00 1.516894017534240247e+00 -1.827068796564676356e+00
-2.192789904309241589e+00 -2.089827752583021253e-02 -1.069915668464961112e+00
-2.319964546551184892e+00 7.225206755309901974e-01 -9.572387079442313818e-01
-3.563958907423746769e+00 1.194101999341462994e+00 -1.027795825695366316e+00
-3.548720149920618017e+00 1.487755673041017968e+00 -1.079412178449777215e+00
-3.173437552432944120e+00 3.996442170223840074e-01 -9.148627382407437114e-01
-3.412797382530547097e+00 1.011645712297265742e+00 -7.663788607451790247e-01
-3.945208354041815468e+00 1.216489492875637124e+00 -1.008960666197878275e+00
-3.508740779330664417e+00 1.130978768331609485e+00 -1.080826000174325729e+00
-3.560855639704779030e+00 1.702187457317493768e+00 -1.312186861337102384e+00
-3.157156146179627587e+00 7.124200086280887412e-01 -1.230644866209675392e+00
-3.567783134559384894e+00 7.302737027434077488e-01 -1.266505883489404738e+00
-3.069086108525153289e+00 1.187813553378456843e+00 -1.055819026695921758e+00
-3.264003567732002953e+00 1.009103004581767271e+00 -1.082371894699022175e+00
-4.122569403384442666e+00 6.329371079572159164e-01 -9.397836334214443310e-01
-4.076807899271464031e+00 3.860123246068940528e-01 -9.139906488211831936e-01
-4.503270908420761387e+00 6.211473398517350919e-01 -1.930216923375492000e+00
-3.062094997964545318e+00 8.638658878746063863e-01 -8.733548054357547219e-01
-3.053425030568560850e+00 5.795343589610101320e-01 -1.388344190518179921e+00
-3.031806457214951678e+00 7.399318683848975509e-01 -9.489992996644994738e-01
-3.030985280918975455e+00 1.407868022482099857e+00 -1.549493605810990937e+00
-3.023995215213807430e+00 6.867850844857645853e-01 -8.270391080872909750e-01
-4.047714434566655584e+00 1.077827690492601409e+00 -1.019164878268445706e+00
-3.205702447181448811e+00 3.799143668169973065e-01 -1.184713971856463210e+00
-4.046202680838658416e+00 7.248022875394168896e-01 -1.110519421907454340e+00
-3.319154154637518950e+00 5.952250450829181805e-01 -1.332657186310506336e+00
-3.149724419877637072e+00 1.390804227409507599e+00 -1.664574620502384361e+00
-3.548705124444293091e+00 7.394872566241685874e-01 -1.080762507450881538e+00
-3.233099053524667532e+00 9.949269693524792624e-01 -9.955071049748297485e-01
-3.249884564321858793e+00 8.832558005168865689e-01 -1.165732225035613912e+00
-3.243128544038320626e+00 1.695593598298762439e+00 -7.852086349687021904e-01
-4.059147002688846761e+00 1.683543031288031511e+00 -1.974764489857909089e+00
-3.716272740463837376e+00 4.780037403578066835e-01 -1.018542156610074967e+00
-3.407714402572433965e+00 3.851631021687568768e-01 -1.145552464197925779e+00
-3.652951820708126185e+00 8.209944137306425249e-01 -9.989659299102096046e-01
-3.595636598587640620e+00 7.837636598285745437e-01 -1.073222835285933430e+00
-3.317654740615378461e+00 3.542412895534953754e-01 -1.817317223717036745e+00
-3.824368231722581335e+00 2.136723710536577170e-01 -1.179146769941204598e+00
-3.680567196990560230e+00 1.098403158459804407e+00 -1.229377902491528562e+00
-3.859716985717402515e+00 2.903176675688714514e-01 -1.188816137386011773e+00
-3.086734138236337355e+00 5.351914419088277253e-01 -1.229180846132735372e+00
-3.319025913772904790e+00 4.555013804850148174e-01 -8.623323977918169181e-01
-3.976703179191727777e+00 1.130260146497084728e+00 -9.729732567653256448e-01
-3.140987031955031483e+00 1.231039987133072833e+00 -9.340333155897213580e-01
-3.109744974745811241e+00 1.238044518815688111e+00 -1.030533989163757047e+00
-3.564099291664514002e+00 2.114030100708288729e-01 -1.224737862134880562e+00
-3.913699676445126396e+00 4.014708771611917304e-01 -1.215341073762983504e+00
-3.405770575290159030e+00 1.688892402547493288e-01 -1.330464103464978010e+00
-3.565597442139460060e+00 2.777568500281232255e-01 -1.195224929272080017e+00
-3.283260002070455652e+00 1.668299539517366314e+00 -1.217021027322511051e+00
-3.043331091845322689e+00 4.626351818393155679e-01 -1.587420107905207045e+00
-3.623845368748261020e+00 4.663087408189312555e-01 -1.169254770242934782e+00
-3.866060785439740854e+00 8.096839617494268060e-01 -1.307696531136057994e+00
-3.990757438978332683e+00 3.568433773940135056e-01 -1.045309763521026447e+00
-3.293611795547150667e+00 4.161096519510322223e-01 -1.516169010551781549e+00
-1.496853846435677582e+01 1.012024400465371343e+01 3.986434790073767331e-03
-3.286065286953145925e+00 6.180105031767761936e-01 -9.865089329945210261e-01
-3.729201341451113372e+00 3.998633837760901533e-01 -1.176079167153576410e+00
-3.914295864241958078e+00 1.040247655765536239e+00 -1.118984775340806648e+00
-3.549993481520174132e+00 6.727570951674994859e-01 -1.172333814124169926e+00
-3.406391530008872071e+00 1.311437713046182285e+00 -1.731835679819619056e+00
-3.809764323373519002e+00 4.916905145153239176e-01 -8.317204799399455784e-01
-3.235741320919580222e+00 4.670825417567045501e-01 -1.016063475501803870e+00
-4.041378086418372817e+00 7.711771995546043978e-01 -1.211386647316988530e+00
-3.303805106302521111e+00 6.787101821926059264e-01 -1.005782066919344464e+00
-2.794683928366264780e+00 3.674772205408115000e-01 -9.161467887116732101e-01
-3.713193815979555890e+00 1.018702863561570915e+00 -1.128659614883505968e+00
-3.040635218349523772e+00 1.098793843072755072e+00 -1.143818050925438978e+00
-3.556174239084475275e+00 9.119508004715536353e-01 -9.867419357597035923e-01
-3.513781521291800214e+00 1.150359306222959344e+00 -1.209281716618012981e+00
-3.656924982123390677e+00 8.164548673009071056e-01 -1.179853693727049846e+00
-4.355814677081190744e+00 2.092764641473798259e-01 -1.312666155941169643e+00
-3.337292925025832080e+00 1.086662687477091938e+00 -1.416340372919003388e+00
-3.110868555236006472e+00 4.459091874666114286e-02 -6.277486956164688436e-01
-3.508553173485008614e+00 8.999494144811498453e-01 -1.260215947962853411e+00
-3.987800587913836736e+00 2.884853914176385148e-01 -1.453586681405415915e+00
-3.445962391252678891e+00 5.894804994624200933e-01 -1.192657783105927738e+00
-3.316267842921862830e+00 1.161803769382192986e+00 -1.293310831098692493e+00
-3.800641534482412709e+00 4.702994660872736876e-01 -1.064833497326357348e+00
-3.444431027668465539e+00 1.326889186183306313e+00 -1.133685845087436528e+00
-3.266246276046071095e+00 5.151646201191960595e-01 -1.192472250072784012e+00
-3.217197058652453645e+00 1.113131829449015120e+00 -1.061367749223607326e+00
-3.736309325042790341e+00 6.008948661334159169e-01 -1.240109566815175146e+00
-3.967735157899703324e+00 5.061062046927222724e-01 -9.324946721420359630e-01
-4.778977597929260135e+00 1.654043376533875342e+00 -8.658204183389929254e-01
-4.942732228596450561e+00 1.385879960425862256e+00 -1.596566829979960467e+00
-3.524931137239948331e+00 5.392508301044461883e-01 -1.286472319278684884e+00
-4.203726128694710518e+00 7.316769992172418302e-01 -1.183205777729368080e+00
-3.267385065436335889e+00 6.576427502490876931e-01 -1.441602418029648724e+00
-3.561545452818861701e+00 1.150888190463650762e+00 -1.071667632144626792e+00
-3.601380452999958681e+00 6.434803318739134026e-01 -1.207090080219839212e+00
-2.725854235391948599e+00 1.072154150245602677e+00 -1.420335020864497366e+00
-3.935178322376103210e+00 7.079488852031431412e-01 -8.517610921655472955e-01
-3.143892395335885936e+00 1.211204743190930078e+00 -1.685727308666379765e+00
-3.233847182710421375e+00 7.626447925949985107e-01 -1.188628420225339433e+00
-2.919701831472865550e+00 1.160807076383352898e+00 -8.149912807526308312e-01
-4.496536723379357170e+00 1.521965963854594373e+00 -1.581332237902383309e+00
-3.005062970242099230e+00 6.783254530688438422e-01 -1.324438682664330402e+00
-3.159937637673022603e+00 9.178494464984182644e-01 -1.241928879575278533e+00
-3.938839220764771110e+00 1.011716806803267588e+00 -1.439810852132293650e+00
-2.548521234935378299e+00 6.501431488017556104e-01 -1.911510846673500241e+00
-3.666089202317708295e+00 3.301725139680669052e-01 -1.131537982306995982e+00
-3.811658307873839302e+00 -2.917085089242354989e-01 -1.083802195611100583e+00
-3.680839123400180934e+00 4.358203485332124427e-01 -1.058787870955490984e+00
-4.286557296393836758e+00 8.586787130723496642e-01 -1.104200793565297323e+00
-3.674971481514169636e+00 9.171098388072981278e-01 -1.309768650507139975e+00
-3.682310733015932591e+00 1.163670607267365487e+00 -1.196360265416806845e+00
-3.144148097732576197e+00 7.477465459013763471e-01 -1.111492181106823907e+00
-2.570953571003308014e+00 -2.508256402942696944e-02 -2.319551741220417240e-01
-3.414661480552739103e+00 8.467388686697789879e-01 -8.953773749453456388e-01
-3.505564954314675852e+00 4.219580165570919750e-01 -1.080704275974067929e+00
-3.742934658423388683e+00 9.116388312781223968e-01 -6.951178859329957271e-01
-3.418938793554091582e+00 7.768467589320896538e-01 -1.276925736153738278e+00
-3.970084971310170463e+00 7.283248079981191614e-01 -1.435348371583603733e+00
-3.869037014801929519e+00 9.485494500127188422e-01 -1.361541255486333979e+00
-3.831197445378613953e+00 1.054861558114559283e+00 -1.678649530090984499e+00
-4.148287159211401232e+00 5.467180265560344088e-01 -9.818388984176310563e-01
-3.788606421877953156e+00 7.890687142013621536e-01 -1.193211782410487531e+00
-3.707090111020653556e+00 1.303676559856445039e+00 -8.047795879035192224e-01
-4.013376153763624998e+00 9.231110311746562047e-01 -1.759668606517141187e+00
-3.067962844921253485e+00 4.989984113408857391e-01 -1.040297815984756680e+00
-4.167178384323070084e+00 4.576266813050110516e-01 -1.251187241815426843e+00
-3.705145957607677065e+00 4.342164035645630915e-01 -1.436996384905588675e+00
-3.197042875826129560e+00 8.647753660246458862e-01 -1.348781545623569444e+00
-3.594440804894318386e+00 1.278462091005187595e+00 -9.806406809768960509e-01
-3.034111109410226881e+00 2.507371533493653604e-01 -9.502085868285274906e-01
-3.882867675649947170e+00 6.885850425584040257e-01 -1.086226897021092652e+00
-4.512492239221535861e+00 4.487203100524109756e-01 -1.162353220505278228e+00
-4.070744966673741416e+00 4.474903130988527877e-01 -1.712822647897117800e+00
-4.183555196471592019e+00 6.477460198424319637e-01 -1.110155800819894845e+00
-3.421476079080351784e+00 6.301659133332311313e-01 -1.087234655259640803e+00
-3.757488057801607884e+00 7.297372534976495073e-01 -9.560978112222773273e-01
-3.808148331975903744e+00 1.272771539762861170e+00 -1.338708058507412479e+00
-3.729946973240258590e+00 8.299760187938208800e-01 -9.836534386214128567e-01
-3.456744406833723193e+00 4.939317816237685510e-01 -9.113493405152883753e-01
-3.181003051440741469e+00 7.543034193527562437e-01 -1.155659297692919862e+00
-3.635825015158366202e+00 8.355753903098666058e-01 -1.132452237744189238e+00
-3.273454264434931371e+00 4.420879438879622980e-01 -1.189994674012299081e+00
-4.174426043013712118e+00 7.898992457173656945e-01 -1.578687497928786154e+00
-3.850642167654991788e+00 4.678165484963960896e-01 -1.202146273183891445e+00
-4.083383345656864449e+00 5.327999101222845590e-01 -1.446897446746676197e+00
-2.969211802357119456e+00 1.895930098310427248e+00 -1.073647957217516158e+00
-3.742278411914081726e+00 9.780930154579676739e-01 -1.403463955224611759e+00
-3.956111066850442892e+00 4.645968044662105445e-01 -9.393435486681972479e-01
-3.705716599817031387e+00 1.221969249258507029e+00 -1.619674661280546157e+00
-3.589664342698347888e+00 6.779926447135535827e-01 -1.035395330176370754e+00
-4.133193678982930663e+00 6.846783784126582173e-01 -1.241341988931844886e+00
-3.159579526146882866e+00 5.259446368418121409e-01 -1.201413300356109604e+00
-3.827306536702292927e+00 7.610800344574998322e-01 -9.453268786115281985e-01
-3.913757813170867461e+00 5.936730073843681232e-01 -8.640984675314046237e-01
-3.717675353429211960e+00 3.840069655650631408e-01 -9.629428369031440837e-01
-4.023857607696238681e+00 9.724401290811480747e-01 -9.210898191707997951e-01
-4.069683872104792322e+00 1.056367344328809299e+00 -1.653094905398167613e+00
-3.593797625057549183e+00 3.554591058894950306e-01 -1.183240158572066214e+00
-3.717252399089188586e+00 8.810414051651388467e-01 -1.213148202538840703e+00
-3.906274038285881822e+00 7.088474528324938406e-01 -1.170482243515365450e+00
-3.599819312218732303e+00 1.110558449919768487e+00 -1.190849175101262647e+00
-3.962390924974944273e+00 -3.503500871962070273e-02 -1.295570881190328594e+00
-3.545792429033738369e+00 9.112319791200425012e-01 -9.921278324364043444e-01
-3.465818946006271606e+00 1.062178989525181860e+00 -9.837506610408444097e-01
-3.135683817140222818e+00 5.998829685840969539e-01 -9.644082775797969687e-01
-3.295180252895672623e+00 5.322404121921394671e-01 -1.294490621867509850e+00
-3.012321699118318818e+00 8.267813384146653899e-01 -4.056703620394074283e-01
-3.459691079543341541e+00 1.353886564497294831e+00 -1.253920477356773588e+00
-4.001072219273732244e+00 5.908845509802305163e-01 -9.855908434991225153e-01
-3.831067305403077494e+00 1.213428637821609923e+00 -2.183461190858457357e+00
-4.046783788573247165e+00 3.934806527271704768e-01 -1.131802429592268844e+00
-3.660622678119968665e+00 7.392261422154160488e-01 -1.386143371816690451e+00
-4.167317519291115602e+00 1.643188840204123258e+00 -2.139171031648227750e+00
-3.404891811787648326e+00 1.062497594814078461e+00 -1.289981642589010713e+00
-3.869903684600194183e+00 1.209854145051169505e+00 -1.281029027046723723e+00
-4.157351886972844746e+00 7.278603426810399402e-01 -1.174186435172962728e+00
-2.318967008704535093e+00 9.548872277183684254e-01 -4.632427549956167345e-01
-4.205991523164527734e+00 5.906444858413967269e-01 -1.439148610499097147e+00
-3.399356016269280634e+00 3.407645189837563149e-01 -1.272889954032260684e+00
-3.106923664002654739e+00 9.739731951202142968e-01 -1.018374818039705199e+00
-3.602139068505537889e+00 8.111163897890231178e-01 -8.386281025242892095e-01
-3.277566451060700103e+00 5.699984188085793768e-01 -1.158527996899787915e+00
-4.008379703093624791e+00 9.839263706526965025e-01 -1.109726356516610446e+00
-3.308459401464341365e+00 1.064287732913098194e+00 -1.461228159635952206e+00
-3.215596321904288146e+01 1.066349980978279177e+01 9.802534769534720915e-02
-2.928993419435097056e+00 9.472551634413104438e-01 -1.204335340701206958e+00
-4.199680986856602516e+00 6.671089934257394827e-01 -1.251554725823460501e+00
-3.961063557611093078e+00 7.475905118665662208e-01 -1.227985055766051214e+00
-3.871481265983810705e+00 9.469184140882492828e-01 -1.359943306585525313e+00
-4.207006592642349219e+00 9.462807383675643225e-01 -1.100011369124840543e+00
-3.086245406696433768e+00 9.377330157780450204e-01 -1.163548269818272196e+00
-2.873931640731331782e+00 6.665558191933256271e-01 -9.875596614454549282e-01
-3.228064254784956066e+00 4.854583540686224219e-01 -1.243695702652844570e+00
-3.896526454076269186e+00 6.493463644602813778e-01 -1.366523475192625181e+00
-3.327543645920193249e+00 9.745817036588150239e-01 -1.020383611276350466e+00
-3.665981960701953035e+00 4.673606668298195266e-01 -1.076322017605982895e+00
-3.261161026511021799e+00 1.023965060702203056e+00 -8.538375991394687725e-01
-3.372980551114319159e+00 1.052032191839339381e+00 -1.216699411877915749e+00
-3.540281648186520691e+00 6.600533927450538130e-01 -1.151861661200834552e+00
-3.264643150468272470e+00 3.006390193269230515e-01 -1.007102867465263563e+00
-4.496314239320787998e+00 1.372830945813563908e+00 -1.506765947148027918e+00
-3.798853375786108710e+00 5.616499935247215580e-01 -1.282219113034638758e+00
-4.207634547098347610e+00 -2.276631154010414979e-02 -9.008279159725798291e-01
-3.568974618248744957e+00 6.619365715987831633e-01 -1.125383105903639880e+00
-3.895298681926067985e+00 2.473994674540031247e-01 -9.441109728249916788e-01
-3.694566197641314442e+00 6.305603788601957804e-01 -1.206713307102566635e+00
-2.783744540495719733e+00 6.864807628934562755e-01 -3.377339977955337025e-01
-3.531102583925397109e+00 3.530696484991097117e-01 -1.066090876098373164e+00
-3.027860286083384089e+00 1.097604554225815487e+00 -1.344241254055282830e+00
-4.450280613895621684e+00 9.333043490618466720e-01 -1.323419388847541844e+00
-3.978802761813826638e+00 7.740569267596891789e-01 -1.062710689849086565e+00
-3.730440871692138671e+00 6.879936445329466466e-01 -1.142842033373028920e+00
-3.753419262339680262e+00 1.086328108378817658e+00 -1.150158129033029608e+00
-3.454380363830772183e+00 7.388722111935416281e-01 -1.454750894008282947e+00
-3.464402768261777954e+00 5.567429182899947815e-01 -8.810767352382863349e-01
-3.610906088631822719e+00 4.915841869091686633e-01 -1.176387594980513374e+00
-4.129216942245488298e+00 8.859943983701253911e-01 -1.108622058337450422e+00
-4.573675384901410901e+00 3.273938898430475142e-01 -1.307914599307425096e-01
-2.959416522886202383e+00 4.809462355208086737e-01 -1.027730022536162080e+00
-3.623797486846812799e+00 4.284368748319986042e-01 -1.032630681239261161e+00
-2.917433104260864329e+00 -1.082234770860011353e-01 -1.084100566996548665e+00
-3.875900113641303601e+00 3.974552799345321685e-01 -1.134317167745063193e+00
-2.973103790731001617e+00 7.181481210749212085e-01 -1.046325439685178882e+00
-2.847145076635037686e+00 9.048739337975661989e-01 -1.041326863914816991e+00
-3.594368820263175834e+00 9.978462410680555283e-01 -1.031028777495291981e+00
-3.661201417754991194e+00 1.407203670543446528e+00 -1.040266812517252948e+00
-3.371879964380674277e+00 3.087625992499354877e-01 -1.278056173286565400e+00
-3.499622190909765784e+00 1.742938646017107018e+00 -9.734731868777903863e-01
-3.334396966141062180e+00 4.529055043132892977e-01 -1.266123050457426791e+00
-3.953642482088310928e+00 4.321546498280300908e-01 -7.850191390561767069e-01
-2.837682923120556477e+00 1.649793791908360729e+00 -1.546193401061812578e+00
-3.791702036021815214e+00 1.031954798373818871e+00 -1.170483845509057375e+00
-3.401015191717116082e+00 1.250032990181830339e+00 -9.918838386727990564e-01
-3.472178036375255239e+00 3.506287211367438150e-01 -1.639678496262884755e+00
-3.760392872872560410e+00 8.756239058534825981e-01 -6.962377825459401537e-01
-3.911776019536602256e+00 6.489763743369658666e-01 -1.430966660328117035e+00
-3.495929842777771412e+00 1.716487662981878159e-01 -9.073802126213916797e-01
-3.054049678753811392e+00 6.620916880592310205e-01 -1.176450094893073395e+00
-3.250661232556809832e+00 8.316358877577353370e-01 -8.363731204044754231e-01
-3.640720668683008032e+00 1.434553875529503086e+00 -1.297227653410810033e+00
-3.178854160150989649e+00 7.842846109465687610e-01 -8.785549843684067328e-01
-3.502862003081365305e+00 -1.593977766619703029e-02 -1.021316228426813577e+00
-3.051121734704156374e+00 8.551406869895130658e-01 -8.928066008377741891e-01
-3.816870751279306528e+00 4.763178792839287690e-01 -9.194172551246599934e-01
-3.941178187042198466e+00 3.509847290221682625e-01 -7.127979897308652779e-01
-3.419654763905155104e+00 2.229770198503118195e-01 -1.031756838914380303e+00
-4.277995146488149381e+00 7.862031079101891029e-01 -1.152338412195636819e+00
-3.741895352137480479e+00 1.168519368452543894e+00 -8.374722521697555155e-01
-3.274398003331125295e+00 1.080144041076894990e+00 -8.290976897909100307e-01
-3.446435542692708243e+00 1.152179611137051918e+00 -1.323943233926862639e+00
-4.033724363861734830e+00 8.204331637481602213e-01 -1.182749725275424435e+00
-3.246961742160978215e+00 1.558280448362635129e+00 -8.391583515536307214e-01
-3.569710521056594477e+00 6.890257225288713983e-01 -1.180827881031163873e+00
-3.666806705600527128e+00 4.727595648689362218e-01 -1.017350760230008699e+00
-3.683773346064949106e+00 7.457903457035407468e-01 -1.117393952742372187e+00
-4.018480112100883517e+00 9.108943911262522564e-01 -1.205306694430495984e+00
-3.628821110944765671e+00 1.061131218906271378e+00 -1.317741017848730101e+00
-3.755985891303946556e+00 1.117119325094565907e+00 -8.232115089929638030e-01
-3.129662675605682232e+00 8.897795495132769794e-01 -1.341947026155977829e+00
-3.376573471598170784e+00 7.890314836397418485e-01 -1.267983335499493158e+00
-3.142228119116817986e+00 -4.927242885584572768e-03 -1.972226496281654917e+00
-3.642600498945862686e+00 7.506447478207656232e-01 -1.111727394071343467e+00
-3.728316990500037509e+00 9.581040754934072590e-01 -1.485762117903857149e+00
-4.358099726344430103e+00 6.876307299110088200e-01 -1.871539945802230820e+00
-3.664204259527886975e+00 2.056561255340197736e+00 -5.354145501341901481e-01
-3.200611920202731664e+00 3.499145824148129913e-01 -1.203649082305094487e+00
-3.756384782484282869e+00 8.945316907290319364e-01 -6.378153612377754911e-01
-3.128611180892121091e+00 8.286546832849144284e-01 -1.203121104054839519e+00
-3.453647226965616657e+00 5.484400996832943243e-01 -1.316057315119909310e+00
-3.774369010056787932e+00 1.333025624626421823e+00 -1.197049081237562485e+00
-3.651975630773912407e+00 7.625459135781456066e-01 -1.097323582147977650e+00
-3.819523499699436719e+00 4.400605092156657516e-01 -1.073211868330564034e+00
-3.957361060863523683e+00 8.247777735556316436e-01 -1.128497996420625871e+00
-4.139607512222117869e+00 1.190543874377397504e+00 -1.296515217758398730e+00
-3.262528856660856125e+00 6.534098158313611515e-01 -1.553911202830778215e+00
-4.068787090205498558e+00 7.862084872338915842e-01 -1.030864314672436111e+00
-3.620295374085316986e+00 7.638019910432503057e-01 -9.944764405202938251e-01
-3.747001402991878560e+00 9.652825982247537073e-01 -1.421144131804646937e+00
-3.947124747485935004e+00 7.415749662110540097e-01 -1.157101846754290619e+00
-3.636566452659302673e+00 6.995061383475478234e-01 -9.981432958577205472e-01
-3.289397234385716740e+00 4.417272722888929137e-01 -1.130438147687152117e+00
-4.291782331267501860e+00 7.522761950946088572e-01 -1.263780815646363687e+00
-3.380809602341293907e+00 9.713468949778318873e-01 -1.151782498496637608e+00
-3.194402459463415056e+00 1.282250776432583450e+00 -8.046534230103153940e-01
-3.840804131785321651e+00 1.185924950946172673e+00 -1.013450563341798061e+00
-3.959626242905363469e+00 2.891212161492027199e-01 -1.039530340842953038e+00
-4.025699294498760850e+00 5.161237083878082998e-01 -9.756884949565658438e-01
-3.220821822920828303e+00 1.186836270664945348e+00 -5.894211530544979372e-01
-3.646739794140302138e+00 1.901887420445169674e-01 -1.242052565912657780e+00
-3.481165677292088034e+00 5.877383984535513584e-01 -1.013808606318515215e+00
-3.855911161176261537e+00 6.456256886816563734e-01 -1.324467102742249658e+00
-3.386005536004208505e+00 2.764398134572740307e-01 -1.387604845261029451e+00
-3.246326651722566403e+00 9.448083302649179505e-01 -1.075464888958496568e+00
-4.046212683407643063e+00 9.698842449262122800e-01 -1.074931630921842629e+00
-4.006731340059743296e+00 -2.812267948379140181e-01 -1.408633853074286568e+00
-3.828664057478198490e+00 3.797358863586491329e-01 -1.420018274177255346e+00
-3.564982698573368136e+00 4.745453407838333693e-01 -1.168115106818182758e+00
-4.099134592080368122e+00 8.494092792022065463e-01 -1.083691335804874756e+00
-3.649910415703764954e+00 3.987614990571208828e-01 -1.307556368081827403e+00
-3.589196542468868767e+00 1.159380271481094793e+00 -1.067559502060025034e+00
-3.850673172021826574e+00 4.345247514720430027e-01 -1.410738055893759446e+00
-4.036582946849176956e+00 1.022586303727911261e+00 -1.101877975638693163e+00
-3.343811225681927901e+00 5.980124948378696681e-01 -1.134250141066652118e+00
-3.369070077679475528e+00 8.207534766005676330e-01 -1.210627976119222238e+00
-3.981914523898065550e+00 1.161174609538816682e+00 -1.113788529693679363e+00
-2.934270245824642576e+00 8.328633752110480293e-01 -1.181227004293429417e+00
-3.986021068666394385e+00 5.233636982726219689e-01 -1.422192613553862062e+00
-3.977969850828325882e+00 8.952363080726247757e-01 -1.129115573091599378e+00
-3.452193124899160193e+00 1.275120925960050999e-01 -9.181378846482665113e-01
4.363833351441890329e+01 -1.758224929020369132e+01 8.908644216163974505e-02
-3.666561707394154546e+00 4.412907106137877733e-01 -1.295089044101847886e+00
-3.943350488017635325e+00 2.770628129742951917e-01 -1.132133523491492211e+00
-3.837262566649260798e+00 7.527148514870548590e-01 -1.055653554582639542e+00
-4.235492771792054079e+00 6.042777980166781360e-01 -1.067788934997466743e+00
-3.975343958652000076e+00 1.335757878204300697e+00 -1.356067993917915881e+00
-3.497177951998949208e+00 6.867565802753907711e-01 -9.488453766568144543e-01
-3.474126211994231994e+00 7.728985452922444432e-01 -1.156355664900956981e+00
-3.608618916347086980e+00 5.404307361252838060e-01 -1.035669265893166768e+00
-3.546990733241464966e+00 2.459564348068448425e-01 -1.107744739341074869e+00
-3.870502566632648911e+00 1.442447315882479764e+00 -6.443942679455100242e-01
-4.744982604092330192e+00 2.540063342956405124e-01 -1.039408257170182592e+00
-2.420643999882121644e+00 3.199341092405768583e-01 -1.822443064804691593e-01
-2.598349465845120942e+00 5.413068587390585940e-01 -7.604627483968261492e-01
-3.019581198318063819e+00 5.112904927700181457e-01 -1.282927856666760125e+00
-4.109412925141104012e+00 1.011632825219399123e+00 -8.268180030596156138e-01
-3.973036695080264025e+00 8.168621246071201547e-01 -1.093701626557914475e+00
-3.743379474132952023e+00 5.638977362662492832e-01 -1.125274361883405572e+00
-3.203143598771510003e+00 1.040413929974257856e+00 -1.156096913361220668e+00
-3.163500209635441873e+00 2.031489752545960759e+00 -1.799721908695422368e+00
-3.292805809052299804e+00 1.187312383599467891e+00 -1.050976089457775986e+00
-3.557051194579494702e+00 7.025312363762421519e-01 -1.302780521426982974e+00
-4.120718937459785458e+00 3.292124778333191393e-01 -1.469046946407595700e+00
-3.580401437605092774e+00 7.069394205416675847e-01 -1.289621088956553141e+00
-3.028687337569566207e+00 1.154752375159063149e+00 -6.571466086779782501e-01
-3.146983184427133651e+00 3.436045887765665774e-01 -8.650608255908782684e-01
-3.271727953434736325e+00 3.403444032712438228e-01 -1.229374760406982015e+00
-3.208602010361689683e+00 1.269097644492942933e+00 -1.440346923528662781e+00
-3.406151172388681481e+00 1.080067834668506421e+00 -1.132259836304491118e+00
-3.543215042453106367e+00 4.324983767375768506e-01 -1.071955576417361611e+00
-4.164698216778450757e+00 3.227032584616775224e-01 -1.130230307418496505e+00
-4.010747586922679631e+00 5.425500003806651428e-01 -1.411479092089475751e+00
-3.831983361151895195e+00 9.743320411081550780e-01 -1.639289857887732405e+00
-3.738075432186702241e+00 5.730883014243017826e-01 -9.901711927025993454e-01
-3.448578997953239966e+00 1.158173924087944062e+00 -1.090224202425621236e+00
-3.193294429048616934e+00 1.348885159352453789e+00 -9.826277668940908150e-01
-3.085122013445299682e+00 8.596842370230909358e-01 -1.144369498783340378e+00
-3.645083287129190275e+00 6.334820086998443900e-01 -1.078987022938039830e+00
-3.200200154584276202e+00 9.820921959256655454e-01 -1.270328665527013179e+00
-3.566043643483419956e+00 9.595856474123705127e-01 -1.414018294326947034e+00
-3.853769695371911386e+00 1.093125988728861353e+00 -8.622949931075315488e-01
-3.245359432850283721e+00 -1.822942961344075352e-01 -6.443165489394141465e-01
-3.031523930458228655e+00 1.322018949529960352e+00 -6.603821324513815538e-01
-3.312762493379514339e+00 1.144450762049266546e+00 -1.156553003727672779e+00
-3.735209536641666439e+00 7.606123683778746036e-01 -1.251072197014455822e+00
-3.678920302541539122e+00 7.907609782125807341e-01 -1.248647762232706793e+00
-3.244608457134861457e+00 6.538015905637859504e-01 -1.199813384782583592e+00
-3.814925921189356472e+00 3.712648941192018270e-01 -1.291596563502978023e+00
-3.379152385657397950e+00 5.323563868926136644e-01 -1.165837710631521196e+00
-3.249246820597573748e+00 1.194575164017779523e+00 -1.197836800746076236e+00
-3.523594072665069188e+00 1.114878684732805825e+00 -1.502887908937676542e+00
-3.444247277770398519e+00 5.592122299261848006e-01 -1.086273255632849155e+00
-3.370756841585927699e+00 4.555857981951974556e-01 -1.142119088734464549e+00
-3.001837532401928854e+00 1.394285805670228306e+00 -5.480213023496763869e-01
-4.149644612082285633e+00 7.229585735193362339e-01 -8.767826261294205947e-01
-3.379143169450390616e+00 9.245483066404601713e-01 -1.024461561562105105e+00
-3.653857156532829276e+00 5.130867376438003058e-01 -1.097115714561200939e+00
-3.725167572969384722e+00 1.170334061815127669e+00 -1.225171023841698847e+00
-4.027934541227835119e+00 9.136425700864880817e-01 -1.083660310946183980e+00
-3.573549633612126630e+00 7.799703059136621208e-01 -1.182953301379048749e+00
-3.429856055969461970e+00 2.850345922595351467e-01 -1.483999010657185869e+00
-2.544569322796588207e+00 7.236035672156819754e-01 -1.210185649137105912e+00
-3.473830568491537818e+00 1.525671963282594579e+00 -7.208842072804594325e-01
-3.682082083402272943e+00 -4.044666026365865696e-01 -1.081653770108702783e+00
-3.866436419024543714e+00 2.542120990537189429e-01 -7.287319957927534952e-01
-2.961977156501150787e+00 2.909490799799926974e-01 -7.760878795965527877e-01
-3.675802353696806968e+00 2.742927319617119442e-01 -1.015345094803191017e+00
-3.211401935175528521e+00 3.763116371246316150e-01 -4.509026864011932423e-01
-3.579182283355700545e+00 4.977902297620236394e-01 -1.392244862993112342e+00
-3.970297907089194389e+00 5.490389348062806318e-01 -1.068492525357910949e+00
-3.757386407354530000e+00 4.342201135929861788e-01 -1.105791140205965029e+00
-3.326971583787878384e+00 2.075470742548715664e-02 -8.734262729609172382e-01
-3.772841461867982638e+00 1.169288518370436680e+00 -9.542197284819070591e-01
-3.229433562260637380e+00 3.658857021080090810e-01 -1.014644298104354636e+00
-3.575902079626379848e+00 6.398714482257985559e-01 -8.677128799673134996e-01
-2.535506080973814580e+00 4.999618703254498087e-01 -8.475764935777139186e-01
-3.516040821377377945e+00 1.107829143529223570e+00 -1.077575610857305355e+00
-4.067077528916244411e+00 4.382517612313782673e-01 -1.057585144442757530e+00
-3.646723319060420465e+00 2.229806719144054483e+00 -1.241855108157140286e+00
-2.706853351686266507e+00 1.392765666157635307e+00 -1.257790153767784913e+00
-3.687464980700472239e+00 1.201349662741890922e+00 -1.382826224768818113e+00
-3.481871130436672068e+00 5.139422707472826035e-01 -1.137513223373126436e+00
-3.071865803076822221e+00 1.407497434561852945e+00 -1.190735908204686888e+00
-3.092932305762335687e+00 4.573362721410768050e-01 -1.146611206627780932e+00
-4.113136607450476490e+00 4.013833729475698719e-01 -1.104694079596986400e+00
-4.296809065251651738e+00 1.579590602919938025e+00 -9.732478404816887751e-01
-3.159489190375083023e+00 5.498986816618126605e-01 -1.131564314101693336e+00
-3.083300298181180121e+00 6.670981467166093859e-01 -1.068125558325681013e+00
-3.142329615331616033e+00 4.879498616418682100e-01 -1.148905070587000310e+00
-3.084031240888823966e+00 7.447686451640841421e-01 -1.190186393208833904e+00
-3.806897668564345416e+00 1.047594319831795184e+00 -1.169831257196437990e+00
-3.221992103495460391e+00 1.890638478565559666e+00 -1.115992815254669646e+00
-4.532275733480926938e+00 1.195205194721373987e+00 -2.607099275550887607e-01
-3.624129853924886291e+00 9.062407681993523978e-01 -1.439734097750268838e+00
-3.489871737576765831e+00 8.263757434254173084e-01 -1.322627505459539776e+00
-3.637917417494672456e+00 8.354066227193784888e-01 -1.083567756891969269e+00
-3.261679794870994797e+00 9.914938082854208856e-01 -9.090207007215176382e-01
-3.729645825473615783e+00 2.626790525297662549e-01 -1.013742460243981292e+00
-3.809297801084878810e+00 1.017284793366422857e+00 -1.129244557567625096e+00
-3.714215977461106988e+00 8.735407821916338911e-01 -1.174966681833666371e+00
-3.687255625620411426e+00 1.475122395000808551e-01 -1.073854803710591499e+00
-3.824280062548855774e+00 3.209331982949621409e-01 -1.356443476201673048e+00
-3.595102721944816171e+00 4.170946147628579181e-01 -8.790458491854451495e-01
-3.753403742532087417e+00 6.093213340078380558e-01 -1.141945108940283227e+00
-3.125905065115341497e+00 3.090091448731425716e-01 -1.269201789274389425e+00
-2.834047960603410132e+00 2.917724792626167907e-01 -5.898234707708919222e-01
-3.651141890873940365e+00 1.241918023699201346e+00 -1.125819850005342460e+00
-3.646480827115803347e+00 8.124344618938568185e-01 -1.137245193590123327e+00
-3.903472482977775826e+00 8.499075504351365495e-01 -1.092194575258342404e+00
-3.789634756832674700e+00 4.857537617939378105e-01 -1.000210360456362135e+00
-3.448173076836069662e+00 1.224017818486477838e+00 -1.324047962722708194e+00
-3.079808533569851736e+00 7.773104098452201516e-01 -1.855236691454048348e+00
-3.812871078454389995e+00 1.054693558376144757e+00 -9.530576342572700810e-01
-3.492231650363132101e+00 1.212733461562637505e+00 -1.351031408672835665e+00
-4.099893922789080491e+00 7.922218223015258243e-01 -9.315346050315775894e-01
-2.976876611369324799e+00 8.246138533197536757e-01 -1.373145688329821645e+00
-3.469782370778401681e+00 1.088199654317912879e+00 -9.449013648348338901e-01
-3.063278429316034668e+00 7.082151968110685925e-01 -3.398321470435005653e-01
-4.039857827689723457e+00 6.977731835122052972e-01 -1.076646413247048351e+00
-3.989008483655950066e+00 5.362878924274003811e-01 -8.948761408942143003e-01
-3.503732359093982840e+00 9.347434209320236720e-01 1.258617488000038642e-01
-3.023906905105146592e+00 1.155844664311556524e+00 -1.149016383274234165e+00
-3.680228355399347784e+00 1.260972203658664803e+00 -8.665817202209377124e-01
-3.781496271063503389e+00 1.115520754076611221e+00 -1.277338102884879811e+00
-3.589264008372340164e+00 6.461240957826577258e-01 -1.163696516994283670e+00
4.369542016522657235e+01 -2.346185617096415399e+01 -7.117917041970271974e-01
-3.419270803096778000e+00 1.238859994006047405e+00 -1.209651864046053182e+00
-3.712802821883506521e+00 1.275524732269556427e+00 -1.060682313095139051e+00
-3.192484287750048111e+00 1.015149094498485116e+00 -9.286433506633365864e-01
-3.759859689284005491e+00 1.031338136627008462e+00 -1.502400515460458941e+00
-4.261575535257641434e+00 1.045837820036899846e+00 -1.059578914049874143e+00
-3.892169200384870908e+00 1.104467151710606609e+00 -1.213416581469653588e+00
-3.316700076951279996e+00 7.400055622664682975e-01 -8.448690164855218176e-01
-3.345805228405276388e+00 9.476998168510739617e-01 -1.057298735751326824e+00
-3.317200991566672030e+00 1.633221672981336470e+00 -1.685926834705969046e+00
-3.079640168832138869e+00 6.360668170868852833e-01 -1.036588535782723364e+00
-3.259021244088101010e+00 9.212234376845325201e-01 -1.370847240719261118e+00
-4.217297459394441006e+00 1.472731416145878658e+00 -1.019678186262114039e+00
-3.582742494293462698e+00 5.187276737747709143e-01 -1.087371253793999681e+00
-4.128389671272821637e+00 1.121808515460085420e+00 -1.226467432338123942e+00
-3.509151798758732177e+00 5.634294709689902092e-01 -1.115896928421126422e+00
-3.072606189894653284e+00 7.260160969425946131e-01 -6.485939283022640334e-01
-3.926674508910005912e+00 2.204357121572438627e-01 -1.217786349422917525e+00
-3.457080563749742819e+00 4.847340921651041579e-01 -1.172270219978333916e+00
-3.587925661358453144e+00 5.943558732580800363e-01 -1.250771451314035776e+00
-3.726814504140024020e+00 8.420757357602721704e-01 -1.264406242562423399e+00
-3.458562408811120648e+00 1.173741723859387465e+00 -1.349762866242411263e+00
-3.285229788775935855e+00 1.217999290339508267e+00 -8.545158004514611383e-01
-3.587937703697228198e+00 1.181138841397846306e+00 -1.140334915695583318e+00
-3.586838870878541030e+00 -5.298380986322873826e-02 -7.980232387608984235e-01
-3.469564531607031377e+00 9.054259088380468556e-01 -2.774231189418546739e-01
-3.275175290940553818e+00 7.830059312584546349e-01 -1.209147217121108842e+00
-3.853585842243318904e+00 5.307406133122584135e-01 -1.171447851700340381e+00
-3.203011039473852239e+00 2.417636540510461618e-01 -9.540643255286336277e-01
-3.604882657559978831e+00 6.019368427491244011e-01 -1.045841720370883854e+00
-4.092045233221100808e+00 3.147445476003883358e-01 -1.468244329977684393e+00
-3.804883059176401350e+00 8.942688708467184666e-01 -1.253967006642621396e+00
-3.007123894944317755e+00 9.701643663343851864e-01 -9.935516713654801713e-01
-3.161777765210102231e+00 6.811876292523127985e-01 -9.755411210417226364e-01
-2.305211125186728882e+00 3.005969213273675944e-01 -5.345586175561228837e-01
-2.706945592418355861e+00 8.921419278490713145e-01 -9.591940118565915885e-01
-3.886462640422483794e+00 5.276438511166651191e-01 -1.189345756112402341e+00
-3.728168438774281945e+00 2.233678206865175042e-01 -1.172750138094311945e+00
-3.505555028422278063e+00 1.287946135945708281e+00 -1.336523328476409089e+00
-3.136096665409624507e+00 9.266149195380429804e-01 -1.355378594151958715e+00
-3.373085213393951953e+00 1.047904379785972173e+00 -1.392718126013893221e+00
-4.202729005397960016e+00 9.801011044920084903e-01 -1.355028356251971156e+00
-3.240765012969180070e+00 9.421144872931901393e-01 -1.135563582184083931e+00
-3.061118596134213554e+00 9.135392377276004838e-01 -1.072509557598288588e+00
-3.866100071373039793e+00 9.832382789043393467e-01 -7.137686469485253760e-01
-4.111942088379308302e+00 8.818808760873040331e-01 -1.130033570640367468e+00
-4.104565449938982979e+00 1.994918574893616570e-01 -1.040108047549062942e+00
-3.677515255970021268e+00 1.179590962066555671e+00 -1.212293558487473444e+00
-3.248430635610126682e+00 9.992000677921272223e-01 -1.234233794892845459e+00
-2.761094256078859832e+00 9.562557642241690248e-01 -8.565259778720378803e-01
-4.068624332188401027e+00 7.194922464532538253e-01 -9.358638045739127165e-01
-3.080946869165354318e+00 1.196177730175867593e+00 -1.098963142502963564e+00
-3.813215518346791733e+00 8.288017005200030152e-01 -9.885079651134471845e-01
-3.732772000810328450e+00 5.337037212702986366e-01 -1.051047968953878087e+00
-3.916573278220571108e+00 1.854533902249904775e+00 -1.827527747520101720e+00
-3.251303226948594194e+00 8.481474967380985275e-01 -1.413813410833271833e+00
-3.095293847358041361e+00 9.573436845203350254e-01 -1.246706409421325379e+00
-2.609434480345711460e+00 4.896524263745136718e-01 -6.754309630441186485e-01
-3.765897475089486690e+00 3.253023420162167167e-01 -9.851238755644983192e-01
-3.797869877158306817e+00 1.055832585135902724e+00 -1.387844673489792457e+00
-2.862575985087756347e+00 -1.665036448052603923e-01 -1.184469272198977796e+00
-3.393766232476839839e+00 5.135197245594409488e-01 -1.314959054283297402e+00
-3.443518054011796892e+00 1.216363494156788017e+00 -1.091260543366478375e+00
-2.069250403096513757e+00 1.030751668711209046e+00 -1.396648373406526256e+00
-3.166378481207696716e+00 6.302544479761352791e-01 -1.066537780229567911e+00
-3.700907443866324087e+00 -5.606023729998460547e-01 -8.590984878199517949e-01
-3.347870327478598362e+00 2.155620373229355513e-01 -1.516668775805757319e+00
-4.042742942823043251e+00 6.684178314063268234e-01 -1.141872072177227970e+00
-3.573543766704045943e+00 1.039070176800942491e+00 -1.388927974099108731e+00
-2.773975752740286627e+00 2.473281332845349012e-01 -1.289770470857838580e+00
-3.890819013270918614e+00 1.599434928494165575e+00 -1.196140313950643463e+00
-3.723811513320463451e+00 3.443124622030809268e-01 -1.193607490302379226e+00
-3.551890924877422417e+00 8.521040751102879618e-01 -9.899524389813884051e-01
-3.958721071215100640e+00 1.546219648312188832e+00 -1.355286877866620276e+00
-3.282820631980828630e+00 1.079174213404182847e+00 -9.907217758120706597e-01
-3.698717785543416348e+00 1.516607342044002493e+00 -1.181535728897169513e+00
-3.669782952632102191e+00 6.355937960262239006e-01 -7.761942742653026306e-01
-3.841485726216673502e+00 1.017125461978715339e+00 -1.148431935462465692e+00
-3.424300209933934358e+00 3.917598143752133444e-01 -1.056494892225303683e+00
-3.822638235655962280e+00 5.454627512645197074e-01 -1.194846272978159929e+00
-3.772243055440130277e+00 3.901570680561401994e-01 -9.678060223350909430e-01
-3.922749634624001835e+00 1.128045173468134876e-01 -1.441460393653464900e+00
-3.588354034380472957e+00 1.107054370434648716e+00 -1.082436391465341652e+00
-3.462951209756145232e+00 7.475967878949789647e-01 -1.017537927393636910e+00
-3.192643956784374737e+00 7.223935948681240449e-01 -1.004381985417627021e+00
-3.268004630235851860e+00 4.348290752074137622e-01 -1.279944120686849818e+00
-4.318424395238330327e+00 1.295134040928934249e+00 -9.923558062922689382e-01
-3.121244155436227796e+00 9.804989328494494449e-01 -1.801560377953039804e+00
-3.396468748377765579e+00 7.283805249498908063e-01 -1.409256370044434492e+00
-3.091966256890537057e+00 5.842443194867017464e-01 -1.159902566081005171e+00
-3.384683129480909436e+00 9.102378054740045688e-01 -1.410991078953391487e+00
-3.590179610484419914e+00 4.243689840533925173e-01 -1.061629223892563312e+00
-3.745975442920540299e+00 4.902537355736772962e-01 -8.050859482308361237e-01
-3.439405522502005486e+00 1.473977411496208756e+00 -1.771940708060339986e+00
-3.598568395108211249e+00 4.957054889205450010e-01 -9.721026228815278225e-01
-2.747125283761386871e+00 1.380425646500379466e+00 -1.051384032463157148e+00
-3.887741907980041045e+00 3.101522423407486739e-01 -1.140787322399850590e+00
-3.503817154457849803e+00 1.063512074438996313e+00 -1.072977231826491185e+00
-3.717876773270256230e+00 8.556893260746177843e-01 -1.151664152680468955e+00
-3.403821275011194469e+00 2.934277521805754296e-01 -1.226731983270739734e+00
-3.602488351479939066e+00 9.759346111655989864e-01 -8.261497501296463097e-01
-3.424458934214490657e+00 9.753721887762578646e-01 -1.141550963374459160e+00
-3.986048805758057867e+00 1.053259003785272485e+00 -1.220666892372370915e+00
-3.706891505100477158e+00 8.289756966984096476e-02 -1.109923369008061211e+00
-3.567155642847213759e+00 1.478566425660270411e-01 -1.701789767883894244e+00
-3.126896561007050490e+00 7.567683639811273455e-01 -1.141637116339565550e+00
-3.322755839409993417e+00 6.168241785087287266e-01 -1.523474788893333765e+00
-3.368726431458398451e+00 4.283642402195506071e-01 -9.449001116258068933e-01
-3.598749222720595053e+00 9.211792693066404025e-01 -1.104678837164968286e+00
-3.046621691855018188e+00 1.939213851660222532e-01 -1.019998668135441156e+00
-3.835184282031482539e+00 9.684931473931741586e-01 -5.620970724860233636e-01
-3.505382384483901603e+00 3.185377939042122741e-01 -1.050167033935019534e+00
-2.870230284161082945e+00 2.942795723691529197e-01 -1.165699595043783177e+00
-3.828629746284787139e+00 6.674597444105523358e-01 -9.828538894303402440e-01
-3.827466416760761714e+00 1.331303700993105688e+00 -1.535091573844151291e+00
-3.372025200490116337e+00 9.713469428124338334e-01 -1.292310739266075981e+00
-3.453149203531036271e+00 3.537824892197223292e-01 -1.070462500380404025e+00
-3.614161952899326291e+00 1.411812223109747411e+00 -1.534366596306009800e+00
-3.277354819003941877e+00 1.237970353782375188e+00 -1.321340809175921560e+00
-3.942632642307888347e+00 1.727849658849645920e+00 -1.925970945200416118e+00
-3.907064850221763308e+00 4.727715715900291937e-01 -1.286358336057966012e+00
-3.843685862188963576e+00 1.126698873253475064e+00 -1.307667691561975376e+00
-3.152576625164127844e+00 8.646029741545816494e-01 -1.127979059992378241e+00
-3.535677443698346245e+00 8.324512486246183895e-01 -1.067839417272214320e+00
-4.521490918452483854e+00 1.062063563478108152e+00 -2.180279548388456945e+00
-2.244958226533341517e+01 -4.927766830581560242e+01 -6.600355811607616641e-01
-4.559378915772395402e+00 5.332295256405081840e-01 -9.892210237822461893e-01
-3.470491512103662579e+00 3.376722083031868937e-01 -1.286609561553855752e+00
-3.053606260999048416e+00 8.003887524936462716e-01 -1.141238378683191446e+00
-3.662011704953060942e+00 4.098486186374994400e-01 -1.551075631321099824e+00
-3.850526333825112335e+00 7.521949959609903757e-01 -9.088454095552647161e-01
-3.807465779381959070e+00 1.105939310953223398e+00 -7.146526501672441078e-01
-3.553924808920752021e+00 8.546699111044008257e-01 -1.104811608957782632e+00
-3.496084836880391400e+00 6.788456293745898096e-01 -1.114153318778488222e+00
-3.913194276008719275e+00 8.726247037197005785e-01 -1.198112234768361484e+00
-3.686228948143268624e+00 9.809963298050196068e-01 -8.083591754670348406e-01
-3.761674240217692589e+00 6.411783846665225495e-01 -1.190197059317938511e+00
-4.027409309623331879e+00 7.271080579145396960e-01 -9.455658612694440857e-01
-4.060016878092061354e+00 4.094608140905036109e-01 -1.029746409920760941e+00
-3.688210312003339819e+00 7.724567257652875663e-01 -1.210353950271709778e+00
-4.062626053300559370e+00 4.929163235022403500e-01 -1.204627482011524364e+00
-3.324157783413816070e+00 9.338179046810611839e-01 -1.171555536031678280e+00
-4.145186362962881788e+00 6.694220604298970478e-01 -8.492080453068393542e-01
-3.273909668461923772e+00 6.376718027342492823e-01 -8.610333889657747486e-01
-3.732113286636311589e+00 -1.067862150414074576e-02 -5.887792269839834391e-01
-3.683365499820228095e+00 5.384696580080829964e-01 -1.513240862466941339e+00
-3.591064585384329266e+00 1.180878053537951500e+00 -8.507208225265363577e-01
-3.072605217059723337e+00 1.316731358590008227e+00 -1.256056049530087648e+00
-2.986359256222165026e+00 7.895189867421885666e-01 -1.137231550606079944e+00
-3.267883585807143554e+00 1.137116894243255460e+00 -9.912619869836057918e-01
-3.758616306815819375e+00 1.273709893513220059e+00 -1.247128015432980908e+00
-3.585808947498390964e+00 2.043988931230217576e-01 -1.167567869984580620e+00
-3.400333902273442455e+00 2.195395150274196405e-01 -7.589971871432651396e-01
-3.414820146027685244e+00 1.834991580395004540e+00 -1.065488801723524448e+00
-3.682413652222058964e+00 1.089543262320733730e+00 -1.069309093164428681e+00
-4.083187539966411705e+00 5.286638405964415588e-01 -1.115872103999301590e+00
-3.496825139469653898e+00 8.896388538146702274e-01 -1.132034885594988882e+00
-2.810285177631087095e+00 1.472616602748876957e+00 -8.591032230957391658e-01
-3.410308573550129285e+00 8.487379978119353741e-01 -1.160599850255219723e+00
-4.136131752401862371e+00 1.113730919005616604e+00 -9.647641914655176176e-01
-3.855974789544882153e+00 4.686259425876914686e-01 -1.315675321448494195e+00
-3.272220237119912500e+00 1.203054668952929118e+00 -1.106199357914293691e+00
-3.467785864838084375e+00 1.349813132586909603e+00 -1.334097100425952975e+00
-3.491847845219575586e+00 1.331092367330116044e+00 -1.094277074175961317e+00
-3.731747619670816363e+00 2.664675259298163179e-01 -1.460463415014185529e+00
-3.748923673350095687e+00 9.073819697256741978e-01 -1.023031480837106821e+00
-4.105688846061450903e+00 -1.239411138275537394e-01 -1.231172112420175768e+00
-3.492892771141042907e+00 9.297392795713674829e-01 -2.113909948111175385e+00
-3.052331682930919055e+00 1.138816021148926216e+00 -1.150887492147881774e+00
-3.738234865286991226e+00 9.996760985870671856e-01 -1.039056433935673374e+00
-4.001173852474736670e+00 5.951761876874902546e-01 -1.225800231002511342e+00
-3.596266238445287922e+00 7.053146561785208490e-01 -1.095729817077957469e+00
-3.094666349001258698e+00 1.059286657340583027e+00 -1.109906218256816013e+00
-4.480220255207735036e+00 1.381611223679239109e-01 -6.381527292549793451e-01
-4.073588262841806085e+00 9.915836910355143585e-01 -1.163819178340776972e+00
-3.252278099451576754e+00 4.473531967670392184e-01 -1.140007473043445074e+00
-4.032378573380244191e+00 6.944700234439089570e-01 -1.190616830896650713e+00
-4.262651833062630402e+00 8.167980462882482584e-01 -1.286770927163162215e+00
-3.774212383094881940e+00 3.496245867442702160e-01 -1.441467249163349118e+00
-2.679546619784197947e+00 1.060680721636281021e+00 -1.604707258746039811e+00
-3.954154471435952001e+00 9.509016838542562189e-01 -1.175305716429798641e+00
-3.454846026358699973e+00 -1.970501370246398321e-01 -4.441819894265611746e-01
-3.233344244998012318e+00 3.437260561176680995e-01 -1.007987643209111051e+00
-3.663313947121410230e+00 1.292182735823023343e+00 -1.138691494088436507e+00
-3.371234747901292739e+00 6.038252284075330545e-01 -1.187535916980380302e+00
-3.611813083609836106e+00 7.291138454711002526e-01 -1.142659090728847193e+00
-3.272988434361779664e+00 2.476636515128223526e-01 -1.338422000179960047e+00
-3.294868167634798173e+00 1.155578853033276676e+00 -1.244561834077436036e+00
-3.916686687021052382e+00 1.124116404471949604e+00 -1.043737369670294068e+00
-3.157092791368167894e+00 1.261764854761823651e+00 -1.071994800493898392e+00
-3.366899346823905237e+00 6.105639331912365853e-01 -1.030993409100943392e+00
-3.921369986682194941e+00 6.497096756410568608e-01 -1.101071472551992780e+00
-3.878896711154850241e+00 1.163512776383771596e+00 -1.348519203976505043e+00
-4.082567770118378014e+00 6.347524432398199412e-01 -1.159093241471912394e+00
-4.198184586007139174e+00 1.493674180659414041e+00 -1.717109153495221641e+00
-3.721503022176907205e+00 8.968420063926955121e-01 -1.106328691586071722e+00
-3.288193647090622118e+00 6.015546499312511841e-01 -1.426239574535629107e+00
-3.499739978431662735e+00 8.752603894265391649e-01 -1.690504474034587368e+00
-3.331483455165596297e+00 2.172844517791095581e-02 -1.584209668976758412e+00
-3.996663247394557583e+00 1.173594571285838217e+00 -1.133369447438070887e+00
-4.179492140846519987e+00 7.640817686931518082e-01 -1.148157700303130691e+00
-3.750880208169097063e+00 5.071425823683960443e-01 -1.101583486100037090e+00
-3.171880978650742922e+00 4.909777381487865910e-01 -1.063130782399209329e+00
-3.215459416862597397e+00 4.997179216929101275e-01 -1.185810073753239768e+00
-3.890177904618544957e+00 8.804358790847713889e-01 -1.249054191465395869e+00
-3.614063179393287140e+00 1.188527011772276820e+00 -1.511301373865263420e+00
-4.187000099730418867e+00 1.027938879989673371e+00 -1.361683465741299282e+00
-4.021365435453382986e+00 6.854334117385191272e-02 -1.697103809375225314e+00
-3.531258189912436229e+00 1.885769481376618373e+00 -1.154085352856242919e+00
-4.013675109661228646e+00 9.244977549328698974e-01 -1.149638061642558551e+00
-2.249662824620316304e+00 5.636503741337314244e-01 -5.759238328294956633e-01
-3.429036511527704612e+00 6.539580065436334522e-01 -5.132741563414130459e-01
-3.489851492795265742e+00 6.723532855319312995e-01 -1.111583419039022136e+00
-4.049373394193404252e+00 8.312024864535653146e-01 -1.079965743608497952e+00
-3.875646246825892316e+00 8.028808305505402698e-01 -1.104748886108971373e+00
-3.318053015315277854e+00 4.649814176904462082e-01 -1.175762168286263343e+00
-3.979069205136789744e+00 6.387630398268681065e-01 -1.800616682031503379e-01
-3.658759360138923888e+00 6.494364987959717617e-01 -1.126042589675735339e+00
-3.925894977106048511e+00 1.053568941529355651e+00 -1.164793482987295237e+00
-3.581799085188402731e+00 3.256799576443238919e-01 -1.029456458377091543e+00
-3.476044438686464844e+00 5.413504176698937798e-01 -1.107033855301099434e+00
-3.987789506056994782e+00 -4.455320733541034972e-02 -3.256456690836398438e-01
-3.420589924846960894e+00 5.652216214046309473e-01 -9.129068658768995093e-01
-3.308289005129337657e+00 4.339406879712603415e-01 -1.074796202490369890e+00
-3.918247718975147897e+00 4.998592780387646206e-01 -1.031730593503985771e+00
-3.578044894077828442e+00 6.256984657282430584e-01 -1.066341841718869476e+00
-3.465286409135182044e+00 6.577342543891575577e-01 -1.106659642342221694e+00
-2.953977039476502586e+00 7.348579659504724804e-01 -1.356002986943803945e+00
-3.696819592405134802e+00 4.569436902366540987e-01 -1.048180913384447743e+00
-3.180596757842597100e+00 1.108609355305886224e+00 -1.116995735618980579e+00
-3.677981484037675664e+00 1.448951121930870167e+00 -1.391797724437603190e+00
-4.152041222023365563e+00 8.062817541533774390e-01 -1.010478180191946240e+00
-3.422002372559688421e+00 6.894115748046499847e-01 1.763887177807357542e-01
-3.178775512850944729e+00 1.401393631348649249e+00 -2.092190372136562893e+00
-3.213610622485802093e+00 8.589345741591752903e-01 -1.009649924673933885e+00
-3.698576315404033643e+00 1.267257401566231456e+00 -1.068627188450173016e+00
-3.495459505429334701e+00 1.117896977584827756e+00 -1.175060768630878716e+00
-4.101664347309633918e+00 9.851415752879659760e-01 -1.040108687554914368e+00
-3.248945622414969314e+00 5.658845009440381935e-01 -1.602139643250124257e+00
-3.711390115124956424e+00 1.146295584560789615e+00 -1.157978780546496722e+00
-4.184474879343791365e+00 1.730609782134917340e+00 -9.553970098958106671e-01
-3.917084234949978594e+00 1.270046520636383125e+00 -1.276407495183919272e+00
-3.636389525926672306e+00 5.684802310859645713e-01 -1.071749347140045661e+00
-3.533910017674641413e+00 9.919984958912104744e-01 -1.115993009794588708e+00
-3.239985322388447386e+00 6.934280616427731525e-01 -1.135276220610784703e+00
-3.442783126206603317e+00 6.196931949552005880e-01 -1.220411992227228515e+00
-3.524179573913707397e+00 1.088793135017220637e+00 -1.066912200603954863e+00
-3.952001732864200534e+00 1.421045369616166898e+00 -1.631868693492646738e+00
-3.775399541740326104e+00 6.614126313461228257e-01 -1.096207999132666089e+00
-3.596288003906268571e+00 1.013676403691656791e+00 -1.485146934432939547e+00
-8.680585533207535676e+00 -5.598893459566696862e+01 -7.523885692792182667e-01
-2.734942172392988091e+00 8.190281586955120430e-01 -1.264196623140382281e+00
-2.911055642107727603e+00 4.448766262498504709e-01 -7.081584279653430070e-01
-4.006832181963464024e+00 8.935512369676417155e-01 -1.283329510571312948e+00
-3.460043162077689693e+00 9.643734927935160295e-01 -1.434476611135603985e+00
-3.330022573304693978e+00 6.741661044193351104e-01 -1.074986829629518414e+00
-3.849712178483185365e+00 1.403576322661620912e+00 -7.736192491871284327e-01
-3.548587463166119171e+00 1.037944790260452166e+00 -1.189459684578051624e+00
-3.611679572642065850e+00 1.209664102714932410e+00 -1.245386291081704178e+00
-3.796551508397397079e+00 7.819832885399654598e-01 -1.138919190569405160e+00
-3.348731864621070198e+00 1.170491466105965328e+00 -1.190618324821042684e+00
-4.104063626522383323e+00 5.486899220850248726e-01 -1.128698583877933981e+00
-3.384333739043733136e+00 8.439728135050745816e-01 -1.042024454177956638e+00
-4.100605223441069924e+00 2.492704843686012750e-01 -1.101198592023666878e+00
-3.462370891842573517e+00 3.846288189162198612e-01 -1.021693013233079261e+00
-3.019666112006349934e+00 6.764270869487576388e-01 -1.149025125038321660e+00
-2.753044681322946996e+00 1.044240104565680172e+00 -1.257052960751438020e+00
-3.628147865261013294e+00 1.618495983087194556e+00 -9.674599346419686663e-01
-3.492235487095849855e+00 1.375601914935281611e+00 -1.155707221304466570e+00
-3.579386613464205169e+00 6.728629720200692832e-01 -1.167355001105796486e+00
-3.968271275787819352e+00 1.020973318013623565e+00 -1.519867169859721701e+00
-3.110633389314943376e+00 5.238836956926912203e-01 -1.108211515507094402e+00
-3.711716484459611998e+00 8.109417142462349570e-01 -1.218175885535040193e+00
-3.070283638742933974e+00 3.411876019605667998e-01 -1.446741174582074185e+00
-3.519628666583108245e+00 8.044789005334586074e-01 -1.180754986384499494e+00
-2.950096788520462088e+00 1.222738245976366267e+00 -1.118466648823252418e+00
-3.371896220752780948e+00 9.736627369298963552e-01 -1.095543788798270635e+00
-3.841968872970616733e+00 4.735166138382413958e-01 -1.200438625226710965e+00
-3.282518638134554134e+00 8.039325667171574041e-01 -1.235714636477561745e+00
-3.523301236365034672e+00 1.539613288836507721e+00 -7.579643004096187076e-01
-2.897999093075978028e+00 -3.206085823328115592e-02 -1.068205023124734199e+00
-4.023732217962852076e+00 1.321870132693754307e+00 -1.068783509498163031e+00
-3.892196592946336686e+00 1.475958092935215626e+00 -1.399866495026162339e+00
-3.089147147338381583e+00 7.322367906635350865e-01 -1.158781238617278220e+00
-2.807051100517266917e+00 7.726377636309090802e-01 -1.357252013373247301e+00
-3.556062288017081130e+00 7.068953824681211140e-01 -1.159640490530151835e+00
-3.022436153472140674e+00 1.066844983012865233e+00 -1.281898770685168332e+00
-3.528228240852736342e+00 3.320921778958472181e-01 -1.335187770451105482e+00
-3.250280102830524598e+00 1.032093853747535039e+00 -1.363213056266693535e+00
-3.900298305706096258e+00 1.393098797468709016e+00 -1.146027307490473435e+00
-3.559598566026971778e+00 1.181793332443642042e+00 -1.146728661409054162e+00
-3.726817190825447490e+00 5.617129817859999319e-01 -6.434548881904891271e-01
-3.754473706800102395e+00 1.399538684439321612e+00 -1.834004501088807748e+00
-3.141666189654889418e+00 9.569260218502348980e-01 -1.067522572280873661e+00
-3.161867227769295852e+00 6.442487229476867583e-01 -1.402647925393361694e+00
-3.179143502962980872e+00 1.097165799230825245e+00 -1.184182840306024165e+00
-3.598285065846596353e+00 1.057457596054615978e+00 -1.210634491061033602e+00
-3.254130449553207072e+00 9.522764070341434017e-01 -1.228598732531670290e+00
-3.329859892155791368e+00 6.876764093956904134e-01 -1.108487862390718171e+00
-3.681483165148863090e+00 5.093232365360487179e-01 -1.162795948148870995e+00
-3.132558488290947629e+00 6.924510762173446965e-01 -1.108764024228910960e+00
-3.868347602824728781e+00 1.116820404579923931e+00 -1.211383866921968533e+00
-3.755164289789481025e+00 6.568020252056164798e-01 -1.748106445559738154e+00
-3.756266470043013062e+00 1.346821700809889943e+00 -1.319238919001548327e+00
-3.143385578374117362e+00 1.128131895781187444e+00 -9.573850123501727039e-01
-3.297074825747901006e+00 5.005742841455550485e-01 -1.047917687204021675e+00
-3.188821219949757424e+00 9.267712580777958120e-01 -1.157297858161093318e+00
-3.547955407153622343e+00 9.843678727654527894e-01 -1.232290818799297805e+00
-3.645114477388292862e+00 9.577903492687689369e-01 -1.478254251717072032e+00
-3.061544740098891548e+00 7.235824450120195706e-02 -5.996192157166687631e-01
-3.313747749236517937e+00 8.961520645359192239e-01 -1.468342037994089688e+00
-2.593781497147822801e+00 6.045478685235996519e-01 -1.271211746478506432e+00
-4.129317561683333970e+00 1.673822210497901475e+00 -1.370206219827311722e+00
-3.169693042230890878e+00 1.087506972671888672e+00 -1.159652895713848331e+00
-3.287216657687786370e+00 1.471488240964237137e+00 -7.955371430130255828e-01
-3.128149809143481175e+00 8.973120716340489134e-01 -1.097466320143466678e+00
-3.199043686953270349e+00 5.589908267983768608e-01 -1.174847675320080720e+00
-3.662748059035687120e+00 1.077759162384018143e+00 -1.076667102674432552e+00
-3.904615200485529680e+00 1.024570651090311646e+00 -1.007247346060526905e+00
-3.092791751061276351e+00 7.862361446098335982e-01 -7.168318009197391927e-01
-3.112199324860236871e+00 8.503728816078862662e-01 -1.324475714829839612e+00
-3.745187674385424437e+00 2.432750178312403366e-01 -1.312621057523907675e+00
-3.227090261965400941e+00 1.162226831484120870e+00 -1.153408375921753715e+00
-3.645248446660422026e+00 9.997718170521120440e-01 -1.098505408985483545e+00
-3.344908628414541507e+00 7.266637037464467319e-01 -9.496403049146061592e-01
-3.684984682148347179e+00 1.176271577281006397e+00 -1.073594182968445887e+00
-3.683814979586939042e+00 3.357635904254768211e-01 -1.545366076016162493e+00
-3.579431296540917629e+00 6.932371040194416079e-01 -1.087965997892689218e+00
-3.486307912901894124e+00 9.048251214687914601e-01 -1.120846942142183611e+00
-3.665552016668391033e+00 2.161304907978594259e-01 -1.526833786249320868e+00
-3.921340619813300510e+00 5.973253729177697702e-01 -1.915415146508597788e+00
-3.668554793086498123e+00 1.141832887513180017e+00 -1.375424180774872385e+00
-3.281439537709078813e+00 6.781827338464176957e-01 -1.403781591334889889e+00
-3.856053832681834326e+00 6.192558488718610255e-01 -1.222559315982616024e+00
-3.096048896457417321e+00 1.119772017594701241e+00 -1.411023206630476201e+00
-3.872680355249253470e+00 8.307384672053698127e-01 -1.249164564655853127e+00
-3.688074719406297053e+00 1.135405229937474170e+00 -1.168590057417647543e+00
-3.967752820331337915e+00 4.771697636875009141e-01 -1.508972621180551643e+00
-3.605185589588950190e+00 1.008468163945821949e+00 -1.118594721131477510e+00
-3.652383969314772827e+00 7.012010083039854624e-01 -1.154064887198433587e+00
-2.989156683051214181e+00 4.749022774971904393e-01 -1.051267223010160290e+00
-4.067574738752581354e+00 6.548815853509476481e-01 -8.583814103420097652e-01
-3.156030608574811325e+00 4.204333278024905418e-01 -1.277798084971953685e+00
-3.360510127287728022e+00 1.085049948439281708e+00 -1.112698602979623086e+00
-4.032802690134172252e+00 8.521431614899029894e-01 -1.034661220507225643e+00
-3.904956643504403857e+00 5.556205791313519882e-01 -1.117255534901601566e+00
-4.140284876587344343e+00 7.225472030423939485e-01 -1.053971219848145457e+00
-3.405549076857617319e+00 8.503519703451132283e-01 -1.013525149695380989e+00
-4.045873591293998039e+00 8.230420983398538670e-01 -1.197318890333719299e+00
-3.392009483027087935e+00 1.190413093237031372e+00 -1.244122524440754551e+00
-3.298724256316171832e+00 6.741581231270280528e-01 -1.338608912622761604e+00
-3.164003209240842551e+00 2.911548712267513772e-01 -1.052411668842366366e+00
-3.893811972881505934e+00 9.643247902709992658e-01 -1.207807092839913832e+00
-3.461391506352513581e+00 2.748258475281766811e-01 -1.174750098090433736e+00
-3.795030614705945826e+00 1.313091515495145911e+00 -1.427763001944343246e+00
-3.882813958919460351e+00 3.029559203358146435e-01 -1.003717015632671572e+00
-3.847637295659681378e+00 8.472572930345282360e-01 -1.332902831040145841e+00
-3.767965896352921007e+00 9.130522409004615536e-01 -1.407337190290897988e+00
-3.502759041249201122e+00 3.346081527962256330e-01 -1.323416521737712293e+00
-3.892981794253167038e+00 3.861900626284363036e-01 -1.486391937501821747e+00
-3.865979420061581351e+00 9.297875788752237858e-01 -1.050562268953213252e+00
-3.552694450373981017e+00 6.286877769225157619e-01 -1.394600512623271005e+00
-3.671991394108557127e+00 2.404588034726714285e-01 -1.349897051034508078e+00
-3.376364715275112616e+00 7.084617524287184498e-01 -3.238484083684081694e-01
-3.558107450277782746e+00 -4.167473849524245821e-01 -1.946953461973394139e+00
-3.467280647266754556e+00 1.153438116649286194e+00 -1.019222475964226104e+00
-3.557679684941863041e+00 2.275271148260822773e+00 -1.247946980870229039e+00
-3.859264112214520814e+00 4.041599262066418174e-01 -1.119565396696210025e+00
-3.784171688117635934e+00 5.845469678392150037e-01 -1.117341773276713246e+00
-3.726549816480191790e+00 2.910196744859563922e-01 -1.538416010958795210e+00
-2.917166854326129766e+00 1.918239670412561937e+00 -1.335070104953590242e+00
-3.298307485946832429e+00 1.204793021211058024e+00 -1.365700863118349595e+00
-3.992498224637136328e+00 6.027213116227856382e-01 -1.246314395626124227e+00
-3.759466159726371881e+00 9.646211471695718132e-01 -1.223106264268729371e+00
-3.739383663538790259e+00 7.034108078905492167e-01 -6.745863047468693141e-01
-2.682186881896055031e+00 6.733371448700866324e+01 -4.083708600627724561e-01
