-6.676755556126706459e+00 1.658573675643125744e+00 -1.562624490816594935e+00
-6.957595831991173263e+00 1.295009904396777101e+00 -1.850753446306832917e+00
-6.325036370576784250e+00 2.685101371437135231e+00 -1.896085170695663624e+00
-6.157659329727756869e+00 2.088913202033982230e+00 -1.503540151350333698e+00
-6.173425615631932928e+00 2.238926251532351142e+00 -1.573430915529438368e+00
-6.775826826366873057e+00 2.302729997992643884e+00 -1.300227554804744612e+00
-6.726535722999816613e+00 1.237924499149892998e+00 -1.333280285304333068e+00
-6.727311539623780590e+00 1.476907121806443790e+00 -1.150914147428965251e+00
-6.832887560667143312e+00 1.400040573495199947e+00 -1.055824207070483078e+00
-6.393639553711907730e+00 1.954517248136431018e+00 -1.245990370770232003e+00
-6.472905304851620301e+00 1.315362771933825448e+00 -1.436668534845056966e+00
-6.696187316700378034e+00 1.440760552134483952e+00 -1.490181247895894900e+00
-6.969144087282223232e+00 2.052579711924111816e+00 -1.293705798973421972e+00
-6.886614022264044621e+00 1.836026967186148884e+00 -1.302788505941543828e+00
-7.021298298717809416e+00 1.566029149297960110e+00 -1.327971226036527952e+00
-6.680307204604595483e+00 2.372246676372602892e+00 -1.244808929561590727e+00
-6.725885159819187109e+00 9.194931630257072719e-01 -1.512387449152116092e+00
-7.211010435237327876e+00 2.082448730305836548e+00 -1.417406585653619766e+00
-6.856067408112129336e+00 1.572515844257689643e+00 -1.186819389420209037e+00
-6.807353321515899225e+00 1.644928244324715738e+00 -1.358112044325255896e+00
-6.787903967080992196e+00 1.369801875006034564e+00 -1.233540398532100069e+00
-6.415793952918314780e+00 2.111550873963809583e+00 -9.387582203888404919e-01
-6.846809691599926140e+00 2.059756873068666838e+00 -1.122157834588351832e+00
-5.743463432489981813e+00 1.461580950176700755e+00 -1.019072323314398343e+00
-6.488507380328746521e+00 1.297261182697412973e+00 -1.359468362235825678e+00
-6.688470960982098035e+00 2.079149578347436744e+00 -1.442099519135610075e+00
-6.380002683479063741e+00 2.151542059747781011e+00 -1.438634561971607218e+00
-6.952914750113899700e+00 1.262734226264990101e+00 -1.391777883963793760e+00
-7.106626019093400082e+00 1.877339120566306363e+00 -1.330175824068044355e+00
-6.109413441504998765e+00 2.121712739952405613e+00 -1.657731566899868003e+00
-7.144603480585866251e+00 2.127038350136311262e+00 -1.316242803501054714e+00
-6.624795496810110151e+00 2.259377772138501772e+00 -1.704409364686651607e+00
-6.716484292206269302e+00 2.098351371420268396e+00 -1.382313758333079123e+00
-6.043781022730751573e+00 2.019880650433130587e+00 -1.727489078253937382e+00
-6.478830909745035171e+00 1.967624197392653596e+00 -1.725989149370718900e+00
-6.204122559115202939e+00 1.695766198792635127e+00 -1.514672577820679544e+00
-6.645868019365686052e+00 2.131891661718150033e+00 -1.360114247521575503e+00
-7.198379289004968484e+00 1.826930915110691833e+00 -1.157074696369511768e+00
-6.215145675880557441e+00 1.621266096767251197e+00 -1.436203931069058193e+00
-6.437688663472525441e+00 1.589566387210150866e+00 -1.278389421235187395e+00
-5.766323652964625346e+00 2.477260677633594810e+00 -5.197348086720527949e-01
-7.001315576076861724e+00 1.752485114665989885e+00 -1.325762218331425490e+00
-6.139775021137634070e+00 1.709630147037996872e+00 -1.552964082731015605e+00
-6.738789014820777190e+00 1.465422767957882844e+00 -1.258190895294179157e+00
-6.555319831327938829e+00 3.056082547515736270e+00 -1.429931110524157445e+00
-7.281162785070121046e+00 2.078888254435401706e+00 -1.143086829427564233e+00
-7.136316124787713377e+00 1.543762332894146994e+00 -1.310205143489996615e+00
-7.292343939993661373e+00 1.528039127034227507e+00 -1.221888056549682355e+00
-6.545705532359447965e+00 2.071754767951802467e+00 -1.377582924093828431e+00
-6.600576989445725573e+00 1.526781740282393107e+00 -8.338984733736660715e-01
-6.620085037703065112e+00 1.728731071815579723e+00 -9.416095620254344434e-01
-6.545425833171878871e+00 1.614769409843556103e+00 -1.463371017332612656e+00
-7.077190747354562994e+00 1.316746847727220615e+00 -1.465917322227020980e+00
-6.982230166193351906e+00 2.205436246090560548e+00 -9.692500817736869889e-01
-7.219191766760705953e+00 2.320997378503329323e+00 -1.871987861029341893e+00
-6.784321364010670763e+00 1.553234192941986613e+00 -1.665699338400182361e+00
-7.070040918159928189e+00 1.662036037923409593e+00 -1.351548647583828089e+00
-6.452603529056790244e+00 2.114459245227666262e+00 -1.404276410615467929e+00
-7.543316338666899767e+00 2.225722561762303986e+00 -1.116613861126164453e+00
-6.667705456119395357e+00 1.445914858838842632e+00 -1.669430799921208131e+00
-7.339454545287310339e+00 2.072358095212796680e+00 -9.556284940858832400e-01
-6.485092761758589397e+00 2.270730391592415742e+00 -1.416900636756023291e+00
-7.383353121397355778e+00 2.134310679084453266e+00 -9.504728424087464100e-01
-6.587825015591269207e+00 1.708125441779478004e+00 -1.448744792707183038e+00
-6.412554335080828061e+00 2.293616719783277080e+00 -1.434881611654783340e+00
-6.648211195641050786e+00 1.500913742971685449e+00 -1.469165488792203433e+00
-6.451816109211030437e+00 2.283907410355094925e+00 -1.507290101026808271e+00
-6.628902739998540738e+00 1.882849807736113990e+00 -1.522972513082124335e+00
-7.044320625149900650e+00 1.892676196472877992e+00 -1.232179883011857990e+00
-5.898676004468289769e+00 1.564389663273435982e+00 -1.305309224865071616e-01
-6.588906879869337097e+00 1.656391549646643258e+00 -1.169840649942965660e+00
-6.554405190923655589e+00 2.162616811016241147e+00 -1.535885035033991430e+00
-6.574542621570262924e+00 1.928497965638266143e+00 -1.458850949701298472e+00
-6.481169690854454046e+00 1.769787830076158475e+00 -1.289993016809986903e+00
-6.385971696573434997e+00 1.382860502725972829e+00 -1.433305736468512892e+00
-5.547017326195146758e+00 2.153058286267427679e+00 -1.076871396696369665e+00
-6.667894769568708746e+00 2.290266645481059626e+00 -7.974853519712267191e-01
-6.388051455805482171e+00 1.944883301179207491e+00 -1.884829335926275995e+00
-6.521040764341939244e+00 1.813858555360340352e+00 -1.466637543723020576e+00
-6.805560592221958416e+00 1.393260550895073724e+00 -1.701124018081631828e+00
-6.614694234608712975e+00 1.801600611769172300e+00 -1.493242919407799851e+00
-7.049161206103152999e+00 1.294648383578915762e+00 -1.066747053216349217e+00
-6.565217792150954246e+00 2.111879377306923988e+00 -1.310872051408273231e+00
-6.799683178701872777e+00 1.651664748621140655e+00 -2.154839171517855867e+00
-6.747235763767581496e+00 2.189979679393900813e+00 -1.477732847913038272e+00
-7.109213865130081800e+00 1.751027423213951328e+00 -1.256165947491354906e+00
-6.288479835369036763e+00 1.918965633958028771e+00 -1.204610105157839728e+00
-6.282016510145345123e+00 1.844259833330798903e+00 -9.121512906798507903e-01
-6.555706110501214212e+00 1.435712139765199957e+00 -1.262245299101806273e+00
-6.980324709791090321e+00 1.806463516385234058e+00 -1.543254185844973092e+00
-6.840900638456560046e+00 1.900972652597740620e+00 -1.034890736606844275e+00
-6.814333705852452461e+00 2.207053495391017250e+00 -1.229686025989039422e+00
-6.412412410626681769e+00 1.402579974038035804e+00 -1.853760048494088597e+00
-6.980308826960673230e+00 1.999453380864772756e+00 -1.161597010337191982e+00
-6.185046880061425334e+00 2.148732962037243954e+00 -1.764042754328886353e+00
-6.288068010665293528e+00 1.813648437654485468e+00 -1.326291074638309864e+00
-6.428155857445758237e+00 1.427985368769781660e+00 -7.987782072719771254e-01
-6.539994793781036542e+00 1.717221725454645798e+00 -1.614502659942463891e+00
-6.444011212170854819e+00 2.071003568447363552e+00 -1.671178013951532426e+00
-6.243155707485122718e+00 1.624796151575612857e+00 -1.490597420311199794e+00
-6.441085756918893956e+00 2.117099911586315830e+00 -1.302203398811180524e+00
-6.202278586436768215e+00 1.472245019967154622e+00 -1.369167279625514544e+00
-6.570140583164483239e+00 2.237452073268487052e+00 -1.076053651075039364e+00
-6.696017972077618730e+00 1.611511504161016850e+00 -1.445354011026006580e+00
-6.587789189733614492e+00 1.964800597454697595e+00 -1.422607045129553605e+00
-7.053832597231894930e+00 1.869249005818210740e+00 -1.362032651078582735e+00
-6.621759096934047406e+00 1.561184376074636893e+00 -1.703419548303515496e+00
-7.030702521833400276e+00 1.666832778747736388e+00 -1.284255508936626322e+00
-6.551345782812817653e+00 1.372022280032159980e+00 -1.338279135721190505e+00
-7.168127992267115722e+00 2.062830028139824634e+00 -1.432499493271535806e+00
-6.891905315864719661e+00 1.632068264964616100e+00 -1.268380008576233786e+00
-6.695482453030898284e+00 1.913750544007196686e+00 -1.372554923147145445e+00
-6.960746546907419230e+00 1.445652808518224974e+00 -1.349008459042247532e+00
-7.539991000788468511e+00 1.860197377959259324e+00 -7.978366135723340413e-01
-6.294923461165012668e+00 2.132300285943927065e+00 -1.349160084510585333e+00
-6.343274879785710141e+00 2.116801386803009777e+00 -1.801545482597354031e+00
-6.599599746074988005e+00 1.916466996667937517e+00 -1.501454212988639458e+00
-6.910094789541837201e+00 2.176178490904210783e+00 -1.318027013652321777e+00
-6.232587967197670942e+00 2.085829749710394143e+00 -1.173732347128245035e+00
-6.319972321342086197e+00 1.576685882002327732e+00 -1.465609107397233268e+00
-6.463958651821833712e+00 1.887585680372794394e+00 -1.404948443781294687e+00
-6.757517884229765848e+00 1.507800886399190521e+00 -1.124522228963247494e+00
-6.110179512926230849e+00 2.438196304325485286e+00 -1.341037324246634688e+00
-6.720857371627661614e+00 2.043733146226124120e+00 -1.625823251489288079e+00
-2.533393225369298207e+01 6.144452632652924251e+01 -3.091649241597513864e-01
-6.682508928918717395e+00 2.116178222903430939e+00 -1.527004080008714348e+00
-6.818978401501303743e+00 1.771947888383718750e+00 -1.620194614366631702e+00
-6.390122094609898440e+00 2.122348205329557036e+00 -1.254799818910842690e+00
-6.501521954194338093e+00 2.329254321034621267e+00 -1.402645353770548109e+00
-6.259975515484905273e+00 2.145655902570005935e+00 -1.494601536381942042e+00
-6.430195283135840434e+00 2.162300204638497370e+00 -1.704439019936181410e+00
-6.370638883502072858e+00 2.171268358811465848e+00 -1.601455634794089367e+00
-7.073370091930494929e+00 1.976737719312979147e+00 -1.609550671278717981e+00
-6.772452054253890630e+00 1.883556527967257255e+00 -1.469409320189555501e+00
-6.594635564848600140e+00 1.522466412698396221e+00 -1.327839329007992841e+00
-6.824615664462846176e+00 1.966468542725359203e+00 -8.834522439172632913e-01
-6.782173401689970405e+00 1.692255409136203204e+00 -1.065385186966605113e+00
-7.196271489458816895e+00 2.215099901050504805e+00 -1.370611977138220805e+00
-6.297616848252244992e+00 1.539956849199546118e+00 -1.355686708978355304e+00
-6.674606565913944856e+00 2.424987659387907168e+00 -1.509635006713360816e+00
-6.730472889952936910e+00 1.447804155794035985e+00 -1.419810475511243730e+00
-6.990959270394084157e+00 2.215556199161135442e+00 -1.164184801472793573e+00
-6.683182484889492514e+00 2.339784289428480157e+00 -1.414350176536059767e+00
-6.157894446249801312e+00 1.679653943690557760e+00 -1.515061788167294754e+00
-6.597894524566677354e+00 2.424274323913103046e+00 -1.619236382979662991e+00
-6.527365693100628086e+00 1.985515774703004332e+00 -1.343226020229383977e+00
-6.586749162182729656e+00 1.484919672992685902e+00 -1.311958822752480103e+00
-6.661658231149552911e+00 1.403270323160344280e+00 -1.212350645204019584e+00
-6.646828569310009982e+00 2.384574309089235289e+00 -1.139143511004993448e+00
-6.565140036116393851e+00 1.247859830107733714e+00 -1.407118489524898042e+00
-7.054074358210326245e+00 1.543530332046358478e+00 -1.418445088519073360e+00
-6.595236383601910113e+00 1.608426817490820948e+00 -1.447500291530765981e+00
-7.156705755285673654e+00 1.811206821165305181e+00 -1.419158691687071316e+00
-6.857402891235528486e+00 1.876116774615248728e+00 -1.000378590425457848e+00
-6.393636722674531647e+00 1.324573491047166041e+00 -1.330863705765549021e+00
-6.403744673164443846e+00 2.352511257248496968e+00 -1.129981618084036299e+00
-6.478094419929760761e+00 1.967173334471654433e+00 -1.459250014580619759e+00
-6.514626303679669661e+00 2.156269732566707287e+00 -1.922852845108949493e+00
-7.518295500735066028e+00 2.547018352265096652e+00 -1.306259481814073142e+00
-6.641358562375152097e+00 1.577071075270457090e+00 -1.489187735897593790e+00
-6.443091156536566722e+00 1.701213592137307495e+00 -1.816861572624216992e+00
-6.858576106667157113e+00 1.603566924973866881e+00 -1.156041063028468763e+00
-6.994893235017205058e+00 2.664309371087020484e+00 -2.032906299768638458e+00
-6.880783095541535666e+00 1.838425722997246714e+00 -1.467747751530283473e+00
-7.005148100794448496e+00 2.141155032037448613e+00 -1.440202206657186457e+00
-7.016159060030015659e+00 1.734312570925641950e+00 -1.242480191830480196e+00
-6.695555343064351739e+00 1.818743517183889269e+00 -1.551098821464268918e+00
-6.987767571949439649e+00 2.161818584419413991e+00 -1.262585253306716115e+00
-6.358883766313989661e+00 9.914787632746913104e-01 -1.076621895248510485e+00
-6.066219266739527605e+00 2.246382228909673984e+00 -1.450122795948473930e+00
-7.006422920230259699e+00 2.177631743267132602e+00 -1.383368773157168441e+00
-6.967086877304140557e+00 1.544100351871238175e+00 -1.299891486371456129e+00
-6.874211334217638303e+00 1.936561421382340331e+00 -1.357510354883306292e+00
-7.021186740689253192e+00 1.684673755557967834e+00 -1.145377916276620001e+00
-6.089684011817682041e+00 2.156539940613002582e+00 -1.583335379674704058e+00
-6.385703423842364224e+00 2.030000152446494344e+00 -1.750088258647989337e+00
-6.355424349506315629e+00 2.318696751016655178e+00 -1.523150663875566080e+00
-7.019226913447323746e+00 1.738606423163745252e+00 -1.578536847686811795e+00
-6.673287423577668243e+00 2.111881755045183162e+00 -1.634226404032525837e+00
-6.457849039823443604e+00 1.750807193264522610e+00 -1.483652877208974541e+00
-7.105822255733548864e+00 1.915837264885246194e+00 -1.305262768108563565e+00
-6.610978917850844461e+00 1.459872996528760680e+00 -1.287975584311466193e+00
-6.243714161185727640e+00 2.345128086212235008e+00 -1.281461977785649076e+00
-6.124167310381461782e+00 2.158656534146390804e+00 -1.496484285187244190e+00
-6.202782762902266711e+00 2.077306991319061158e+00 -1.712724604411874907e+00
-6.462503075628061033e+00 1.906086316261006441e+00 -1.439780394132902597e+00
-6.569404069389953804e+00 1.399250199174733478e+00 -1.696451061040163522e+00
-6.671470086673443767e+00 1.706192891651019394e+00 -1.346220320242393909e+00
-6.690217956733611970e+00 2.334043851108579481e+00 -1.586155481836672987e+00
-6.371202477563150168e+00 2.382941085976744144e+00 -1.236941528027778014e+00
-7.093178972663289450e+00 2.225788891125910052e+00 -1.057715673904103149e+00
-6.104653470078422295e+00 1.999405368660666982e+00 -1.352772299535042189e+00
-7.075026125315884151e+00 1.989845605201103096e+00 -1.586760127223641792e+00
-6.371944758244256768e+00 1.444546007996211356e+00 -1.361139729460321579e+00
-6.993036125201504305e+00 1.213182530237734369e+00 -2.047341414938379067e+00
-7.434927869791485122e+00 1.940083558251818996e+00 -1.410861854902470292e+00
-6.149512136286324981e+00 7.617392757766465738e-01 -1.133775217809666058e+00
-6.863727557627981923e+00 1.735649885335619480e+00 -1.501159248701916749e+00
-6.615991628935151248e+00 1.033385243932073427e+00 -1.256573320786156467e+00
-6.436621690998281409e+00 1.512902583328956441e+00 -1.208640049559341456e+00
-6.508682884201659746e+00 1.702842150750496719e+00 -1.883304050204729352e+00
-6.808227697303096626e+00 2.384215558353739439e+00 -1.193098769849507912e+00
-7.021897161254006647e+00 1.866095301321990974e+00 -1.369920687969218065e+00
-7.332405172159302431e+00 2.403684327257992415e+00 -1.764970998994377593e+00
-6.714510780225925402e+00 1.301938236513460856e+00 -1.240729604767240479e+00
-6.630315940760421078e+00 1.674929377101292305e+00 -1.341057366473609402e+00
-6.157740621728091668e+00 1.449331304141816990e+00 -1.381237641740057365e+00
-6.797358167433459997e+00 1.547236852736569412e+00 -1.469247537492254230e+00
-6.229699172794282092e+00 1.643728276021794610e+00 -1.795265300090207461e+00
-6.174024886447410765e+00 2.061444554760679448e+00 -1.328407250355781555e+00
-6.090073784282100888e+00 1.993487991573785756e+00 -1.969019237558887969e+00
-6.036699249323409511e+00 1.105510144473744294e+00 -1.634951493204842565e+00
-6.143752515812128223e+00 2.183551589682575234e+00 -1.225594011253245075e+00
-6.516827224008590491e+00 1.383900299048326676e+00 -1.460296319499430062e+00
-5.574959042914796825e+00 1.600001112084672661e+00 -1.085408688261350729e+00
-6.622253322906243689e+00 1.582701428607712790e+00 -1.850350379462559980e+00
-6.763626274558824036e+00 2.308689774727318067e+00 -1.521958438203254715e+00
-6.449125514329368869e+00 1.161294549649691144e+00 -1.380047361895445190e+00
-6.726745401166070337e+00 2.273171952539576601e+00 -1.632033155012431402e+00
-6.120742723341662028e+00 1.861294570748918131e+00 -1.543990747208359826e+00
-5.801763036036912347e+00 2.575734498753678992e+00 -7.009525387950450437e-01
-6.521698821009123570e+00 1.755808682213089389e+00 -1.285128568785394165e+00
-6.550313488311245713e+00 1.511367143854322137e+00 -1.685366676259321128e+00
-6.754249301531426219e+00 2.166827149321162160e+00 -1.501649302793976570e+00
-6.156378466161505081e+00 2.630238660129030848e+00 -1.341745655418686400e+00
-6.828757805249749957e+00 1.402810953665734051e+00 -1.369096719362343340e+00
-6.759967858045992095e+00 1.819698935454045152e+00 -1.075967494771623789e+00
-7.063939975580914243e+00 1.647221180064642576e+00 -1.268048644488544152e+00
-6.726837455101323471e+00 2.019799853432306946e+00 -1.428319846382101188e+00
-6.726522580521008265e+00 1.723715259258948640e+00 -1.451849770902534420e+00
-7.487292678994110773e+00 1.647040560972554690e+00 -1.558057536019496370e+00
-6.053946615423512867e+00 1.864883464871488261e+00 -1.721748295415822971e+00
-6.894913994484281439e+00 2.087828886812549190e+00 -1.330519679817847134e+00
-6.021805877600088230e+00 1.906535420681909399e+00 -1.316238345488700112e+00
-7.117010799358040707e+00 2.191168830561314174e+00 -1.359727769177083934e+00
-7.136030538711610305e+00 1.933994370835321774e+00 -1.910125451837560329e+00
-6.339369921730661162e+00 1.501292412071250970e+00 -1.291608289285883782e+00
-6.180850026051111001e+00 2.536964434723234074e+00 -1.195867936054902492e+00
-6.514336497173987439e+00 2.191270219013832232e+00 -1.696495554793437499e+00
-6.221382083928980400e+00 1.475111575289716370e+00 -1.381990313659152481e+00
-6.520800836566985836e+00 1.362761763912864188e+00 -1.276023192703105380e+00
-7.646601898703968558e+00 1.934730899319389463e+00 -1.923781047479830919e+00
-6.554676781518839590e+00 1.206270339061607633e+00 -1.386144556452088894e+00
-7.106718029885815469e+00 2.807566368551682956e+00 -1.414653039009814650e+00
-6.534121450045912383e+00 2.124629007520597135e+00 -6.448759637749467144e-01
-7.061089314936418226e+00 2.106248319887436882e+00 -1.493849269719079054e+00
-6.969212976096444301e+00 1.934680163771914874e+00 -1.555786180604645796e+00
-7.279758561769345881e+00 2.084873138085172162e+00 -1.457758999563417479e+00
-6.409688608807849519e+00 1.214842127845111586e+00 -4.274193167323195319e-01
-2.149855327928404236e+01 1.439757301690413271e+01 3.986434790073767331e-03
-6.313729093410562321e+00 2.017279935266748314e+00 -1.655991649989284165e+00
-7.099427840936060718e+00 2.156981985838652083e+00 -1.220957994461545626e+00
-6.418699825034170026e+00 1.902483309478307349e+00 -1.194027030846264825e+00
-6.493851695307382599e+00 1.803099589518611046e+00 -1.387149074500929169e+00
-6.337726356556705021e+00 2.038966072856948752e+00 -1.782971722494535616e+00
-6.444853063481821742e+00 1.791864455614313734e+00 -1.637776872637630943e+00
-6.833788433455270095e+00 1.333326617445415918e+00 -1.522803921907380120e+00
-6.846728061719292491e+00 2.250300910083727235e+00 -1.434941770927767868e+00
-6.215594245996367562e+00 1.892205213211324955e+00 -1.254185758401489270e+00
-5.693913809412044280e+00 1.166438333367853852e+00 -1.674759085596779551e+00
-6.710648511700251007e+00 2.199433105457225146e+00 -1.412278379497050151e+00
-6.948324265048630544e+00 2.274848462123716608e+00 -1.237489864352778968e+00
-6.586152998824108984e+00 1.445631264162000607e+00 -1.236560536459634152e+00
-5.795771521749502497e+00 1.852954540781209136e+00 -1.131898522630330861e+00
-6.655951982839974690e+00 1.607272878074252453e+00 -1.438837944337419739e+00
-6.409330140364164485e+00 7.446762240973373581e-01 -1.453806330067117347e+00
-6.524712804388861365e+00 1.478427481050229586e+00 -1.213979597729794024e+00
-7.059330609276660340e+00 3.089412439765927942e+00 -1.523305284837936480e+00
-6.606784893800393910e+00 1.404820244335302393e+00 -1.548899275513155427e+00
-7.683032008117688605e+00 2.159513612071153332e+00 -1.822998292457339797e+00
-6.585578235491090560e+00 1.778302113326252876e+00 -1.421556680037773468e+00
-6.363775855657408442e+00 1.762100798089012876e+00 -1.469731802714209223e+00
-6.465676336531367419e+00 1.430465147830926487e+00 -1.439260019216523467e+00
-6.304536755979634144e+00 1.426970883583039473e+00 -1.387147874776237799e+00
-6.331114045823878378e+00 2.125531257733021651e+00 -1.601081996839859078e+00
-6.814851203345869912e+00 1.408826428675864051e+00 -1.167677168630599782e+00
-6.641203798852420626e+00 1.977325134519394068e+00 -1.378788929286189235e+00
-6.087662262100592692e+00 1.912917326504684379e+00 -1.230471400078919864e+00
-7.434072898207221058e+00 2.350382643812128247e+00 -2.160934622286497575e+00
-5.654026814817625812e+00 6.711994085132190202e-01 -7.244562037441701907e-01
-6.745239546525409580e+00 1.546710068544039141e+00 -1.394200549823326529e+00
-7.311189282177414483e+00 1.741377493380499963e+00 -1.423632804503568661e+00
-6.570701118276701891e+00 1.580255526648437714e+00 -1.124994414607746851e+00
-6.900281602524488633e+00 1.824588002480007853e+00 -1.523870131102446068e+00
-6.552943654459795653e+00 1.731364141137333501e+00 -1.505474480315337482e+00
-6.710381262436981409e+00 2.317347007982797802e+00 -1.780660565998061218e+00
-6.982474746981475633e+00 1.866651632703113961e+00 -1.139941393763188371e+00
-6.475242378203263094e+00 2.647306549521096564e+00 -9.828165311657645065e-01
-6.111911512298292770e+00 2.077187757878513175e+00 -1.503119254568559438e+00
-7.370901442374591994e+00 2.173837539492438520e+00 -1.617660938157542638e+00
-6.345189786633903317e+00 2.412147513591395231e+00 -1.344204500069999142e+00
-6.963740709752818780e+00 2.220469394786103390e+00 -1.530560490115579375e+00
-6.234447337124471744e+00 2.156364260143420530e+00 -1.543712097955658002e+00
-7.356652194485955754e+00 1.608028499137625911e+00 -1.121345524669794314e+00
-7.340930831271537116e+00 2.082904885953486662e+00 -1.533448023122208070e+00
-6.358779072554095357e+00 2.136860193340383685e+00 -1.443872901081353577e+00
-6.241492021998293005e+00 1.532457693592222503e+00 -1.358208333401981438e+00
-6.358954106375017901e+00 1.978457612511545838e+00 -1.363452500685814917e+00
-5.923523490584984508e+00 2.346333962793843320e+00 -1.438953638100795240e+00
-6.821798380471129519e+00 2.036699312344302459e+00 -1.301562880636351727e+00
-6.768840314948109338e+00 1.915247725649005917e+00 -1.371567134862969661e+00
-6.194125186959658969e+00 1.648809879988021976e+00 -1.545141010775810342e+00
-6.683083321156065182e+00 3.369477311074557502e+00 -1.861428729745566946e+00
-6.681314685323858527e+00 1.490443766077860888e+00 -1.439623583917857719e+00
-6.189118645537678987e+00 2.083750701376738235e+00 -1.687687937310455411e+00
-6.722229265700436329e+00 1.583571116370305676e+00 -1.109463569209172551e+00
-6.560278103689038076e+00 1.720682288286076833e+00 -1.272140058477174929e+00
-6.322503555702454925e+00 1.535692863179852985e+00 -1.309837850202652643e+00
-6.631056980385539035e+00 2.421557252477470890e+00 -1.455481451970842777e+00
-6.947701751935254855e+00 1.513273314436877515e+00 -1.260807004989965563e+00
-7.310827270670384515e+00 1.830937101658151489e+00 -1.290264655683683648e+00
-6.487252806430324092e+00 1.544096133145489436e+00 -1.501425715806381067e+00
-6.629139521644951571e+00 2.316646333366096489e+00 -1.479156442162703256e+00
-6.433865601072233709e+00 2.236995322686186505e+00 -8.554383083710254132e-01
-6.715094111664661192e+00 2.705773396577274337e+00 -1.535801346208349960e+00
-7.156242244170860189e+00 1.727037818508800449e+00 -1.595341042452170344e+00
-6.991793929954366327e+00 1.997311175662671356e+00 -9.793923306120893013e-01
-6.997225255535154176e+00 1.713130337882923460e+00 -1.479524498343117944e+00
-6.753003986337315467e+00 2.399603632497237182e+00 -1.982358435396349927e+00
-7.727695643067244546e+00 1.833684531926386807e+00 -1.905738851546575408e+00
-6.613809131081293202e+00 2.250602951127264717e+00 -1.335657570908058256e+00
-6.633555509455502097e+00 2.447497804386167708e+00 -1.531772007689231163e+00
-6.476443219532786344e+00 2.170878018187133218e+00 -2.722606541860584858e-02
-6.390588242296905364e+00 2.379204119383016014e+00 -1.513052523454237130e+00
-6.768834106455933863e+00 1.599766941581782120e+00 -1.511267048184777417e+00
-6.732895087341053575e+00 1.481814383529879153e+00 -1.176199665605923705e+00
-6.011392391239708033e+00 2.117926268075744467e+00 -1.195708775242327215e+00
-6.689053118619282756e+00 2.076593209678382568e+00 -9.947303429734806191e-01
-6.370578327803921859e+00 2.232700602950429492e+00 -1.484076982709346293e+00
-6.537485725411968041e+00 1.329080801371670839e+00 -1.508707013011261422e+00
-6.764630643907916685e+00 1.674753594743362939e+00 -1.442340553904697842e+00
-5.987455802197872323e+00 1.760957035409736360e+00 -1.691396047805826530e+00
-6.749533313916652233e+00 2.075864884344188699e+00 -1.682455140447466579e+00
-6.549212819524083073e+00 2.046943355862446356e+00 -1.465269962721113650e+00
-6.506689078385702096e+00 1.459714304978122490e+00 -1.097835179527054450e+00
-6.822604699588325161e+00 2.760850379800582566e+00 -1.665246395751889485e+00
-6.777087896025296487e+00 1.910992461446867630e+00 -1.677116771508338600e+00
-7.060987149996922341e+00 1.795316685674060553e+00 -1.156229027292691169e+00
-5.991339846497716337e+00 1.603475806657330693e+00 -1.856060652155845592e+00
-6.535568364752302628e+00 1.778843399319441243e+00 -1.514793965167510859e+00
-6.127073755449010228e+00 2.232596800786465163e+00 -1.457442602387674757e+00
-6.301840920387551392e+00 2.090941096207357575e+00 -1.416841930425818186e+00
-6.619629132714298869e+00 2.205528741104131996e+00 -1.762872349932710581e+00
-6.284354486107658566e+00 2.002991270322927342e+00 -1.363349978241813032e+00
-6.124448452931960496e+00 1.819230842933934555e+00 -1.515071075620757490e+00
-7.162093792775277024e+00 1.741379454352718570e+00 -1.034424493758417718e+00
-7.079659819216883143e+00 1.996746391300745938e+00 -1.685265431932015279e+00
-6.926844343847007757e+00 1.347603164785044605e+00 -1.364072412345388674e+00
-6.570887027247851009e+00 2.029640333249788320e+00 -1.434120462457646905e+00
-6.883252552327967067e+00 2.081215899921444290e+00 -1.443887035295976728e+00
-6.941251263319171194e+00 1.920560417348573301e+00 -1.421382123195304326e+00
-6.864686984406136894e+00 1.243371142403911778e+00 -1.473786980343342545e+00
-6.536843974551215908e+00 1.672715772073625429e+00 -1.575594074861481841e+00
-6.976957580667182413e+00 1.777709860215549886e+00 -1.405236661102416962e+00
-5.954168355682373459e+00 1.645218927202474202e+00 -1.549971771492708372e+00
-6.261415700631410175e+00 2.144861642893711284e+00 -1.401356244930495043e+00
-6.943534165805051117e+00 1.593243165174900389e+00 -1.156123911713119012e+00
-5.826125487148638982e+00 2.305180009586364154e+00 -1.474782066876497044e+00
-6.775394981070700595e+00 1.469044547922422339e+00 -1.395006276432775527e+00
-6.478565227217919720e+00 2.835957877597970356e+00 -1.661962517284568897e+00
-6.253982591439759098e+00 1.682194143232039529e+00 -1.501663041872300264e+00
-6.555740766197967417e+00 1.678165120992109571e+00 -1.549967948886013192e+00
-5.736411249434175907e+00 1.820996272639921587e+00 -1.990307314444611508e+00
-6.853614863754986075e+00 1.574240982279634826e+00 -1.497211508242779932e+00
-6.747185362422535526e+00 1.367478602062665249e+00 -1.580091622042493649e+00
-6.134168571924253577e+00 1.875273718306955217e+00 -1.519398905649549825e+00
-7.762293049448662607e+00 1.686727245196462555e+00 -2.511350407533916584e+00
-5.768676976803640777e+00 1.943702935330467785e+00 -1.658750582431514298e+00
-6.061024608205530129e+00 1.847040775079459740e+00 -1.477375929466177240e+00
-6.958872726106278606e+00 1.448805563995427592e+00 -1.408932289944610616e+00
-6.636654925352889478e+00 1.706595532481000044e+00 -1.680887005148467228e+00
-6.386095039117108740e+00 1.695085864171054002e+00 -1.603550415231765447e+00
-6.085745580043928626e+00 1.949853564495373393e+00 -1.439908192998699210e+00
-7.019154734792419248e+00 2.492791415395061883e+00 -1.295404629022482546e+00
-4.611287678073028218e+01 1.507109298689640298e+01 9.802534769534720915e-02
-5.994074834371165394e+00 1.524267393084961508e+00 -1.261894032555153311e+00
-6.152293696658165167e+00 2.164628678712440468e+00 -1.380599559702672785e+00
-6.400189883254721046e+00 1.907776950740877497e+00 -1.328176766163447375e+00
-6.625689646940545963e+00 2.424715125218828593e+00 -1.455539260098005050e+00
-5.775838080226534110e+00 1.680742033595999496e+00 -1.730965411504715279e+00
-6.902110974013539568e+00 1.318801872016297727e+00 -1.333698177965092269e+00
-7.019723977040039031e+00 2.080366240875683559e+00 -1.238001355537034165e+00
-6.401489253653056544e+00 1.640450721392245459e+00 -1.373250427672317198e+00
-6.961710394780397770e+00 2.123786427062376969e+00 -1.516826866565119891e+00
-6.679244183088756337e+00 1.518865841134653394e+00 -1.642216816232666465e+00
-6.715362899516592599e+00 1.542964580920360040e+00 -1.477465572612993494e+00
-6.804141051134893203e+00 2.268852607688070844e+00 -1.105800925029385873e+00
-6.619315024523585222e+00 2.114708127466177423e+00 -1.556810926966342379e+00
-6.632153556586647625e+00 1.774335191511482224e+00 -1.576342456809765258e+00
-6.120810333083620769e+00 8.753738930921001193e-01 -1.446739567337419929e+00
-5.931550506989761828e+00 8.289501807812241774e-01 -1.499421676384115942e+00
-6.417080420911393190e+00 2.217810066649761325e+00 -1.535654823506517719e+00
-5.984958235103493784e+00 2.436003228059900660e+00 -5.374435404812297756e-01
-6.522605297410001945e+00 1.849271365904482156e+00 -1.378377366620448852e+00
-6.067818169098220693e+00 2.063841877941507974e+00 -1.362125849530112065e+00
-6.667592849934706578e+00 1.707878274432495846e+00 -1.592186449171764995e+00
-7.277825884390543010e+00 2.432275239256077803e+00 -1.133367554253254195e+00
-6.151371329204323501e+00 2.280017621331025257e+00 -1.246035755680136248e+00
-6.688760065762888729e+00 2.428784387843315073e+00 -1.432212200560708526e+00
-6.104894353905279125e+00 1.151531460760266912e+00 -9.969738997748912590e-01
-7.102997915065904166e+00 1.903610322218094231e+00 -1.366692080717194502e+00
-6.763698264850625641e+00 1.725653751833871707e+00 -1.502893598137368558e+00
-6.883078369571459021e+00 2.178855626397480094e+00 -1.336475694547006654e+00
-6.505352276993027871e+00 1.941660053297185495e+00 -1.546992471642903544e+00
-6.468253785562807501e+00 2.115545587050172927e+00 -1.557030923103379427e+00
-6.137912143521247366e+00 2.033370221729775551e+00 -1.459807777076127300e+00
-5.830317906083919866e+00 1.510733220161953438e+00 -1.618777753923884566e+00
-5.271731865786234650e+00 2.340414230222452208e+00 -1.353928471317688453e+00
-7.038264377497131186e+00 1.286449388148216633e+00 -1.308098690044675827e+00
-6.767382554353963187e+00 1.685385341641346013e+00 -1.696801420974977326e+00
-6.651318313232541968e+00 2.972196705532657912e+00 -1.579654566220481060e+00
-7.018827011589919174e+00 1.505389638001698671e+00 -1.447818817173492478e+00
-7.110034988193621786e+00 2.338212882213274835e+00 -1.811509661960271078e+00
-6.340881176881963732e+00 2.311102896041325572e+00 -1.542171838578088927e+00
-6.821079682215056117e+00 1.870200554868180820e+00 -1.046956572115532280e+00
-6.397135588758805724e+00 1.109603491642863649e+00 -1.376289177868392111e+00
-6.420596592223843047e+00 1.275457725432427303e+00 -1.222360056134720985e+00
-6.626964323994192441e+00 2.620903055338178245e+00 -1.474325627389078575e+00
-7.087071259612592655e+00 1.905541141692573603e+00 -1.174124810419396425e+00
-6.869317867290956059e+00 1.274635773086091328e+00 -1.637168608125605385e+00
-5.524385368094466564e+00 2.249537245105568406e+00 -1.374683750935793203e+00
-6.862332757374872472e+00 2.117996536469560542e+00 -1.330628494476717272e+00
-6.734663568237813536e+00 2.444778405997259707e+00 -1.009162517148920024e+00
-6.292906505758974589e+00 2.230759550097399568e+00 -1.599538921873020492e+00
-6.503535053745657990e+00 1.931834072134167135e+00 -1.924054589171253271e+00
-6.676442106162975954e+00 2.097548374342025124e+00 -1.448811437626542409e+00
-6.948074164811115061e+00 2.037621173092959204e+00 -1.360126146176554585e+00
-7.009156472530498228e+00 1.370096783592441803e+00 -1.230102492487866073e+00
-6.946594206806516070e+00 1.990567228530475852e+00 -1.713387754023085963e+00
-6.483710250795865271e+00 2.364524885155441236e+00 -1.343115869769422988e+00
-7.124241489820175133e+00 1.601669149053544405e+00 -1.197207531012997928e+00
-7.304855723533888678e+00 2.224326180195777880e+00 -1.471269565883492225e+00
-6.348632154796665539e+00 1.588356843957944742e+00 -1.115718494740742361e+00
-6.725410713537605112e+00 2.177659714366547927e+00 -1.249423022804965200e+00
-6.412677237551619669e+00 1.538802117662128710e+00 -1.599017937336992379e+00
-6.208610846347483836e+00 1.567652384407706156e+00 -1.519361132927554481e+00
-6.061610593289119997e+00 2.145978311065978250e+00 -1.325585711382401888e+00
-7.046994363007139661e+00 1.846344656566104581e+00 -1.651894506278849040e+00
-7.083936234167129697e+00 2.068304573471367647e+00 -1.530624585220354383e+00
-6.187575260368888053e+00 1.789756893306043262e+00 -1.278632189316643020e+00
-6.363402051187213360e+00 2.209433426102660913e+00 -1.482154974882187615e+00
-5.935840560861882942e+00 1.906261152385263724e+00 -2.018018184941562154e+00
-6.516002645947945204e+00 1.863905903660596497e+00 -1.453466145187261027e+00
-6.459815702679849281e+00 1.960140057445595163e+00 -1.401218890935207906e+00
-6.606975739642450662e+00 1.377812502086577906e+00 -1.338576289858610879e+00
-6.287099472798894695e+00 1.504134468806309188e+00 -1.487038253007690880e+00
-6.814140120318488592e+00 1.942927199275243044e+00 -1.250608038065644134e+00
-6.285590181323843950e+00 2.071040660192505989e+00 -1.219485531739352924e+00
-6.606574710184109023e+00 1.466581232280162128e+00 -1.668373342602039289e+00
-6.717613696012744384e+00 1.504149993820635745e+00 -1.312538081303939119e+00
-6.259347917705196274e+00 1.978429719086516769e+00 -9.868095476429383783e-01
-6.534530040868214762e+00 1.884945631033877023e+00 -1.459478839839903674e+00
-6.450291004824652674e+00 2.135315662879622156e+00 -1.234217036379176236e+00
-7.361625368689924898e+00 2.343133883441157472e+00 -1.143427173567091337e+00
-7.583267528891937559e+00 1.577069878384549817e+00 -1.816576116649842199e+00
-6.389926094841604787e+00 1.427505300298766988e+00 -1.655883177025846198e+00
-6.816034818061583955e+00 2.113120496537289394e+00 -9.955889835020662604e-01
-6.612068429959986560e+00 1.307652349900744637e+00 -1.226542820593200300e+00
-6.726975937051867582e+00 1.941153994025939022e+00 -1.501353907342899197e+00
-6.398301132155475024e+00 1.416419210065909873e+00 -1.384799139612870933e+00
-6.486845768055495398e+00 1.783141444779057228e+00 -1.413812412427517096e+00
-6.306204714227201080e+00 1.941619530938096361e+00 -1.304281514771870931e+00
-6.137370250872685062e+00 2.194006117975213499e+00 -1.553346546665420158e+00
-6.258307788003129701e+00 1.248323261512406912e+00 -1.479612420192926381e+00
-6.644911621125281442e+00 1.407838445184519616e+00 -1.401485303894226542e+00
-6.057827392797838328e+00 1.638408541259743112e+00 -1.350181485149613669e+00
-6.670267065505995241e+00 1.740514989893057862e+00 -1.316498346809092501e+00
-6.640965260385347513e+00 1.903306195425340963e+00 -1.517266848433001414e+00
-6.532452475825232696e+00 2.104856175119922401e+00 -1.454995452266737876e+00
-6.497160759227080362e+00 1.849009589321828351e+00 -1.387189726035354509e+00
-6.379019070955788351e+00 1.631963137380220585e+00 -1.510918188454839939e+00
-6.462961770638757208e+00 1.248459079602081800e+00 -1.599353128985886663e+00
-6.782509103622812674e+00 1.595783702854027375e+00 -1.348821249890334251e+00
-6.668488158971655366e+00 2.267356105428340651e+00 -1.668809401013950033e+00
-6.964890707729955999e+00 2.055159905775930884e+00 -1.228710762055080341e+00
-6.986902752972577346e+00 2.425870234001169745e+00 -1.349228823484128759e+00
-6.475048756937460404e+00 1.471259986488504090e+00 -1.510385523707367783e+00
-6.304599125358030243e+00 2.272029377795554250e+00 -5.238295408906515904e-01
-6.155232450974289726e+00 2.179619201975314002e+00 -1.380046569497648257e+00
-6.548653823240168315e+00 1.589951730504830962e+00 -1.643122453134047589e+00
-6.915507530389705337e+00 1.567862922611936494e+00 -1.263848623481937272e+00
-6.861365143239276598e+00 1.892330963049063230e+00 -1.526007154453300707e+00
-6.755064302916261809e+00 1.500222138608212186e+00 -1.404327757039629310e+00
-6.286439896296326602e+00 2.215750856166838645e+00 -1.502533320397227534e+00
-7.613414576843888781e+00 1.009917779667785620e+00 -1.620927795401877924e+00
-6.905221560736284125e+00 1.778188857973656223e+00 -1.164496238029436359e+00
-6.301468416100814984e+00 1.918952116157429888e+00 -1.724047523623917000e+00
-6.181438679503086675e+00 1.597166224980134164e+00 -1.345329645120048934e+00
-6.994555915745516828e+00 2.080357085828606678e+00 -1.196655597203003962e+00
-6.685875788618309556e+00 1.856450423144882400e+00 -1.123691697669354950e+00
-6.575087161627734211e+00 1.086366103732566701e+00 -1.825009790533751897e+00
-6.412276701922286826e+00 1.386778998019428277e+00 -1.444653037459327161e+00
-6.706895571768129116e+00 1.871033478437298170e+00 -1.286336935090982347e+00
-6.298977340700028904e+00 2.373409833808336256e+00 -1.303515279106806757e+00
-6.966452315508204762e+00 2.471470658037230095e+00 -1.535405576130085104e+00
-6.769132648063848734e+00 2.337081333599754451e+00 -1.535441531214182032e+00
-6.955143195082539975e+00 1.724251028524680596e+00 -1.322134078505956545e+00
-6.188665107375892482e+00 1.598274529927195653e+00 -1.402985090414517355e+00
-6.962748838849251776e+00 2.132214694030638569e+00 -1.453302863679362567e+00
6.259944797662306826e+01 -2.490445954494984449e+01 8.908644216163974505e-02
-6.407988032790187916e+00 1.488420350755293997e+00 -1.314193871642144185e+00
-7.044695704166207939e+00 1.937303744104466485e+00 -1.339996336479595485e+00
-6.519706705199260988e+00 1.754319556400457891e+00 -1.250588185115079076e+00
-7.207663154655509885e+00 1.743219815263137518e+00 -1.486316138040241208e+00
-6.496115225400564519e+00 2.434679530687988258e+00 -1.692228629241216309e+00
-6.692730149655162109e+00 1.780600801963922786e+00 -1.397874289426447092e+00
-6.696551968976780067e+00 1.671878226433935133e+00 -1.459360906616669062e+00
-6.434007734920287547e+00 1.906144742831248129e+00 -1.463646481588057213e+00
-6.914801038186843662e+00 1.691918929935571247e+00 -1.223282542310765830e+00
-6.774553584583373755e+00 2.706411931980043928e+00 -1.864101125804917825e-01
-7.304180774696165557e+00 1.564747562089467747e+00 -2.372532500716339587e+00
-7.314060083525322220e+00 2.474633938915629994e+00 -2.219063118644230670e+00
-6.178196655598253706e+00 2.032084984912399417e+00 -4.052466020961037474e-01
-6.986467739745207517e+00 2.194516253973193276e+00 -1.557867739826386044e+00
-6.589464457883063453e+00 1.451735630405329047e+00 -1.702261310255445359e+00
-6.946555400970194860e+00 1.529928027165465165e+00 -1.473896817573792095e+00
-6.634320190473164125e+00 1.561223104273664619e+00 -1.514249668299490814e+00
-6.741453743101614826e+00 1.461712630899815402e+00 -1.489353538592667947e+00
-6.978480550503979529e+00 2.735825242751822817e+00 -1.434889376434927977e+00
-6.272172719401156726e+00 1.502991142036586458e+00 -1.402525615974716811e+00
-6.602452554133320994e+00 1.769955385162159001e+00 -1.216847258751696748e+00
-6.550269210435502032e+00 3.063719439474598794e+00 -1.540675142672547571e+00
-6.650876123240757387e+00 1.733342146461726241e+00 -1.136847880779303432e+00
-6.377481289584031821e+00 1.822454391582716715e+00 -2.122564981571351872e+00
-7.010041753808962106e+00 1.493712675439072157e+00 -1.358568205056224887e+00
-6.609101295346794025e+00 1.175095934590608904e+00 -1.239153178149620116e+00
-6.091482857916878046e+00 2.282182248191691354e+00 -1.307691039125426391e+00
-6.749379407197747760e+00 1.495908379665670029e+00 -1.568664325252595360e+00
-6.211705830998683453e+00 1.979082769769765271e+00 -1.690170298949494221e+00
-6.259469451788784333e+00 1.666128307523528473e+00 -1.532309265296181611e+00
-7.078077109155903379e+00 2.289834399297773437e+00 -1.645568403303322214e+00
-6.337940044978193299e+00 1.378052964921866463e+00 -1.223391059073238418e+00
-6.657413234362528520e+00 1.746394403824090391e+00 -1.430557491557804983e+00
-6.944999630940946744e+00 2.558542475706837127e+00 -1.987399318357570666e+00
-5.765796945376703064e+00 2.070858371074134396e+00 -1.308357422959611327e+00
-6.918524170374696247e+00 1.409581538694716141e+00 -1.301175264101139595e+00
-6.623287932396435096e+00 2.210348971861619383e+00 -1.485545091352956204e+00
-6.413398471206792628e+00 2.212744981064786121e+00 -1.315101542073496166e+00
-6.501568637059692790e+00 1.820864429590268063e+00 -1.685387279914205338e+00
-6.541417395937515700e+00 2.128205450836130552e+00 -1.426411073141646613e+00
-7.118613124498518019e+00 1.981804234541174603e+00 -7.899388917750804762e-01
-6.900395315643434557e+00 2.806841008487371614e+00 -1.554409157714565115e+00
-6.628515984930506200e+00 2.293221606034374638e+00 -1.476802518460420766e+00
-6.393956716860226486e+00 1.909387025122953663e+00 -1.236620149146284930e+00
-6.754643175379286824e+00 1.904855975365621568e+00 -1.241840421150645524e+00
-6.900059512668287987e+00 1.445725349212409583e+00 -1.723359570600545787e+00
-6.833284687340347219e+00 3.018597932560266983e+00 -1.319810535481007907e+00
-6.243937082209352063e+00 1.776842160087380718e+00 -1.737105417948674457e+00
-5.938682695899631270e+00 1.799543304326360227e+00 -1.573634521470849590e+00
-6.727705362964909064e+00 1.457396347988416441e+00 -1.605136722393911475e+00
-6.600679530216129187e+00 1.740783247303917536e+00 -1.445195973597683370e+00
-6.344093662909652487e+00 2.093882261644213205e+00 -1.445539852931958746e+00
-7.557796584838801124e+00 1.090910613922608352e+00 -2.470239575145161570e+00
-6.710135357197299477e+00 2.178644337771945327e+00 -1.452682618634059786e+00
-6.629079540994710307e+00 1.417069959083237407e+00 -1.404431375148951222e+00
-6.554152975926356817e+00 1.559816906503302070e+00 -1.456162014730583820e+00
-6.656991068350999186e+00 2.258432167874980578e+00 -1.577603357496196512e+00
-6.132710417839496664e+00 1.722683461683300665e+00 -1.566288970838441097e+00
-6.756419752040692117e+00 1.776683285694362402e+00 -1.497049795079155254e+00
-6.121141025165905525e+00 2.033690707459676172e+00 -1.218394350365342937e+00
-7.383558013265313136e+00 2.600065488422663496e+00 -9.455099437662861650e-01
-6.633007545814418648e+00 2.884508762142021343e+00 -8.410013229372751420e-01
-7.394786337452797120e+00 2.337996709892470992e+00 -1.671401345239316383e+00
-6.665673190424187489e+00 8.790314172202599030e-01 -1.859226747753766285e+00
-6.519873856734675677e+00 1.041605274602206421e+00 -1.753376607672751053e+00
-6.012430847961652169e+00 1.533773253260621638e+00 -1.468637411495993916e+00
-6.846330718659670467e+00 1.165402252932389748e+00 -1.881052101867685122e+00
-6.864480167348860462e+00 2.124130751713512844e+00 -1.841938934651246029e+00
-6.570400557137960007e+00 2.064527638419480393e+00 -1.353236938064191541e+00
-6.587636899512662403e+00 2.053664104706493632e+00 -1.428625755642277229e+00
-7.234798453976505783e+00 9.904637813201102592e-01 -1.863834007919852098e+00
-6.542997791859385792e+00 2.121248190942590206e+00 -1.633359873834823395e+00
-7.022972244448863144e+00 1.505479089032891293e+00 -1.375583946261560664e+00
-6.640795347238971580e+00 2.142162491263122082e+00 -1.662410322578209643e+00
-6.020009485178651865e+00 1.572473490161531595e+00 -4.151115951802609727e-01
-6.433243347349941743e+00 1.846567943679428447e+00 -1.821001972068200248e+00
-6.232067123173955281e+00 2.012128082083960212e+00 -1.183339559719797762e+00
-5.952239247592646443e+00 2.838326576434371251e+00 -5.338259920089120092e-01
-7.163778384700504986e+00 2.414880365387961803e+00 -1.620345345937979520e+00
-6.671819451061139716e+00 1.925737657477830878e+00 -1.312099027604995527e+00
-6.453014641324008593e+00 1.616200193548623654e+00 -1.482396629362834561e+00
-5.868420600910543961e+00 2.217622833594961929e+00 -1.636419134908590811e+00
-6.173020008050218443e+00 1.588541834501001615e+00 -1.508406756567124640e+00
-6.029018733420060450e+00 2.070965732522147107e+00 -1.613306809343652892e+00
-6.202518742447630906e+00 1.184960283721017138e+00 -9.869877433177761672e-01
-6.299951308466395616e+00 1.801734449716236419e+00 -1.534057346185127901e+00
-6.338772797241379209e+00 1.737405318893217254e+00 -1.488726906570978725e+00
-7.204412004511929979e+00 2.035536732990863129e+00 -1.296479260776549847e+00
-6.431710757899409714e+00 1.363709615450930945e+00 -1.427481678723746317e+00
-6.562489128661929350e+00 2.328820935593333363e+00 -1.423071223327559753e+00
-5.617499993307190742e+00 1.947919837350866601e+00 -9.458866090506333757e-01
-6.852968162041230826e+00 1.620226409649423882e+00 -2.149257006849616403e+00
-6.854961431484000833e+00 1.502843962714301984e+00 -1.431652873190773834e+00
-6.529523246513326384e+00 1.747234757406840089e+00 -1.256157380634914666e+00
-6.689992640556909009e+00 1.761125235989516202e+00 -1.494602241850369495e+00
-5.823463312460263275e+00 2.035102332931313818e+00 -1.499254785270736745e+00
-6.378683010080715476e+00 9.107750967282582932e-01 -1.248979707252084292e+00
-6.572260162763815750e+00 2.252457543093866477e+00 -1.292609563078679136e+00
-6.342850672767037956e+00 1.725265918313103386e+00 -1.364213488651366157e+00
-5.952115516824249219e+00 2.028989986768477749e+00 -1.453354160286573604e+00
-6.974911788904042176e+00 1.481215163469171259e+00 -1.609446611381977865e+00
-6.382731990890469831e+00 1.918876832153882717e+00 -1.701677329062546873e+00
-6.711904349686067306e+00 1.923902085051955257e+00 -1.394806299213014356e+00
-6.046958665804446298e+00 1.691363412226907670e+00 -1.350430055126164763e+00
-6.847727743626134789e+00 2.370779687140151193e+00 -8.720601921373578591e-01
-6.413716500767512763e+00 1.642639764828710103e+00 -1.464711428106025837e+00
-6.579218607461736923e+00 1.696149529709542136e+00 -1.543720947120347908e+00
-7.015445934517118509e+00 1.690571725083023225e+00 -1.444171540072523241e+00
-6.341523505831018426e+00 2.027265841839456684e+00 -1.350881428055768163e+00
-6.428152833616064932e+00 1.520997482426003300e+00 -1.473280036119076764e+00
-7.246821232542629332e+00 2.312783574700110645e+00 -1.881618022169137427e+00
-6.709452928847926323e+00 2.107631836329714403e+00 -1.264087354874298574e+00
-6.400331829532988515e+00 1.388461737294869547e+00 -1.409397527099676362e+00
-7.192088290477463453e+00 1.686029608007534542e+00 -1.110849035602504253e+00
-7.084677598797704867e+00 2.130940447998315168e+00 -1.524571928666670573e+00
-6.770062336683249526e+00 1.500584295988631967e+00 -1.434176354262999942e+00
-6.787101241039270150e+00 1.863346867896513270e+00 -2.268293674665854631e+00
-6.623034631157479701e+00 1.907341370902738698e+00 -1.453449419116689123e+00
-6.316441505369755127e+00 1.849129203526921117e+00 -1.209385940737052190e+00
-7.094413579211914289e+00 1.266810952433179649e+00 -1.289792433720288178e+00
-6.967483877410439952e+00 2.570563783297945992e+00 -1.780115886622410271e+00
-6.935205523623973356e+00 2.266593688361253189e+00 -1.025649973299790352e+00
-6.561703952611788182e+00 2.317241962050520687e+00 -1.492327339566412059e+00
-6.690118220982276043e+00 1.613869994725808832e+00 -1.338073803362759273e+00
6.260261205077340918e+01 -3.354764759414873510e+01 -7.117917041970271974e-01
-6.839401958199720966e+00 1.794506359300355181e+00 -1.454638631211221167e+00
-6.491233351008822261e+00 2.201677321150927735e+00 -1.372094936781788510e+00
-6.269110246356722094e+00 1.942718802460612348e+00 -1.351925528568904689e+00
-6.684591788740552154e+00 2.168755651601755208e+00 -1.251945501730466814e+00
-6.773335305525327144e+00 1.229611641634463570e+00 -1.459503598412265513e+00
-6.071843577697874750e+00 2.003451158034494917e+00 -1.405824979227441984e+00
-6.767530190929308631e+00 1.838677649054232699e+00 -1.696258830231647918e+00
-6.480482974816053066e+00 1.945572414839985997e+00 -1.413291387382324071e+00
-7.069472328899093050e+00 1.913009582910436990e+00 -8.896162241841790719e-01
-6.386273090458025159e+00 1.755769373668598643e+00 -1.224274560169018589e+00
-6.493974883158273315e+00 1.557385742130226847e+00 -1.204189137758811645e+00
-6.643947252770255218e+00 8.312511803483514372e-01 -9.187068941398423005e-01
-6.354408810450091316e+00 2.068286965315636383e+00 -1.373373399766449898e+00
-7.258844833539862762e+00 1.946644243537893892e+00 -1.420537077834404416e+00
-6.498871203956563924e+00 1.837421608948369478e+00 -1.445390251339682131e+00
-7.292923158168150621e+00 2.584950109080683234e+00 -9.817357773811443700e-01
-7.210313926033473209e+00 2.085502318677216138e+00 -1.679016310522782884e+00
-6.303816195535947742e+00 1.870093461570063509e+00 -1.427090583240840704e+00
-6.277019030729994675e+00 2.135292995050990239e+00 -1.410839005956391778e+00
-6.849810803976039253e+00 2.067647378932387259e+00 -1.267387845445188121e+00
-6.732295840947849719e+00 1.712290985627608508e+00 -1.166223430151442475e+00
-6.846475854978006481e+00 2.278249850275216648e+00 -1.723389651881846785e+00
-6.721450518063864621e+00 1.962874766875313925e+00 -1.412230113308196033e+00
-6.451883535043929641e+00 1.759619005176193740e+00 -7.669851870674720962e-01
-6.270595122951654332e+00 1.680998217341655554e+00 -5.355862743452126651e-01
-6.644556910227797708e+00 1.431418649096904527e+00 -1.411492978984981050e+00
-6.543890106124652384e+00 1.388280540393642237e+00 -1.348130970909760196e+00
-6.645527964576333879e+00 2.232337272776565573e+00 -1.873679183019505645e+00
-6.544925142690072306e+00 1.762366990801352173e+00 -1.364287057133599212e+00
-6.908709663696488867e+00 2.416309156594051100e+00 -9.406506837748799255e-01
-6.951669000359730788e+00 2.071344912510530989e+00 -1.273357495465452072e+00
-6.512098673147685979e+00 2.282528614100059805e+00 -1.519970068614219239e+00
-6.356023888225114327e+00 1.825057402972086074e+00 -1.298635194591824860e+00
-6.926612999192177433e+00 1.898983820273284273e+00 -2.139178296842338067e+00
-6.633071373956505035e+00 1.502121537907609383e+00 -1.073895857648401231e+00
-6.682201931070915535e+00 1.941109954061269960e+00 -1.387974871420682321e+00
-6.937147931139618251e+00 2.272821496188723422e+00 -1.392942072179462532e+00
-7.255653506383850981e+00 2.034593574120291404e+00 -1.407420820138039153e+00
-7.062213526158362065e+00 1.643381870543809464e+00 -1.677684606866426842e+00
-6.515201161324951862e+00 2.084281210274310681e+00 -1.279388641375919011e+00
-6.609795160088309807e+00 2.245085116215044696e+00 -1.423562937801659212e+00
-6.520673641802500420e+00 1.469587495517966858e+00 -1.464779494423512185e+00
-6.706107262605893737e+00 1.358137276804613158e+00 -1.314936257654335305e+00
-6.482704825314782759e+00 1.536391911887662109e+00 -1.919081504691169560e+00
-6.794690999381956864e+00 2.149675342023604330e+00 -1.348935285237063741e+00
-7.296899464015222492e+00 1.851708398634580810e+00 -1.488485047625835334e+00
-6.721988715716578966e+00 2.123689430920577603e+00 -1.446035127725285419e+00
-6.726737626898600553e+00 1.452590701968996312e+00 -1.417877233758356503e+00
-6.388245038495441008e+00 2.852769018612636209e+00 -1.750161380149993340e+00
-6.135048008416947418e+00 1.836953021868075409e+00 -1.242976553937965134e+00
-7.092606129743538546e+00 2.297972869669072438e+00 -1.362348326096356033e+00
-6.375723512620093736e+00 1.791332819263221632e+00 -1.451000233875216816e+00
-6.796898480128263920e+00 2.006772373464132286e+00 -1.529789880189168061e+00
-6.708715525883546249e+00 1.991330993305032937e+00 -2.200532221868952476e+00
-6.948461408645482784e+00 1.736996945670856940e+00 -1.647690711245008988e+00
-6.441176863497862115e+00 1.513130222621601906e+00 -1.377521965628762057e+00
-5.814512651047813563e+00 1.816288293006133925e+00 -6.665728349328398084e-01
-7.123385989954678976e+00 1.741061858137776142e+00 -1.287855634300347107e+00
-6.203355944188071902e+00 1.997655007700030572e+00 -1.344309215984265560e+00
-7.423209805904120273e+00 2.788544752231547186e+00 -1.063318673271940185e+00
-6.355045260896918791e+00 2.052421215816289113e+00 -1.324582557659140569e+00
-6.934418756940034179e+00 2.466851800752347668e+00 -1.275440352107725550e+00
-6.893922505695621261e+00 1.845130438428035147e+00 -3.002815258611655769e-01
-6.811167821323778071e+00 2.359812264528576620e+00 -1.150958653963064959e+00
-5.787119308361398318e+00 2.551132749512183384e+00 -7.599085267724089432e-01
-6.329738271620851897e+00 1.971103248693361953e+00 -1.292166684209840932e+00
-6.667927785907282967e+00 1.821012572377028738e+00 -1.465220073855671989e+00
-6.610431387664733371e+00 2.024326463756835448e+00 -1.376862306478241704e+00
-6.990693815595863114e+00 1.542664631611210924e+00 -1.467162624783896696e+00
-6.560650932662511536e+00 2.728494302403500882e+00 -1.564754412563349240e+00
-6.711447450163242401e+00 2.268277596114512296e+00 -1.371987586983733243e+00
-6.792708236653745679e+00 1.614874323454049465e+00 -1.156094554914894434e+00
-6.696151206880451845e+00 3.004944104236704217e+00 -1.480497027913455277e+00
-6.652080893784234839e+00 2.195189539812394397e+00 -1.680184146391262789e+00
-6.092803837565980096e+00 2.136078892296519260e+00 -2.173264806634194635e+00
-6.574627991368478419e+00 2.030117469103741801e+00 -1.904048647005394557e+00
-6.808324484101170526e+00 2.330818841658480522e+00 -1.347181139585005072e+00
-6.375141690934059469e+00 2.115760027707434432e+00 -1.310618623169799157e+00
-6.893248484917078756e+00 2.308395291720818143e+00 -1.208609227870550695e+00
-6.816390397091500297e+00 1.027120061858104672e+00 -1.296254352424421663e+00
-6.696367968662817916e+00 1.547851593221343247e+00 -1.319414673515456604e+00
-6.890100076483279601e+00 1.942307954852442009e+00 -1.443030247395017174e+00
-6.673178677842873441e+00 1.762702618098917373e+00 -1.501926022812534178e+00
-7.236350739977279289e+00 1.916788603142910663e+00 -1.357425436194273027e+00
-6.321020349328496657e+00 1.463676911595883201e+00 -1.319990315409597548e+00
-6.285824167249436378e+00 1.247411857240189326e+00 -1.245609210333254557e+00
-6.960398547897495902e+00 2.014164695381747361e+00 -1.765331540918328335e+00
-6.530435978564624655e+00 1.651831668065457226e+00 -1.299745337373054754e+00
-6.423087977707473861e+00 2.338967837813534345e+00 -1.670166569773956944e+00
-6.496513685340717714e+00 2.045884718020642978e+00 -1.192909827234059250e+00
-6.801865119221072398e+00 2.053961854801044762e+00 -1.769609364509752591e+00
-6.562721805241383599e+00 1.963357549634474619e+00 -1.665497496446650461e+00
-6.676123942460455041e+00 1.763333881825632110e+00 -7.540461937364931755e-01
-6.326974265322796498e+00 2.124742713079843526e+00 -1.629410928193680386e+00
-5.872079642023826374e+00 1.513158524477155042e+00 -1.463359859566145449e+00
-7.099595516906073378e+00 2.159526080092302180e+00 -1.359611119830585801e+00
-6.876045761494771646e+00 1.657704156373948079e+00 -1.591252864071039053e+00
-6.738492307682176552e+00 1.717700718057192821e+00 -1.457441328967684857e+00
-6.300479512708143659e+00 1.370367526109191658e+00 -1.384278445226029497e+00
-6.784323464335197507e+00 1.872855025973712895e+00 -1.669613133347643830e+00
-6.783361203821359098e+00 1.474831055681744552e+00 -1.352848317745587448e+00
-6.218240176167667776e+00 1.600702743163705755e+00 -1.398924414374911773e+00
-6.916205307596202445e+00 1.441570094910817890e+00 -1.393192571167628291e+00
-6.341496127373509317e+00 1.089065028494792253e+00 -1.576532066571915136e+00
-6.223997563984103643e+00 1.602794678742720746e+00 -1.437824671512814012e+00
-6.883735643696049955e+00 1.571862233449317081e+00 -1.759385247190200507e+00
-6.074925759919500123e+00 1.621493699218746531e+00 -1.187168843401838814e+00
-6.500128859860029529e+00 1.550029477726002192e+00 -1.491108403675527994e+00
-6.872609240494478300e+00 2.805736417357241663e+00 -1.477847189141620943e+00
-6.994126312858433003e+00 2.181228266100350588e+00 -1.855315035810058077e+00
-7.014787695350809038e+00 2.141411667664227636e+00 -1.435613877152157380e+00
-6.978989655081234034e+00 1.708858503487521663e+00 -1.910431712961860873e+00
-6.476044807457309815e+00 1.900745031617000480e+00 -1.403507018471414458e+00
-6.648601706805609801e+00 1.083290522030150305e+00 -1.492344780094345014e+00
-6.594306652220401688e+00 1.462913255543509594e+00 -1.586074469866111114e+00
-6.383562923204955553e+00 1.897664400307150334e+00 -1.523955627755167574e+00
-7.231236128756049375e+00 1.104333566675763878e+00 -1.650798430859371946e+00
-6.593299613045058294e+00 2.414426261289254860e+00 -2.014866953524354187e+00
-7.596309687177210890e+00 1.516332309080252072e+00 -2.055571220230115959e+00
-6.628414636180286479e+00 9.320993532911732160e-01 -1.261634920212489019e+00
-6.453846017243797029e+00 2.231908542075980773e+00 -1.681882674507439113e+00
-6.561099216765102327e+00 2.241914361649681275e+00 -1.377143177743713531e+00
-6.595940287209841379e+00 1.557629590859720414e+00 -1.500662252834315424e+00
-6.650112542462883525e+00 2.341027371840756377e+00 -1.128853507635163567e+00
-3.197746135905489595e+01 -7.064604811353973446e+01 -6.600355811607616641e-01
-6.456677510358955985e+00 1.710897465892249780e+00 -2.028409679196714333e+00
-6.499458301911959168e+00 2.402157691502835757e+00 -1.449139805422679173e+00
-6.069084251607299585e+00 1.886514912911334996e+00 -1.434172561151963343e+00
-6.930600266420250399e+00 1.948498892144588046e+00 -1.676632887544009742e+00
-6.341063773144935745e+00 2.294108131398757688e+00 -1.501837903211191927e+00
-6.678097592217626222e+00 1.433296146176310293e+00 -1.632683034827957513e+00
-6.420194637738361187e+00 1.903705742084144559e+00 -1.390483414248193439e+00
-6.905937147290392986e+00 1.883236483859211274e+00 -1.475313525896408962e+00
-6.629642249840539847e+00 2.245360039995141221e+00 -1.443321955882411967e+00
-6.241134014683049180e+00 1.749931490271729118e+00 -1.266184051998212157e+00
-6.606431725551171752e+00 2.227166807235807511e+00 -1.369616973393587012e+00
-6.757339077348095913e+00 2.155679298398963439e+00 -1.340892577382798434e+00
-6.178645255779584566e+00 1.782428400714960226e+00 -1.365096727605535243e+00
-6.552947545644792982e+00 1.894759113250206628e+00 -1.538856497807044477e+00
-6.492647801380289074e+00 2.375168067336883571e+00 -1.327236614489874844e+00
-6.440411782924695849e+00 1.604775772102922327e+00 -1.441953319442137449e+00
-6.639885641167139418e+00 1.382964719980081414e+00 -1.650639016949399185e+00
-6.917648649066196143e+00 2.015889317943492465e+00 -1.667383052451136605e+00
-7.093425447791689820e+00 2.949617182729530107e+00 -1.013935938150440030e+00
-6.679350937334334049e+00 1.818908530182858030e+00 -1.725773534051407765e+00
-6.987923334913564766e+00 2.147707775673860731e+00 -1.464106635241908760e+00
-5.938249484868284966e+00 1.178451651177378601e+00 -1.405319577396848763e+00
-7.129237288879259005e+00 1.905381211239159045e+00 -1.242748016480328621e+00
-6.112552585518243653e+00 1.942464402141450774e+00 -1.360923489873800296e+00
-6.122664349981308263e+00 1.152614690431060795e+00 -1.613373895362572918e+00
-6.150793231422151841e+00 1.400335906804574870e+00 -1.443360937664210697e+00
-6.392370962037146498e+00 9.811785064968086001e-01 -1.981250511261197556e+00
-6.981680517602567804e+00 2.479953694932421016e+00 -1.278316116318082285e+00
-6.658197355159971131e+00 2.371463997619664532e+00 -1.274609619515547188e+00
-7.114726202528792953e+00 1.831789124163730520e+00 -1.312823917104824378e+00
-6.526797290737886392e+00 2.015347605278603016e+00 -1.407478625097973612e+00
-7.540440177285283596e+00 1.747294939526653712e+00 -1.369861498271184530e+00
-6.491922169098918616e+00 1.885403412098071163e+00 -1.462669650744602645e+00
-6.085555537677242555e+00 2.044461863547332836e+00 -1.243437514022159629e+00
-6.758157035111683086e+00 1.382236745961218594e+00 -1.011241196795575892e+00
-7.199613523532402581e+00 2.126575078211216052e+00 -1.347271566784992158e+00
-5.896736759797449601e+00 2.394361262128150258e+00 -1.501231643930309279e+00
-6.884170932362444262e+00 2.215969278025415434e+00 -1.490375135098450210e+00
-6.313430796621274155e+00 2.112921560177134950e+00 -1.275225768278783978e+00
-6.389534706150782561e+00 1.905694970248576370e+00 -1.503770017352159094e+00
-6.512932738766122220e+00 1.460519925665317187e+00 -1.085130294283465524e+00
-6.238292566841560749e+00 1.998885454256921657e+00 -2.337102396890244460e+00
-7.177319505817925105e+00 2.097331985161690060e+00 -1.386901470330724973e+00
-6.996484573861187606e+00 1.573191273414833669e+00 -1.422585041885284562e+00
-6.523494623361806077e+00 2.067976301633460245e+00 -1.294454922593686996e+00
-6.541663309753733557e+00 1.792615521253769106e+00 -1.395651251588857944e+00
-6.889494780804679586e+00 1.459693636871689293e+00 -1.365504922294906054e+00
-5.992445226101023259e+00 2.691300277887671122e+00 -6.587092681056844201e-01
-7.329851554568659111e+00 1.539316377972524741e+00 -1.488584342916279502e+00
-6.958825718268532690e+00 1.695403287111806767e+00 -1.734075399259781491e+00
-6.374697045522201400e+00 2.027896880959734638e+00 -1.485858998458556179e+00
-6.457844631745686570e+00 1.225965965336234254e+00 -1.632245803919993410e+00
-6.784446726058118493e+00 2.165575812124619137e+00 -1.357807692321894466e+00
-7.170673453366783967e+00 2.242348119972782605e+00 -2.232594574288570222e+00
-6.747853681621871935e+00 1.977045389819660715e+00 -1.354536291777670431e+00
-6.637820076439444605e+00 1.720225959543824956e+00 -8.610746218864516743e-01
-6.590391629408560270e+00 1.418373225257441028e+00 -1.428315966556899186e+00
-6.691948742501996783e+00 2.133839795918847759e+00 -1.378485780330204191e+00
-6.741950240660693261e+00 1.582658668358780440e+00 -1.200915689136168973e+00
-6.528771282935539766e+00 1.640026788128880142e+00 -1.500116841490714226e+00
-6.291511050042547737e+00 2.358233634976076853e+00 -1.202270561238071300e+00
-7.114647079988190903e+00 1.985714937572340411e+00 -1.499586837162424802e+00
-6.779303118870170231e+00 2.398232661865777438e+00 -1.138551753787255150e+00
-5.993124267505236524e+00 1.720561448925862491e+00 -1.359644937157067135e+00
-7.364661961658304001e+00 1.628794832191156949e+00 -1.660714889052524956e+00
-6.611650311614309494e+00 2.298124809429684223e+00 -1.455164243480690178e+00
-6.241853936251586354e+00 1.576792618071303442e+00 -1.354445176102699655e+00
-6.621377883948888154e+00 2.247512047847074701e+00 -1.572505278068058399e+00
-6.511073620508781801e+00 9.760986746319995078e-01 -1.829417625070562492e+00
-6.958298082390365735e+00 2.194331574666560591e+00 -1.450726918179529257e+00
-6.525697362212604880e+00 2.187755326283053581e+00 -1.449261060855338901e+00
-6.891526770081918940e+00 1.530781803012539077e+00 -1.111028913611837865e+00
-7.000565055535557413e+00 2.090083666806677343e+00 -2.401132766337048086e+00
-6.996461802972149258e+00 2.365932698158085934e+00 -1.466380144436609800e+00
-7.037798588289235546e+00 1.945690436572725890e+00 -2.106641548199006397e+00
-6.313372310304091073e+00 2.164054758136294776e+00 -1.464399659411240284e+00
-6.334932355704419926e+00 2.014793995612190969e+00 -1.592900072996631389e+00
-7.028671597332150967e+00 2.246162824074699138e+00 -1.204517191828167633e+00
-6.430330116838841370e+00 1.697006863175009705e+00 -1.389469871420894176e+00
-6.222020030174564731e+00 1.620159100117383399e+00 -1.958401383688454622e+00
-6.344670848611072778e+00 2.484306524517486459e+00 -1.769758079227544689e+00
-7.326070010326168003e+00 1.798901264947574852e+00 -1.164616425093512930e+00
-6.236599641776657599e+00 7.484043892704191903e-01 -1.426431237674888886e+00
-6.572920831890690430e+00 2.345438164770373479e+00 -1.476340802433466770e+00
-6.152437913514261503e+00 1.459128114814529198e+00 -1.531229544322296965e+00
-6.567988940694236000e+00 2.071385954859368272e+00 -1.846850558366186945e+00
-6.644050371203622518e+00 1.806946207683366445e+00 -1.477399398639171801e+00
-6.342429369693456387e+00 2.288858703474597966e+00 -1.509268986202033647e+00
-6.428901828540663388e+00 2.023802486569514336e+00 -1.471433686177770817e+00
-6.333969838277659470e+00 2.095627456571528047e+00 -1.416434155210786860e+00
-7.750244035269489018e+00 1.217252253855185762e+00 -1.815106036428580483e+00
-6.521927260093338674e+00 1.790555986331318516e+00 -1.427583035069328377e+00
-6.177866617382370862e+00 2.098382297728210499e+00 -1.401694907400974799e+00
-7.354602121854030727e+00 2.161720427595142269e+00 -1.422039103963997686e+00
-6.625993219028227799e+00 2.152659062656827160e+00 -1.455108938266606700e+00
-7.199192713521425979e+00 2.276498915518498034e+00 -6.198373393178544521e-01
-6.342279745900293086e+00 1.906845961500371223e+00 -1.370904867201969912e+00
-6.937825189581750429e+00 1.670443250907462707e+00 -1.213132145452950228e+00
-6.994030607013279166e+00 1.868910779866623351e+00 -1.639890165027974911e+00
-6.507003936332430349e+00 1.725923674623116133e+00 -1.540938429902652951e+00
-6.586572556522686916e+00 1.661669639792845210e+00 -1.415014699339750992e+00
-6.852081637976277229e+00 2.455671987233301490e+00 -1.866907746096231335e+00
-6.562645948536133034e+00 1.553792251167167127e+00 -1.672902489765313305e+00
-6.280162837213463689e+00 1.467093325441843232e+00 -1.445320827849229772e+00
-6.528938315341943799e+00 2.843092962230520993e+00 -1.184098065831454605e+00
-6.880683736522987815e+00 1.368186817258211896e+00 -1.583447339741385518e+00
-6.934091845213655070e+00 1.973837435375705551e+00 -1.561068096443813946e+00
-7.091062863977165343e+00 2.171915200744370278e+00 -1.255935730716954746e+00
-6.215498935211674514e+00 1.568184712949751924e+00 -1.376871426343297733e+00
-7.061448100134120942e+00 2.311781188780758445e+00 -1.583849778421781318e+00
-6.790762870455634648e+00 1.690850080168767366e+00 -1.461165680234199682e+00
-6.636605493788835020e+00 2.294244894947616409e+00 -1.058546834096331102e+00
-6.653323435092275417e+00 2.351465799793499567e+00 -1.045395602027331394e+00
-6.762953326737362048e+00 1.949705240638119896e+00 -1.453217857841686111e+00
-6.370791778021223095e+00 1.645607753311305377e+00 -1.584489603765604215e+00
-6.467934862385101624e+00 2.286895352792562619e+00 -1.568356461147070613e+00
-6.779847047267082871e+00 1.626159395954003051e+00 -1.421391156006083678e+00
-6.893514833845170386e+00 1.629002104331224388e+00 -1.361303944156066370e+00
-6.282995234575052379e+00 1.518172248813319358e+00 -1.380491152650245468e+00
-6.642434721671536479e+00 1.581423278118250897e+00 -1.467190115548989038e+00
-6.892393147784265928e+00 1.951195018330966979e+00 -1.433279124519182490e+00
-7.306722554743992681e+00 1.885962574284545168e+00 -2.011636752576532405e+00
-6.610038650795688753e+00 1.736723161727874221e+00 -1.437199155905460879e+00
-6.342485402588736498e+00 2.365403442215291641e+00 -1.261749586006617907e+00
-1.228388078421484586e+01 -8.020231109800519675e+01 -7.523885692792182667e-01
-5.702183649649009034e+00 1.422269275427688440e+00 -1.433075166506184717e+00
-5.966915281375286817e+00 1.947691027624028015e+00 -1.220580902214162267e+00
-7.298184272477556966e+00 1.454767138871906118e+00 -1.368996249936386356e+00
-7.035680016628557354e+00 1.855463153579733682e+00 -1.161969531113479448e+00
-6.321760294949442027e+00 2.197139109689709269e+00 -1.601008389041794100e+00
-6.366463254636306246e+00 2.966395863541739786e+00 -4.631931957139963085e-01
-6.897559619002767484e+00 1.747333407483807388e+00 -1.512583070440004729e+00
-6.802747863439505771e+00 1.976448378069633804e+00 -1.376954444543416756e+00
-6.596713730506838402e+00 1.908248559280841139e+00 -1.465532550665101352e+00
-7.073165405501783631e+00 1.924842905243328461e+00 -1.316519285790180627e+00
-6.965960697934082013e+00 1.410126172753285445e+00 -1.313272889022041534e+00
-6.568550839002308628e+00 1.778748203394407978e+00 -1.447754268010595036e+00
-6.223993045655885403e+00 2.051240337413223980e+00 -1.480623153602343089e+00
-6.554964562254127713e+00 2.079877997984976190e+00 -1.897032183373557723e+00
-7.093350070673326790e+00 1.988404707201173460e+00 -1.405810377716190329e+00
-6.875601386017837768e+00 2.264850824845016319e+00 -1.309365288325411880e+00
-6.650166066112920937e+00 1.805520789293406203e+00 -9.211568101664688868e-01
-6.740482673065450570e+00 2.321173177524952003e+00 -1.302222035085832674e+00
-6.504679849698551841e+00 1.786631342629284802e+00 -1.413045371892711177e+00
-6.224583186260933765e+00 1.889687143559836802e+00 -1.555369194012341305e+00
-6.220770387786251021e+00 1.456205927536777356e+00 -1.476641532199065354e+00
-6.702382507369897269e+00 1.759946052168982478e+00 -1.484407729585947022e+00
-6.834013686340637328e+00 1.390617276078240927e+00 -1.053094446524670547e+00
-6.722644782727721591e+00 1.421519110189095603e+00 -1.314986766107126615e+00
-6.157477968619937236e+00 1.340714883159843884e+00 -1.276035948356867733e+00
-6.553776584188613086e+00 1.933326515867878292e+00 -1.462449049473152574e+00
-6.469034817718533503e+00 1.510730596319585617e+00 -1.492611567104499493e+00
-6.666132180526540552e+00 2.030480293134576009e+00 -1.448999336942343952e+00
-5.887992268071809754e+00 1.872696885715132931e+00 -1.464497390055082615e+00
-6.196135778171258046e+00 1.914693961774494912e+00 -6.895298157313121123e-01
-6.759103742332957410e+00 2.580273645118326797e+00 -1.222702131398876402e+00
-6.292095315599002703e+00 1.274904331105938260e+00 -1.324673194296531076e+00
-6.698111109193304991e+00 1.325944622287119179e+00 -1.463623944992162862e+00
-5.931044288307243839e+00 1.495746156003551874e+00 -1.049456310665274117e+00
-6.490115883053451107e+00 1.586584724093750287e+00 -1.133798012543448364e+00
-6.987889842471321167e+00 2.133906912695090252e+00 -1.521743335164767785e+00
-6.225972885216648933e+00 2.200361464645086418e+00 -1.607582615627503042e+00
-6.445877182978019704e+00 1.412005175718939576e+00 -1.335046159611683381e+00
-6.909343759915821614e+00 2.164096262458496067e+00 -1.174856427259495462e+00
-6.278547606954586691e+00 1.914684258561601959e+00 -1.410021056915752080e+00
-6.997280731933364528e+00 1.839908777739075907e+00 -1.852659220599660594e+00
-6.355695546282161601e+00 1.783551393864210466e+00 -1.920912945620106616e+00
-6.297694271971638891e+00 1.899625786370750191e+00 -1.577841856576158497e+00
-6.982906925110999197e+00 1.834852963775641888e+00 -1.696936014976067941e+00
-6.629798505228100325e+00 2.245567177915342771e+00 -1.282746308524776335e+00
-6.891883473314801556e+00 2.082021732190952434e+00 -1.346927478562778946e+00
-6.797770652583939643e+00 1.589425763301475669e+00 -1.436613600980343408e+00
-6.405191200171093335e+00 1.662946159853206929e+00 -1.449976374630036702e+00
-6.474175470032141888e+00 2.133418278582456029e+00 -1.546549049420214983e+00
-6.424571118517593327e+00 1.716061065441113698e+00 -1.207358085896518940e+00
-5.969472192203105543e+00 2.430387485787977031e+00 -1.391821929155089732e+00
-7.286306850795453371e+00 2.170632041308289129e+00 -2.602038525355772958e+00
-7.179069410768119219e+00 2.008269572677288117e+00 -1.320021593413772676e+00
-5.260001415097716126e+00 1.122409675618130098e+00 -9.816033895126864417e-01
-7.448807522723237540e+00 1.607756675898286192e+00 -1.827485681125541328e+00
-6.264839368278237508e+00 1.656178188148639485e+00 -1.669646355620867606e+00
-6.963077489887813165e+00 1.870961065380001509e+00 -1.206848817828025000e+00
-6.718447110733569261e+00 1.665790835063571951e+00 -1.543065490615659785e+00
-5.602219005910190397e+00 2.537266417909912253e+00 -8.672453366330050706e-01
-6.389493559194109551e+00 1.486158946620431243e+00 -1.767500735061929840e+00
-5.782511404592995952e+00 1.321018152655456523e+00 -9.908184439481745320e-01
-6.340875971435368186e+00 8.382971794167343171e-01 -1.469593704083102415e+00
-6.742002018255511153e+00 2.386662123965713089e+00 -1.524486102360890438e+00
-6.512481715189688991e+00 2.320403922158013277e+00 -1.883600882073807048e+00
-6.671104560567879815e+00 1.325687557392577487e+00 -1.386633781949775823e+00
-6.487856696770196940e+00 1.498423514381170385e+00 -1.169317727498938586e+00
-6.978389817970765741e+00 1.592248477276428709e+00 -1.582459938022290569e+00
-6.463059118453756469e+00 2.234530939591495624e+00 -1.629979718525326859e+00
-6.173410745250150100e+00 2.046723151344019609e+00 -1.277605155822446603e+00
-6.491469988567272864e+00 3.154960815633804039e+00 -8.687602487830499154e-01
-6.616171591294243370e+00 2.522488725428015943e+00 -1.631266793782936375e+00
-5.756416932616128079e+00 1.935514109497659341e+00 -1.626243083049614624e+00
-6.968400130123844072e+00 1.968762902615260213e+00 -1.397982238141515676e+00
-6.209930029893932613e+00 2.126643382540647220e+00 -1.388716109793508346e+00
-6.863040418468893122e+00 1.909349774381123854e+00 -1.484196191703157197e+00
-6.843807599486839699e+00 2.332423275820119546e+00 -1.002659137816691803e+00
-6.510589318952984428e+00 1.742965414544247693e+00 -1.354698273441397705e+00
-6.595783360669193129e+00 2.036284589396916367e+00 -1.443648725823344137e+00
-6.865208281004992585e+00 1.648796709049604070e+00 -8.008555383183182386e-01
-6.310371498565388038e+00 1.885130985095886169e+00 -8.337140534890761234e-01
-6.763469876984886220e+00 2.012401960996402117e+00 -1.637945436763147411e+00
-6.839590623630030564e+00 1.860876245186514177e+00 -1.468799759804122695e+00
-6.641609779923995482e+00 1.999836059857241555e+00 -1.552534016151877472e+00
-6.582571208724495193e+00 2.743726045781402778e+00 -1.775748361431816136e+00
-6.363170851062466049e+00 2.334655112675103172e+00 -1.394681723518134797e+00
-6.917078298214710763e+00 1.976538293777139188e+00 -1.355277662626157342e+00
-6.269017205779554125e+00 2.134209923580812962e+00 -1.787880240506031448e+00
-7.027808253777832803e+00 1.881508242621478644e+00 -1.288384492661630576e+00
-6.576539402580749538e+00 1.775033011952972251e+00 -1.402936831674904905e+00
-6.183203019616064999e+00 1.256103157877071608e+00 -1.518505818277720909e+00
-7.088003206293323366e+00 1.591103366030733879e+00 -1.170953720321482594e+00
-6.976959616540164610e+00 2.277729829925573490e+00 -1.325410975907788780e+00
-6.850874395056930410e+00 1.769917330764326557e+00 -1.530502565165008377e+00
-6.392048075768040682e+00 2.080536492845119767e+00 -1.075343080311742527e+00
-6.535122290410754431e+00 2.156885620103268675e+00 -1.391228143026804975e+00
-6.780465973156937665e+00 2.398533461267724043e+00 -1.263875295331618354e+00
-6.371553623918343234e+00 1.628020848758125139e+00 -1.413649255680491823e+00
-6.128113426680402043e+00 1.621348265762020402e+00 -1.452255091466503778e+00
-6.844618711849751236e+00 1.547818938957933765e+00 -1.476891561274492837e+00
-6.334881595224448603e+00 1.837779314580409329e+00 -1.663614360907365475e+00
-6.430896241035311434e+00 1.541709416346739969e+00 -1.320081847171733269e+00
-6.531604446687194532e+00 2.331350860718222062e+00 -1.246048670154212168e+00
-6.523873282613962488e+00 1.220352390373345752e+00 -1.373693656331831603e+00
-6.691211722010836027e+00 1.395693037471885667e+00 -2.225154497441893309e+00
-6.468990146666108387e+00 2.247088098554307134e+00 -1.300884939440071220e+00
-6.832774912501691666e+00 2.251721697013386869e+00 -1.602462882165817559e+00
-6.700923289729241894e+00 2.219358813844368061e+00 -1.370525832004955369e+00
-6.611432235883982322e+00 1.312594573393262465e+00 -1.480393348100206508e+00
-6.792138556426098539e+00 1.974174980989585437e+00 -1.150473503584413804e+00
-6.893043682705584985e+00 1.374927329385850605e+00 -1.376508854256655479e+00
-6.675080275990987744e+00 1.583026537822745494e+00 -1.601797893810424034e+00
-6.268226563053000078e+00 1.511953127512668082e+00 -1.382553729969114631e+00
-6.643715323416343743e+00 1.595032457320714192e+00 -7.907621466540499799e-01
-5.800308457514970151e+00 2.782109871250605160e+00 -1.962455242593994731e+00
-6.808210247408069016e+00 1.573509544191148413e+00 -1.419628814729244848e+00
-6.908916253403316610e+00 1.062332619944379886e+00 -1.202564334962894721e+00
-7.073059161868125777e+00 1.803693348099172145e+00 -1.352252710423395010e+00
-6.266726396750589068e+00 2.033968470311472654e+00 -1.747147695679433177e+00
-6.429525717428530740e+00 1.619011990025649439e+00 -1.136291345509006012e+00
-5.915692967634315735e+00 2.544031296644385876e+00 -4.608414354440386052e-01
-5.617498040279876648e+00 1.982339041338506469e+00 -1.293434899747920364e+00
-7.098495579018867296e+00 1.692699637816121205e+00 -1.663480603395560919e+00
-6.550551855998585360e+00 2.395168177164021639e+00 -1.582444048301804296e+00
-6.609432066658508909e+00 2.006898853112308423e+00 -1.740778155920029047e+00
-4.227515531289452788e+00 9.640642111400099168e+01 -4.083708600627724561e-01
