2.383552134312669768e-01 -3.136121650138286587e-01 -2.573281310666034605e-01
-5.151673831863444741e-01 4.230865013837618593e-01 1.986258386073070648e-01
5.721592476799143290e-01 -3.281324691013056127e-01 -7.620216829442899575e-01
4.715710842001464287e-01 -2.369862401624358850e-01 -2.295307811558690379e-03
1.453174367598155381e-01 5.521955510588397731e-01 -2.373828772302927215e-01
-4.970211111003323134e-01 3.217992543696260310e-01 9.093710380747314827e-04
3.278984649549333552e-01 -4.016445032938954496e-01 -3.287490208435249472e-02
-4.039266065502953307e-01 1.083766622384498141e-01 -1.527155845407099088e-01
-6.346334728078567577e-02 3.646556961103882832e-01 -4.625687001501264661e-01
-4.322262679793064666e-01 5.800561217191575747e-02 -2.397400344711303477e-01
-1.889262507752595410e-01 -3.947463544322383777e-01 -2.890380667157275152e-01
1.232201930964376274e-01 -6.696003128865782861e-01 2.369005403381020669e-01
-6.251852832786797265e-02 -6.709584179103125212e-01 -2.374066160031653439e-01
1.672367430272594154e-03 3.346258560519058678e-01 -2.176662201129512253e-01
5.445229456970249876e-02 2.306076040075679956e-01 -5.453589090523303096e-02
-2.564492233043774716e-01 -4.720258142164166504e-01 -3.656851966018714317e-01
-2.685539004803946805e-01 3.409059489795501774e-01 1.228914298055312077e-01
-2.991397850216520604e-01 -1.955043844205070214e-01 -4.158450108549281710e-02
-3.278465440221741689e-01 -1.572844592514254236e-01 -3.338450868069377520e-01
-1.998914113445487417e-01 -1.780922461585227393e-02 -4.424802534786191621e-02
2.082682458839422990e-01 -2.632007328221429993e-02 -1.611820870458843813e-01
-3.171636745655821432e-01 2.239328556426283257e-01 -9.794605981019782748e-01
-4.522498286888330665e-01 -4.426103878328321861e-01 -4.688701031930416624e-02
-6.786581344403429528e-01 -2.754060197877951088e-01 -9.163960971450544335e-01
-6.901534879631593400e-01 4.606552051708654449e-01 4.527171694895196774e-01
-3.864100132477072402e-01 -4.425005406912800865e-01 -1.418850792681688733e-01
2.693285065924686528e-01 2.995202157459979642e-01 -2.294784974418887513e-01
-6.600354650779409749e-01 -9.085446682096594007e-01 -3.299144422265684051e-01
-2.869370543237328430e-01 5.589234990910233597e-02 -1.332107549848826622e-01
-2.609731199303139473e-02 2.761677611792809350e-01 1.215538237452965520e-01
-2.129650274177807834e-01 5.470667283727751601e-02 -1.525515992164568624e-01
2.639609363285288501e-01 -1.668104977514984488e-01 -1.085953051966094263e+00
-3.236390433962255675e-01 -3.920107099045717636e-01 -1.006862751274912315e-01
3.434620583019557527e-01 7.326548196563665849e-01 3.641288738330753505e-01
-2.236528570510983027e-01 -4.430956293365607146e-01 -1.072922632228885620e+00
-6.977274430382073012e-02 2.546360468908184793e-01 -1.803373483968566116e-01
-8.156612523282263938e-02 -6.284127415821272322e-01 -2.371949610214456050e-01
-7.659505612991684975e-01 -3.165346222596909231e-01 8.032206103824579210e-03
1.343970650497429142e-01 -5.743822070249077205e-01 -1.049618128381256121e-01
-5.139160015175137097e-01 -2.089741092343880280e-01 -5.109624185105133831e-01
-4.113085305781637446e-01 -3.943074552075158667e-01 -4.865241590946980943e-01
1.105907908505887778e-02 -3.224695499118485076e-01 -1.267835109680972572e-01
1.749703651399951987e-01 2.410441217619770926e-01 -4.681597952676979646e-01
-2.487778050751275338e-01 -3.594715380079018807e-01 2.443918083951903894e-02
-7.007895383002661349e-01 -6.206339005547146792e-01 -7.132275592289168964e-01
1.144027979141644530e-01 -3.434880141095329742e-02 -3.856122185572187777e-01
1.571265417540638684e-02 -5.008458700883487991e-01 -3.623847098263532351e-01
-4.198387780188593821e-01 -4.694833373795891940e-01 -1.377219772971331191e-01
-3.015376464363470621e-01 3.456066457301367745e-01 -4.274221452562574353e-01
-4.091673984331661851e-01 -2.235006509069291658e-01 -8.831469580039292833e-01
-5.598658390663045076e-02 -4.673593144465313376e-01 -4.738945432152183446e-01
7.738099423652931852e-02 -4.561540101073446873e-01 -2.518495080676982911e-01
1.404805567612264494e-01 -5.426324118840615274e-01 5.026058707645211232e-01
-6.474726302681701462e-01 1.074004545324939164e-01 -1.927968760489174593e-01
-2.721108026348579845e-01 -4.977658422278876671e-01 3.038285625732924378e-01
6.535389746332195653e-03 -3.404962163313075552e-01 5.662976398371775966e-02
-3.016003128467041328e-01 1.497769935674316544e-01 -5.709713723876806701e-02
-1.971331932693970793e-02 -2.314723076222945930e-01 -1.778698853918308509e-01
-4.289831109619801075e-01 -3.867291596495582851e-01 -3.692142000036012783e-01
2.884721372702372388e-01 5.417669022754138808e-02 -5.193104162582873329e-01
-5.624377044108405110e-01 -4.024239227035527611e-01 2.555040583799939036e-01
-4.413863879836222304e-01 6.844620568448248621e-01 2.694353717413129345e-01
2.540753821923359967e-01 -4.751291362839585863e-01 2.137417457855818673e-02
2.280106897208074024e-01 -2.361145965497417343e-01 -3.167158837906298707e-01
2.976095516173421496e-01 -2.136748997880308365e-01 -1.709391143415816272e-01
-1.361537434564893956e-01 1.225179724761419620e-01 -1.614513100136890644e-01
1.658946626911587119e-01 2.376857883226713708e-01 -3.607403169988883662e-01
-3.463180111703776376e-01 -3.018980927254557023e-01 -2.160002258928443442e-01
1.550126497484081156e-01 -1.857894816546035444e-01 -1.594915915565629783e-01
1.985196345624534175e-01 -1.551748493683139662e-01 -8.991114120055921921e-01
-6.216070288639853614e-02 2.170204184913032686e-01 -2.810340875827542217e-01
-1.487943037449077077e-01 -4.344413571213656677e-01 -1.533563631536624117e-01
-5.973402972574742148e-02 2.593968398631341654e-01 -1.910885179892224117e-01
-2.971353572348220951e-01 -1.583059215311136692e-01 1.069238946497852866e-01
-6.235349502869447225e-01 4.732262177028467853e-02 -8.633401749322458518e-02
-9.702688288887442170e-01 2.133565865695025709e-01 3.053614802632266811e-01
-3.438800679208489086e-01 -4.797251534767800196e-01 7.527802385799411411e-01
-1.300862773323773203e-01 -2.422578380463495662e-01 -4.518899663123965293e-01
9.760942977672601439e-02 -1.032293244664024140e-01 -1.927375281586258537e-01
5.158831317992485649e-02 1.962215485532688708e-01 -1.022728956378187171e-01
4.067407086490279489e-01 4.678011086611778141e-02 -2.040959337493003789e-01
3.946445926318256636e-01 -7.440368669290650661e-02 1.663715788832718367e-01
-4.627950848289369423e-02 1.303681557364652910e-01 -1.926537284801447258e-01
1.573090870649854756e-01 -2.986117568471031714e-01 -1.296886759206067330e+00
-3.967363943080122191e-01 1.947795008648345039e-01 -3.781754995612428005e-01
2.203287779668873514e-01 6.568759738996624020e-02 -1.023184117709779462e-01
-5.462764814488672849e-02 2.526292880734253288e-01 -3.970508632315882802e-01
-4.660378685108915175e-01 -1.246790673698039698e-01 -9.528171880938172966e-02
1.125530332990883620e-01 -1.962038823508809593e-01 -2.162048648690303443e-01
1.960134830028688047e-01 -2.680512533044857038e-01 -1.941379678433516054e-01
-1.091305059692416479e-01 -3.056013834417370401e-01 -4.420325269304220539e-01
-3.790659470479387227e-01 2.644300483467204588e-01 -3.883979572085418663e-01
3.980592204447293558e-01 -1.114696415803104607e-01 -1.031505459289507209e+00
2.618851207941075843e-01 2.202132158553764818e-01 -3.453094460302662538e-01
3.804895159591591969e-01 -8.813343157054252808e-02 -4.374763562381837612e-01
-4.623410802873314518e-01 -5.359363694246636056e-01 -1.889513658637822502e-01
-4.797898812715326589e-01 -2.516455582110626796e-02 1.831187473118742193e-01
-1.341227498306128418e-01 1.660168856952448369e-01 2.120737854902758276e-02
-4.207591169429741318e-01 -4.632768547380947677e-01 -5.155778707064232469e-01
1.108762614286180059e-01 -6.102027031049673811e-01 -3.825352433489759285e-01
-3.043591464046675465e-01 5.636567437378626338e-02 -1.399894611889535567e-01
-4.142246102709343236e-02 4.473505545004501927e-01 -2.221279260134663772e-02
-3.814494888670638684e-01 4.743633460715641070e-01 -9.205080145606524544e-01
-2.706583352272081133e-01 -3.375006077218204448e-01 -1.217482039776975195e-01
-6.538836603472789055e-02 4.487431174518799470e-01 -2.294535626120453031e-01
-4.779038567165451168e-01 1.696581740073132075e-02 -2.024933292343447933e-01
-3.104994710036623751e-01 2.668655834299876184e-01 -1.565644885647993756e-01
-7.234729063115559189e-01 3.198806858890968496e-01 4.852933251865355624e-01
-2.245613723632527148e-01 2.160479646720943059e-01 -1.153126665649627097e-01
-7.260995212889447513e-03 2.371697336264260991e-01 2.449221084937930615e-01
2.144623822644138866e-01 3.522662518679231525e-01 -5.347863190223296759e-02
-3.946900056537033796e-01 -7.032831761319818797e-01 -1.322422371486729198e-01
7.661471733158670139e-02 -6.265543672342099857e-01 -3.416244982235741023e-01
-1.990258637972266986e-01 -8.940636425035656254e-01 5.514524204592443635e-01
-6.122617788539502781e-01 6.293925922427782288e-03 -5.974754661331239669e-01
1.482579275553370379e-01 -4.302899603925660135e-03 -2.790306468879005797e-01
-6.096708505545600509e-01 -8.699702231471054259e-02 -1.363064891093456743e-01
-3.277535499425682786e-01 -3.426144279310062712e-01 -2.118942666741403247e-01
-1.661298902955420376e-01 -9.932820691501079713e-01 8.685852579554048658e-02
1.260296399354914887e-01 -3.602183414582853516e-01 -2.955473608790492035e-01
2.929057433753243789e-01 -7.949535939498059145e-02 -8.375491122359057794e-02
-2.895212705407066434e-01 3.669614924939865186e-01 -3.118411268785830637e-01
1.117867489044294393e-01 -6.394804133875985341e-01 -1.589070489180419710e-01
-4.430971287931985136e-01 -1.770792962928979808e-02 -5.438424452917046681e-01
-1.729710965376105136e+00 5.638239472618038484e+00 -3.091649241597513864e-01
-7.868819385363564622e-01 -7.662325912319009613e-02 3.727720061256449835e-01
3.463822285773276305e-02 1.616774973864081033e-02 7.947987042672077784e-02
3.053518509507257075e-02 1.609957281104640592e-01 3.348568464363014807e-01
-3.661407161020688306e-03 -3.516308392152833751e-01 -1.324386589888862931e-01
-2.923698700040759380e-01 1.234117985965336034e-01 -3.666144355809409366e-02
-1.335813141508855051e-01 3.145718898332607316e-01 -4.816137829151134753e-01
7.333310357514216671e-02 8.355911746883708247e-02 -3.651266359163202191e-01
-1.451969455170880885e-01 -5.722922778990784387e-01 -2.781659211933638909e-02
-2.450157224883494911e-01 3.133733958167401745e-01 -1.718579630210917142e-01
-2.234818386159252157e-01 4.153128111482179974e-01 -1.201344035909516772e-01
6.272349284744763165e-02 -5.342208256698006696e-01 -2.561371830542069974e-02
1.070504656455286210e-02 9.926405065057868071e-02 -3.736623244329696086e-02
2.397605950125890895e-01 -4.034651062538771038e-01 -5.583074726374072372e-02
9.681392817373447590e-01 -2.317237098714142463e-01 -2.303104628159926281e-01
4.340878694653115821e-01 -5.205754676691282112e-01 -7.180131093826469350e-03
-2.247400570552144095e-01 -3.325469150373828175e-01 5.987922035565831913e-02
-5.424389959226381119e-01 -1.008476894745658631e-02 -3.611597393717450588e-01
-3.177325085610477329e-01 -2.429221800752133231e-01 -1.890934770944188437e-01
-4.705954635418176935e-01 -4.740849244732166512e-01 -1.010285080818083825e-02
-2.950698477162114752e-01 -1.949584098612524019e-01 -1.824637895451469427e-01
-5.395319664935501747e-01 -2.556719739167637728e-01 -3.762445583153264939e-01
-4.809593788341774007e-02 1.758432378182402944e-01 -1.733102331319681388e-01
6.595653977607905671e-02 8.336094103504171349e-02 -9.263860044606266053e-02
3.884955672472336086e-01 -4.911944072724641064e-01 -8.324832066015100951e-01
2.415099984166823588e-01 -2.394531496675579574e-01 -3.384044951392285450e-01
-2.272229815573361122e-01 1.237800178440988524e-01 -1.117634890658459890e-01
-2.482630341647646677e-01 -5.031921567833107234e-02 -2.291240815917090778e-01
-1.005049306091603256e-01 -4.700180195622450929e-01 -1.512335403974293391e-01
-4.292958027590797476e-01 -2.146548973185168074e-01 -1.027828261777503777e-01
-2.000429069911455748e-01 -3.526102378010738669e-01 -1.311325144717127300e-01
2.482110264974133063e-01 -3.680623601519292798e-01 -1.045321594358999961e+00
-9.518992386153654617e-02 2.400824148479278330e-01 -2.012980953412705221e-01
1.227805704788038077e-01 -4.513584698327975375e-01 8.671431504295759596e-02
-3.171392259943756065e-01 -5.768934713946970438e-01 -1.420466480485403360e-01
-2.899700781496579727e-01 2.123941517856977879e-01 -1.014296746903233515e-01
1.306721861581441602e-01 -3.675736119730218521e-01 5.438921874439209270e-02
-5.608622871189139492e-01 -2.917494562055129581e-01 -1.184032757157777241e-02
1.621364835929766171e-02 -6.730448413046669076e-01 -3.436538282429487112e-01
1.155377731990678836e-01 1.284263025168659866e-01 -3.046415359800147202e-02
-2.139776115443617066e-01 -4.858270966398627322e-01 -1.677200799469922843e-01
-6.145816189362295068e-02 5.069182098295686896e-03 -2.096126050403925301e-01
-5.883741240800730576e-01 -4.944906600791541540e-01 -1.866271322520161036e-01
1.414507579064972764e-01 -5.225812237935685278e-01 -1.308716587989856850e-01
5.283470001184346065e-01 -5.743859842412609717e-01 -6.161693773915019046e-01
7.730836245852204525e-02 -3.935437016930868337e-01 -1.765735139017753641e-01
-3.454657416334661751e-02 -5.783179364470384387e-01 -1.289749610814392988e-01
4.964294932330368809e-02 2.877261951407005247e-01 -1.578283804456014627e-01
2.635621534690378853e-01 -6.177871466122650257e-02 -1.034584670853660043e-01
-1.069467854492916759e-01 3.391176317552398456e-01 6.995337946630517112e-02
-4.512979682587577313e-01 1.110293890542228684e-01 -1.057101259149819672e+00
2.869107729516272576e-01 -3.927129255207831293e-02 -1.550081778139610622e-01
2.330507482327227528e-02 -2.275392112008519929e-01 -1.122835019973234538e-01
-5.130983503492236864e-01 -3.551319822785038438e-01 -3.645352066726023632e-01
-1.470000907656348887e-01 2.442285889263369481e-02 -1.422058633805325933e-01
1.307388088244309243e-01 -2.130663180707561832e-01 -1.425173569321803169e-01
-1.423144025333396012e-01 -1.795556523585785103e-01 -1.433746786570872511e-01
-4.570580411609282967e-01 1.438145608575821521e-01 -1.403497222511781162e-01
-1.465180903939669876e-01 -1.157179893204067778e-01 -1.351039960900155268e-01
-9.373841913957237093e-01 -4.820282359695043373e-01 -5.774748341729336598e-01
-3.992026077829731179e-01 -1.399969667784491945e-01 -1.001010760089395130e-01
-5.824926141216222319e-01 -3.586380171023470509e-01 -1.028329852051576704e-01
2.207263549500482480e-01 -1.557433967826189203e-01 2.304976186781524938e-01
2.136528341726467439e-01 -1.833906652492202360e-01 -3.556487078374676591e-01
-6.087207270273549131e-01 -1.102628054679924696e-01 -2.226861289744055117e-01
-4.089558347030732288e-01 -4.130531565747250222e-01 1.405188630131239402e-01
-2.817642919213682040e-01 5.714392338119563819e-01 5.775317451502445243e-01
-4.877470867711040103e-01 -3.187121002337283543e-02 1.768952305076604836e-01
2.824553246630018832e-01 -1.248713432279849600e-01 -7.227716858195218919e-01
1.523862671191166807e-01 -3.050688531988777208e-01 4.012632727152638801e-03
4.363427725060264328e-01 -2.712313966022017464e-01 2.488385745696727880e-01
-9.452869635294475215e-01 5.983108945885395186e-02 -5.494227126456920907e-01
-9.090038105159721216e-01 3.366406514320681720e-01 -2.927911508915073679e-01
-9.920175752365342770e-02 2.970130432250268626e-01 -3.700170034975771433e-02
5.168131647210216784e-02 -8.097398111500787588e-01 -9.740963674963185048e-02
3.309451031517849917e-01 5.469047654023782012e-01 3.039034788785696314e-02
-3.221886750728362725e-01 -3.911449321687994196e-01 2.261759102881252259e-01
3.159765069324628750e-01 -1.766441625919495106e-01 -4.381324246149121970e-01
-8.803103986590164742e-02 8.948800801860894161e-02 -3.648856823788040882e-02
-1.228500542721525507e-01 3.962365958950942457e-01 1.196546667103819822e-02
2.374973969010361063e-01 -2.942731083634276823e-01 -1.881156738286035857e-01
2.895220741548793497e-01 -5.447404526330268393e-01 -2.486179545296443860e-01
3.781441442381425211e-01 3.991237019674796493e-01 -2.126352634218838522e-01
1.970292244093934664e-01 -6.593449327725055265e-02 -3.047812848836451982e-01
2.063506179295191145e-01 -1.385643445937433382e-01 -6.398463762108307085e-02
-7.630600970406542505e-02 3.915367112068378341e-03 -2.010449038620944484e-01
-4.812996777520232861e-02 9.338860615710550817e-02 -1.275651263702122895e+00
3.861123237797202679e-01 2.598550041566490276e-01 6.509809041448407774e-01
2.679450555710590209e-01 -2.954926943015717122e-01 -2.140306883225513712e-01
2.017161735260216415e-01 4.161241514224497395e-01 -4.048588173903882592e-01
-5.469035305319251972e-01 -1.095809397495409954e+00 -2.119547937916650415e-01
5.070088067916646013e-01 1.105080236387160908e-01 5.570855788257131902e-01
4.898467220077346029e-01 1.776772166870606018e-01 -2.969005845442124203e-01
1.459057125568932189e-01 -3.928351330648797712e-01 -1.186970712011990864e-01
-3.901061604323981524e-01 3.421711241984402158e-02 -2.697056618424267249e-01
1.111261272844788761e-01 -2.512616752535901457e-02 -3.864219484135140159e-01
-7.220407482171638247e-02 1.949725222847006889e-01 -5.981603528638930189e-01
8.522506164312103338e-02 -5.846593793414376489e-02 -1.643264910213348695e-01
3.252071405762315681e-01 5.687344739495472229e-02 -1.135562519671883125e-01
-1.409370715794046047e-01 2.175910926327666861e-01 -1.862427339850826757e-01
-5.832127803327390447e-01 -3.236874816070243743e-01 -4.216330006197766544e-01
-1.798388121518348925e-01 1.083418752141548924e-01 6.105230094855937928e-01
3.395112138001342705e-01 -2.188338043068566163e-02 5.886240133248397260e-02
-9.881432233815884425e-02 -4.179917946612798918e-01 -1.645234652476268711e-01
-1.413340566098189310e-01 1.733921767399003444e-02 -1.012534179303713616e-01
-2.505409526483403093e-01 -3.280077159845518620e-01 -5.151000650461601271e-02
-6.723713068994604525e-01 4.965042407529886986e-02 7.065583786466835825e-01
7.295626115126414568e-01 6.527540269949841378e-02 -2.259649026999566990e-01
-2.100866930088005069e-01 3.828225424977677593e-01 -3.576886355290710418e-01
-1.889077904952828069e-01 -7.223310699518409317e-01 -3.143422212815767947e-01
-8.496781890507869306e-02 1.041539543629764822e-02 -1.560794633956341104e-01
8.743161661032686216e-02 -6.557364105893206396e-01 -4.040935457511247164e-01
3.945894531090506918e-01 1.853331477221976109e-01 -1.444461193200664573e-01
6.665820618315061730e-02 1.460980932088226485e-02 -2.430144019821965928e-01
-5.277339633851382272e-01 -3.771499637525712045e-01 -3.476666083587844347e-01
2.966995813813280147e-01 3.033843114698436261e-01 -2.342689424577054647e-01
3.131781677845595357e-01 -6.131298484178014929e-01 -1.335628847321322088e-01
4.069095783911794717e-01 -5.742654488679059810e-01 -6.805751136788945610e-01
-3.368266937003076555e-01 2.936778325316383165e-02 -1.494684947022031363e-01
4.213350149490214802e-01 -6.088139516606988488e-01 4.309181385783182328e-01
-2.716970315391795121e-01 2.902144236422851686e-01 5.196825622016082447e-01
-2.126523109974283177e-01 -7.300778848581440661e-01 -2.507021638107036487e-01
-4.648601461785015765e-01 7.635519152385938924e-02 -8.329906680074043723e-03
7.798299192490005805e-01 -2.299335682358775446e-01 -8.785695260224193892e-02
-5.313038080277893149e-02 2.323689667893799049e-01 -3.922175723811280879e-01
-1.765932091868075871e+00 1.472194517003930780e+00 3.986434790073767331e-03
-1.191255024529567913e-01 7.906383545763666365e-02 -2.851049761040911346e-01
-4.958724784635990535e-01 -3.168302471926494612e-01 -1.825267905891108933e-01
2.581025306030713118e-01 -1.386739472028998554e-01 -3.714693725574839123e-01
1.191339240280405026e-01 -2.095312978975923390e-01 -1.605017254256994874e-01
3.053690274649003555e-01 1.035617741622480575e-01 7.552792444301602570e-01
-1.845976871012815768e-01 2.027642870879441672e-01 -2.981902359973470640e-01
1.993266235406952469e-01 8.137337075240651252e-02 -1.933818863516195141e-01
-1.343212115631191861e-01 -4.156099967163228159e-01 -1.678053439123352863e-01
-1.908420772965636891e-01 -4.223250657370489769e-01 -2.845046179764150196e-01
-3.360185143565399546e-01 -4.825331141389642142e-01 4.375815346320809374e-01
-1.466777311919560400e-01 2.619792869999735263e-01 -1.164745092995692760e-01
1.413072239939332508e-01 -4.553730271959094966e-01 -2.563838608672619479e-01
-5.481867062234536681e-01 7.030887206230304609e-02 -1.261002001991924082e-01
5.189055550564727337e-01 -6.953087127701117476e-01 2.207945337634146243e-01
-2.227672079700839525e-01 -3.395754759405989476e-01 -9.389212886963826943e-02
-6.015575608402896624e-01 -9.878303389924355526e-01 2.042769150125209668e-02
2.317007313100730992e-01 -3.004669636984201864e-01 2.729062530810223985e-01
2.029756033539741322e-01 -4.387600261247575073e-01 -1.456174794172353959e+00
-3.088144499196742165e-01 1.287396301766087769e-01 -3.536435707649402405e-01
3.215160031765394999e-01 -3.385023472339233619e-01 -6.755191318672257861e-01
-5.532873076847906191e-01 1.961351372293555773e-02 -1.064775375877874408e-01
1.935288786200959343e-01 7.080525330890274915e-02 2.619052467589564892e-01
-3.600318433302505117e-01 -2.766987254924965223e-01 -9.500376227446294397e-02
6.850198641480398365e-02 -6.236615547437507345e-01 -2.582460402125174581e-01
-1.304473204506562678e-01 -4.644506100552105443e-01 -8.199690580629520609e-02
2.778982601639943817e-01 -2.646076691979292184e-01 -2.949430894863147579e-01
2.470935104594101095e-01 -3.259519136462165068e-01 -4.264548112005489555e-01
-1.934393400998599966e-01 2.044942991160922652e-01 -2.984420143078906906e-01
-5.298907786329274394e-01 -3.599889081280446268e-01 -4.203324297524116404e-01
-2.013229571527621331e-01 -4.210983422625198536e-01 -1.362478367551582137e+00
-5.349541759782612260e-01 -1.345708067772924954e-01 -5.953849404070789969e-02
6.144073713909278117e-02 -4.310049042676552533e-01 -1.869406412335727075e-01
-5.987929476213717933e-02 9.592413314603862040e-02 -3.859371830056271824e-01
2.787322845642553615e-01 -1.079478113804928779e-01 -1.156159336514489266e-01
1.345090730053037816e-02 -1.314709289729948938e-01 -8.670114426640385119e-02
5.322099039224904571e-01 -4.565981054774957346e-03 -1.242401694256634465e-01
2.041677463365274003e-01 -1.122435275807932564e-01 4.272690308622043021e-02
1.194371436726893304e-01 5.042740439967255961e-01 -1.789271197475873487e-01
-1.573663205476130977e-01 2.329229990171839682e-01 -1.569355514787806050e-01
2.630084291165600829e-01 3.288964913323450534e-01 -4.444726114103628722e-01
7.946036611649351933e-01 -4.872063298260554953e-01 -2.997453321060876696e-01
3.718077926322676530e-01 1.355914964041097237e-01 -2.920142338977460561e-01
-2.837723302460044006e-01 -8.109525165878617159e-02 -1.229000068942063956e-01
-5.251863693501239716e-01 2.176492593109667917e-01 -5.012878766386322793e-01
-5.384637960350059371e-01 -2.492756640181164052e-01 4.670270701099761279e-01
-5.633970732524694602e-01 -1.844103127569055034e-01 -1.768537899451421980e-01
-4.947620156914674383e-01 -4.903615034001557182e-01 5.003808137530423306e-01
-8.270569606491566528e-02 -2.902507129291129195e-01 -2.108948404896098527e-01
-1.001532723387712265e+00 2.864482917427965125e-01 -2.103549580678160669e-01
-3.603650724819895124e-01 1.742675532146205353e-02 -6.429191989636920401e-02
-1.189447719560901909e-02 4.813470550565499551e-01 -2.819348659692433312e-01
-4.182831126462913107e-01 -2.437855173589473581e-02 -1.741041038008381558e-01
-8.083425158523169785e-01 -8.757979177145855387e-02 -1.183718418878775269e+00
-1.544231349604951176e-01 2.042044644866297665e-01 -3.052325554004402530e-01
5.021876044157202318e-02 -3.651342077041969669e-01 -1.468349606946367236e-01
5.142034664724293158e-02 7.181295915389478146e-02 -4.681762106597069373e-01
-4.501467566018068078e-01 -2.516243682024764117e-01 -2.441564955737866305e-01
1.554474528101483788e-01 1.327326318884219369e-01 -9.092110848174152216e-02
-1.944583792320699056e-01 3.768356576971954586e-01 -6.342211050944651651e-02
-2.733898376918311168e-01 2.572592502821673954e-01 -3.552425905534666861e-01
8.581370849477139295e-02 3.510035336571112885e-02 -3.915597128627127527e-02
-2.513331499872459296e-01 -2.966011379498872391e-01 -1.278925610826439074e-01
1.131073253133802053e-01 3.179151991535552613e-01 -1.939964102890142927e-01
-3.340704647745489364e-01 2.689437479390548447e-01 -1.304019603684552220e-01
-6.032329940106233579e-01 -4.853810093330581110e-01 -1.610593972390994832e-01
1.018452891457599374e-01 -4.486426644826390642e-01 -2.795947742423259275e-01
-6.702348253979250048e-01 -5.031025031150900689e-02 6.069283936578716981e-02
1.132203930772212284e-02 2.965623784833260612e-01 9.219624853226110472e-02
-5.647738266182287248e-01 1.721287054591278676e-01 1.800053524997535515e-01
2.422141628308433978e-02 6.719479170268377599e-01 1.256324746033385675e-01
-1.914390585450283233e-01 4.715099664410118963e-01 -2.683140766892030404e-01
5.737560742932593660e-01 2.771879394534527696e-01 -3.635474501072314402e-01
-1.182026439770674925e-01 -5.295958764680559483e-01 -5.484407744483710268e-01
9.977637198198349711e-02 -3.071073042156863622e-02 -1.022429370187301345e-01
-1.762022292244046495e-01 2.257507402243543182e-01 -1.742143430501918167e-01
-2.925703621798507736e-01 1.904976808621421935e-01 -2.381890185700017912e-02
-6.483796733153458780e-02 -9.392437372495450187e-01 2.842705175413357543e-01
-3.460505684788067748e-01 9.376268261439864304e-02 -4.113798514839266118e-02
7.848435705978623611e-02 -3.009566564629267416e-01 1.189514664245959474e-01
-1.022843805074016288e-01 3.275916254553500329e-01 -4.607485191991959605e-01
-2.619374232932464852e-01 -3.793243638330267564e-01 -1.394754756335516432e-01
1.345497089110678779e-01 -1.701772009301880106e-01 -2.730069991094387083e-01
-6.783966072412247472e-01 -4.270169828540489876e-01 5.506461719204600591e-01
1.632447417874119955e-01 -5.025751871780778091e-01 -4.571278759341456110e-01
-3.822230580816468049e-01 1.584842562375757546e-01 1.000801451081565346e-01
-4.431685507464229179e-01 -2.617400872440316384e-01 -2.755014985685587114e-01
-3.592294398787355680e-01 9.906486427647576143e-02 -5.432198602219716621e-01
8.811615967990714393e-02 -8.884346452726178678e-02 -1.460547390240997945e-01
-5.385157485884697337e-01 -5.170023779126644570e-01 2.579315311800225441e-01
2.506316198653728011e-01 -1.519014034602884922e-01 2.303085575467097440e-03
1.167944235466452096e-01 -3.618109107681545256e-01 -1.577150267435971642e-01
-1.318025599556277017e-01 1.707956126478915246e-02 -1.553796982648403269e-01
6.089884357424826117e-02 -5.611643864461809406e-01 -4.836784304914145127e-01
1.062364522014523915e-01 3.719137357645553588e-02 -1.455276222432651083e-02
1.050521877545838867e-01 -1.198708806628941831e-02 -3.904227883388063369e-01
4.015817145904146401e-02 -1.459008870717716788e-01 -2.464836667912448376e-01
4.388139697028154568e-02 -7.110359325398114549e-01 6.477352213103358958e-01
-3.203334076619205294e-03 -3.691340456012353610e-01 -1.348234786881468694e-01
-4.665776363382747594e-01 -5.114768060623373774e-02 -2.518631124724028392e-01
-3.232936034104854639e-01 3.141208242521943417e-01 -3.060632167819626881e-01
-1.959191416806071728e-01 2.759092064254513588e-01 -2.255215313523091791e-01
4.019625866755953680e-01 -2.285797691767764428e-01 -2.670635424882781273e-01
-4.490060899818316131e-01 -3.238197857191017492e-01 -9.699416064794505465e-02
-2.815598488531687038e-01 -5.381869111079581186e-02 -1.836869330602927675e-01
3.305850248496252641e-01 7.144772111439106066e-01 3.550173218233785843e-01
-1.855131268643953335e-01 1.988725656553728405e-01 -3.035794280372876575e-01
-1.623494205425431158e-01 2.634749270709803581e-01 -2.037747666623486997e-01
8.272220578924517342e-01 -2.325186302529219373e-01 -3.214161377731533653e-01
1.369741014894735598e-01 -5.482410972760067835e-01 1.629669178780757954e-01
-3.448399875027168826e-01 3.459659638492793565e-01 -4.767868007238904027e-01
4.962594859806158665e-01 3.252444037630053408e-01 -2.559052464759009049e-01
-4.803291805575401474e-01 -1.731013039193464997e-01 -3.040399861043168173e-01
-5.659544205579148946e-01 1.781432809852164789e-01 2.939643235544090460e-01
-8.074190047943183290e-02 1.659260546115162716e-01 -1.413321428647322520e-01
2.388804060281221053e-01 2.121344825146226631e-01 -4.343341105335716268e-01
1.344454730930320363e-01 1.974999916360397900e-01 6.202128347751566934e-02
-2.455529864605739410e-01 -7.094611640519304929e-02 7.048493508404243268e-01
-4.162770443354481542e-01 5.971019365971798054e-01 -3.714528767284585031e-01
-1.828931270948436216e-02 3.281065061934164695e-01 1.375159593420973436e-01
2.122566892127337457e-01 -4.660272249782023146e-01 -8.183518455973082251e-02
-4.287819578763802930e-01 -7.303257353035536026e-02 -1.563908178214374889e-01
-3.316136065794713650e-01 -2.229531371061147238e-01 -3.276906018716961300e-01
1.495103118883162330e-01 -7.345978807313145731e-02 5.196804877747530915e-02
6.047244269446818699e-01 -1.977284358162356981e-01 5.014743404994097542e-01
-3.937399991572678282e+00 1.752077796690557410e+00 9.802534769534720915e-02
-1.039711648860208552e-02 -7.415774408960422726e-01 -6.447032243545977592e-02
-6.165932423157116649e-01 -2.495447431244686778e-02 -1.480567367267399403e-01
-2.467785029447781553e-01 -4.074250234731841003e-01 -2.386390968889645359e-01
-1.967419339933748623e-01 3.739108950679969623e-01 -5.937996776519795239e-02
7.971928783102690819e-01 -1.904463361151520484e-01 -2.773869462971008670e-01
2.393010634089234173e-02 5.060966676410928455e-01 1.631793156698065350e-01
-1.127972770478787023e-01 -8.283908925939417189e-01 -1.539062381830953452e-01
-2.713942159600519211e-01 -8.269352684526665165e-02 -1.408677630236102596e-01
-4.056497223416196118e-01 -4.578391399200633649e-01 -4.801746278066614249e-01
5.795534723593686460e-02 2.019961528754415370e-01 -1.014126329588913022e-01
-4.103216760795532769e-01 2.946153210189788596e-01 -1.167829020090742353e-01
2.201540113618641603e-01 -2.915417034337612345e-01 1.532011958059762702e-01
2.594552908323463636e-01 -1.299128664110407172e-01 -2.815502027742249058e-02
1.167951559713343440e-01 -2.097637294647718975e-01 -1.729793770374454809e-01
-6.408059470047116069e-01 -3.318688108011023929e-02 3.118006583681612875e-01
-7.964394071587580504e-01 -7.246424860307369709e-02 -6.009404638789300757e-01
1.383161756244616000e-02 1.718286747397685665e-01 -1.094094811244843285e-01
4.244828336037086980e-01 -1.709680663457082139e-01 -1.762673923910993701e-01
-2.379398388853842111e-02 -1.194837265404900956e-01 -8.757943704853776712e-02
1.966317585134811641e-01 -1.239015598201724383e-01 -2.010207267798491682e-01
2.962890800728442200e-02 -2.727601732922046440e-01 -9.910650878899616989e-02
-3.049104664934716991e-01 2.055907563419218653e-01 3.165159459832833644e-01
2.561855644331758608e-01 -5.477744979010608084e-01 -3.363547123009539841e-01
-7.128908535929588952e-01 -5.334369099104112610e-01 -7.253675696370943671e-01
1.887367961886601830e-01 1.296795541894344983e-01 -7.674522771566304469e-01
3.050354555358840147e-01 -4.751860032324705663e-01 -1.143857095223269234e-02
2.603606284619076061e-01 -7.577936462344636581e-02 -1.754653881529640025e-01
2.856606627545787425e-01 -1.189669371563074618e-01 -1.043292140898532117e-01
-6.133524566518264165e-02 -4.977012083719015711e-01 -1.477626339727657889e-01
-3.010849272147525513e-01 -2.997224897281378642e-01 -5.867461609812988366e-01
-1.793416839457158685e-01 -2.526537171584942176e-01 4.607138903591689871e-02
-3.418451153479865057e-01 6.207315783643205798e-01 -4.761687627233971987e-01
-2.009196262569089841e-01 -5.393331766832060170e-01 3.995361095979691468e-01
1.960322568822560341e-01 -1.517195262494074603e-01 -2.013401199360194127e-01
1.694238754488058274e-01 -4.283900491648409692e-02 -6.042677001505579737e-01
7.397970610891728693e-01 -3.012262049974138711e-01 1.129095315168576197e-01
1.204706083119137794e-01 4.272409239487845456e-01 -3.956897295318357460e-03
-3.664861724401000109e-01 -7.228399186840270274e-02 4.687060479267508573e-01
3.615350736072231452e-01 -3.730721868605791358e-01 -7.144469523597955785e-02
-2.866088223888787478e-01 -4.105260345640405761e-01 -5.084948109644421566e-01
-6.703712389910125580e-03 -7.259404994973394087e-01 -6.562547257810789902e-02
-2.725120131167521054e-01 -8.428745602454380537e-01 -1.264758864001994942e-01
-8.382337507440079660e-01 -2.851859380461038151e-01 -3.724405242849213732e-02
-3.003429052834409863e-01 -2.084300211903447886e-01 5.625245622929305606e-02
-4.433294066938150424e-01 1.924181298333412227e-01 -8.345050142942309068e-02
-5.034475408222529591e-01 -7.020794169238245841e-01 -5.349914991436910405e-01
3.191295304596494242e-01 -7.630107251787901501e-02 -1.912112032814407003e-01
2.815503192757937145e-01 -1.120834893974026469e-01 -5.248120482901229983e-02
-3.651329346290030919e-01 1.363925823140959004e-01 1.367041631205039853e-01
1.222360200312213180e-01 -4.978535714564792380e-01 -5.369796015136928391e-01
-1.707139185768441203e-01 2.190766193941709739e-01 1.366537682950851873e-01
-8.610930257567984691e-01 2.147403603040576314e-01 -3.780993123728228489e-01
-9.688542369861490033e-03 -7.342219999131330277e-02 -1.474544425482008925e-01
-4.969659262353300910e-01 -1.522013626116497098e-01 -4.303904871246512776e-01
4.890758945457824441e-02 -4.774563493086538823e-01 -4.463292023421509824e-02
1.456818448914571906e-01 9.814446180065971789e-03 5.169480678227038502e-03
7.249943213479941306e-01 -4.516642952350696794e-01 -1.186718817590639713e-01
2.008352316594282649e-01 1.469117432949335056e-01 -1.830024084935801820e-01
-1.779203747849463779e-01 -7.196825082880612401e-01 -4.020347126489132172e-02
1.777051883930353404e-01 3.752605263218375398e-01 -4.012974827075054818e-01
-2.038892399537240718e-01 -8.725809562631560434e-02 -1.202992423632472802e-01
1.179094627192017741e-01 -4.829231367715822176e-01 -6.316229232928960435e-02
3.864111675389444306e-02 3.421816371165488646e-01 -4.816976877730846374e-01
-6.612229038181750562e-01 9.717015387217263489e-02 -5.128106465798955016e-01
2.416732762928888723e-01 -2.768486192511142585e-01 -2.124475729207763453e-01
4.579795112939863966e-01 -1.172982353662954114e-01 -1.182347442600280574e-01
1.261172955422668884e-01 3.989235260526173832e-01 -6.303861487553285015e-01
-3.319424669724200250e-01 3.734123957048827158e-01 -3.204818144152676157e-02
5.868106935170372407e-02 -6.888828983235583125e-01 -1.272598903393250269e-01
-3.682812888154166076e-01 9.444622508138085515e-02 -2.541284080913209717e-02
2.589717942128306749e-01 5.261670599944502369e-01 -1.864314970513769598e-01
9.691320049196554265e-02 9.802870435684239714e-02 -1.019253580267730046e-02
2.376667567360482292e-01 1.010398174125470283e-01 -5.475115375817715124e-01
-3.436099936180261882e-01 3.307162791113686384e-01 1.668605803374152430e-01
-2.650201146124626095e-01 1.925390575629166712e-01 -2.318027889103077555e-01
-2.518317319788761222e-02 4.307933398564882110e-01 -3.433447931331870540e-01
-2.361692643959635296e-01 -4.219682505588627786e-01 -3.995710718772138570e-02
2.735554200729093388e-01 -2.355790289647937963e-01 -5.025973408361205097e-01
-4.583090310937945611e-01 3.843238762134768560e-01 -6.157065165277719743e-01
3.598400726526176929e-01 6.666894155118972820e-02 1.948950288352392646e-01
2.262888858979918150e-01 -5.694570765223296860e-01 -4.024554310459220741e-01
-1.924065140799051943e-01 -5.869707536121415714e-01 3.723767950390461934e-01
-2.016776571297264620e-01 5.430400576459919887e-02 -1.114828145349998217e-01
4.937629269369167573e-02 1.975193848208770253e-01 -9.855108403207232803e-02
-2.570490194302546549e-01 -5.084411712510560344e-01 -1.370171038573719524e-01
-2.940424389437673591e-01 -3.558303723133979246e-01 -9.032283150941083916e-02
-1.296360081593515567e-01 -3.396214018240510391e-01 -1.059632219835455330e-01
-1.360555953105016258e-01 3.702367803098767229e-01 -1.343303208052914755e-01
3.601784188803024978e-01 -4.452587417476915055e-02 -4.105306929795549675e-01
-2.896566189990838480e-01 -3.601979635253187428e-01 -6.071899236701476799e-01
-1.316389599815616096e-01 -5.785626692989240816e-01 1.893903511206580792e-02
-5.603794403796181767e-01 -2.717363039433429717e-01 -1.022211371203303465e-01
-2.791836852835027361e-01 -5.093894791441958558e-01 -4.813753010029090951e-01
-1.018600722449168605e-01 -3.219671116241973885e-01 -1.321120152787647328e-01
2.220625108792433633e-01 2.925247307564248223e-01 7.371145841103704521e-02
-3.259754377477424581e-01 -4.546220113258929163e-01 -2.101382846610870547e-01
3.077266322647424501e-01 -5.138538138912678299e-01 -2.280575659187537574e-01
8.937698673881079581e-02 4.685823467630306771e-02 -2.493147277592045463e-01
4.666152078182607132e-01 -1.521894752624735336e-01 -9.808434277940885071e-01
-4.658714798949400993e-03 1.977008293322599364e-01 1.289239033584838046e-01
3.152365910452256670e-01 8.005924564035857838e-01 -3.914164070493696967e-01
-3.290442404748005756e-01 -1.900126324885420201e-02 -1.565959644575222465e-01
2.546315366894902898e-01 -1.135941365846213358e-01 -1.098644073429803969e+00
1.494197828991569547e-02 -5.971378516328438302e-01 -1.102819290654898088e-01
-3.210720164548895861e-01 -9.312358398975734142e-02 -3.779611290477664642e-01
-1.428121910124004745e-01 -5.873983338927786235e-01 -4.550809671293975763e-04
-4.980584630437103755e-01 5.987373263130606471e-01 3.411170047675190498e-01
2.327981601054237293e-01 -6.641775817272017879e-02 -2.126772777444922158e-01
2.594360427595868504e-02 5.187694559011577500e-01 -1.740000888400274892e-01
-3.053510142073462275e-01 -5.700208261991882575e-01 4.007984088919024357e-01
-3.447604714892165134e-01 -3.685648168444116690e-01 2.653919859328845998e-01
-3.202643741487083417e-01 -4.711284595128398811e-01 -3.336442631446785434e-01
6.399668357317700451e-01 6.159050769954386301e-02 -1.025381270418954383e-01
-2.068233342972402578e-01 -2.813368980530724373e-01 8.450689137955938457e-02
1.781302774569230862e-02 2.582400616979226293e-01 -5.774376690717213795e-02
3.739137563332531888e-01 5.013010668320636576e-01 -2.153008309623591007e-02
4.856312567830028959e-02 -4.273371171779944966e-01 -1.642285813192147781e-01
-3.142721373440347521e-01 1.965089784104699644e-01 -6.079995670478857001e-02
3.664430527984185448e-01 8.673171613302174121e-01 -2.092144594812228031e-01
3.159222387543763610e-01 -4.702529350407343989e-01 1.076291820231107263e-03
2.616337546413342041e-01 -4.954038219181747249e-01 -1.144800463341737323e-01
5.960287175612538624e-01 3.294992975008613212e-01 -5.231928289935795090e-02
-1.060362955732949697e+00 7.366889670613216423e-02 -1.308773070394145810e-01
-9.210375968351017795e-01 3.908728480622474799e-01 -9.449796658770855118e-02
5.302106457533483308e+00 -2.777955194364914782e+00 8.908644216163974505e-02
-3.850616616602423048e-02 -5.641207524126186090e-01 7.551891915763665752e-02
-5.747453567913207717e-01 -1.840789290906945652e-01 -1.623646023902358682e-01
-4.325721468048239760e-01 -2.367950373935954200e-01 -3.203948354249657737e-01
-6.284625033644543057e-01 -4.876207172437546089e-01 -2.033069421703433965e-01
-4.549781672885505612e-01 5.648383393253202378e-01 -3.497079204417721243e-01
-1.977653382016772710e-01 -4.739910189349910152e-01 1.476791742070294837e-02
5.859273258211646074e-02 -3.225599775303877870e-01 -1.828588363525013583e-01
-3.991067769139663990e-01 4.371120601421049634e-01 -2.240153763430504097e-01
-3.708722063297789084e-01 2.480853830486602907e-01 -2.382551236903524550e-01
-3.622866509950418146e-01 9.288731576137904122e-02 -6.877362486432601063e-01
-3.474313422168024967e-01 -1.922897952792882448e-01 4.973428197510227355e-01
1.059236380794011945e-01 -1.368647855450598992e-02 1.070947122469283252e+00
2.636717037511847050e-01 -3.925546117834152748e-01 -8.642710909973388977e-01
1.532344480762701244e-01 -3.251744244326922328e-01 4.033266832291618198e-02
-1.187772392481476758e-01 -6.876454907453387611e-01 3.838883585718803892e-02
-6.019210347203724637e-02 -4.442723535502041132e-01 -1.443010121361762710e-01
-3.665222964703770958e-01 3.011998277916473898e-01 -1.881440779928048729e-02
-1.055230980466989599e-01 -9.036288657033582361e-02 -1.121612499554954651e-01
-3.229062554629132942e-01 -5.562037880644208343e-01 2.054727665856364849e-01
-1.605635698109771636e-01 -5.031379464355672376e-02 -7.266900261830706864e-02
-1.936518858981113034e-01 2.319723175394479975e-01 -2.807456830509305057e-01
-3.658625345428939690e-01 -7.298405755858057287e-01 -8.023825204207118977e-01
2.898166759403235648e-01 -5.374306912492973209e-01 -2.529467798858290317e-01
-4.365920198963067073e-02 -4.940356638668652045e-01 -1.386473182171135354e+00
-2.204367650793777889e-01 4.483726418968626004e-01 -2.908541018926254496e-01
-5.275989243899874559e-01 -1.839498832562085628e-01 -1.738799356367998483e-01
6.859107855022181788e-01 2.294609758833250079e-01 2.990005141915344500e-01
-5.150381881850285559e-02 1.420098048188702111e-01 -2.967546695737584561e-01
2.567855959497181845e-02 1.616089299507741661e-01 -1.726687054362958940e-01
-5.526624558756038086e-01 -1.524027425362799084e-03 -2.890967363214416164e-01
-2.513556242186375939e-02 -4.825039617218462862e-01 1.946678937077069571e-01
-2.064587163745807141e-01 -1.301330392508547595e-01 -7.440236811951582707e-01
3.980586628062017518e-02 4.529759264803408514e-01 -3.120316357074295888e-01
-2.809372946502819435e-01 -4.928080442344267009e-01 -1.350102762411323487e-01
-6.064991462095196129e-01 4.527249407023755112e-01 4.176526260902419310e-03
-6.306392313859021659e-01 2.491242983979121417e-01 -2.208684180224574911e-01
-4.386779025104754759e-02 -1.609306493711248620e-01 -2.311813450573501072e-01
-3.307773019870757225e-01 -3.072092982143441731e-01 -2.507934967523851588e-01
2.102884504909721120e-01 -2.705053892702267149e-01 2.744383689952279992e-01
6.525785501040989867e-02 3.928380178672363776e-01 -4.105496371467661776e-01
1.420311985836102686e-01 3.777144678101186925e-01 3.161546886598482486e-01
-7.981825969735036885e-01 -1.305719435221339500e-02 5.861582612974570727e-01
-3.262095912540022291e-01 -2.299857007370170181e-01 -6.225621589032774572e-02
-4.755149552613131547e-01 2.940418177800465105e-01 -4.441963523090616817e-02
-4.968083113683655627e-01 2.869396072053382318e-01 -5.394339847798542038e-03
-3.788103247221739078e-01 -1.447454886755783487e-01 -6.093180146992319690e-01
6.698035375942719138e-01 -1.135515377173132029e-01 3.841514052939775103e-01
-7.239456481083562933e-02 1.512974758487259097e-01 1.429444630759732320e-02
2.014328848144767911e-02 -3.219692884145593514e-01 -1.999712456590702070e-01
-4.252102399222213447e-01 7.221754369033637350e-03 -5.873229072523085126e-01
-3.257539550517076221e-01 -3.952539946653657599e-01 -6.691126403901120900e-02
-3.012363434793749462e-02 9.825874817468202571e-02 -1.121735219944720446e-01
-3.185628970839606833e-01 2.930193341739615320e-01 1.136049566377288489e+00
-1.216892999757294459e-02 8.696179831659954507e-02 -1.154785908961040164e-01
-2.567032352674263884e-01 6.925594151682500088e-02 -2.222041827375265122e-01
1.880827853332844024e-01 -2.044575251131455218e-01 -2.247456552316898781e-01
-3.839106333006772013e-04 4.282653829896649889e-01 -1.985094564778250026e-01
2.105980177466115766e-02 1.725130193812473844e-01 -1.378785647835923944e-01
-3.163911382282210139e-01 -2.081234127106788012e-01 -1.710158956523989415e-01
-7.122011159549913872e-02 -6.656564941052091067e-01 -2.115598429369369149e-01
1.653073202460748625e-01 -5.730931498844503702e-01 6.497154769712950584e-01
1.232641073035602303e-01 2.502349267042416892e-01 -9.528023464674421072e-01
5.583385456067497393e-02 3.967245606219225729e-01 -4.696448249080098503e-01
-6.000867157090548076e-01 1.051622264354776515e-01 2.628771625197302564e-01
-3.034734474309877528e-02 -5.449665068102446108e-01 -7.816030001796571425e-02
3.835398651728672004e-01 1.484726540508400083e-01 -1.900704410306550962e-01
-2.115268930319874618e-01 1.705140777759505955e-01 9.079663525441210303e-02
-2.016802873900099269e-01 5.929201678540584747e-02 7.293726768297173479e-02
4.472280171566276330e-01 -6.882915744695072835e-02 -2.475800857558331791e-01
-3.132222974624630507e-01 -3.829788259709152043e-01 -9.250501271948360915e-02
-2.780007334334281266e-01 -5.253415688868482425e-01 -1.895596289436385917e-01
2.743049813277313453e-01 -2.765192622311034021e-01 -5.098661191040966267e-01
2.207729105253567470e-01 -2.074054071552622336e-01 -3.397610222279601189e-01
-2.881233509040573293e-01 -4.384577906920250068e-01 1.902118147146275862e-01
-3.909543610342778863e-01 -7.197208753424701178e-02 5.123832737091548184e-01
-3.739485018046845854e-01 1.070970837018166560e-01 -1.277355460408263199e-01
-3.666690022983543629e-01 -4.331921480098631094e-01 -1.978033640043784513e-02
1.340827988493325518e-01 2.289421707081508439e-01 -1.223604520771912840e+00
8.046841405442254347e-01 -4.402819117966108586e-01 -1.807380864051812142e-02
2.688156059048152358e-01 -1.046840880457580586e-01 -2.770219375406575701e-01
-1.028800427949945473e-01 4.781043720519902451e-01 -3.838058031337790443e-02
3.230551255726881177e-01 1.453895051211757938e-01 -5.475236304604486764e-02
1.324620054144887427e-01 -5.180147028507710028e-01 -1.060774265624832430e-01
-2.644059425581365419e-01 -7.330597868628172531e-01 -1.835355023934998886e-01
-2.734877562007294594e-01 -4.555121241689756295e-01 -4.109918902672380359e-01
-2.144781674543572159e-01 1.167985716703707072e-01 -7.878823344022933828e-02
1.828678701660099160e-01 1.408790964508895190e-02 -1.032624666076572134e-01
2.133836839077025982e-01 -3.590150320178162047e-02 -2.396888494816596660e-01
-3.570898411837156172e-02 -5.545600343204104554e-02 -2.348073040636452780e-01
4.270673259395319638e-02 -1.503165834176661275e-01 -1.992424434149358270e-01
-3.068328151481368171e-01 2.297156163437967524e-01 -9.252925309513179708e-02
3.786872408205803620e-01 -2.580091431216160469e-01 -1.463160884758358815e-01
-3.791496585133740660e-01 -2.460671537517605534e-01 -2.301096912216784030e-01
-1.961557590003998597e-01 1.306624436920118260e-01 -2.752918223914937457e-01
-2.662189322743853115e-01 2.835861578883874246e-01 -1.702377055885114232e-01
-3.403342490587535352e-02 -5.651709094949488588e-01 7.258744802772242044e-02
1.956242312595830521e-02 9.122407082285297619e-01 -3.046084672358798096e-01
-3.037323496941544687e-01 3.125516825304555102e-01 -1.691005272293631401e-01
-4.875933236244598401e-01 -5.071839709191383605e-01 3.934289717939212956e-03
7.479382170185437939e-01 2.224205981127971299e-01 -2.126940410895485634e-01
8.502632795086097206e-03 2.800816871346252165e-02 5.381848196749384333e-02
-3.063613405400284484e-01 -1.915955281039040670e-01 -3.337401528164266051e-01
9.823681349783260075e-02 -1.332403884773857017e-01 -2.064342884999000038e-01
7.400030662988121843e-01 -1.955677420761076438e-02 -1.222724395991330176e-01
2.685304007825556893e-01 -4.146110371798909511e-01 -1.078926411351096709e-01
-3.540356460253414328e-01 -4.341547544540960701e-01 -2.348793105842303941e-01
1.216607761282752637e-01 -2.180673424973204044e-01 -1.942444429151837515e-01
1.025327249140991909e-01 2.671670194059352355e-01 -2.502225486931243248e-01
1.960580967879089198e-01 -3.359457240472639161e-01 -1.976701630068319060e-01
-1.195092204862999719e-01 -4.454597392932375111e-01 -1.344424559670814034e-01
-6.231137623322748897e-01 -4.325334952651125886e-01 6.330335232227396469e-01
2.240660050385226698e-01 1.682933466225202956e-01 -2.650072293325235750e-01
-5.822694806577554116e-01 -2.676747588979422887e-01 -4.587078942103081092e-01
-3.198458236376520297e-03 -6.481057143443483270e-02 -1.075170479651655214e-01
1.910858735482562631e-01 2.750478562344364497e-01 1.313476570364669749e-01
2.362807430567170075e-01 7.308280510164838484e-02 -1.824580625870907691e-01
-1.979253710412952338e-02 1.686996092351262244e-01 8.124281313337178290e-01
-2.254681776927826287e-01 4.852269021265206428e-01 -1.299572013399725723e-01
3.527289251307341028e-02 2.479311481273824835e-01 -5.839062878515263177e-01
1.388427073664494082e-01 -4.828127904625184597e-01 -3.738881810555618190e-01
-1.486707018319049223e-01 -3.995920870597605146e-01 -1.064264096721075470e+00
-7.308155725948272119e-01 1.135044435276601482e-01 1.701702159209884657e-01
2.487286738744070302e-01 -2.994127318352187705e-01 -2.287010719132285819e-01
-2.880402293897971200e-01 6.474913197310848412e-02 -3.410060131426201901e-01
5.468215610605675181e+00 -3.070059538045609493e+00 -7.117917041970271974e-01
-7.626087865552899636e-02 -3.935095433527459052e-01 2.450382041589005758e-02
2.653462924619042762e-01 -2.981339627604990827e-01 -3.320363283440335572e-02
-6.288438360501773516e-01 -7.794678423543144330e-02 -1.235338956315133047e-01
-5.143996889014479379e-01 2.063531807399878459e-01 -7.864007102680818651e-02
-3.271900725686872069e-01 5.302300546650831059e-01 -2.391659655304387844e-01
-3.760877227082721763e-01 -1.093641784660562694e-01 -1.903601442263309351e-01
-2.760934274008545741e-01 -2.506759019653123088e-01 -4.034354170703720599e-01
7.189850565567891538e-02 1.979890662334895801e-01 -2.436866796346957298e-01
-4.608838387909169193e-02 -5.588694420718244293e-01 -1.014147972561669331e+00
-3.125057142872823546e-01 1.986256738441197767e-01 -5.180396577154244842e-01
2.634762732428276300e-01 -8.373566389852532543e-02 -6.909294878280275443e-02
4.595763731946327368e-01 -6.694019753383304572e-01 -3.382061547376042920e-01
-4.186549808025218367e-01 -4.396192234900751783e-02 -9.733324765409297197e-02
1.451330327697529232e-01 -5.391524708291792756e-01 -1.344122864678549967e-01
1.903284121449561820e-04 -1.189874711227854737e-01 -1.172119238029356442e-01
3.081193794053059265e-01 -5.030388971680288535e-01 -4.916176957225640853e-01
7.694905093319904799e-01 1.275996466072323865e-01 -3.078617548193552933e-01
-1.472519541078212979e-01 -3.746111346811077381e-01 -1.573949569953155339e-02
-1.570016135144363112e-01 -4.856215332244405158e-01 -2.300559013221642746e-01
-1.097424851520881761e-01 -6.402319055435963246e-01 -2.222909943797523047e-01
-1.550996207000497062e-01 -3.668352937410609971e-01 1.140137873103819720e-02
-4.102715084126887790e-01 -5.091378361609442127e-01 8.031886622700912248e-02
2.432238494312562449e-01 -2.736660276899423594e-01 -1.328981351851125925e-01
3.504886460726563957e-01 -3.228851789911356129e-01 2.203497558456281591e-01
-4.744955608253890178e-01 -8.957193971107917096e-02 -1.402172076668685152e+00
-3.407464012677879905e-02 2.383700978968610051e-01 -2.012288789725258376e-01
-1.098142470345898208e-01 -5.476053465708240475e-01 -1.906581381340086145e-01
3.142630733927327669e-02 -1.843157013278680645e-01 -7.821315087618533335e-01
5.287380755101503405e-02 -3.158176674826638775e-01 -1.141924729180771175e-01
-2.196074680501071685e-01 -9.267642958962848398e-01 4.660924849445713392e-01
-4.331402898052567618e-01 2.673742863467158948e-01 -2.516404999912916218e-01
1.856856186506755102e-01 -3.918627876899408169e-01 -7.501609030135233946e-02
9.911688414378112821e-02 1.062685180015827263e-01 -3.300983780095904652e-01
-8.014209952213761923e-02 2.028999830214183453e-01 8.902683957792072444e-01
-5.926255512870524100e-01 -1.048835126579449745e-01 -4.706459522240770688e-01
-1.201314624994666153e-01 -3.304083652224797940e-01 -1.741912482485994396e-01
-1.649744525708202458e-01 1.752814647431512052e-01 -1.287285067773812353e-01
2.201292976202884888e-01 2.622661597571798175e-01 -3.747991619365075855e-01
1.033803990520163196e-01 1.311103820058167335e-01 -2.299074580972678417e-01
3.234571414162870084e-01 1.985398441676641257e-01 -2.337885706211881298e-01
5.342278115698250174e-01 3.167941509703217640e-01 -2.392478050055524552e-01
-2.552617250371077562e-01 1.404116993846567796e-01 -1.825746930706645954e-01
-7.439200018959481187e-02 -4.523598243299732369e-01 -1.432312464816752340e-01
-5.743495821012242764e-02 -5.415520739138165451e-01 -1.978203163535501297e-01
8.695091268767803083e-02 -5.714304557502101201e-01 -1.374941410767425709e-01
8.387094943484788567e-01 -2.206407832766257571e-01 -5.303953991694294601e-01
-2.523748096314298861e-01 -4.727800759201557929e-02 -1.496321855767050735e-01
-2.259012947684268524e-01 -3.281097139605812507e-01 5.085996763782368174e-02
-4.045187093088850605e-01 -7.664904907395753142e-01 -1.695109016205818830e-01
2.572013712459763068e-01 -4.840893625651061516e-01 -8.054736632213850278e-01
2.909758110844861134e-01 4.199077086336150955e-01 -1.431436664526191671e-01
-5.522907650444139893e-01 -3.365728714722824449e-02 -4.391357285717021885e-01
-3.671964798076205461e-01 4.273825328348136443e-01 -1.754823555922289668e-01
3.939040302236857666e-02 -4.603549259280898531e-01 -7.033294644388262684e-01
-2.045182584272785611e-02 3.590628468684503027e-01 -3.164237386421407394e-01
2.123058405317237163e-01 -1.639954707955855115e-02 -1.078939044674679937e-01
-3.924777950426235340e-01 -1.758473194156252584e-01 -6.850592297147797272e-01
-1.893546722649677369e-03 2.328705863167895018e-01 2.192293588655654379e-01
2.866135505447860443e-01 -7.020506490565948943e-02 2.092016316370767515e-01
3.738275316543469562e-01 -2.159047125213200691e-01 -3.566478063490522432e-01
-8.565704225917354642e-03 1.818640379189485068e-01 -1.369977869909843049e-01
-8.775405292187608008e-01 5.549304871907102532e-01 -3.212449159037883417e-01
3.112490490926562159e-01 2.217425064054683384e-02 -1.473882598670600119e+00
8.405025069174779651e-01 -3.182378107995444821e-02 -2.992356447524492646e-02
3.844044210156618568e-01 -8.800261654709640169e-02 1.473201597869780166e-01
-6.694760775845475242e-01 -1.678441708978692729e-02 -8.747774759211346396e-01
-1.538435597846176950e-01 5.087791383335862339e-01 -1.700704470817992475e-01
-4.406112960662890154e-01 3.937941851603702498e-02 -5.113062001278984026e-01
3.097864806455084552e-01 3.593860334523429900e-01 -1.205696710416696710e-01
-6.896775782781481290e-01 -1.569045830097304250e-01 3.424448144085418533e-01
4.803915436747271256e-02 -7.560497194924390429e-01 -1.503888488143008684e-01
-1.728310510312608406e-01 3.586969377704555401e-02 3.097069613526962084e-02
6.259510458917888487e-01 4.420917710462020644e-01 4.221982227317899183e-01
-4.310587567676795601e-02 5.949720267287037651e-02 -2.929455777954055318e-01
-3.538509722218602938e-01 -5.496032192503899072e-01 4.193588752214144622e-01
-4.882065277338265563e-01 -5.874549487227849476e-02 1.265996327793919018e-01
-4.306351949414695679e-01 2.933299455302916803e-01 -9.502164001036264573e-02
2.907832025784101160e-01 -4.804765905449823737e-01 -1.526357456916475897e-01
4.386483024233497202e-02 -2.068737491889481861e-01 1.338650654915136962e-01
6.473325708238698573e-01 3.416888528309545148e-01 -1.476860553072901205e-01
-2.039154753000040343e-01 4.424484245144837957e-01 -2.529997144471929915e-01
2.766860527843601480e-01 -1.431842287738919473e-01 -1.694301985226558116e-01
5.133594411159008580e-02 -7.234686553545021104e-01 -1.368491910334536654e-01
7.984907053089559392e-01 3.247639056366847035e-03 -2.823075523252874808e-01
4.307192179234810014e-01 -1.502586098882987831e-01 -1.441142462384046863e-01
-3.216545020914372555e-01 7.734192137856498173e-01 -4.542797201239519578e-01
5.781370540637319894e-02 -4.345704872438282962e-01 6.754428716193936477e-01
-3.280224147510923949e-01 7.416187918933489498e-02 -3.491322662659750997e-01
3.806190286206957984e-01 -7.625525846229752602e-02 1.693192698410474206e-01
-1.520156929574641436e-01 1.125355105976900139e-01 1.238690052233562371e-02
2.044791904978580585e-03 2.597337566151249333e-01 -3.986425939716627953e-01
1.471767917590132424e-01 -1.977952025362591515e-01 -2.053061775613088669e-01
9.009643275410103569e-02 -4.672951180228390733e-01 -1.466837172782728071e+00
2.926185929629415705e-02 -3.117227119636036270e-01 -2.061093214252873729e-01
5.348130126329529999e-01 3.276154021251872495e-01 -1.235588978824232187e-01
-3.778053197225879067e-01 -3.274799249434310333e-01 -2.355819327651080819e-01
-3.114799141134300675e-01 -2.028620202366315517e-01 1.104382142320577548e-01
-6.308801657478827485e-01 -2.415816084691840837e-01 -2.700250442014600627e-01
-3.760633561858370277e-01 -3.845704283353557767e-03 -1.372869404002416138e-01
-4.202353074940731181e-01 -3.222553265033956671e-01 1.336795509631033274e-01
-2.264275003439802925e-01 2.001395902307740171e-01 -5.151373407142616906e-02
4.400700217084052013e-01 -2.860659920781716270e-01 -3.333666632822364362e-02
1.826494592309695353e-01 7.833005519244629067e-01 -1.601464478749452525e-01
4.656392664086739797e-01 2.099344215883713893e-01 -8.295422129321348148e-01
-3.257053157652575193e-01 -2.083214216931641993e-02 -1.691614257393699305e-01
-2.589245688104298559e-01 -4.080629163030761730e-01 -5.820107133073717520e-01
-5.121075655789759651e-01 -1.733060712640710210e-01 -5.282206038179572127e-01
-4.192305669240780075e-01 -9.190979597690034086e-02 -2.303041572592205433e-01
-5.552641836965397371e-01 -1.113269704410607547e-01 -1.836229770588254095e-01
4.557106311600618853e-01 -2.596784406758745889e-01 -8.345366901749028399e-01
-2.214209707613415679e-01 -4.884527772331110906e-01 -1.646638839823063027e-01
1.751348184066975067e-01 -1.712825237578737003e-01 -1.121494056194973776e+00
3.280439734427565979e-01 -1.689293896169024589e-01 -9.928036980838786385e-02
-4.214077807748806137e-01 4.048655402719925633e-01 -9.224666883918907212e-01
-8.336569208789935959e-02 1.725955582801550758e-01 -1.399202504172973316e-01
-1.135270087197863959e-01 -1.149554812550812460e-01 -2.259468863338698064e-01
6.531640222275536534e-01 -2.111094658026672621e-01 4.186999893391329386e-01
-5.826983180743955382e-02 8.359959120716856651e-01 -5.308933834877190838e-01
4.145129797285745932e-01 3.720084684130944407e-03 2.139032408622031090e-01
4.964988817641507457e-01 1.893682564587215456e-01 2.574770419856116099e-01
1.405547042298034566e-01 -2.397714086519195098e-01 -3.449602600821604637e-01
-3.113590576845441382e-01 6.083098344430961507e-02 -1.787205164170082294e-01
-5.893276627338206453e-01 -2.808890899102828853e-01 -1.780174959268083223e-01
3.447404718248855277e-02 1.134403588494376086e-01 1.016201353170073984e+00
-3.185791783321553439e+00 -6.074350179201863043e+00 -6.600355811607616641e-01
3.155512421216451480e-01 -2.960950674236927371e-01 -9.281215491745569146e-01
4.213720815481256654e-01 -1.170427030884524239e-01 1.238607278299374281e-01
3.362151046749196071e-01 -2.447133105333293146e-01 -1.785717872087158320e-01
-3.339501923644661585e-01 -3.848295001179612984e-01 2.420655719484492707e-01
1.031630167498143735e-01 -4.268740896524149120e-01 7.948022867383738865e-02
1.782266495003486384e-01 -3.137431524829344953e-01 -1.803788116949914255e-01
-4.131811603383223619e-01 8.258332068193329628e-03 -2.075611493441739952e-01
-3.846142919155456363e-01 -3.100417791405474244e-01 -1.512282608908241954e-01
1.155710729545548904e-01 4.112528195394417607e-01 -2.485277292765342705e-01
1.889716526873703728e-01 -3.160980414971161778e-01 -6.337577952251431945e-01
1.362412601923928823e-01 -1.028686826993128467e-01 -1.794963980724137154e-01
3.575127645656143160e-01 5.269968306005762271e-03 7.617423055920002906e-02
-6.746391764860241169e-01 6.435731791545711011e-02 -2.962042559980233580e-01
3.135671375817424694e-02 -1.210231781750189389e-01 -2.113795712981615116e-01
1.452833383669316358e-01 -9.070222579906066229e-02 -1.797560756974674878e-01
-2.434621400969854410e-01 1.437030679390148835e-01 -6.308801777301287217e-02
7.193932164210981028e-02 -1.034196231776406266e-01 -1.265003335353814817e-01
1.665587056049442349e-01 1.334606347189245812e-01 -1.305044659412023245e-01
4.123601310112772200e-01 2.683161035521426999e-02 -2.652868309986967099e-01
-3.091790188300417852e-01 -9.341543433010607300e-02 -6.353230026540960251e-01
3.163667957599041181e-01 -3.374019220594494661e-01 -3.370293807774266681e-01
-6.298576458922183763e-01 -9.480507331023789730e-01 -3.859662357091028090e-02
2.580665214033951993e-01 -3.771349100221151884e-01 -1.535315782216434832e-01
-3.567718391865051242e-01 -2.465241280005320557e-01 -2.546072798942151660e-01
-2.354940970720246218e-01 -4.977966256982472859e-01 -1.420859596856391960e-01
-5.653613424000870635e-01 -4.644954421965153540e-02 2.537971534560658562e-02
4.407117081808874515e-01 -6.252771598342363735e-01 3.917445119123487141e-01
-3.073562375699808724e-01 -1.059678770428360339e+00 -1.624435655790886779e-01
-2.297303052905739773e-01 3.524161708739241561e-02 9.449837355675222428e-02
2.396067000741177455e-01 -3.822996657137506804e-01 -1.890762621484824990e-01
-4.597527798166069490e-01 -5.832490834508397004e-01 -1.473500715170963649e-01
-4.536264229629388689e-01 -2.531403351456180117e-01 -1.003453075074430156e+00
-1.896341228924605660e-01 2.441678622244390640e-01 -1.649876995925523004e-01
3.879562445804723980e-01 -4.487596468640510095e-01 -1.152779684668338439e-01
-3.220185900996622719e-01 3.665087063429959269e-01 -9.848117475972331114e-01
-3.658094241617701470e-01 -3.378104792432300996e-01 -1.965135210320447245e-01
2.462807360544163326e-01 -5.000074198745392273e-01 -1.850989207184197127e-01
3.727054589889507441e-01 -3.657739930840300246e-01 -1.984426484936665791e-01
-3.369790872495803113e-01 -4.762215389304962354e-01 -3.712350940960526535e-01
-2.350079794003550882e-01 -7.116637307991748040e-02 -1.367731232195219804e-01
3.965842732817239646e-01 -4.968266526341755807e-01 -6.604687139392895201e-01
5.264147520978736117e-02 4.517446998426787041e-02 8.346843805842354413e-01
4.361193340936735940e-01 -8.253631699704040703e-02 7.580019493026851629e-02
-6.020149672500072491e-01 -2.636289014306622547e-01 -3.118338004848830725e-01
3.068716354235886401e-01 -4.356903022607936382e-01 -1.723576757263693970e-01
8.245780238995151223e-02 -5.388797044374892681e-02 -1.769788911590307323e-01
4.248026168001509673e-01 -3.567720611706078904e-01 -1.059411835338409102e-01
2.617853246053440386e-01 3.607361237446908286e-01 2.989850605691455887e-01
-5.579856334955249908e-01 -4.670009051665104383e-01 -2.306370973638363076e-01
-4.362403416347225837e-01 -4.547855239958258355e-01 7.615080266937553910e-01
4.627220931520471536e-01 -1.326603809426697700e-01 -4.477553431636028397e-02
4.229386110825112399e-01 -2.332790945669191152e-01 -3.198837417574120767e-01
-5.312970496256416153e-01 -1.993217424095342361e-01 -1.186736706182613538e-01
-8.651173243844448857e-01 -2.342146753119909164e-01 -6.172619688120110082e-01
-3.764917629193878512e-02 4.493555595371627742e-01 -2.663251263215150044e-01
-3.803078260843604785e-01 1.314466256610896666e-01 -5.806135070166923429e-01
1.454851967276050428e-01 -5.278160413647189353e-01 -1.343936785851591875e-01
-3.700693730136329629e-01 -3.934628659022730846e-01 -2.041009864560648646e-01
-4.177937937743978480e-01 -1.797637283880387099e-02 -7.531312764832817641e-02
1.329576808700710377e-01 -1.774229008568852239e-01 -1.399365514427324264e-01
-7.314175234274529203e-01 1.390719156408276591e-01 1.688075866927273849e-01
8.105650454387149095e-02 -2.103884728768311563e-01 -1.551633411765002135e-01
4.712174000357006315e-02 -6.063094980765609820e-01 -6.584695020339914606e-02
-3.735175608017577975e-01 -4.196652117113385261e-01 -1.035711939174179669e-01
7.746397724766668214e-01 3.903372696628906735e-01 2.130944452200441153e-01
-3.496608551744039284e-01 4.161954930825695342e-01 -1.357787611110065351e-01
-2.795872331946795963e-01 2.359133542605044431e-01 -2.267139269396508949e-01
2.726053023258639407e-01 5.404331183067375560e-02 1.631258536799760905e-01
-1.514941210159278240e-01 -9.290872054018801673e-01 4.642859645639456079e-01
-4.625811107410820466e-01 1.862805526786288357e-01 -8.215258976554304371e-02
5.900942968377164144e-01 2.921619696353878748e-01 2.578092610680778329e-01
-5.155832204741748193e-01 -1.316240358246903719e-01 4.407128451361029264e-01
-7.651568735404966348e-02 -5.934144797816328643e-01 1.360100396167313874e-01
7.282329256520878591e-01 4.462080763306142117e-01 -1.396357578112712439e-01
5.302269635736358566e-01 1.181761265037134800e-01 5.030842208499769486e-01
-2.174277692424402275e-01 -2.725236567150384204e-01 -1.753647761027423424e-01
-2.828046325093185875e-01 -3.407755960846033383e-01 -3.020217325494032323e-01
1.095854509286360301e-01 -3.150436954077569240e-02 -1.062102301641211499e-01
-4.204961642693861301e-01 3.058053666362843814e-01 -2.396458142113611633e-01
-4.991055101259381788e-01 3.668424046303287445e-01 4.612192960734194935e-01
-1.357497217938292977e-01 -4.538968947543820520e-01 -2.249713807191831560e-01
-3.775399644354792139e-01 -5.660888805087518350e-01 5.748589391718121888e-01
-1.998146029012441705e-01 -9.332780503162789731e-01 5.264905140392027727e-01
-1.155234559965588048e-01 -3.363149803870928434e-01 -1.710354158278102610e-01
-4.110389251029816782e-01 1.764288679696976447e-01 8.086696989771962052e-01
1.297010324396232761e-01 -1.626866302510635576e-01 1.627993305490804399e-01
3.468236817283628509e-02 -4.942428638671226282e-01 -2.458735206434115306e-01
-3.693019749515880079e-01 -3.395006966142410931e-01 -4.470380613911797973e-02
-4.988453707949294658e-01 1.711916150462309757e-02 -2.055651048248227919e-01
-2.081423486043406865e-02 1.004380702460728053e-01 -1.418894550221864170e-01
-4.687483439687303161e-02 -5.452222111416953343e-01 2.579775390143760339e-01
-2.304865257288419012e-01 -3.814503842720866067e-01 -2.124016901466673213e-01
-3.394282061246096660e-01 -1.097077907626070742e-01 -1.683029665368564742e-01
4.302679475805993303e-01 -2.653237824831502362e-02 -2.210997456491649304e-02
-3.668404363206409502e-01 4.441949119152290848e-01 2.166910217329359040e-02
-4.540278000963238192e-01 -2.911415635634507781e-01 -1.173135820209555806e-02
-7.428922760712193540e-02 1.810591352479346272e-01 -3.483286820399437156e-01
1.297299722888172954e-02 2.868816048904108268e-02 -1.362894778418565489e-01
-1.783900713340811073e-01 -5.473130836000138499e-01 -2.892450240704802153e-02
-1.046972132190370774e-01 -1.535002947364270121e-01 -1.663970190268738991e-01
-6.450345837043071351e-02 3.807820353555033815e-02 -1.152614782390192494e-01
-3.505744518276560084e-01 4.679265870835203622e-01 -9.272720569014341052e-01
-4.529843331116941707e-01 -3.477625634262354049e-01 1.423755685918102754e-01
-2.274554250768699021e-02 -5.472160218497265638e-02 -2.182866688593473881e-01
6.908311709539323164e-01 -6.072754754772492491e-01 -4.003823933752087560e-01
1.681824189332884467e-01 -8.153789978274151862e-01 -8.973192979020907373e-03
-5.708659636621180589e-01 -2.291194890932769235e-01 -3.501052700846283838e-01
1.628822023526574347e-01 5.018698915738758481e-01 -8.680002835664736294e-01
1.440632135666434499e-01 6.426963702100445264e-02 -2.408499482179542878e-02
1.213033001378634596e-01 -4.124570888524913825e-01 -1.309842939798852857e-01
-2.298279488537171567e-01 1.213223380569680016e-01 6.444563870509960324e-02
4.503552181984623592e-01 1.085769905020453757e-01 -6.936504479175817361e-02
-4.668709061170546182e-01 -6.015845476972169203e-01 7.008399294079944997e-02
3.518364976787517473e-01 -3.807080869085232439e-02 -2.721234366214162481e-01
3.146436943375461870e-01 -6.956183916463278827e-01 1.781598920770242622e-01
2.237528769233272374e-01 -2.412232135994966387e-01 1.283028572753440975e-02
5.432905339604627432e-02 -1.249796880421773920e-01 -2.002088197124498592e-01
2.615365139508690762e-01 -1.760457708728630985e-02 -1.566409751314441490e-01
1.251198750620863276e-01 -3.818169283431093741e-01 4.339685403267511815e-02
-2.885343439905119767e-01 -4.798745346682006252e-01 -8.637905807723873786e-02
-1.141793931842210313e-01 9.160398821368294364e-02 -4.062035990574865141e-02
-5.766269904498334126e-02 -8.930497892172516439e-01 5.236780214803622435e-01
1.886626156386282116e-01 -2.680914118403544474e-02 4.983325411035419497e-04
-7.877380710076516968e-01 -1.219054026977466586e-02 5.058837589442863880e-01
-1.395320462394483041e+00 -7.033505248144689581e+00 -7.523885692792182667e-01
-2.304972299698311300e-01 3.175477541155131700e-01 -6.031333226234640854e-01
-3.398001697411917599e-01 -7.919836297769542455e-01 3.448215213873883633e-01
-3.857017429391809693e-01 -2.665807946591689306e-02 -2.774551403890203605e-01
-2.531245694418022274e-01 3.113121174215336961e-01 -2.559848921434516034e-01
4.574304035787263994e-02 2.032826549372558078e-01 -7.296208876577126023e-02
1.481460951218623034e-01 -3.126866731383082243e-01 4.860591432753635921e-01
3.484360750353446279e-02 2.179752305149191272e-01 -1.128630323500698640e-01
-3.698343199880015919e-01 -1.599212774429124295e-01 -2.110729450848590205e-01
1.373761239722580130e-01 3.766770627678086569e-01 -3.464297467712886824e-01
2.626711576129232006e-01 -2.267411469945236902e-01 -7.834748649570601187e-02
-3.171742757489960929e-01 -4.754213843700020453e-02 -1.732125306737149206e-01
-2.536761347475273154e-01 -4.281522524385619199e-01 -2.832359118788286279e-01
-1.470893411085185398e-01 5.083129518420497206e-01 -2.860322960314181095e-01
1.450017539137859746e-01 2.529685500657357852e-03 3.152680194377782685e-01
3.572084009667442217e-01 -2.707215336738771350e-01 -1.866501882132161616e-01
2.763242352927199885e-01 -5.405155821744662692e-01 -2.540686095564818614e-01
-2.150087339697790909e-02 2.025097763132559237e-01 8.080471533058477540e-01
2.629094293419008133e-01 -2.417532040541101324e-01 -2.896751756187375404e-02
1.126889314103492606e-01 -2.348035232470621902e-01 -1.610413590118987548e-01
-1.281639688501033936e-01 2.898289466386665958e-01 1.292432068110581922e-01
-1.612224106378106481e-01 6.135053402661237026e-02 -1.236502321762826540e-01
7.832924956750766943e-02 4.592172412559241690e-01 -4.382171749284912154e-01
-1.976653743509738381e-01 -7.511665641329903220e-01 -3.573731896264972785e-02
-1.395595597267515198e-01 -3.240000248455739418e-01 7.007847511790166184e-02
7.924265766167111202e-01 -3.830558548551487030e-01 -3.527611070519974246e-01
-3.302534845820681020e-01 -1.070833922365952429e-01 -1.423332756943003485e-01
-2.800330025727318373e-01 -5.228099012772590148e-01 1.601351506314594997e-01
-1.680998006879489692e-01 -4.316983849564508535e-01 -4.635821872753099343e-02
3.877225687309150404e-01 2.848192263100333133e-01 -3.644283756696062304e-01
-4.385487712424728790e-01 -4.224033109284865972e-01 -7.824255884253287219e-01
-1.557530518894183202e-01 -6.332425379140997901e-01 -4.488744958552647324e-01
-8.825673121821132616e-01 -4.204816470549191734e-03 -4.732266191771874464e-01
-5.506827703138900826e-02 -4.358967403429905851e-01 -1.397887105718290945e-01
4.079163246391888098e-01 -3.815386307382004349e-01 -3.761277078331852208e-01
-6.083258911400905022e-01 -3.512204386821075053e-01 -1.436484411144368645e-01
-8.292377503221172175e-01 -1.732578613615461949e-01 -3.935864449462803671e-01
-1.873671932863648915e-01 4.491764871382741275e-01 -2.898282299954494934e-01
3.364889183087194646e-01 4.813308675946276205e-02 -3.066189093424596113e-01
6.550238233598375259e-02 -7.846229066962100429e-01 5.785865899298217596e-02
7.965117757608086713e-02 1.552133530953729024e-01 2.998106704205834583e-01
-3.615243887595418482e-01 -3.317116331060802059e-01 -5.551376551524801473e-01
3.462767375084544463e-01 -1.217721694275065991e-01 -1.064588228824126404e+00
-3.795927827415430666e-01 -6.517530375617362759e-02 -1.549845275970182790e-01
-3.401993688950736283e-01 -4.777997797610163966e-01 -4.875151862864949837e-01
-3.064975209081980401e-01 -1.454432547724309743e-01 -1.712158001428553122e-01
2.507510745175530742e-01 -8.257599996406198017e-02 -2.156228921053929271e-01
-2.594736931380745015e-01 4.927285655063092656e-02 -1.267593754788351734e-01
-2.931143436676330039e-01 -5.833251176259497406e-01 7.029220723356410794e-02
2.218262093427304793e-01 -7.850299676643449076e-02 -3.009456052894216027e-01
-1.746714189248751992e-01 3.203357241471138095e-01 1.581016475223556011e-02
8.103116809984269864e-01 -3.119934412328946860e-01 -2.531448139665091746e-01
1.943860706775497327e-01 2.605266760984630281e-01 -2.337492213980897071e-01
-2.742368395138165549e-01 -1.161165203794815026e+00 2.475114411329980627e-02
-8.120926173885949506e-01 -1.231728218926100848e-01 -3.064752824287603206e-01
-2.676827010932111839e-02 -7.859533271670519072e-01 6.287041940611334256e-01
2.118517404068220866e-01 1.223687414578938509e-01 -1.723263409228356080e-01
1.160247959792152783e-01 1.134260946291585775e-01 -2.348980324862301738e-01
-3.017245272052369032e-01 -1.898465102529797721e-01 1.234684289535496610e-01
-2.096305800526059582e-01 -6.635843565587683512e-01 -4.370532329605296140e-01
-2.973730516787261302e-01 -1.900325403838311333e-01 1.267139104035742980e-01
-4.698329472733829837e-01 3.814013834335125974e-01 8.877162513118528331e-01
7.208388019707435701e-01 4.266494506221610861e-01 1.701986148776465091e-01
1.123577840415546092e-01 -2.903042720382290054e-01 -3.878150013979947408e-02
3.408573312173350245e-01 -6.267832713231993869e-02 -2.572822189654421776e-01
-3.762617455698187841e-01 -1.362355328247145392e-01 -2.475287813379551394e-01
3.835259364084725453e-01 -3.341333103984324704e-01 -1.492815423052072377e-01
-2.768431978657199810e-01 2.884236560620390133e-01 -1.953092890387569391e-01
-2.225687015179664829e-01 4.364786100886717812e-01 -1.644996852601110782e-01
1.955432902447171717e-01 2.015637195645925694e-01 -4.023845614110523883e-01
-5.214359819620374425e-01 -7.444892768325156451e-02 -1.615550879342950163e-01
1.437732020760003060e-01 -7.049133381778766028e-01 2.611412105947747420e-01
4.788418825676146184e-01 -1.428496379633789892e-01 -3.213570430301793818e-02
-5.281895416959125900e-01 -3.818001437676617482e-01 -1.931998197769260479e-03
-1.670191211516717789e-01 -4.776715113211545405e-01 -1.589257760098689576e-01
3.407994970720198413e-01 -3.363419460948205986e-01 -4.036574750776438236e-01
-7.787049957833114266e-01 -1.869033430392811473e-02 5.536919275401472884e-01
1.388905893992117835e-01 -1.096409499003965088e-01 -1.624524331170179858e-01
-3.265747409173546667e-01 -5.766578478052660772e-01 -6.230035855294033253e-02
3.285392280203743021e-02 5.298604767112440328e-01 2.738759725541764500e-01
-2.249368685906125709e-01 -3.513656176479162951e-01 -1.106428962644501413e+00
-6.691939245835627770e-02 4.100381873645359554e-01 -4.342195275451922187e-01
-1.467584306912354808e-01 -3.345295740196348455e-01 -3.210479722363210331e-01
-2.338228320389424408e-01 -5.512817919388202093e-01 -4.963279727257892682e-01
-3.670566299966545598e-01 7.213506482661461439e-01 3.940459010819523100e-01
-9.119365761202651022e-02 -6.612611728153120483e-01 -5.544029236822110331e-03
2.271035619214431811e-01 -1.798963437115689429e-02 -1.128533431939868770e-01
2.245107209256227143e-01 -2.399466901448528144e-01 2.233886178243755516e-01
-1.209697008670502921e-01 2.008199948051224426e-01 9.965768015089042711e-03
1.493330025782872439e-01 -3.096937403063493299e-01 -2.073044450460336530e-01
1.151198736798533240e-01 4.352604886354533575e-01 1.281560305715797243e-03
-3.829065268456977589e-01 -4.287196371049984966e-01 -4.788360767253580508e-01
-5.782168599149632715e-02 -4.184735459906486765e-01 -1.855012181563684415e-01
3.588048732623735221e-02 4.545023134113549412e-01 -3.053575179222789426e-01
-2.539638317468314588e-01 -4.540711450652613612e-01 3.834933083350601513e-02
-1.917896953491718404e-01 -4.594729132976048125e-01 -2.079186630716168549e-01
1.236232361782613285e-03 -4.335577197285868656e-01 -1.306240353826421396e-01
-1.447747690127289544e-01 -5.189927266206625367e-01 -7.320057688098227655e-02
1.589134112694744541e-02 -3.904747404288452794e-01 -1.648271198690213768e-01
2.076838027015981691e-01 2.846448542529066428e-01 -1.995401790383330154e-01
-2.881632060894990799e-01 -1.582296348979641554e-01 -2.089511416155914181e-01
-1.460915502105691599e-01 -6.339410682464652336e-01 -3.656493536104675202e-01
3.330289465984846986e-01 -2.750825851488231111e-01 -1.825719377517235897e-01
-3.843338313830163555e-01 -1.019294426307146839e-01 -7.558321362159053924e-02
1.558831503005788099e-01 3.480238885378179048e-01 1.378157247265878182e-01
-4.081897389488018946e-01 2.978846560573714664e-01 -4.434213182873111836e-01
-3.933219837185972234e-01 1.129776912919629173e-01 -4.850294162303671053e-01
-1.566807205809245263e-01 -4.874283525385557647e-01 2.751334733775498420e-01
-3.180122009816742090e-01 4.436384929359226681e-01 -2.773697373774223346e-02
-4.877254351457391834e-01 -3.446392484215258373e-02 1.159838426225323071e-01
4.957854299218351912e-02 -1.525054410278383343e-01 -1.560998484292420163e-01
1.864385624675755915e-01 -2.447877289827003200e-01 1.538321024600236842e-01
-9.403708202154424933e-01 -2.041774227659125807e-01 8.472696283896197222e-02
-1.814858432206653827e-01 1.788663947617280883e-02 7.391439347846874286e-01
3.207894319820388529e-01 1.485071146858144286e-01 5.847005476565594190e-02
2.692086256398074640e-01 -2.836771857073682734e-01 -2.347761199834007828e-01
-7.086807964572001961e-02 -4.220025363223993131e-01 -8.859734715609570710e-01
6.443223766233635574e-02 1.767040647448981927e-01 -2.928800711242338650e-01
-3.248584119531257586e-01 3.804119299594607151e-01 -2.007142566161486952e-01
-1.030309532274358009e-01 3.378458381112133813e-01 -2.013835542126569678e-01
7.070961314449694668e-02 8.342144686880573201e-02 -9.366815031500044242e-01
8.788423722830852602e-01 -4.942673708615961253e-02 -3.558685970486163974e-01
2.624940575251738517e-01 6.705936545452426123e-02 -1.395401053578499972e-01
-2.834671570663263584e-01 3.370525901983036365e-01 -1.500100730188259346e-01
4.229929843981611315e-02 -3.517065999539170651e-01 8.855820293824018252e-02
4.422112170971110312e-01 8.553525979159532611e+00 -4.083708600627724561e-01
