-9.577095621681948057e-01 -7.649859992304262890e-02 -6.299319137106061950e-01
-1.543340668544180172e+00 3.625476203656256557e-01 -5.015044867315620047e-01
-8.087601478283453771e-01 -6.628908038748646536e-01 -7.682064760887270805e-02
-1.695303533130644746e+00 -4.760304301180415254e-01 -5.231768776378704633e-01
-1.434066231888095899e+00 -5.858455672797721059e-01 -1.096156865655572243e+00
-1.506712171337011519e+00 -3.097045300760650210e-01 -5.329789788037770926e-01
-8.232312445713889648e-01 5.286684719550546196e-01 -6.723580613299016129e-01
-8.454718598632328108e-01 -3.200503158628720257e-01 -5.439696449733273376e-01
-1.055880125038224815e+00 -3.918669473627228172e-01 -8.270654950993036048e-01
-8.739605509986871912e-01 -1.177725547152364827e-01 -5.702972423353502851e-01
-1.438348476793622766e+00 -1.295336088049477974e-01 -5.799851559927078348e-01
-2.156337604185964096e+00 5.872288296024428256e-01 -9.186040526531354111e-02
-7.768695528961311325e-01 -2.629178779391131981e-01 -5.777916777422874572e-01
-1.096375829609812280e+00 2.016071363390682103e-01 -8.206438860291058734e-01
-1.162247847052874095e+00 -2.203013735498611791e-01 -9.182084891743375055e-01
-1.503052890540959030e+00 4.068009613189314533e-01 -5.918817699544232092e-01
-7.028623134728722022e-01 -6.275029312496842593e-01 -1.604546523661749768e+00
-1.580255595953493408e+00 3.205088492346612472e-02 -7.624253596250007980e-01
-1.685219028585076551e+00 2.899081497715714772e-01 -5.544774625554315106e-01
-1.300284926354420056e+00 -3.653430846136022925e-02 -8.144553589144187811e-01
-1.427616814094493369e+00 6.519727098225540363e-02 -7.350798212106252061e-01
-1.519956145188853247e+00 -4.288362384889771867e-02 -1.798476589476144305e+00
-1.428811500488698316e+00 -4.160948266416155672e-01 -3.116887099107292225e-01
-8.360254071904701378e-01 5.762321435902856281e-01 -6.982863852718588227e-01
-8.021926231098946980e-01 -5.832499811331095518e-01 -4.623816149763873562e-01
-1.427541682058759420e+00 4.246610536452306017e-01 -6.772075292539246893e-01
-1.067934872674179081e+00 6.407103077391414214e-02 -8.372601471420841879e-01
-1.611072107791357899e+00 8.797667190202274057e-01 -5.423836888104736076e-01
-1.701071822997208827e+00 2.988384330059651872e-01 -7.358173122890174778e-01
-1.343381391076765796e+00 -3.437199148140765437e-01 -5.377628032390568968e-01
-1.402402091583442978e+00 3.569333683835969329e-02 -6.155634164734687941e-01
-1.238964472792697169e+00 -1.975163772036839793e-01 -1.539819764730263607e+00
-1.425189478216155825e+00 -1.134506552228452814e-01 -5.353002472675191248e-01
-1.980725483434762957e+00 6.812704097304851381e-01 -3.756480048236000568e-01
-1.250562941743291079e+00 5.040362295005442750e-01 9.538508134704851149e-02
-1.503923014474629838e+00 3.864438116445543248e-01 -7.643169826013439527e-01
-9.648794197668495443e-01 3.201171242464248556e-01 -7.002111755808163585e-01
-1.514916932941232419e+00 -1.810961271445009624e-01 -4.620442350059211778e-01
-6.313807201412499071e-01 2.495162377913953122e-01 -7.342750035359271177e-01
-8.342257851300671767e-01 1.620465255225546630e-01 -1.250702753000405287e-01
-2.349558436765681879e+00 2.075055903640627974e-01 -1.227214283285058327e+00
-1.185054204808691614e+00 8.185630071457535364e-03 -6.553771123059135562e-01
-1.032321446200045623e+00 4.605845429604851771e-01 -7.016396921399659092e-01
-1.448633145564774960e+00 -7.174485578793869667e-02 -7.116723418841391924e-01
-1.199448959988458796e+00 -3.861164167610482423e-01 -9.165959344921317253e-01
-1.426546924311174802e+00 -3.783986919191348886e-01 -5.132844001941571088e-01
-1.037305593918983027e+00 -3.145756729950954234e-01 -1.020891760339113219e+00
-1.417367086508810603e+00 -4.528483632662614333e-01 -5.540171637040989250e-01
-9.568011704482501933e-01 6.475496736805974596e-02 -4.933804323004266634e-01
-1.219587389154870749e+00 3.188730497060272007e-01 -8.349983423465788812e-01
-1.281693475860602005e+00 1.224535194291076073e-01 -1.131199649196606316e+00
-1.406873587715907092e+00 -3.019725430252837017e-01 -7.581930301748726064e-01
-1.488663402076873199e+00 -7.516394018946989108e-01 -6.988135465808188451e-01
-1.388170604561850707e+00 5.156738370494781121e-01 -4.043343177049389947e-01
-2.023257562539871657e+00 -3.030746454040607607e-01 -7.866419213990727410e-03
-1.536038220378330932e+00 3.702628581866080903e-01 -3.670847319247118046e-01
-1.509690771647625773e+00 3.747412299558829374e-01 -8.693078223937334981e-01
-1.832650457467543070e+00 -1.059875404189054024e-03 -5.699634084045547278e-01
-1.600469987419014029e+00 -1.793930065773694793e-01 -4.411907322164104195e-01
-9.164921541591533050e-01 4.154365738389645402e-01 -9.441510953937307660e-01
-2.256645670448298002e+00 -2.793960799825186969e-01 -3.368289542844718487e-01
-7.571874574482614362e-01 -2.671408488984300944e-01 -9.527371182213283385e-01
-8.945606678393320799e-01 -1.742318275685799389e-01 -9.000259813104904971e-01
-1.117568592748463097e+00 -1.433586874217035456e-01 -8.478121107773919363e-01
-1.267068924402966701e+00 6.988955127373662479e-02 -6.563781704800819572e-01
-1.483103594528800695e+00 2.615126545414949155e-01 -6.653992128772576731e-01
-1.118105100731412005e+00 -3.211978299362604899e-02 -9.252486586344661479e-01
-1.581928338617040408e+00 1.296414388382151617e-01 -8.503232250894275923e-01
-1.296064644246435860e+00 -4.191659232479850727e-01 -7.300296426144425865e-01
-7.162831444821108340e-01 -1.237105235293364247e-01 -2.063134589365178240e+00
-1.072550367733481780e+00 3.300333103033908921e-01 -9.145902342037615096e-01
-1.393258071220105476e+00 4.338081947191320120e-01 -6.062732492607897372e-01
-8.464463348304004375e-01 3.138971504760103559e-01 -7.822395308871776809e-01
-1.487226021157408651e+00 1.417900718165112095e-01 -7.391668422725889975e-01
-1.086965886956201555e+00 -3.303038641135452314e-01 -5.366588738277306980e-01
-1.242926935157342427e+00 1.109100947770933265e+00 -1.288175227923469723e+00
-1.588986492145751939e+00 1.564127122584797469e-01 3.194743301936281976e-01
-1.536331407955369155e+00 2.395869171018532584e-01 -1.605740858612423327e-01
-1.124217878643781976e+00 -5.015367204376839499e-02 -7.249132126234446583e-01
-1.207785897432563260e+00 8.338263989141631027e-02 -6.993881683450282605e-01
-9.810241833796990996e-01 -9.191812325048275348e-03 -7.763470047038396604e-01
-6.904537432282991105e-01 2.690442112560858523e-01 -8.636656594986953372e-01
-1.267101054510972880e+00 3.775557621316480428e-01 -8.492255949535826298e-01
-1.646268872491830848e+00 -6.090296350019528404e-01 -4.503274209800428585e-01
-9.050327609951085428e-01 2.081661562534429522e-01 -6.311225368768716981e-01
-1.174401216448293539e+00 2.328551157123190940e-01 -5.801085781086353643e-01
-1.331929147669676849e+00 -3.806413692895494610e-02 -8.282458715761581436e-01
-1.626053370306662416e+00 5.843805799532373335e-01 -4.060023782025820038e-01
-1.012924314641957535e+00 -3.869543901220789395e-01 -5.640007476170622036e-01
-9.584933534395776444e-01 -1.846582129957460849e-01 -6.620213777514579734e-01
-1.034088951049788818e+00 -1.040113164230939968e-01 -1.098910101345252022e+00
-8.391189838504586884e-01 -2.136267900313102569e-02 -5.593695377539062985e-01
-1.301735386871628819e+00 -3.891563134641258248e-01 -1.234006077011938984e+00
-8.995107568709719281e-01 5.665175483097989462e-01 -5.256038920071793852e-01
-6.056098345199734112e-01 7.240624732742548253e-02 -9.844371737410996248e-01
-1.313382912615034259e+00 -4.127703270446503314e-01 -8.836919758172858685e-01
-8.870331139248732732e-01 -2.501530500987993455e-01 -1.932172709560124879e+00
-1.133381940175081759e+00 3.442971616876659979e-01 -7.869968768021355920e-01
-1.213121501096668720e+00 -5.539024247296996384e-01 -7.962890930557650071e-01
-9.033148129014550998e-01 -3.988840633745452391e-01 -6.276726921721390573e-01
-1.685346682609119684e+00 2.942876884868367293e-01 -7.454220709941549172e-01
-1.180247378735444386e+00 7.826257301656408538e-01 -7.898985382499141839e-01
-1.464950268188550009e+00 6.348316639134655714e-01 -1.993244628431455889e-01
-1.104977808032362896e+00 -3.145688153376605678e-01 -7.571773589592916132e-01
-8.874814460337748789e-01 1.826642646554236249e-01 -7.410002331595941794e-01
-8.278345760141282428e-01 -1.516276219589609009e-01 -6.679614716584371115e-01
-8.033753866747327388e-01 1.491729288621681804e-01 -8.214690332622733848e-01
-8.599546269464344306e-01 2.657990506419904281e-02 -8.692582840746292394e-01
-1.625763737244841467e+00 2.722519430744707036e-01 -7.322645921015064063e-01
-1.700948537981449515e+00 3.304646857837497675e-01 -1.081534407525292396e+00
-8.903743269161727980e-01 3.157650373623180351e-01 -4.549280900866183863e-01
-8.634069438197022883e-01 -1.940423247084689939e-01 -6.901400932552236300e-01
-8.909671919703988641e-01 -4.041670130788407311e-01 -6.639950162402054046e-01
-2.352907385498085091e+00 -2.717672837016689089e-02 -1.236911124957110530e+00
-1.034372700407488965e+00 -5.795784738571307937e-01 -7.453330190903136865e-01
-1.037070914754339990e+00 -3.444697924023893409e-01 -8.707484046939861777e-01
-6.504496688181998776e-01 1.196719340149099975e-01 -8.264269420951002587e-01
-1.628892662447123829e+00 -1.700349847509018408e-01 -7.079632083428089029e-01
-4.378547455461053173e-01 1.059575867067052313e+00 -4.235670044121767064e-01
-1.850105257820626514e+00 -1.616018699148511970e-02 -6.888454926941467438e-01
-1.339203348677946437e+00 1.025551063923675899e-01 -7.605544670927085749e-01
-1.465384381926047475e+00 -2.286816162594252355e-01 -4.249842995646073707e-01
-6.525429814126865180e-01 1.450568397475706373e-01 -8.146509938461259370e-01
-9.916811371471678793e-01 6.909168666653235646e-02 -8.071107654758775674e-01
-9.404493898725153400e+00 2.378334719241868811e+01 -3.091649241597513864e-01
-1.351574129541735614e+00 3.820437128464911347e-01 -8.024263316473509988e-01
-1.530760732250587175e+00 -2.155083394850109413e-01 -9.566223213310911522e-01
-1.313961746060221092e+00 3.403127542039603992e-01 -1.007542949277319799e+00
-1.868734043844725745e+00 -3.640796996736274382e-02 -6.112190824493546337e-01
-1.678997569120465272e+00 2.987954415059188018e-01 -7.143930707149687143e-01
-1.859229063191283782e+00 5.682867596565709806e-02 -8.072025552049314490e-01
-1.318643417843265553e+00 -4.078026606313888552e-02 -7.951722296641144938e-01
-1.501460088732583076e+00 5.386560326155958034e-01 -7.118145245695717271e-01
-8.355988780556102835e-01 1.575069547787263380e-01 -8.356065936826589935e-01
-8.761588186182813764e-01 7.041875416611860505e-02 -8.279097450754641097e-01
-8.532931497875871907e-01 2.033827519029728914e-01 -7.755878093488320912e-01
-1.226154820407373558e+00 6.470063648716842253e-02 -6.120928595228887215e-01
-1.726628856450781679e+00 3.345320278146654003e-01 -8.265177694924480400e-01
-1.543014320518951987e-01 1.284008916735480399e-01 -7.825945772136698730e-01
-1.455565477021791176e+00 -4.558203102119744998e-01 -4.433853951908912627e-01
-1.594972938756952230e+00 -8.585764055356188973e-02 -7.266861168763233403e-01
-1.858111304442529033e+00 1.352804947119812806e-01 -6.796227870929043569e-01
-1.294364005186306787e+00 -9.804928790699911356e-02 -6.736916564694235277e-01
-6.083305249740187381e-01 1.330034352525726743e-02 -6.400032486835703915e-01
-1.514274562065975216e+00 -1.804784801041974321e-02 -5.363818671144777728e-01
-7.542870837878425938e-01 -9.702375762336662435e-02 -9.137978144163776406e-01
-1.417234751992756836e+00 3.651397217431149311e-01 -6.170622970136889762e-01
-1.514722666283030650e+00 -1.379373010427075996e-01 -4.956653117837970246e-01
-1.452926491947314158e+00 6.974001628831667521e-01 -1.421500278072811874e+00
-1.663517761201974254e+00 2.721423453299804951e-01 -9.553482623813106533e-01
-1.528143821217243570e+00 1.755311480549793246e-01 -6.696709837336809468e-01
-1.421994210971601946e+00 -1.544414386947160975e-02 -7.760777475732369979e-01
-1.492153831865423053e+00 -2.278235990629013108e-01 -6.959677999574362950e-01
-1.526632068331793768e+00 -2.439779426290208941e-01 -4.167947265664034284e-01
-1.125283428823560916e+00 -3.696500247129350658e-01 -7.137569238917222947e-01
-1.255651094037742332e+00 3.612341821611610992e-01 -9.414011972807355411e-02
-9.738712703376122271e-01 3.284868417705209542e-01 -7.091599219374862262e-01
-1.033353053451147474e+00 5.147165915818517901e-01 -5.625707527655320339e-01
-1.365206709071211943e-01 -2.175425458945524360e-01 -1.823461715153233795e-04
-1.440942044544312850e+00 3.711424877270824152e-01 -7.681692091364894504e-01
-1.606943817327511903e+00 1.665522381085501324e-01 -1.022801946656490824e+00
-8.677516316642901462e-01 2.896354909640034836e-01 -9.746731241069984675e-01
-1.215615627738555915e+00 5.135170341437357289e-01 -8.986279292644366867e-01
-1.211570410654958074e+00 2.846505657385137722e-01 -6.716994463575800545e-01
-1.757291121748997265e+00 -1.105568233696551522e-01 -6.610969911691582102e-01
-1.280221508119377960e+00 -4.130424790015337355e-01 -6.789923595337574724e-01
-9.261531096380848371e-01 -2.292988559074783106e-01 -6.724807048451753033e-01
-1.703731588629002092e+00 1.523630087300902880e-01 -7.950542950263274067e-01
-1.140662031838004964e+00 -3.821745620102642849e-01 -3.811182898865066448e-01
-1.700615494037885034e+00 -8.818225324651331187e-02 -5.731263976261392612e-01
-1.701820220567877628e+00 3.360507560956885187e-01 -8.726065616861259366e-01
-1.045847366155606917e+00 2.623530504507164407e-01 -6.659169878207846782e-01
-1.318651377517286338e+00 2.048424175769633926e-01 -6.364068239464160115e-01
-1.275538651438854920e+00 -2.081573283131200602e-01 -3.019607817190508858e-01
-1.225678496991078781e+00 -5.251574689299275400e-01 -5.039600235655953275e-01
-1.088727358851150573e+00 -1.710484140947697573e-01 -4.954700542989705636e-01
-1.733735529542234310e+00 2.030031420546088983e-01 -7.667496654371199760e-01
-1.035698956737970855e+00 -2.445192905038238440e-01 -4.795649937381654682e-01
-1.258496685497348500e+00 -1.948431053229190968e-01 -6.109534399880843791e-01
-9.384427039869842613e-01 -1.170083740466308364e-01 -7.244666729065913913e-01
-1.671948899244760200e+00 -1.876678170317965522e-01 -5.265710651691054567e-01
-7.823224433805779920e-01 1.979269545863245050e-01 -7.827879991516563107e-01
-1.509429362566145461e+00 -2.921038332877702315e-01 -5.247764482236203509e-01
-2.060106035274000824e+00 6.844791009074256971e-01 -3.667540140640985213e-01
-1.356690610979598199e+00 -1.562334117607976081e-01 -6.762484219887910930e-01
-8.278145819103670533e-01 -7.207872176882959558e-02 -7.033045119505287879e-01
-8.492252259175201434e-01 1.204390486778213198e-01 -2.750294297437883562e-01
-1.023585965851260715e+00 -1.407255929040862052e-01 -5.753537503483669990e-01
-1.752071650281225246e+00 -2.680943679627430520e-01 -7.093492195430710634e-01
-1.504645055494862937e+00 -3.925224463823311360e-01 -5.123259619236214535e-01
-1.911208438427381973e+00 -2.901376015979718614e-01 -9.824423492315541295e-02
-9.881098833599819553e-01 -2.465804170588512534e-01 -7.488954826279982102e-01
-4.651195275448495314e-01 -3.110585803762000445e-02 -9.741509079555679129e-01
-1.519617492771189404e+00 4.640428446612321900e-01 -9.977775115912910220e-01
-1.590055036281208700e+00 5.563170095856102559e-01 -1.783810050355487675e+00
-4.561636196476527294e-01 -6.759410471263378462e-01 -7.900912694580957130e-01
-8.649469607065544130e-01 5.358615543728989516e-01 -7.802222591572176569e-01
-1.240632465844380805e+00 9.310772851460592803e-02 -4.526188727824075886e-01
-1.706986717122913388e+00 -3.304770091552342026e-01 -5.997330678700033557e-01
-9.955478409621482117e-01 -4.061446456672535565e-01 -5.683257311811158452e-01
-1.161702512698202572e+00 1.339166170559159263e-01 -3.524193164677087431e-01
-8.597638350204508395e-01 -4.425541103398535348e-01 -7.467202087784889919e-01
-1.346378374466916661e+00 2.628140400973401070e-01 -6.425903406128744555e-01
-1.652948428063692798e+00 9.725447778799825027e-01 -1.051373872064915282e+00
-1.378234725297553309e+00 -2.978544100717667523e-02 -6.121872732127044969e-01
-7.174000416164755256e-01 3.683193438428964406e-01 -8.644641355030521224e-01
-7.608043172453398117e-01 -4.119904400663130239e-01 -7.349744740202910354e-01
-1.396129994654811357e+00 8.373433245558130691e-03 -8.268838606730293250e-01
-1.741060668761483798e+00 -7.300170720847937167e-02 -6.815533134147874206e-01
-1.117063049793201701e+00 -4.550931520377871631e-01 -8.293361998298157678e-01
-6.681941563056235101e-01 2.517178111655846151e-01 -7.423258313503720007e-01
-1.000669741830460424e+00 -1.872750647277849068e-01 -2.402473712231478487e-01
-1.567879140863889464e+00 4.468343310176818850e-01 -6.415271818819933136e-01
-6.779170699495544739e-01 2.904338351724681244e-01 -8.876514915008179019e-01
-1.866034718426529571e+00 -9.038495760668839862e-01 -9.139637901185595492e-01
-1.185444387955244760e+00 -5.898106039643505882e-01 -1.351516296911978499e+00
-6.864003315729986232e-01 -3.945216046916555919e-01 -7.086224612618692298e-01
-1.566792152978493391e+00 -2.060265010031146204e-01 -6.472478977456348481e-01
-6.918488944178117217e-01 1.889396839814407869e-01 -6.366866892131146649e-01
-1.510410809451723457e+00 -2.065979254901336992e-01 -9.292712196136451164e-01
-1.477080152576636385e+00 1.286357999378285599e-01 4.793777186780808774e-01
-1.092915318805740998e+00 -7.497835616171961981e-02 -7.442970188250471741e-01
-1.072471675027578453e+00 -2.531666347937743325e-02 -5.529284772602102160e-01
-1.615179201414485677e+00 2.713935355623503520e-01 -6.840211717415614068e-01
-4.702310208953022763e-01 3.131449624461722925e-01 -6.020266847374821095e-01
-1.205109074175471084e+00 2.022148899970264979e-01 4.426845450279834338e-01
-9.316432333427766554e-01 3.750363121529234900e-01 -9.528091315422535512e-01
-1.750700258178805369e+00 -1.013391688121074580e-01 -6.754770641033918110e-01
-1.103526259859417102e+00 -2.571211870911792041e-01 -7.199847031944940356e-01
-1.135263104303009918e+00 -2.445440578599573644e-01 -7.633431073353215135e-01
-1.456647810864530435e+00 -8.228997301340891246e-01 -7.158391925273597245e-01
-1.056214878553820791e+00 6.819727852089670916e-01 -5.620452704420755285e-01
-1.114969071776290566e+00 1.519005453872069589e-01 -8.289353633725514703e-01
-8.376380036152072384e-01 -2.288825885420596729e-01 -4.370913774589687550e-01
-1.310973906037173231e+00 -4.328537566533554592e-01 -5.852102864791434156e-01
-1.633544578669868130e+00 1.908232707267044914e-02 -5.755323175590306706e-01
-1.829915753655350752e+00 2.049089867633969997e-02 -7.607373625840506692e-01
-1.211401609186060879e+00 -4.592273351661263492e-01 -8.460273849249494438e-01
-1.648898509091265785e+00 -5.267764068021570795e-02 -1.020474889904990246e+00
-1.061526383679799235e+00 -3.479324499336623466e-01 -5.668824348609886599e-01
-1.267830209756346971e+00 -4.572705175381503451e-01 -5.070473706860501029e-01
-1.566416027467385064e+00 -3.506193754484880909e-01 -8.026403814303944007e-01
-1.643612443537132428e+00 6.376076963805060727e-02 -7.088014850034903835e-01
-1.318107995891718787e+00 -3.920260997969678418e-01 -1.005236615531020616e+00
-1.287958102530442295e+00 2.860285668340976639e-01 -2.721096437343624788e-02
-1.299010478376579902e+00 -5.693047287170607262e-01 -5.997397608191293861e-01
-9.113312601317469230e-01 8.407826411033984815e-02 -9.017796196718922408e-01
-8.916230605542098120e-01 6.390298296081283747e-01 -9.395944079070661648e-01
-1.176608794048398465e+00 5.177082944461727232e-01 -2.093768594231674995e-01
-8.181885512633904511e+00 5.674810358734064586e+00 3.986434790073767331e-03
-1.354863028781874146e+00 -7.211859527374447215e-03 -8.727276375906463102e-01
-1.511084808345878772e+00 3.900715735492623071e-01 -5.505832058479136482e-01
-1.210061972404786745e+00 5.765056392212264402e-01 -5.896569433450640219e-01
-9.597145200496199902e-01 -8.605867305000634848e-02 -7.084858805439385732e-01
-1.542222359605552873e+00 9.776582795264022741e-01 -1.011511246981217971e+00
-1.202912424624068777e+00 4.993007095167374954e-01 -7.582737078588623891e-01
-1.296686221658193583e+00 -2.466151837458378515e-01 -4.911947709915279736e-01
-1.781993594415417492e+00 7.385947423958842684e-02 -7.550089305886465985e-01
-1.552995631761221018e+00 9.008938062451339601e-02 -9.399617745698506388e-01
-1.776165020391920812e+00 5.219747932798392970e-02 -9.571872226177865484e-01
-9.102016316947136865e-01 9.731269267579963078e-02 -7.066340332182062811e-01
-1.591114886167906528e+00 4.924593857500618732e-01 -6.044779111292998275e-01
-7.079011392580508710e-01 8.717003745430550177e-02 -8.003294725267627863e-01
-2.078100856380523442e+00 -1.029727935827429858e-01 -9.858480224659432745e-01
-1.089152631702238194e+00 -3.353014397423315640e-01 -6.732023233089328151e-01
-1.696163515313711567e+00 1.981675420826883027e-01 -8.526591893491232144e-01
-8.791268111063856860e-01 2.092480745712251566e-01 -4.274486607587812959e-01
-9.106199774278894710e-01 -3.008962011052752628e-01 7.501174238656734827e-01
-9.317796944841779672e-01 3.001117269198161908e-01 -5.426577272222099513e-01
-1.304674897442897441e+00 -7.822509082825939153e-01 -1.733098487426211642e+00
-6.795378346383156298e-01 1.197775086443878534e-01 -7.894257607287714640e-01
-1.608462028872066574e+00 2.652165527357833175e-01 -1.050908384254007233e+00
-1.299604398094617697e+00 -2.002520816595889930e-01 -6.887613262912047896e-01
-7.886381129325902295e-01 -2.477666732002516137e-01 -7.399497529195306900e-01
-1.796000507612582453e+00 1.416894818983408799e-01 -5.856415030735520055e-01
-1.471723998088070307e+00 5.000441883916931785e-01 -1.062779246743311257e+00
-1.083492637263638203e+00 5.166732008957289901e-01 -5.185201637353011872e-01
-1.267423838741848163e+00 4.095581577705160736e-01 -5.552990649814573132e-01
-2.099971675374426194e+00 1.267243887468111785e+00 -1.026002936485807870e+00
-2.262058317290614351e+00 9.388940065103004717e-02 1.307083041599089446e-01
-1.256972468361797102e+00 3.885139811250297726e-01 -5.139576052635332903e-01
-1.659008780875298683e+00 -1.633510614048191700e-01 -6.359259175238028972e-01
-1.300940007797426912e+00 1.398369105004851690e-02 -4.644928002731700811e-01
-1.290442333397675334e+00 2.035121412239848937e-01 -5.798772292876505086e-01
-1.146563223681783761e+00 -1.192643221952677524e-01 -6.516650865764865852e-01
-1.187278710224843881e+00 -6.622991064631428282e-01 -9.868308162847244658e-01
-1.103213316650158093e+00 -1.284134625054034751e-01 -6.996321025714838937e-01
-1.260272928813630067e+00 -4.126317908479288366e-01 -1.180004010917057755e+00
-1.607668860446452408e+00 2.900190007419271021e-01 -6.868817029425291487e-01
-9.016786837704636737e-01 -4.961484506284207785e-01 -2.755669051408373149e-01
-3.473643113287575579e-01 -5.982841422862001934e-01 -4.820404648351514498e-01
-1.070824496034646911e+00 7.522445280908515164e-01 -6.276288533502139000e-01
-1.512739518649351300e+00 -7.046124342625362247e-02 -6.503993502328793141e-01
-6.201319249872389028e-01 -1.684686139558582221e-02 -2.520444564380692198e-01
-5.783874557413442030e-01 4.228083179099977884e-01 -1.610773146937648503e+00
-1.361394585482936126e+00 5.206992533845802296e-01 -7.190949838409917971e-01
-1.851137759356418222e+00 1.522644653008773108e-01 4.490554362526549825e-02
-1.241098159390960687e+00 -3.276338633819684820e-01 -6.832811286642035409e-01
-3.605380254403433571e-01 7.538924595394619343e-02 -7.446472699822854757e-01
-8.383054744989512086e-01 2.332220934238454224e-01 -6.439951888577932770e-01
-1.110840120497245787e+00 1.181716228887226550e-01 -7.363771551470328358e-01
-1.688740143571848318e+00 2.218222995308461454e-01 -7.390226213152292223e-01
-4.007778017727708364e-01 -1.748501031261126826e-01 5.719786952332935881e-01
-1.204696107268913519e+00 3.873244346278678640e-01 -8.626727841395076535e-01
-8.304813247902885776e-01 -2.294008376832055440e-01 -6.580424013381613868e-01
-1.240201220379179237e+00 4.047503883973593286e-01 -1.180569067917927040e+00
-9.678735323693890003e-01 4.311082579055928732e-01 -6.217043552553653818e-01
-1.640709420891241832e+00 -1.777505396723607911e-01 -7.483793603943784678e-01
-9.323745546369542891e-01 1.100526025153150539e-01 -6.664181715959655028e-01
-1.424981198357479162e+00 -1.710022448414458551e-01 -3.570149668462541670e-01
-1.268013042594182460e+00 -4.266040158440310148e-01 -8.091243305554228771e-01
-1.134841126081826301e+00 -2.185274840090170589e-01 -7.178680874495014796e-01
-7.621199030790491991e-01 3.287430279124717858e-01 -1.065400490701544634e+00
-1.710654388216486410e+00 3.084256414538784630e-01 -5.675555357302585202e-01
-9.360787545653377340e-01 -4.058667526899489841e-01 -7.336401264052827553e-01
-1.448052623710058828e+00 5.339432355223878712e-01 -6.233702784201916591e-01
-9.560560044253005874e-01 7.385365057929516031e-01 -5.267324596893706579e-01
-1.704338064847557899e+00 2.235028581190417474e-01 -9.566628816115959610e-01
-6.879273845004850729e-01 -2.333522337587517204e-01 -1.126292290505748195e+00
-1.288615209882459478e+00 -4.207049051563743203e-01 -5.467828538407684125e-01
-9.525648506269138727e-01 1.840144267496326425e-01 -7.826812515430239259e-01
-1.054552616227792061e+00 4.574804036856691125e-01 -9.767913657478851652e-01
-7.828835557311563109e-01 1.142297848843389363e-01 4.912288381593017950e-01
-1.666284645140175602e+00 -1.757462166884361798e-01 -4.681409011752061256e-01
-1.029407808654512424e+00 5.713905424761240859e-01 -7.370140962259397188e-01
-8.312713469614647632e-01 5.523124914976042243e-02 -8.983144240121464508e-01
-1.639445351599922107e+00 -2.929497470641026502e-01 -4.440220965099313521e-01
-9.352787194131300108e-01 -5.999255650533008750e-04 -4.141584862957113922e-01
-1.568697402791816131e+00 -1.506305631905132184e-02 -7.709944458131583467e-01
-1.262200334125719303e+00 4.931254578542002692e-02 -9.314180179216721145e-01
-1.139882589214751496e+00 -2.841640596542199804e-01 -7.405467956036216881e-01
-1.297128517997523822e+00 -3.657660997823524163e-01 -6.081163493373308304e-01
-9.641284195047205019e-01 3.204173397198681883e-01 -7.921590104131918109e-01
-7.282347683159393625e-01 -2.157589037406331886e-02 -6.472034459657224348e-01
-1.438008862029455548e+00 -2.905229408573495875e-01 -8.055992705425494282e-01
-1.692893705564351814e+00 -5.661441696414040159e-01 -3.438532059028060472e-01
-1.115824404921679225e+00 -2.439678589972039263e-02 -6.954953896467348518e-01
-1.629608367573347927e+00 -3.544382289948696529e-01 -7.917578408485145269e-01
-1.128103212988616821e+00 -1.905976483331966731e-01 -9.713664146223731644e-01
-1.088564483780201764e+00 -1.212966886505165154e-01 -8.726919300087969678e-01
-1.790071903380696439e+00 2.829428527258522150e-03 -7.857128891403468707e-01
-1.426434616155620283e+00 8.170936710591722441e-02 -6.918715433688367167e-01
-9.674330682000289450e-01 2.869006248513591983e-01 -4.126649925348848669e-01
-1.550327959688406754e+00 -1.491978610007942130e-01 -7.705762675381255811e-01
-1.343902784865466105e+00 -2.856564701330172595e-01 -7.292920690402270312e-01
-1.512349120640217315e+00 -3.586426453169829220e-01 -5.414412753875764706e-01
-1.458243875599884998e+00 5.184316868815093127e-01 -1.114640299080704278e+00
-1.809815659707956215e+00 -4.420035273568304751e-02 -6.719678559002174589e-01
-7.161728948970051967e-01 6.270326772469275722e-02 -5.857376032627938933e-01
-9.988422560393460659e-01 1.446029670674799650e-01 -6.482980402981319834e-01
-8.041197169480105433e-01 1.543058693359379008e-01 -6.297850074087576466e-01
-9.855290559321377986e-01 -3.772031271713615075e-01 -8.134775781260682459e-01
-9.111201949001372924e-01 2.562145993469043259e-01 -7.487870503247129328e-01
-1.542336024135057215e+00 2.873288155364463470e-01 -8.980305568723908616e-01
-6.136746995988529019e-01 -5.232318933804489536e-01 -1.004341885624339348e+00
-1.368928255585349696e+00 3.541759705640719069e-01 -7.558071761775631003e-01
-1.852614190528527605e+00 4.357162921475625783e-01 3.296191244564882217e-01
-1.776808582465987829e+00 2.163839158982322486e-01 -6.795022201516787153e-01
-1.051778223260754430e+00 4.148037927532135516e-01 -5.743724189944335867e-01
-6.254850227140755781e-01 3.099885007273242010e-01 2.185435419107357724e-01
-7.270916586709557095e-01 -3.428726948875082114e-01 -6.830591237727415832e-01
-9.236510501000022577e-01 1.891308186478274922e-01 -4.961312593480948774e-01
-1.192194410509798352e+00 1.201313192060951662e+00 6.917308632459716333e-02
-1.515250395233407765e+00 2.878670058504673723e-01 -6.775773789577006490e-01
-1.527359501006801512e+00 -3.031701036816699113e-01 -9.297273358786352082e-01
-1.419510795409565818e+00 -3.422386986252815011e-01 -6.983619718065189330e-01
-8.781093249791456223e-01 2.673860160920821794e-01 -1.490308683485104535e-02
-1.443836496180575413e+00 4.142792788871704213e-01 -9.929903906960542148e-01
-1.026909065385467779e+00 -2.992670155657253805e-01 -5.625525720012154451e-01
-1.624773000665020506e+00 6.137793944772114152e-01 -7.147814099580831471e-01
-8.568589782127403742e-01 1.694184712471227816e-01 -4.863238796707600176e-01
-1.664711864089808646e+00 1.837504053611444255e-01 -6.999693825975334960e-01
-1.018631640458969256e+00 -3.442214410877975084e-01 -6.621825558381478904e-01
-1.136515210346008109e+00 4.447510085951382752e-01 -5.448172791286230998e-01
-1.765052467013127924e+01 6.082682446677930344e+00 9.802534769534720915e-02
-1.370390346413506544e+00 -6.362488295437634944e-01 -4.554993557250615055e-01
-1.591527048317113779e+00 5.385802500184617703e-01 -6.041739117844876494e-01
-1.341260261972893719e+00 -2.706399326923163984e-01 -7.625471875086893281e-01
-9.242582254198036251e-01 1.109933841239464786e-01 -6.680127056335636304e-01
-5.795264597405642704e-01 5.747704938918070106e-01 -5.594721761110834635e-01
-1.696110004273260419e+00 7.920689299601828270e-02 -1.018967175984254681e+00
-1.898330672966155541e+00 -1.704015681119892267e-01 -6.203903588362110755e-01
-1.514385743146593688e+00 5.233351155010488448e-02 -7.459296825809343945e-01
-8.564965744317305507e-01 -9.997408638476884546e-02 -3.757064561407972292e-01
-1.209560935848872809e+00 1.640243191955355895e-01 -4.750718892782486713e-01
-8.569243110102497951e-01 -9.667243323827571372e-03 -7.920129299802652900e-01
-1.437818131834460944e+00 4.113888615181393593e-01 -4.139658386664532008e-01
-1.250986883996275445e+00 2.665942051419365952e-02 -5.645101626586905841e-01
-9.438661397897673000e-01 -7.706411314019077918e-02 -6.973893666510413425e-01
-2.020345151314194010e-01 -4.918770544666073996e-01 -1.221232689350816525e+00
-1.147531586366004275e+00 7.926523273355708943e-01 -4.620267176911153628e-01
-1.248274506870566958e+00 -9.679007405945871945e-02 -1.044813769082508781e+00
-9.699822691152096832e-01 6.182825901528057333e-01 -1.917521424941618369e+00
-1.132741560969930505e+00 -1.141101904296955433e-01 -6.428545006092354352e-01
-9.888615339140091054e-01 -4.325403802776242590e-01 -7.314660486496992187e-01
-1.037505815462991254e+00 -1.535750187416617674e-01 -6.613510197074857766e-01
-1.545980221841613877e+00 6.347522517251954488e-01 -7.311238532598157702e-01
-7.621332157588468492e-01 -2.578520897119763837e-04 -4.407653469443500449e-01
-1.729381649519864617e+00 1.052819463491341700e+00 -3.345438719278910344e-01
-4.527356062163406802e-01 3.595761534104304213e-01 -1.308384231738488612e+00
-6.908239595170787561e-01 3.207727754435875100e-01 -5.883461568870267389e-01
-1.188817757688193311e+00 -1.546715989460612506e-01 -6.349336529664200146e-01
-1.327272829787373487e+00 1.878826028779927992e-01 -7.340945518270861614e-01
-1.577975095739913902e+00 2.754416148122181829e-01 -4.980563237256198095e-01
-1.163460672844689459e+00 -1.474315970286035338e-01 -4.602540831147868272e-01
-1.208350322057038628e+00 -1.977430272509320131e-01 -5.371838640252560859e-01
-1.011414432722773871e+00 8.917604342986678034e-01 -8.363451257219176593e-01
-1.786436815410672230e+00 -3.124410437281686936e-02 4.797918673545993884e-01
-1.087337507671660264e+00 -5.314314038975731513e-01 -6.861742286659701096e-01
-7.668027372429290223e-01 -3.477451833530722375e-02 -1.111529647554816425e+00
-1.870059146968885200e+00 7.747977802789617341e-01 -4.532154707639283742e-01
-1.784491888579203378e+00 -3.511843957395952009e-02 -6.563323551059689898e-01
-1.052544964094234592e+00 -2.021756939316510238e-01 -7.081439073604296752e-02
-1.395614159629828377e+00 -7.479788362359464093e-01 -5.067419048770935852e-01
-1.034300597691437451e+00 3.008961470042353925e-01 -9.677335218764228086e-01
-8.465590698276366233e-01 -4.276813479250187733e-01 -6.309020357106669419e-01
-3.108026400363619324e-01 6.207531630937718203e-02 -7.706390195341253913e-01
-1.498334899309411883e+00 -1.878377608775444185e-01 -6.726532713149838694e-01
-1.454532190099869560e+00 1.229642779946057973e-01 -5.151899090270997128e-01
-1.758951332542680435e+00 1.862101896187365879e-01 -7.446057011847645457e-01
-6.530873610673615381e-01 -2.651913481198973077e-01 -9.345866977168244549e-01
-1.232287495981283509e+00 2.553599023468817175e-01 -6.509605806193042854e-01
-1.142798868135206147e+00 -3.863640930263482764e-01 -1.174617107582707876e+00
-9.456831285954285793e-01 4.573615264278224068e-01 -1.167531729413054720e+00
-8.936218245223166434e-01 9.953915101450636072e-02 -4.231789856303408426e-01
-1.453560133966245616e+00 -1.716087420778099337e-01 -1.158177822123486189e+00
-1.636547535134875941e+00 7.147633434385842754e-01 -9.759270017844206002e-01
-1.465764328516598436e+00 -3.978860708500898125e-01 -7.445695378830773370e-01
-8.772596118815614297e-01 -1.943443346163149510e-01 -1.030397177140308651e+00
-6.545308450667647326e-01 3.364856076213649239e-01 -6.110212193263434566e-01
-1.165867803788068535e+00 -1.578516608965183921e-01 -3.961689917352650969e-01
-6.576630237444949234e-01 5.069266155350793390e-01 -7.337677606413037790e-01
-9.065653340834179952e-01 -1.325364427866035921e-01 -1.733577865467148538e-01
-1.482811391341741558e+00 -2.857070141208770120e-01 -6.145995870674826334e-01
-1.036249598565219809e+00 -5.673301812911265563e-01 -2.466132532072575489e-01
-1.259566098065822093e+00 -4.187633890697763372e-01 -6.162939307265439259e-01
-1.356367979211350105e+00 5.770171774446530844e-01 -7.215159781740602130e-01
-1.144728600728338153e+00 5.384958923628065941e-01 -1.106028068946987242e+00
-1.562698731172813771e+00 -2.398148869584520726e-01 -9.694698609625890251e-01
-1.337781226040591909e+00 -2.341691980545658122e-02 -6.845904522702491724e-01
-1.023423424696110029e+00 6.859117394711337079e-01 -6.247790075814269040e-01
-1.127112562834661658e+00 -1.007848368550989804e+00 -6.764806461192516274e-01
-8.749608687610832547e-01 -2.085740853365304973e-02 -8.838567479643308911e-01
-8.670992798093832832e-01 4.444297688217561104e-01 -7.105423647300298517e-01
-8.780749132423470993e-01 1.552492534557713688e-01 -5.770049515343677049e-01
-8.981601043440463616e-01 6.776423719323708683e-01 -6.692375870333798771e-01
-1.264994689846406839e+00 2.729812973164197909e-01 -8.338336402452055651e-01
-9.768364223715167993e-01 3.778255568681671006e-01 -1.116143695109052647e+00
-1.146337394216435657e+00 -7.331091150479714103e-02 -7.382616629124786334e-01
-1.591295293692936541e+00 2.716842863156054833e-01 -8.727571383325645193e-01
-2.433739113034016022e+00 3.281418503131193765e-01 -1.344367297921891469e+00
-1.101929901251107013e+00 -3.242587610058830228e-01 -7.286032787627237939e-01
-7.987266350705516382e-01 1.486103808175219532e-01 -9.724344501121041651e-01
-7.644534032423182524e-01 -3.572125669981560114e-02 -1.084460312681956085e+00
-4.350432689248806550e-01 -5.081553046738708224e-01 2.435083188012787392e-01
-7.375776497110237973e-01 7.575712087639201175e-02 -3.837738232830468776e-01
-1.245949793451251786e+00 3.757492930752164839e-01 -1.888826776923073769e+00
-1.405391959457469087e+00 9.265878457103398497e-03 -6.542939471236776106e-01
-1.113909377515827526e+00 3.264014906264521287e-01 -8.435105415753463287e-01
-9.419224130977500442e-01 5.558121110799827402e-01 -7.489859966130529845e-01
-1.229723365072686869e+00 -1.947137924636327677e-01 -6.457888864966008224e-01
-1.186926078653278482e+00 -2.732862763708562293e-01 -7.490720967906490113e-01
-9.863660231044359961e-01 1.471626361446478903e-01 -6.880728131629907374e-01
-1.500322480344854048e+00 6.112213585648647030e-01 -6.467059892392917897e-01
-1.106118226377584390e+00 -9.406639741529559950e-02 -2.486061079354630887e-01
-1.259829630831877267e+00 -6.818064929010350106e-01 -7.365879558624616186e-01
-8.495322898062984684e-01 -2.605359172161686443e-01 -6.039566609341447956e-01
-8.570765492678724673e-01 1.495418915751552391e-01 -7.882981032884884831e-01
-1.229990269118529378e+00 -3.386437315538450288e-01 -6.665298581587664195e-01
-9.030906163021215072e-01 -2.372625385062035741e-01 -6.620104115132603440e-01
-1.688432274063262684e+00 1.191689437345279795e-01 -7.339477665035066822e-01
-5.158296247518388000e-01 2.035256280040111665e-01 -6.770218461694872403e-01
-1.479696828282339505e+00 1.696635331898643517e-01 -6.583658013910440587e-01
-1.438819230092815094e+00 7.137165879356321962e-01 -1.067638481142333173e+00
-1.747145497521119362e+00 2.830908694745297161e-01 -1.114025740501004558e+00
-4.462003639036416502e-01 2.756212201965645425e-01 -8.974665205223812947e-01
-1.615812469698438392e+00 4.299349657897056920e-01 -7.207720125634865527e-01
-1.343504252109619435e+00 -3.177487053973013231e-01 -6.182307623372796934e-01
-6.878482078531725774e-01 2.675207568028732941e-01 -6.295982340775387875e-01
-1.278661765044360354e+00 3.661433304235937602e-01 -8.872235295316170944e-01
-9.771699729641328824e-01 5.087424382995722194e-01 -6.578758833730347089e-01
-5.206015505301077040e-01 5.521560781766042814e-01 -1.048961191525525027e+00
-1.408731320812363519e+00 1.727781068402883535e-01 -6.558347321251170037e-01
-1.100310165762068637e+00 7.845520783482293758e-01 -6.688951980721737911e-01
-8.294183095929201777e-01 -1.690320899115431430e-02 -1.035847664521165834e+00
-1.307844491973478851e+00 -3.173297004077912931e-01 -2.464421046895102496e-01
-9.930664610223202127e-01 3.940266683711670104e-01 -7.402019542489922665e-01
-9.441288504389054870e-01 -5.579775230159980115e-01 -7.162599652183500032e-01
-1.536932534117807059e+00 -1.678687094887613973e-02 -8.752600584552858720e-01
-1.134897589547953611e+00 1.677025038871910595e-02 -4.958904169552350027e-01
-1.734512177857853610e+00 -1.312185413400041856e-01 -1.144890590201092628e+00
-1.849725020218476512e+00 1.355837336428747653e-01 -7.064958554807104774e-01
-8.279489357755887013e-01 3.386185503516478401e-01 -8.375760470059343543e-01
-2.130001124582076244e+00 -3.176559576531902129e-01 -6.264952492664696004e-01
-7.353919995711898361e-01 -5.315824138738365345e-01 -6.980192610278622700e-01
-1.734060769967074700e+00 4.021757136387228981e-01 -8.428794127381813439e-01
-1.442070625914064985e+00 4.966283943451327842e-01 -8.021107013405915920e-01
-1.516001306483515831e+00 6.978450042330760494e-01 -7.164622658236942110e-01
-1.687871613432572859e+00 8.946849617679643041e-01 -7.592507201306094577e-01
2.393202241392755525e+01 -9.972266580030835215e+00 8.908644216163974505e-02
-1.111413618013799232e+00 4.756112734293949651e-01 -6.124937885880828992e-01
-1.638287872406513968e+00 6.342116884769010733e-03 -6.879768981536575900e-01
-9.639924404653589241e-01 4.186241384795518633e-02 -1.002446716209530297e+00
-1.473745648971892752e+00 -6.395917031122969609e-01 -6.752616836771796471e-01
-8.669271592790984693e-01 -1.598858691983658098e-01 -8.128057827209633768e-01
-1.440254277709526853e+00 4.018021562774961586e-01 -8.255804720377454275e-01
-9.230088517576154894e-01 -1.391310846267436174e-01 -6.581102724700331752e-01
-9.911920007045041947e-01 -4.192705449743838741e-02 -7.173803093525519259e-01
-8.467933309918037610e-01 -7.646713487071572501e-01 -6.851270732168133204e-01
-1.191265860735546189e+00 5.556996323230816159e-01 -1.979833748459130405e+00
-1.596963039255768324e+00 -2.114588450412298037e-01 -1.125641747424193317e+00
-1.953876540209088741e+00 2.738885834780905304e-01 -9.591777111702417535e-01
-1.540734265725314689e+00 -1.095377548795279377e-01 -6.180770763424554559e-01
-1.517608935164961537e+00 5.712830477349061242e-01 -9.606603678056125917e-01
-1.140040397140891448e+00 -5.266509988481614668e-01 -7.140569457927715691e-01
-1.373909757217871785e+00 -2.864387314825060926e-01 -6.865625548543773382e-01
-8.512459229927596960e-01 -2.497512613794132617e-03 -8.545111321034106755e-01
-1.445636641850442050e+00 -3.674662916954205549e-01 -5.517472980798164839e-01
-4.413768537394320290e-01 -3.104187629689467154e-01 -1.397120972057116273e+00
-1.023858131957436912e+00 -3.260613339072892525e-01 -7.977548526639212101e-01
-1.142161398432451902e+00 3.832254861561356640e-01 -9.317487101715847819e-01
-2.195986334615179114e+00 7.125638945197505791e-02 -1.364775652957180174e+00
-7.069642919130427750e-01 3.745529859324687738e-01 -8.575450544280891485e-01
-1.850826711333380503e+00 -8.065040607470017053e-02 6.291564465512748949e-01
-1.629922072995269922e+00 4.827020580803702554e-01 -1.033560392150097540e+00
-1.529271740448410188e+00 -9.911833204251541130e-02 -6.161170510329324612e-01
-1.902147940427044714e+00 -3.785765049904970536e-01 -8.994178674462685041e-01
-1.350362908701583597e+00 1.540316943739979960e-01 -7.252357619198765981e-01
-1.274237350190332352e+00 5.078776852361102101e-01 -6.720586976133505752e-01
-1.214674262090313928e+00 8.020597093751173912e-01 -9.214065710107994800e-01
-9.434620556016193316e-01 -1.107569383369316762e-01 -2.678420252840083560e-01
-9.568118083865803092e-01 -1.410586012070467743e-01 -1.188600385157823958e+00
-9.772361074277625681e-01 2.969195984308683339e-02 -7.568662848637321972e-01
-6.989398601345081508e-01 -5.577995094522439912e-01 -4.937424385050674380e-01
-1.650476804002404485e+00 -5.238852708799627417e-02 -8.064525955044223871e-01
-8.174358148816912584e-01 5.183050183545766521e-01 -8.631530875506530087e-01
-1.060704507834239863e+00 -1.658068673371225765e-01 -7.987556339019322715e-01
-1.481221989949621509e+00 -2.000750145294761251e-01 -6.909235545121522604e-01
-9.793843860770597987e-01 2.881447802922951218e-01 -1.129484278456330371e+00
-1.017468590041719523e+00 -1.747956935849337701e-01 -7.129194549065270836e-01
-1.406564887374972095e+00 -6.256521390358527057e-01 -1.093262462987794059e+00
-1.160597900464235055e+00 -3.375842943610601332e-01 -2.233068068275362583e-01
-1.415292879270646287e+00 -1.272483521207592450e-01 -6.882229705677447296e-01
-8.230770555132193023e-01 -2.373635310129779963e-01 -8.486550347040631159e-01
-9.722062663664767790e-01 -1.391159004657070708e-01 -8.040389198243048652e-01
-1.073665780493485489e+00 -1.114338944480506022e-01 -6.061802795555080170e-01
-1.423699750994672053e+00 -2.610059942786275289e-01 -5.818815865281067312e-01
-1.133324231459500231e+00 3.982254251866322869e-01 -7.576045095257486484e-01
-1.784942515792722784e+00 -1.228024641836877595e-01 -7.662278530918872343e-01
-1.567383165377489895e+00 -9.661076592935674556e-02 -6.608853255021495121e-01
-1.229074846532345111e+00 -1.596636365905917121e-01 -6.914788538151750430e-01
-1.372669076884155626e+00 4.087913770343379327e-01 -6.367709683258181430e-01
-1.528055792757893494e+00 -4.885864801732177076e-01 -1.116288464894030552e+00
-1.411126902669908034e+00 4.222532461048314478e-01 -6.329927099723071660e-01
-1.445367905493462057e+00 3.659040030306696667e-01 -7.156982461971593823e-01
-9.575221847872372738e-01 -1.721129801520234481e-01 -7.582339453022779452e-01
-1.125036410033964485e+00 1.130966645802250897e-01 -8.248968019395118700e-01
-1.283033522465883758e+00 5.157865750453273224e-01 -7.095955165758267569e-01
-1.246358243315134340e+00 -1.289181766941671914e-01 -6.906092095235125683e-01
-8.014425309850942147e-01 8.337668521737291727e-02 -9.074728054559820789e-01
-6.067734511352369520e-01 3.944751347601771485e-02 -1.319124042564536747e+00
-9.336683122720785821e-01 1.749025461556583394e-01 -1.630277143591165157e+00
-1.029594712647363020e+00 -1.364290680290202729e-01 3.542560625712087158e-02
-6.476896998652760251e-01 -5.097740384131520530e-01 -1.294731561764529637e+00
-6.736997095555050663e-01 -1.067613994380877340e+00 -9.290449696382956368e-01
-7.180975620192449060e-01 4.293002007995020408e-01 -6.387100981128118748e-01
-1.536712894473635682e+00 6.514478248402683080e-01 -4.335876474896531163e-01
-1.112412803544750028e+00 5.287988194200885506e-01 -1.092839006042444439e+00
-8.732269453782435242e-01 5.912791844548411779e-01 -7.547236182656036352e-01
-1.259209966289558835e+00 -1.553688011814921555e-01 -6.905571383446279521e-01
-1.446455441913833684e-01 -6.208024246694612280e-01 -1.157442457704475514e+00
-9.186718802469979739e-01 1.486043967623804640e-01 -5.761953288266935536e-01
-1.368420842856164166e+00 -3.592637491207736344e-01 -4.866036021412968871e-01
-1.381350709733252247e+00 3.662745895563047638e-01 -1.043368452709790395e+00
-1.836027248489374708e+00 2.345496605276949087e-01 3.971153315875122769e-01
-1.045405054061748107e+00 8.235081236793082016e-02 -3.804966748422964340e-01
-9.338866148655082799e-01 -2.817487864024136868e-01 -5.290288998352126182e-01
-7.906545600744782076e-01 -5.301687423589960396e-02 -1.562975051558707085e+00
-1.778621476647242350e+00 4.185842350488029884e-01 -8.806859860577286314e-01
-1.243455710017237426e+00 -1.032655313871158748e-01 -6.008346992491254701e-01
-9.953716513361905438e-01 7.811846306619942872e-03 -6.165754753961620871e-01
-1.494079862758798782e+00 6.083063801720488550e-01 -6.051108570369084783e-01
-7.735829634856740133e-01 4.931391223048059991e-01 -7.141633181272329933e-01
-1.007937013397421477e+00 -4.588938700772701162e-01 -5.868085911598586168e-01
-1.012082000632295253e+00 -7.434293199491466275e-01 1.865444003369933195e-03
-1.566450843032849205e+00 1.510331418065008202e-01 -6.504907238412969139e-01
-1.422172267190611850e+00 9.409998642805121605e-02 -7.755249693659440613e-01
-1.387850223851482712e+00 5.998429499706481316e-02 -6.895746058387470789e-01
-1.209205712609346728e+00 -4.484930847436118251e-01 -6.199796443532653578e-01
-9.199864538968275385e-01 -1.417215253227252503e-01 -7.280303195481183653e-01
-2.024042286198027174e+00 7.848777326001220578e-01 -1.723618045480336480e+00
-4.907847778597803079e-01 4.762333296411491168e-01 -1.835056400068901805e+00
-1.390597212159245810e+00 1.797958357260084072e-01 -4.269098431352131851e-01
-1.338463181797536317e+00 2.929859035959745395e-01 -9.076648334011779840e-01
-7.122312927843533759e-01 2.522218193309679335e-01 -6.544475306547989923e-01
-9.856154432170626256e-01 -2.187764632698931122e-01 -8.607282670331179997e-01
-7.757907685034709511e-01 5.005386930625445041e-01 -7.660086329777965330e-01
-1.001595958423080246e+00 1.229199084806796155e-01 -8.717097429501771133e-01
-7.593368122591938052e-01 -1.857124155896308915e-01 -8.044535896424431787e-01
-7.900888168810067391e-01 7.302949967526282116e-01 -7.472446273643386094e-01
-1.390575279718236690e+00 -2.291855136992302366e-01 -3.342197847856019921e-01
-1.476153857978664385e+00 3.757331625406917786e-01 -9.754807114014406588e-01
-1.021701197131398509e+00 -1.030300938510678027e-01 -7.774184275860304139e-01
-1.061069400402107732e+00 6.696917124394491383e-01 -9.365349655760387693e-01
-8.034947156374333543e-01 1.407515727702470798e-01 1.531179521025091417e-01
-1.314375693451310445e+00 5.428073839625041641e-01 -6.779451824214256517e-01
-1.045677662147845854e+00 -2.350069379602812425e-01 -6.799705690643964573e-01
-1.098235885868902528e+00 2.200497683102216606e-01 -7.129517097459541208e-01
-1.243150796735595476e+00 -1.173213453987747845e-01 -5.890991345079901187e-01
-1.326223242629649413e+00 -1.416178531513807293e-01 -6.344719347463051440e-01
-1.681550227050631952e+00 5.239178648315858666e-01 -1.166745159718515668e+00
-1.139636702935070689e+00 -4.615913262344819440e-02 -5.361779334868017610e-01
-1.768313532879785654e+00 -1.288737207891882119e-01 -1.014675934053818285e+00
-1.585065553951765072e+00 -3.623840728067659334e-01 -8.492789080032384641e-01
-1.878381671376295081e+00 1.530148243616853143e-01 -8.918544732291845412e-01
-1.177252940083332033e+00 1.292119861864984010e-01 -5.246384306001091735e-01
-1.136677978011113588e+00 2.534554820156613153e-01 3.604571512854208293e-01
-8.605914987275562478e-01 -2.360970721197208355e-01 -7.403485389247613790e-01
-1.377792536258590328e+00 6.229966268756942371e-01 -8.295376849900826244e-01
-9.146576647731766707e-01 2.944568340354110081e-01 4.468542250099256097e-01
-1.245194513500847755e+00 -3.680212300846210094e-01 -1.468003456641027604e+00
-1.035214823265786066e+00 -6.051060700769721468e-01 -9.416959501742376837e-01
-1.223295147588684850e+00 -2.216198129907512998e-02 -8.140351810565026325e-01
-1.354560327922019525e+00 4.108718893729511601e-01 -6.431260461524528349e-01
2.404515086933073320e+01 -1.297967993202201953e+01 -7.117917041970271974e-01
-1.388117762328513471e+00 -2.275615054405288329e-01 -7.500353089292766118e-01
-1.732629846353562764e+00 4.003921462947841459e-01 -9.160330568337756718e-01
-7.686845162730412406e-01 -2.581807088031035785e-02 -6.871959988891899185e-01
-1.700749786580951994e+00 3.457746922370630305e-01 -8.071314439153185472e-01
-5.134081570066162392e-01 4.507970070906945903e-01 -6.307878759631878607e-01
-1.412210800146308287e+00 -1.224971207499898629e-01 -6.907375252460477011e-01
-1.355758132101491764e+00 1.096110040542192833e-02 -9.296086682176907257e-01
-1.114153026715789307e+00 3.430489901687602816e-01 -6.904402270402474340e-01
-1.031033413973127422e+00 -5.670895503279715921e-01 -1.557462472725850144e+00
-1.107887386926910356e+00 -2.107057446597611072e-01 -1.043207761079302021e+00
-1.293254294801779114e+00 -3.918357846387617721e-02 -9.097447460297661825e-01
-2.457140635052676547e+00 2.038184080625106698e-01 -9.712510836784045143e-01
-1.410413427205614356e+00 3.510657989633838016e-01 -7.549205323452640171e-01
-5.986328761180610414e-01 2.679392017329040865e-01 -6.718540728673003670e-01
-1.166782420856219193e+00 -1.285567487005335741e-01 -6.669954896964910285e-01
-1.892334909704144197e+00 5.521566227748776479e-01 6.728440471407458323e-02
-1.009357103076256257e+00 7.433706553308325748e-01 -6.250428441496855836e-01
-1.370560686798300898e+00 2.595643135282877378e-01 -9.717171842995874220e-01
-1.340913246240108103e+00 4.735336479884003635e-01 -4.110062442505167946e-01
-8.437726279047773614e-01 -1.598750222374202834e-01 -8.152390440911511105e-01
-1.380563116424558201e+00 -1.768362072601613044e-01 -8.457352638807645873e-01
-1.160490083223344460e+00 5.576674805682754199e-01 -9.353302464298114405e-01
-1.258263603778251749e+00 3.147226548506947691e-02 -6.866579705568774949e-01
-1.198764442334325553e+00 -4.053142619746857855e-01 -1.826708062531945842e+00
-1.420032878085628836e+00 4.193317278145237137e-01 7.848360495636046430e-01
-1.104171725165122853e+00 3.899626872174649095e-01 -6.983558428920113581e-01
-1.570910718096982794e+00 4.373459416579398296e-01 -6.023580525508738237e-01
-1.005776546451534692e+00 -1.327619669689738061e-02 -1.347149726122287339e+00
-1.139951413603415453e+00 -1.149500832590478056e-01 -6.860637709975130338e-01
-8.813411560733193095e-01 8.959926683264554104e-01 -4.753236578079513275e-01
-7.958910437123833947e-01 1.274632934248621507e-01 -6.849343455531001768e-01
-1.691288262373577878e+00 3.401943235029529222e-01 -7.557953415120534091e-01
-1.307729521693337338e+00 2.281327237920183215e-02 -5.632032277369414253e-01
-3.847125761162731306e-01 -2.054701665793668419e-01 -1.685085025861210450e+00
-6.899021113782003445e-01 -1.281524044792655137e-01 -3.513183984649194125e-01
-1.165768951248471019e+00 -3.737060827109577876e-01 -6.380741142034648261e-01
-1.473202057950754762e+00 1.110732121768394781e-01 -6.688864532161682419e-01
-1.852101746778347824e+00 3.430927231429214963e-01 -7.749637672309018788e-01
-1.223710924067226591e+00 -2.073219003658995918e-01 -9.122288293799908354e-01
-1.087498727546577282e+00 1.058833873212662730e-01 -8.180072293649371939e-01
-6.196015820406099994e-01 -2.032733150726996618e-01 -8.175308286276138370e-01
-1.568548363604495011e+00 1.891340831983432946e-01 -7.498507789944216517e-01
-1.476154483314379373e+00 -2.321385798855437332e-01 -6.462391674913200434e-01
-1.293939264693361846e+00 -1.274126291214536244e-01 -1.141316923206896927e+00
-1.280286442497046817e+00 6.317284480505972466e-01 -8.692091615778138047e-01
-7.298820690805283284e-01 6.817985562099200259e-01 -1.071015293570251714e+00
-1.302232565876288106e+00 -8.733335954241212840e-02 -6.715230352255924240e-01
-1.596055837943581190e+00 -8.652349254220896568e-02 -7.306598586479954305e-01
-1.557321014589687191e+00 -4.598500202312059137e-01 -6.760132618610547039e-01
-1.822182201184458394e+00 2.113008935714597025e-01 -5.089211126628843118e-01
-1.052139583200523143e+00 6.954060678003218809e-01 -7.232622286061446415e-01
-7.942195683676536166e-01 -3.050524472398202097e-02 -8.971210707893523262e-01
-8.804163947861075590e-01 -3.081064826691573902e-02 -7.070576803672330435e-01
-1.013564659737705043e+00 -5.376347146492522766e-01 -1.161214912876605165e+00
-1.160037966484970262e+00 4.978825240632358401e-02 -8.956942086588454144e-01
-1.007335084548863335e+00 -3.565666825348147717e-01 -6.576637135467523487e-01
-1.968835570075513353e+00 5.512850257648051200e-02 -1.696081008884766206e+00
-1.575394303596936885e+00 -2.207263297727915796e-01 -6.084368974670455454e-01
-1.712789442649559346e+00 2.968731267738768387e-01 -4.622505213317346651e-01
-7.288087955134729956e-01 9.757289544104079670e-01 -4.141207115520925131e-01
-1.438869752000344393e+00 4.009583607813317352e-01 -7.442754739758979943e-01
-1.480373113203564017e+00 -3.160386801923976141e-01 -7.298540736370192628e-01
-6.473290604775192580e-01 1.871338809199939446e-01 6.024556930734783489e-01
-8.723432185913043702e-01 -2.391048386872131337e-01 -4.722270816067394850e-01
-1.011001294533001582e+00 1.566934363550241960e-01 -1.378736751269319383e+00
-1.696447242377219888e+00 -4.486129318589867493e-02 -9.151750556123273705e-01
-8.386267898684148792e-01 5.509236742978863566e-01 -7.118777256789198260e-01
-9.100531761167420797e-01 -1.578257619100242870e-01 -1.034706513921046733e+00
-8.006796556988562408e-01 -4.866054371375211351e-01 -1.087833619854271516e+00
-9.110008045699885537e-01 1.717413306349837854e-01 -5.381905141526825975e-01
-8.181668514204601950e-01 -1.036119648789896874e-01 -6.061915407409927958e-01
-1.225857587381987468e+00 3.054849851086179346e-01 -7.306406631490286463e-01
-3.009693687829743669e-01 -9.116559616868590010e-02 -1.136945532487572574e+00
-1.297959062241038408e+00 -9.562219669484837981e-02 -8.851247483033386487e-01
-1.558201130518431787e+00 3.475155886731991391e-03 -8.481343047626704879e-01
-1.241823127767932133e+00 -3.692285360120173276e-01 -7.141241482200733071e-01
-8.438381670882930674e-01 1.310702630745243236e-01 -7.897046664041448283e-01
-1.733124789367362251e+00 2.418746140714489457e-01 -8.141558549299815484e-01
-1.737372565982166828e+00 1.239868787469870365e-01 -9.818346019007481162e-01
-1.532729149956853609e+00 4.405395492066322416e-01 -7.856507714705960321e-01
-5.344965733672305541e-01 -1.459655982466422641e-01 -6.378102170274456695e-01
-1.349353743052977617e+00 2.726898589384359473e-01 -5.941594610128674292e-01
-7.029695889054621283e-01 1.830792895563854716e-01 -8.750899925790592837e-01
-7.656964615471532065e-01 8.041276828418407741e-01 -6.097015387747416471e-01
-1.023957226532004272e+00 -4.411710994708267775e-01 -7.154389752443162109e-01
-8.826065498343054205e-01 8.507284067413485307e-01 -1.073843255616331982e+00
-1.450573498134675621e+00 -1.389179958650644739e-02 -4.469249315850760684e-01
-9.257442111187682565e-01 3.844171711247106882e-01 -7.259382386269780385e-01
-1.268418859926453646e+00 6.673739474658394455e-01 -7.962106533604749181e-01
-1.085649913767867458e+00 2.840706697597495944e-01 -5.250636672573300023e-01
-1.406746665510510974e+00 -1.739679032897513966e-01 -4.253187140340588535e-01
-1.098265679724267363e+00 -2.149779272649712802e-01 -8.440711822945836662e-01
-1.284304432531262474e+00 2.624215214660607365e-01 3.389396795022898146e-01
-1.068094054425371420e+00 -9.742349116613532867e-02 -7.970718639973929376e-01
-7.372749336868482661e-01 -3.652799750651984367e-01 -6.784578144097652697e-01
-1.664648256078152810e+00 5.855202312585847287e-04 -6.399171952030004995e-01
-1.196768970617931638e+00 2.194737431806660921e-01 -1.055019512549290939e+00
-9.097165916225636861e-01 -2.258983627191975818e-01 -8.445487371943661836e-01
-1.575307016370347313e+00 2.605629002011669582e-02 -7.024320477491332593e-01
-1.046063539087970673e+00 3.337663474219961235e-01 -1.036800212024748369e+00
-1.626739680544605271e+00 2.272434408834427544e-01 -7.212601665604582157e-01
-1.216998594836201653e+00 6.333678422235065053e-01 -7.582078380634998949e-01
-1.017362685676755918e+00 3.064706783837263249e-01 -8.197574811098496950e-01
-1.058087673199544110e+00 -4.809436791913327403e-01 -1.399573686358251412e-01
-1.649353854884670012e+00 9.762809484314008412e-02 -7.186407532624282668e-01
-1.026286458745294006e+00 4.545108673161827456e-02 -5.605724406674467142e-01
-9.159312312889760221e-01 -2.401874165213081502e-01 -7.567184630092909092e-01
-1.174277894673962042e+00 2.521690432078861344e-01 -4.766712893077967861e-01
-1.766366986434019903e+00 -3.236718069220703708e-01 -8.559174566434119003e-01
-1.094454219221571822e+00 -2.117144040255367066e-01 -1.412416792225275941e+00
-1.756018188246973866e+00 -1.081431119894832316e-01 -6.569336042457739611e-01
-1.255989922212908727e+00 8.104081466332845041e-02 1.872824424142483235e-01
-1.153119580427994117e+00 -1.603247855583137815e-01 -8.224034857642233964e-01
-8.490569318598119031e-01 1.821961217155531054e-01 -3.365536320152662242e-01
-1.544894384197829984e+00 2.905858078396408306e-01 -7.022409748929010487e-01
-1.665950271514758274e+00 -2.982530238784774634e-01 -6.932540499433142989e-01
-2.560150979095249801e-01 -2.323546287152269962e-01 -1.230189211184414377e+00
-3.449350177963492747e-01 2.405182272216092043e-01 -9.527776090342328086e-01
-1.657588191358453811e+00 3.942240137654466903e-01 -6.637126784846133498e-01
-6.017569922060364007e-01 4.964614322060239004e-01 -9.799297375412854283e-01
-1.105007438212804338e+00 4.647840166082394253e-01 -4.751891144582319204e-01
-1.719130051821612382e+00 1.733510419738511499e-01 -7.376768413830024906e-01
-8.744602036082002039e-01 -1.810330686722956550e-01 -7.644005923172280115e-01
-7.809924003033237305e-01 -3.231026155958799384e-01 -2.128221338147818553e+00
-1.254724504130574303e+01 -2.706948317811848526e+01 -6.600355811607616641e-01
-1.060003788211530962e+00 -1.774604632730764631e-01 -1.779537853340964260e+00
-6.668223487758268009e-01 -3.451626186181195460e-02 -4.249560736184019305e-01
-1.810848394724181132e+00 2.076670766640102139e-01 -7.623854285436536538e-01
-9.245021997213482834e-01 -1.824431401823632948e-01 -1.093446416664445531e+00
-1.538804751389746039e+00 3.334153140346662880e-01 -9.580504802855370761e-01
-1.385435445582685832e+00 2.235146651435832854e-01 -1.039093419734687718e+00
-8.011275053091962972e-01 3.291684886456959780e-01 -7.885274084504361181e-01
-1.122395692096978426e+00 2.384263490198914037e-01 -8.473436209272963149e-01
-1.028877172836575538e+00 6.302380196792384259e-02 -8.267734365530383656e-01
-9.443319107246219701e-01 2.389381058195705620e-01 -7.815400121295928981e-01
-9.104265238762830892e-01 -1.279504067522759525e-01 -6.412886905516101965e-01
-1.802234759010807208e+00 1.063224661043528085e-01 -7.107339017681266746e-01
-9.351168237340730105e-01 5.237145878964188928e-01 -1.025137121591715106e+00
-9.417960963793048368e-01 -2.388368913715135100e-01 -7.093761997741737657e-01
-1.496383369280529951e+00 -3.169955115366871468e-01 -4.950590258847854530e-01
-1.560737299180062987e+00 1.771696984096202410e-01 -7.450131257717828026e-01
-1.595456323110836960e+00 -2.684794232683527238e-01 -9.298926738229265077e-01
-1.226376147391862625e+00 -2.837663870341219918e-02 -9.046249064682476693e-01
-1.019800360856568444e+00 4.951382890542733173e-01 -6.616420425625736401e-01
-1.438386630277410427e+00 -3.110217212471752882e-02 -2.407228371326903815e-01
-8.387050529446474778e-01 3.895419343473881524e-01 -6.340734510233604349e-01
-1.741147810353933290e+00 4.304520098249162152e-01 -8.084042885558218039e-01
-1.878006159811041575e+00 2.028324148965929552e-01 -8.219432494110537890e-01
-1.369777082199441498e+00 -1.089522102633052325e-01 -5.621780176774691107e-01
-1.507899545869491709e+00 6.163950431012433784e-01 -6.594094311135232367e-01
-9.387976608097428066e-01 -3.534250881363408259e-01 -3.840617583155596093e-01
-1.838892511500732851e+00 -5.354339586593627187e-01 -9.604491490777059548e-01
-1.566964759683528774e+00 3.341992268770794250e-01 -8.062371506139748289e-01
-1.392301382609266724e+00 2.759832759826060800e-01 -8.425989729512125548e-01
-1.727944832556516319e+00 -4.896321601008750413e-02 -6.747351184096311849e-01
-8.602032457252430930e-01 3.970984732461363409e-01 -6.653756485995132586e-01
-1.554833991047064545e+00 -2.094535615640138182e-01 -1.762058525212126359e+00
-9.096754506342727975e-01 3.367990003150316269e-01 -7.182268292255679087e-01
-1.890741216521146351e+00 -3.082043177966770076e-01 -3.181367604679072314e-01
-1.090978903345433570e+00 1.914347495839265612e-01 -3.806968861882223942e-01
-1.516367928880301807e+00 4.771406005318105104e-01 -8.527174253053648734e-01
-1.775981692869870621e+00 -5.880276787728301313e-01 -6.568492756602994920e-01
-1.869069169247751017e+00 2.573431170710178684e-01 -7.206141869183063653e-01
-7.869093329863113828e-01 -6.010448108935097233e-02 -8.297547024682883077e-01
-1.046633734991904596e+00 -2.504200807210917312e-01 -7.633911230980470197e-01
-1.759517650779116371e+00 6.080774927883539904e-01 -1.237037893549705725e+00
-1.103166953546247164e+00 -4.592126470010702427e-02 1.579297475658041350e-01
-1.572476237164752488e+00 5.577847525472565682e-01 -6.733831422836000780e-01
-7.564100482951925386e-01 1.740019636690353158e-02 -7.586888420642253772e-01
-1.788746583980025173e+00 3.271713879341871523e-01 -7.624781141830304643e-01
-1.060630428076420273e+00 -9.157245960940611773e-02 -7.526729504939875248e-01
-1.282336599579395164e+00 7.344445943834924106e-01 -7.856487409940822175e-01
-2.082376534741414265e+00 -7.831077190445148162e-01 -4.329367490310593314e-01
-9.418402577501280293e-01 -4.941530252935198431e-01 -6.599879676798877659e-01
-6.703903879294375034e-01 -3.306650347636479470e-01 -1.070529156443572827e+00
-1.026499878313618774e+00 6.925309511882163926e-01 -6.600960755965915583e-01
-5.912557426732659716e-01 1.067781550442405136e-01 -4.713709954633854560e-01
-1.083535588466186805e+00 -3.764265837391399527e-01 -6.081947688717352918e-01
-1.238355239862060087e+00 1.126913480279885471e+00 -3.501817868430939784e-01
-9.489380546557248941e-01 1.752284368601433051e-01 -7.622934813572710411e-01
-1.188615658406657394e+00 -1.804268379897752406e-01 5.783801744214369656e-01
-1.588760551404908794e+00 5.828155268024418634e-01 -6.461747140783796750e-01
-1.622206388818262068e+00 5.225444545386400685e-01 -8.171673520753987008e-01
-9.031208391066788410e-01 4.231539899002235150e-01 -8.982090555023929390e-01
-9.932681653174761927e-01 -7.933274023423597665e-02 -7.619659103396518862e-01
-1.564946258278331781e+00 -6.125195503501855432e-02 -3.709406585941136258e-01
-1.234084959171225737e+00 -4.760617593785554380e-02 -7.276095190584326300e-01
-1.028291507546645889e+00 -4.426529261337360799e-01 -8.168141604722801707e-01
-1.705234348805694689e+00 4.461848111245881321e-01 -7.447671635939653312e-01
-5.493084239350812803e-01 4.352557637510985900e-01 -6.075659530428049182e-01
-9.569125774413964614e-01 7.941584268695679738e-02 -7.030307647888469624e-01
-1.286850241323078903e+00 5.136082530026493398e-01 -7.584386410257566435e-01
-1.665291431468006955e+00 -1.003232524082165456e-01 -5.378569819469956048e-01
-2.145614320047423362e+00 1.250053692220698398e-01 -8.748573293598773670e-01
-8.728602873918113181e-01 4.727848436905193047e-02 -7.625503353024283282e-01
-4.061663156392881224e-01 -1.543429589334934793e-01 -9.172946321366136635e-01
-1.168056329393093451e+00 1.636287113258674264e-01 -1.744003608353117185e+00
-2.693743308503981360e-01 4.144117651907109484e-02 -1.623408733671521276e+00
-7.027123870618514623e-01 2.397379230663743144e-01 -7.361561600788836257e-01
-2.412359441229414259e+00 -1.512208882853466607e-01 -5.365896790766614410e-01
-1.268391805211497081e+00 -1.151334281193864828e-01 -7.421117052754028220e-01
-1.596779907864389170e+00 -5.325275754581888787e-02 -7.517758353615732192e-01
-1.478919110850880791e+00 -3.765655935849795966e-01 -7.565133955138499955e-01
-9.251120532924264062e-01 -5.411726717609470494e-03 -7.234912735486158653e-01
-8.198012055803260978e-01 1.046938396250877701e-01 -1.247349352366337261e+00
-1.528471013160357606e+00 -1.147398905184605772e-01 -5.668159137309134454e-01
-1.198233476243305784e+00 8.094174764661603572e-01 -1.196279349915709389e+00
-1.152494028097034384e+00 5.009414079239492557e-01 -4.601303223142357290e-01
-1.269183454731494409e+00 -3.725975373135856916e-01 -6.986172461296421554e-01
-4.212874581756662629e-01 6.729783983389871216e-02 -1.360082092101781992e+00
-1.536098226009303014e+00 1.613821657925137709e-01 -1.484708644846260139e-01
-8.286064936649067958e-01 4.658466027106501484e-01 -8.928937100335253563e-01
-1.538485682142294975e+00 5.761765188895613399e-01 -6.905862162618867650e-01
-7.894417706311659400e-01 -5.282992497573852503e-02 -6.720330054907781570e-01
-1.385949066373773908e+00 4.195683449951319033e-01 -6.101544252792241441e-01
-1.349778253958805019e+00 -3.748966747259186438e-01 -7.749577879924459678e-01
-1.161088842177383729e+00 -2.700855544275957976e-01 -6.117234858596647396e-01
-1.374061963071120829e+00 -1.451137239919442767e-01 -6.713277681094319549e-01
-1.579153602619880692e+00 5.065525968431088266e-01 -6.411228629923362288e-01
-9.446674250918570825e-01 -3.909623010627418654e-02 -7.514920960196121991e-01
-1.101792179705069374e+00 -8.031209140632439292e-01 -1.275084772821923007e+00
-1.442186125621169657e+00 4.162750048012633236e-02 -9.229892029143688115e-01
-9.983113130565232085e-01 4.392883544338288537e-01 -5.537799919878174659e-01
-1.287755022499496471e+00 4.990471502762240386e-01 -9.404763322597461395e-01
-9.783615572690858020e-01 -2.507416891306979076e-02 -7.111559273935872394e-01
-1.183706556219176864e+00 -1.480680400286435994e-01 -8.340484757876389654e-01
-1.211035490166699979e+00 -6.319114308094423427e-01 -1.338287121171126248e+00
-6.934124894391318072e-01 4.360292780304209775e-02 -5.079768088009363192e-01
-1.197313395213379872e+00 -4.410962770986022186e-01 -6.227886670803807201e-01
-4.837757998925283909e-01 -4.902011897089885162e-01 -5.428898100885022338e-01
-1.271516247913262898e+00 -2.667826161159086995e-01 -8.486574305590928180e-01
-8.039222845458116051e-01 -2.546256243417869755e-02 3.511746090524110464e-01
-1.315261513094121704e-01 -5.744808346885858785e-02 -3.668620746692414780e-01
-1.097444848031263520e+00 -2.685950412311109980e-01 -8.001932987741998682e-01
-1.830655470568444132e+00 1.197466404138468055e-01 -6.704570777543693572e-01
-1.071251234099275251e+00 3.096555337030698976e-02 -1.006320232208229415e+00
-6.967609258600701017e-01 -2.232277882463470087e-01 -9.282049623378864078e-01
-1.038717089817055683e+00 3.755237154069935857e-01 -1.052471458623535749e+00
-1.134525961156968465e+00 7.676621250181760170e-02 -6.705017800676651429e-01
-1.159908928324298483e+00 -4.946013796051666467e-01 -9.195478074816006986e-01
-1.722327503550648453e+00 -2.641485233220364770e-01 -9.168437614365195776e-01
-1.003929556397758605e+00 -1.124592236363749914e-01 -7.025127543798458385e-01
-1.289067714683514998e+00 2.765524277289213573e-01 -6.845637806871365250e-01
-1.759701446982907536e+00 1.284853873317487460e-01 -7.522510383518068444e-01
-1.569753418300781966e+00 3.699345470184700613e-01 -5.290995752165100763e-01
-1.413706500224740203e+00 2.862036916507874618e-01 -6.967522127794697484e-01
-1.155322581958476258e+00 2.876600737472255753e-01 -6.862610893772778109e-01
-1.101022519358979102e+00 -1.604666725902435809e-01 -5.889370843151918722e-01
-1.235448379586287393e+00 6.201104468929146130e-01 -1.184509049719284279e+00
-4.935676058361511132e+00 -3.082394067620627354e+01 -7.523885692792182667e-01
-3.488166078200130027e-01 2.993729250861499880e-01 -1.882220192607687359e+00
-1.827961554718493531e+00 -5.784024256435594813e-01 -6.067055710928148660e-01
-1.119411611823010633e+00 5.224616273003878097e-01 -8.820904595582542695e-01
-1.689072678698051222e+00 1.516485064341909772e-01 -1.259135797358351017e+00
-1.178649549708420396e+00 3.513595751302278636e-01 -7.854331396935673171e-01
-1.558262148587016727e+00 1.717388719670120134e-01 3.186724034358247998e-02
-1.092886540914172588e+00 3.306379796018907302e-01 -7.945206425001094530e-01
-1.359806918278868570e+00 -1.058147606707890570e-01 -7.331076304991663850e-01
-9.873979957102508864e-01 7.974788048267456020e-02 -7.732884206903946067e-01
-1.752133284025878979e+00 1.120337956774106469e-01 -5.497982621298843631e-01
-1.671378825311600425e+00 2.945969763676273279e-01 -8.400380169440009315e-01
-1.564977419585081853e+00 3.843965715289388019e-01 -5.134695602456973429e-01
-9.428972832537422244e-01 7.537892609459591053e-01 -7.817294494928402893e-01
-1.136540167006000246e+00 3.664793236839675172e-02 -5.200362568725194201e-01
-1.155440894767099325e+00 6.097956751666926412e-01 -8.225524459976500946e-01
-1.420741358680027044e+00 -7.280504447461256801e-01 -8.219552577661698445e-01
-1.623210929526075486e+00 3.846707578434706565e-01 -1.580639958124878897e+00
-1.753087179283602692e+00 -7.153726852068928443e-02 -9.084654906053944989e-01
-9.129992918269247415e-01 -1.088955859405564275e-01 -7.005634109911876850e-01
-1.346403132624862220e+00 -2.894377799440021048e-01 -8.590150818481735451e-01
-1.466739250517708149e+00 5.130175833502319260e-02 -6.796147114729630401e-01
-8.795555339956865337e-01 3.905338458302266003e-01 -9.984558604202680154e-01
-1.770260999642074173e+00 4.786118590343746426e-02 -2.965858126114798154e-01
-1.525997664614262117e+00 1.123711808355951081e-01 -5.376857956412541828e-01
-9.471077770945500740e-01 1.017886912937914445e+00 -1.117903844260352608e+00
-1.599100206254263856e+00 1.629756646900352157e-01 -8.615026899365796353e-01
-1.136663534450123469e+00 5.120201244310739197e-01 -5.313071402679393485e-01
-1.597873810616732504e+00 7.345645451120377811e-02 -8.065351048380476895e-01
-1.611459109671790069e+00 -3.837042820993672443e-01 -1.103573505617212014e+00
-1.875231349221208488e+00 1.799594741440146972e-01 -1.081616498967901963e-01
-1.921326003073829947e+00 1.069673438239794550e+00 -8.558771704323002716e-01
-5.332635383567529974e-01 -2.377869250753421593e-01 -9.352583502101144974e-01
-1.563594420474204938e+00 -2.490271287120725541e-01 -7.076717859066874450e-01
-7.468408356718060359e-01 4.956733572264059307e-01 -1.273288082600632753e+00
-7.315015067876000643e-01 3.499230010801058777e-01 -8.200603083814178573e-01
-1.823264873089562199e+00 2.899607117480692553e-01 -1.013124784697322145e+00
-7.434753197976514683e-01 5.398607545584510614e-01 -9.580895404096633206e-01
-1.246901310081034442e+00 9.984731922666055526e-02 -6.575348642252374365e-01
-1.901658786503582999e+00 4.216134812299008328e-01 -3.353985130106067469e-01
-1.450952186417919565e+00 4.223099651125852838e-01 -9.617568464386884175e-01
-1.705523579829790304e+00 1.275133916023210856e-01 -4.035663443326286681e-01
-1.849516817247768730e+00 1.151275867957802373e-01 8.177888574352179876e-03
-1.426052666784423328e+00 -1.136043802559790761e-01 -6.338602763127365591e-01
-8.402162174709502107e-01 5.511038258908521753e-02 -3.860494228115836091e-01
-1.472427743143923884e+00 -9.684183351991804134e-02 -6.766188629490585971e-01
-1.430527042950100469e+00 2.837085362011587675e-01 -6.337405370274564742e-01
-1.462522302239010363e+00 -4.209116556098537604e-02 -6.664848376609718850e-01
-1.008778009024438482e+00 4.328611443436774509e-01 -5.796799199997798580e-01
-1.130992823304364236e+00 -1.944772102476639009e-01 -6.031844803794894627e-01
-1.080052499672558453e+00 -1.214066758278971037e-01 -1.029961718691948525e+00
-1.718694352262909009e+00 9.011943803645370288e-01 -8.964942372594919551e-01
-1.907514585605324609e+00 2.355303264794552098e-01 4.833258308884911258e-01
-8.377672935950076782e-01 7.219501760484655639e-01 -8.106993771160663220e-01
-1.563181665573922352e+00 1.002944583111562427e+00 -8.669466401004034539e-01
-5.204558650958073240e-01 -2.877043129111510611e-01 -4.062925348084152066e-01
-1.248517890447638390e+00 9.946833294942779291e-02 -8.636717105345521617e-01
-1.182463544326753269e+00 2.911584680725161078e-01 -5.332418196012786993e-01
-1.007742688258384867e+00 2.369736570539272835e-01 -4.686994084220275636e-01
-5.862782799633453612e-01 -2.333920427719975987e-01 -2.437185760312754745e-01
-1.061298826559126551e+00 2.358701512869167960e-01 -7.514032750439022523e-01
-5.619945405117564574e-01 -2.829860241626347972e-01 -2.082803314184138888e+00
-1.562593052165857310e+00 -1.064897292629588960e-01 -8.214518441143736638e-01
-1.630596756825966720e+00 2.864746409305968800e-01 -9.862578762590515913e-01
-1.463215635172185447e+00 -5.384116013955871916e-01 -6.296376220253198097e-01
-1.459479698058924635e+00 -1.222688828563031904e-01 -6.143623800671124124e-01
-1.543898266592716562e+00 -2.837719274948508064e-01 -4.648621440756811607e-01
-7.363352020296277667e-01 1.331425905319550684e-01 -5.888460316852461851e-01
-9.495200486791575134e-01 1.021496599528305405e-01 -6.685924346376741489e-01
-1.720017032910366339e+00 5.277183429193272879e-01 -6.977351362216618336e-01
-2.624176376343643202e+00 5.715380942233882350e-02 -4.330005010814487743e-01
-1.451241703718254561e+00 4.396296906288976736e-01 -7.403915951222836966e-01
-6.151312954429530855e-01 -8.305273434397537902e-02 -6.742380231874103291e-01
-8.359099991981024935e-01 -1.428845473443854375e-01 -6.256568436716678505e-01
-1.531903196496473774e+00 8.724528172276266313e-02 -8.246234402476658731e-01
-6.478724307960703754e-01 1.396725389348244806e-01 -4.495228161800972622e-01
-1.078554110732780735e+00 -2.630643666442800677e-01 -2.780271937303019913e-01
-1.072960978986498448e+00 -8.595222087083873030e-02 -7.341930681978460216e-01
-1.001947836384266211e+00 6.029006702213585145e-01 -7.918139910185296726e-01
-1.517245266823870731e+00 -3.823245167613636281e-02 -7.330514963669624295e-01
-1.562532922952982739e+00 3.928622642311008217e-01 -8.353129798340982459e-01
-1.071509008150721698e+00 -3.334947791858573485e-01 -7.169974266239708127e-01
-1.534041213588184460e+00 2.080339764136285644e-02 -4.569657921533723521e-01
-8.997085626139241787e-01 -5.978458973939022175e-03 -3.774090192328767301e-01
-1.229496982260599003e+00 -4.953823451659322141e-01 -7.776624565263940969e-01
-8.281879395442123259e-01 2.686251187307774346e-01 -6.249288635537899594e-01
-1.353561990458254316e+00 2.512493947755157775e-01 -6.714455029604963210e-01
-8.932749135737253487e-01 -3.935793896085043042e-01 -8.056823122588279151e-01
-1.077898323727286556e+00 2.586485571845818510e-01 -5.140705700062067063e-01
-1.241035065370220680e+00 -1.432981666298337453e-01 -6.226570302706115889e-01
-1.249457842116605377e+00 5.936519487015259333e-01 -8.406557865380459571e-01
-9.466305441533935383e-01 -1.733440030919628505e-01 -3.571607224187545171e-01
-1.484359877419728191e+00 -3.079547280774059814e-01 -5.690702165954593106e-01
-1.036331962987072419e+00 1.194803382948025766e-01 -7.905526402080798043e-01
-1.280547357111665230e+00 -2.349753739757893256e-01 -8.242934803071563232e-01
-1.346923794574879540e+00 -2.096566999071083903e-01 -7.340045496357150423e-01
-1.692905437640752853e+00 -9.500039407186808282e-02 -6.540061065474853663e-01
-1.669224780238269812e+00 1.781992166959636137e-01 -5.288096937001848241e-01
-1.881248934898743785e+00 4.036126173022302338e-02 -6.612692289216863806e-01
-1.233844872544118898e+00 6.506590605376039171e-02 -8.200330843932992497e-01
-1.486190812591053900e+00 1.284640885389225495e-01 -6.384174427405763241e-01
-1.758353923240390859e+00 -1.529458790050563788e-01 -9.256281208552828987e-01
-6.740346757737132322e-01 2.239321863270011259e-01 -5.414035072357278322e-01
-1.578481680091068817e+00 -7.025397752565916767e-03 -6.656335021533127394e-01
-1.841980717748489260e+00 -2.579791552770859253e-01 -1.265232030318508061e+00
-1.438411240668474811e+00 -3.279025004480470296e-01 -5.051703176745759860e-01
-1.040308620798870098e+00 2.020901060569874619e-01 -5.091567943851336153e-01
-9.011773291806882691e-01 1.041950461270421679e-01 -9.675842481276308860e-01
-1.557850666255933492e+00 -4.497743262072393944e-01 -6.466879858986041008e-01
-1.312932502918334521e+00 -3.447687499141104395e-01 -5.883963340136971754e-01
-1.033284613506349148e+00 -1.241111549635782463e-01 -6.759365253787250616e-01
-1.633887016419031779e+00 1.426496343804679323e-01 -7.361161617851116334e-01
-1.699687481692206292e+00 2.196576799876139019e-01 -5.535534939003067256e-01
-1.483888338135988416e+00 1.727586340455263825e-01 -1.491094665575242728e-01
-1.577774030716283971e+00 8.194303687749875387e-01 -1.565463506758185908e+00
-1.326276277317580021e+00 -7.410884825717024837e-02 -6.151839495079455267e-01
-1.517137868122122368e+00 4.500298884537947131e-01 -1.264195644791360484e+00
-1.231786706757860506e+00 3.850673804633213404e-01 -6.592074472638531635e-01
-9.629280990407617091e-01 9.355675532695970076e-02 -7.182705830413058656e-01
-9.117493612844028705e-01 2.966574421086847768e-01 -2.559457331752182374e-01
-9.749170955554100626e-01 1.591737503727491676e-01 -2.123990187914143402e+00
-1.781136621566133504e+00 -6.207554209433492343e-01 -4.040581732899090062e-01
-1.714015598954219621e+00 4.235765584475988943e-01 -4.001143567144591073e-01
-7.515429178415381495e-01 1.413487535703228382e-01 -8.579098342012623224e-01
-1.133496812618604688e+00 -1.401377072742862051e-01 -1.176409151943790254e+00
-1.076124792131928798e+00 3.711841240306029732e+01 -4.083708600627724561e-01
