-7.451454754387097701e+00 2.364798964031073591e+00 -1.677226242494236130e+00
-7.167305633739455395e+00 1.736866435556273514e+00 -1.782448286955298222e+00
-6.183216709166836189e+00 1.987371377178213772e+00 -1.472784565225250253e+00
-7.822653603747186324e+00 1.907040297679911900e+00 -1.355582369782337260e+00
-6.942051176578873495e+00 2.574583231313881893e+00 -2.007956479650530923e+00
-7.080753064483603865e+00 1.803343665719338240e+00 -1.325549938203997025e+00
-7.059947775535876602e+00 2.475589950033489473e+00 -1.524695310306831031e+00
-6.962189744078002285e+00 2.440071758944130309e+00 -1.687106287838187280e+00
-6.864091989390805004e+00 1.847510674954614185e+00 -1.804079375168669674e+00
-7.549419049835573325e+00 1.952896446761604565e+00 -1.268781155232761471e+00
-6.927794183096751546e+00 2.599648279904795967e+00 -1.585080135717420236e+00
-7.503365837202919053e+00 1.102654944931555470e+00 -1.042501009403297818e+00
-7.005975882896073870e+00 2.131774120015942131e+00 -1.416686218789648288e+00
-7.198473892757783155e+00 2.337863981810219816e+00 -1.488017325844201322e+00
-6.921940922300843901e+00 1.883001790202221359e+00 -1.604648106815305786e+00
-7.565507523417557501e+00 1.709595454933103387e+00 -1.347857511164724631e+00
-8.274168548668884071e+00 1.758408361691712107e+00 -9.842975729753946634e-01
-7.186150263474457844e+00 1.513841494740001847e+00 -1.464605413808422130e+00
-6.981127090094699561e+00 2.495175271070593226e+00 -1.423162453925927107e+00
-7.237965603058963637e+00 2.487379482205792414e+00 -1.447263626762574917e+00
-6.765092054905922581e+00 2.160225575162676215e+00 -1.634636429667768676e+00
-7.313625057310695787e+00 2.263830528340613490e+00 -5.815629880985531130e-01
-7.143088565751302355e+00 1.875317764388230390e+00 -1.602367242010056092e+00
-7.091758067929079701e+00 1.914323305428122124e+00 -1.154809084546799758e+00
-6.884886965182957397e+00 2.454716789876582261e+00 -1.421024816257606460e+00
-7.322691531334857729e+00 2.119103289121357925e+00 -1.483016601991193006e+00
-7.376248102847885235e+00 1.805949743017973397e+00 -1.365708761173565433e+00
-7.898354339995800721e+00 1.604388488511645727e+00 -1.284521050071981252e+00
-6.903088828789504028e+00 2.297051549628037481e+00 -1.439123269335836008e+00
-7.681442627290970826e+00 2.369495465093277797e+00 -1.521186832609268569e+00
-7.058658324089414293e+00 1.829811528185571134e+00 -1.471728012377338191e+00
-7.293097577449932700e+00 2.682979100823282614e+00 -2.050403934276698870e+00
-7.297662385867814905e+00 2.139354735412196007e+00 -1.422865300086556317e+00
-7.043536021546171533e+00 2.440133321634625041e+00 -1.506423741420802820e+00
-6.831446382163107955e+00 2.047811505522162623e+00 -1.907841349335033687e+00
-7.685940876064946359e+00 2.195626115106066756e+00 -1.502227557697041638e+00
-7.401539781624792091e+00 2.058200814045179960e+00 -1.524844597217213771e+00
-7.363011755950010340e+00 1.849494735389830113e+00 -1.470557485818249299e+00
-7.270961967834078443e+00 2.829301144415504954e+00 -1.341423601549486255e+00
-7.004564310998822485e+00 2.295733399995669277e+00 -1.897037345255281782e+00
-7.386286586067813076e+00 9.086249095586806934e-01 -1.454783284053703829e+00
-7.083144460642885498e+00 2.404822306808747978e+00 -1.435039610163349133e+00
-7.589967273999887354e+00 2.213567360775621218e+00 -1.631582619824009317e+00
-6.964794252364957750e+00 2.590703816231287426e+00 -1.300386313195577737e+00
-6.669831989461151522e+00 2.403358561652820580e+00 -1.377668681170860721e+00
-7.613782208619335634e+00 1.545147152224108034e+00 -1.719954283023598540e+00
-7.085781597980124857e+00 1.663112224551537510e+00 -1.726562339031417093e+00
-7.195519388344810530e+00 1.533456619380785257e+00 -1.528206678682218600e+00
-7.225257023880832463e+00 1.965948273849702721e+00 -1.227851000574172069e+00
-7.236426112744892336e+00 1.558451590431849221e+00 -8.333187836826900785e-01
-7.234554954403956906e+00 2.199857094206030261e+00 -1.877307489705862142e+00
-7.476696877925787632e+00 2.642973033296672991e+00 -1.782380241125786080e+00
-7.342424306173504611e+00 1.721078071735214321e+00 -1.013113506264406771e+00
-7.777536180531346766e+00 1.725332581122689390e+00 -1.778139471668209959e+00
-7.526584038086572725e+00 2.748752040723198231e+00 -7.040504402736554868e-01
-7.101678601313698991e+00 2.366561305176287711e+00 -1.075100369047421234e+00
-6.890184319874959940e+00 2.170045895391441881e+00 -1.610648988331070175e+00
-7.237635449099459883e+00 1.949228166404944229e+00 -1.408744641637563300e+00
-6.878091073885817863e+00 2.757861161673053729e+00 -1.764337603910622665e+00
-7.307208542424276310e+00 2.562529470161293066e+00 -1.587431830565045443e+00
-6.775325065572187277e+00 2.677282003490557116e+00 -8.863471197629086973e-01
-7.907255730419815443e+00 1.919448114470938327e+00 -1.242724861705740036e+00
-7.651131536478176898e+00 2.456380969091650268e+00 -1.178844705290180039e+00
-7.480310234216976717e+00 2.011121932496596543e+00 -1.457345398652540869e+00
-7.556216167541991879e+00 1.764910830157359944e+00 -1.389579576134437833e+00
-7.416334628151680874e+00 2.536542220193563679e+00 -1.492979472916467154e+00
-7.500744346596582623e+00 1.763101127623873721e+00 -1.359240695579839064e+00
-7.348413382134220129e+00 2.208641375060979239e+00 -1.385180952705248325e+00
-6.786074507386786081e+00 1.956600213521142440e+00 -1.445110216791016811e+00
-6.862903302791013793e+00 1.324829850471695547e+00 -2.617796899199018590e+00
-7.414885419130524014e+00 2.372851488648507701e+00 -1.216568297203474813e+00
-7.158295617785406684e+00 1.838139781665893979e+00 -1.497050446796301060e+00
-7.402062765586872040e+00 2.109856169691593841e+00 -1.417312412724274218e+00
-7.456271335304235137e+00 1.976188039358721449e+00 -1.437310251393330685e+00
-7.116011515391652331e+00 2.645983791107221705e+00 -1.315902445349119487e+00
-6.981049324228553843e+00 2.287862713032333684e+00 -1.350479991649860656e+00
-7.618444521357265131e+00 2.813130727542156873e+00 -1.047127440891185701e+00
-7.693295631493956677e+00 2.200452124083130290e+00 -1.114031990353921309e+00
-7.413671688886398492e+00 2.077637157053458861e+00 -1.458177661635944977e+00
-6.794481232002966387e+00 2.164623941740075885e+00 -1.186546949722651068e+00
-7.443974504033188389e+00 2.245358583813561459e+00 -1.674101317325740634e+00
-6.935641432060734246e+00 1.530258338974508803e+00 -1.654295086727336050e+00
-7.406283244166933066e+00 1.935050566369029834e+00 -1.352855198567351591e+00
-7.842578043945009014e+00 1.739948954670636594e+00 -1.167002232937590644e+00
-7.175116871573491650e+00 1.964880734103417126e+00 -1.560693763065369888e+00
-6.926011352376443497e+00 2.391307569757578744e+00 -1.401486420358277085e+00
-7.642762910817157973e+00 2.166978197806153972e+00 -1.185880422142744806e+00
-7.478501288584921802e+00 2.190459463759392822e+00 -1.760049375402581662e+00
-7.297142116465456851e+00 2.643371536687076695e+00 -1.316139596003342405e+00
-7.081976386498435971e+00 2.317375444010146168e+00 -1.620029841460287168e+00
-7.159117273735009057e+00 1.795512990628715722e+00 -1.880141506119154871e+00
-7.113847732873531449e+00 1.880228191977352026e+00 -1.317659179888081455e+00
-7.742400157433592334e+00 2.877909023545289102e+00 -1.328201226901944310e+00
-6.981276677511046636e+00 2.152390907722229851e+00 -1.266731733687239014e+00
-7.736708387790681485e+00 2.352305294445846240e+00 -1.181210013722540308e+00
-7.552122064387650546e+00 2.516173259308822185e+00 -1.710906670080106773e+00
-7.707882126495772646e+00 1.379304842523642938e+00 -2.373965086832505289e+00
-7.385460203560907821e+00 2.284898830668502967e+00 -1.306126076804380309e+00
-7.590970906208721836e+00 2.024878117966096180e+00 -1.715115260385976503e+00
-7.793873076508766040e+00 2.113730126257709063e+00 -1.497786702280271109e+00
-7.237582018278367890e+00 1.889029694245362823e+00 -1.393500633594923599e+00
-7.675386335045369712e+00 2.533241704959216190e+00 -1.457006521741179839e+00
-7.230363249345983512e+00 2.441918534042574862e+00 -1.296735383473874181e+00
-7.484986327325288791e+00 2.384599763651165993e+00 -1.469769781286355492e+00
-7.276854900758000788e+00 2.247415758254936780e+00 -1.496345247370046483e+00
-6.980134201360649548e+00 2.327377927880913688e+00 -1.511081842695267685e+00
-7.454836706634320187e+00 2.427676338306297144e+00 -1.690193296689809666e+00
-7.717423128577931557e+00 1.685107892142793551e+00 -1.633373200394216518e+00
-6.797933025319721878e+00 2.530224939251128902e+00 -1.554309573669937716e+00
-7.352340688187488205e+00 1.866358773631986656e+00 -1.249658477006155177e+00
-6.883079383144053764e+00 2.305582606939352797e+00 -1.354672365396838440e+00
-7.353123070009602635e+00 2.190286231755727009e+00 -1.567711499804790964e+00
-7.055189697592543219e+00 1.811859666946488590e+00 -1.443419678633259151e+00
-7.698553261087142552e+00 2.115929080165739329e+00 -1.388589800019871090e+00
-7.913014303090727175e+00 2.301989982297498738e+00 -1.728755364223214297e+00
-7.836246256521091524e+00 2.271087624314558351e+00 -1.172894321335026246e+00
-7.469283083441961679e+00 2.308388681786621710e+00 -1.423214713165540157e+00
-7.102581966005558911e+00 1.842576633367958738e+00 -1.377935502955720759e+00
-7.784602905765847680e+00 1.586881175784242259e+00 -1.331836564523150246e+00
-7.688772039672010727e+00 2.145663193614262276e+00 -1.380885953495383678e+00
-7.332710759526144706e+00 1.922517133135055456e+00 -1.458161588584802493e+00
-6.981735255065349754e+00 2.476538077847761699e+00 -1.305723810860889511e+00
-7.883964916245343346e+00 2.535972975161755461e+00 -1.568727207202527563e+00
-7.273726862236219226e+00 2.119457945520940356e+00 -1.478261578564055156e+00
-2.697121927947125997e+01 6.531548264009161642e+01 -3.091649241597513864e-01
-7.915647468924071894e+00 1.981696452521068963e+00 -1.328402558668478006e+00
-7.099107532097656659e+00 2.075014323574723374e+00 -1.605329596827075100e+00
-7.709521763631356883e+00 1.848055263808621840e+00 -1.088913643019719268e+00
-7.730564674822806737e+00 1.783965162078639421e+00 -1.419725560706711187e+00
-7.608513158031046331e+00 1.849000450269244533e+00 -1.452767308974067362e+00
-7.504601947985496402e+00 1.868331428716946574e+00 -1.656788525233417575e+00
-7.615295729460369145e+00 1.810713603217208645e+00 -1.394592036824669368e+00
-7.398595350109479440e+00 1.546174587652852761e+00 -1.236415830039925501e+00
-7.361040504737374590e+00 2.320211811695437554e+00 -1.582722298972428998e+00
-7.028084673779540381e+00 2.594143271215788804e+00 -1.416919127337769257e+00
-7.256488256454441732e+00 2.439221433804082295e+00 -9.068706562765406209e-01
-6.919457276105020149e+00 2.238316078764558181e+00 -1.791414148219842906e+00
-7.432402333268092853e+00 1.621380482922572419e+00 -1.588154226803561331e+00
-6.502011366456507346e+00 1.473152125674969115e+00 -1.362718207043183583e+00
-7.268786089527439209e+00 1.785080013019513689e+00 -1.325726682857760297e+00
-7.412609657611349157e+00 2.612429834427462794e+00 -1.482984474005474063e+00
-7.300489692398666186e+00 1.606747721139168972e+00 -1.476256603427979597e+00
-7.135125854203966611e+00 1.791908394116013215e+00 -1.396897836571153961e+00
-7.515109566290955279e+00 2.624571223648477503e+00 -1.415479789238703434e+00
-7.525542209605068145e+00 1.724654152716731836e+00 -1.548866804332651448e+00
-7.492769977681855487e+00 1.930923332689361116e+00 -1.512729195107394897e+00
-7.454548520163659653e+00 2.476221090879452635e+00 -1.285679906758335322e+00
-7.236906934886526699e+00 2.585796772666237420e+00 -1.819047801234321637e+00
-6.420913550946476533e+00 2.281450097619854400e+00 -9.949814520488429181e-01
-6.809309578383378359e+00 2.259580132355056392e+00 -1.585820063308165828e+00
-6.872613793339722221e+00 2.117140353402602759e+00 -1.604532743198765932e+00
-7.571578828979787623e+00 2.215523395792255101e+00 -1.398237056728024896e+00
-6.998792217634185242e+00 1.841619129255926524e+00 -1.597898195340825556e+00
-7.278791309416918764e+00 2.120292605120612794e+00 -1.872445640667885325e+00
-7.367969448256061149e+00 2.576490773554370062e+00 -1.343698615425793719e+00
-6.955891109419641616e+00 2.600018403468310257e+00 -9.637804927921390652e-01
-7.233624095125820830e+00 2.038572619446121337e+00 -1.378211022695433163e+00
-7.552991102121809242e+00 1.899004582695196230e+00 -1.468965354525928912e+00
-8.016301248296114679e+00 2.391157709833847456e+00 -1.235722585875227875e+00
-7.536234680042255718e+00 2.274383551219264277e+00 -1.405060626277937708e+00
-7.649082189991996295e+00 2.279403550707995052e+00 -1.391528702592062627e+00
-7.014401723761811702e+00 2.282696778778939617e+00 -1.670215611495351249e+00
-6.405377530512116557e+00 2.263429051639596956e+00 -1.692552141085811312e+00
-7.179859801491264015e+00 2.337292307618748843e+00 -1.529061476553848387e+00
-7.035268055367195572e+00 2.014079860857429516e+00 -1.490300406561931190e+00
-6.836503946820680966e+00 1.944663390300523265e+00 -1.595472930163739367e+00
-7.470133643281546831e+00 2.282041798257146148e+00 -1.490941812549934076e+00
-7.055835795384703957e+00 1.898974055437019803e+00 -1.242865791276361209e+00
-8.102777838238203856e+00 1.676569164955068691e+00 -7.848548716976222472e-01
-7.893376633610584392e+00 2.426291831013054345e+00 -1.541347887708998332e+00
-7.042460527328739950e+00 1.936783942191434349e+00 -1.508812536443362884e+00
-6.951171102000648361e+00 2.542045109253961321e+00 -1.461445009449057197e+00
-7.133522681042506086e+00 2.283717631877790755e+00 -1.569722394700607593e+00
-6.992191364830474321e+00 2.207604567532467588e+00 -1.312067782285474271e+00
-7.079816463478723065e+00 2.386598290104879894e+00 -2.131405959807181283e+00
-7.655630537832456284e+00 1.981363387767873352e+00 -1.455561177966360642e+00
-7.650627560499773772e+00 1.848656460882187602e+00 -1.702147324153529206e+00
-7.042680606597127024e+00 2.133429175661154975e+00 -1.688483987315748669e+00
-7.261132650293625090e+00 2.046546332345749342e+00 -1.503978102564946795e+00
-7.392863059768216338e+00 1.980148705307470669e+00 -1.400283903948199793e+00
-6.969132276315284535e+00 2.156731646576341532e+00 -1.275051652698912408e+00
-7.241792003024468016e+00 2.607374365344856226e+00 -1.458091937710037422e+00
-7.941680126667264972e+00 2.154533903005408479e+00 -1.578945843496204260e+00
-6.400601161196133759e+00 2.091906363648285971e+00 -1.585877836718008638e+00
-7.795096481081251305e+00 1.958867109103072046e+00 -1.520699928992499173e+00
-7.284622840272334976e+00 2.021770451537844515e+00 -1.407698302094692933e+00
-6.903945781501045431e+00 2.385920679302987679e+00 -1.184570171978103437e+00
-7.523778747936482603e+00 2.199020491248704801e+00 -1.474857613561814107e+00
-7.251014605891481501e+00 1.645290313026789297e+00 -1.650639154116219531e+00
-7.542676680744393458e+00 1.849668721488233691e+00 -1.314387189709519177e+00
-8.274064167454326935e+00 2.457645066059727768e+00 -1.513659114667937233e+00
-7.847638325033988949e+00 1.935758321557589534e+00 -1.404964544001210847e+00
-8.153344319436815368e+00 2.626679665284604503e+00 -1.682730465405670506e+00
-7.537256935761530663e+00 2.459263339901717860e+00 -1.295193509272716259e+00
-8.386800163987651047e+00 2.534140344583890592e+00 -1.359061533318649317e+00
-6.362141112510366625e+00 2.903090522948848395e+00 -2.238162468685919837e+00
-8.237845213934866351e+00 2.418438251624109192e+00 -1.105780510207541756e+00
-7.243283759516211617e+00 2.414859381594582910e+00 -1.482515219466298273e+00
-6.619404681812616431e+00 1.738415961820113598e+00 -1.536860218402537059e+00
-7.121052473259511295e+00 2.704120891301992735e+00 -1.472299725593912756e+00
-7.491110372641647253e+00 2.285665855160369464e+00 -1.574361257218690247e+00
-7.798378720913683892e+00 1.808148980448838428e+00 -1.680491173155851614e+00
-7.001521885682304713e+00 2.342208530032324987e+00 -1.452550026087728874e+00
-6.915048133498921779e+00 2.757751065641162125e+00 -1.539170274166680175e+00
-6.805808449877488009e+00 2.338240296530774920e+00 -1.466101750687214489e+00
-7.541689483886562684e+00 2.158023096547522890e+00 -1.420652857257398205e+00
-6.909996944900530735e+00 2.652511450869033283e+00 -1.534345416067294687e+00
-7.302584251262163484e+00 2.559444329998006751e+00 -1.568024231629953302e+00
-7.467838692778332899e+00 2.320898812402791833e+00 -1.388868111653107640e+00
-7.894673453306062960e+00 2.025451787390476710e+00 -1.473117491103862697e+00
-7.343588194284691895e+00 2.493217755513136957e+00 -2.970746180253217572e-01
-6.570932856774740038e+00 1.787525175130282973e+00 -1.161716336604602162e+00
-7.783336333622600911e+00 2.306208910841263116e+00 -1.543320183641553101e+00
-7.466630295189268907e+00 2.596273271228547674e+00 -1.523061763134224700e+00
-6.922747707738579948e+00 1.809460506228448562e+00 -1.262054503446427445e+00
-7.077407280211496676e+00 2.409769103884163766e+00 -9.829247745885746346e-01
-7.966529459244589439e+00 1.880100951515863983e+00 -1.209028328054858159e+00
-6.675848675593890391e+00 2.023662233436036129e+00 -1.461722042481857775e+00
-7.225599771253947701e+00 1.768413200884557224e+00 -1.550138552487875243e+00
-7.836045096683942113e+00 2.399611778541897333e+00 -1.589709604247449448e+00
-7.330522391897511980e+00 1.954009616804157856e+00 -2.242738094333089016e+00
-7.551569023189927954e+00 2.125574147967323135e+00 -1.475921015396790992e+00
-7.499352332518332886e+00 2.366484064848129787e+00 -1.661948910635069998e+00
-7.162692555979774944e+00 1.998785718343234263e+00 -1.344029870067140253e+00
-7.349106468970404649e+00 2.833160685655279565e+00 -1.676540910422612995e+00
-7.584796653710002445e+00 1.972930565408164139e+00 -1.903786104201099061e+00
-7.003217677947506381e+00 2.060380527736188849e+00 -1.439353284947195943e+00
-6.857248837321206381e+00 2.055798145025470980e+00 -1.498700499801864927e+00
-7.431158602817056646e+00 2.089257575425111924e+00 -1.386189850077323760e+00
-7.390533744806602634e+00 2.256006914919754802e+00 -1.589508175490423225e+00
-7.574616366682254132e+00 2.147022378008395904e+00 -1.409157894163895808e+00
-7.529210874145509713e+00 2.665483572412929103e+00 -1.241021335115764845e+00
-7.041387945672670234e+00 2.127664509048091457e+00 -1.468202779343856568e+00
-7.663675303813897166e+00 2.628612936683435208e+00 -1.561570073377788193e+00
-7.597954410244286194e+00 1.543366419590466387e+00 -1.587604409034661490e+00
-7.348801297018120238e+00 2.022751388277536311e+00 -1.030134783054018399e+00
-7.569845252349891140e+00 2.526033262839483928e+00 -1.470238244187831000e+00
-6.600551301862076947e+00 2.596595202521880807e+00 -1.199457800786486006e+00
-7.643021424486174276e+00 1.718224820433239763e+00 -1.701358103464452043e+00
-7.637498245765366178e+00 2.461360561701767313e+00 -1.402072645528265937e+00
-7.322916993715314682e+00 2.736842818423628643e+00 -1.330535798976212325e+00
-7.749953514731550364e+00 2.172796024141987470e+00 -1.351413134569786401e+00
-6.650984841604902442e+00 1.808955795196110605e+00 -1.472543511928253501e+00
-7.863807288352610669e+00 2.510818184772657613e+00 -9.548409710884189217e-01
-7.354570455366271631e+00 2.592072348234628620e+00 -8.285245292075117396e-01
-7.019565119093327255e+00 2.020988504738927993e+00 -1.540592692772344785e+00
-6.976067931242662112e+00 2.111527912916315142e+00 -1.530019720874654876e+00
-7.096331566458773388e+00 1.873029150781071905e+00 -1.330987723840608039e+00
-7.961403707983567557e+00 1.517543282003155358e+00 -1.948940730039234293e+00
-2.286729000905180342e+01 1.529413106314002846e+01 3.986434790073767331e-03
-7.546549705121532448e+00 1.906718729214117891e+00 -1.608012206183800252e+00
-7.543640803723163479e+00 1.750775852771211616e+00 -1.656564963013134273e+00
-7.707470733526355033e+00 2.428759585301293100e+00 -1.475788984468414888e+00
-7.454767794322553875e+00 2.006320004104606536e+00 -1.477724878442091550e+00
-7.571064452725296157e+00 2.085699728284299059e+00 -1.057528737153949905e+00
-7.421241644164005891e+00 2.042224920544044586e+00 -1.504967404666621489e+00
-6.903407494748904583e+00 2.352748734045694068e+00 -1.299807718388312550e+00
-7.089671889435363639e+00 1.854946483154895853e+00 -1.477364078747468445e+00
-7.728088212987239025e+00 2.150565422948933048e+00 -1.180238828145666163e+00
-7.171509229750016701e+00 2.060680307765480279e+00 -6.607568716632093997e-01
-7.254459118438712828e+00 1.819065797706233223e+00 -1.527994978172395824e+00
-7.638211453811195817e+00 1.681956938476191432e+00 -1.625655426879826226e+00
-7.368948667450895940e+00 2.587787988160665797e+00 -1.324975074532317887e+00
-6.649738052160270918e+00 2.802685418937478357e+00 -1.783130061314701864e+00
-7.534378264272756809e+00 2.329646150171861496e+00 -1.409136244730873733e+00
-7.720638958920748252e+00 1.908974529034925816e+00 -1.433476151324562187e+00
-7.419151098871704875e+00 2.541011677402128743e+00 -1.486500137179179060e+00
-7.197619383303016427e+00 1.660878893530328249e+00 -1.688897106476657806e+00
-7.278222387491073420e+00 2.609536602033452279e+00 -1.527003729664167864e+00
-6.788198046631183757e+00 2.260209406345282890e+00 -1.913547562239334532e+00
-7.453983648666612893e+00 2.195050482739885123e+00 -1.478867928707101154e+00
-7.678275892054918117e+00 2.113677883578640948e+00 -1.409684333966453762e+00
-7.554560183393967066e+00 2.442919486092694825e+00 -1.508867687493542054e+00
-7.656564548630474754e+00 2.445784637407370177e+00 -1.430784231416280416e+00
-7.513790503848361446e+00 1.834782018742126430e+00 -1.541065268286503143e+00
-6.836120347407332432e+00 2.291874050519945083e+00 -1.613400837090041229e+00
-7.449260669954238523e+00 2.190663059929598866e+00 -1.482901566847486530e+00
-7.738666003589975695e+00 2.454294791727767766e+00 -1.631819756374852215e+00
-6.464207437939329282e+00 3.015074467626873922e+00 -1.917040704813803842e+00
-7.733341472435041553e+00 2.439783604013981311e+00 -2.077374194891059567e+00
-7.374137279165782211e+00 2.409063559566945401e+00 -1.571273761896943455e+00
-7.187085282244523476e+00 1.628462347402116261e+00 -1.480989346546465191e+00
-7.299939200375899162e+00 2.481206305003743395e+00 -1.632949783513768960e+00
-7.199635089698430690e+00 2.315310486465806061e+00 -1.635063671273357944e+00
-7.461699728211864446e+00 1.993567059824132404e+00 -1.353386115019906244e+00
-7.790236085767943131e+00 2.367397320068650224e+00 -1.433133284374488836e+00
-6.877318340156885590e+00 2.188002445679620767e+00 -1.281087731630139226e+00
-7.281583793133812321e+00 2.761093274527462782e+00 -1.456971074365242425e+00
-7.895566832000876722e+00 2.236899306144419786e+00 -1.477357614672174524e+00
-7.932614280259461914e+00 1.795989282769584694e+00 -1.437111690307369516e+00
-6.222680892628249971e+00 1.707461453992527467e+00 -1.347683494993743958e+00
-7.117118728379907999e+00 1.797724971517353332e+00 -1.627753048891043219e+00
-7.697661420942588428e+00 1.867641175175157597e+00 -1.591795405019341691e+00
-7.676526282072655860e+00 1.464255393065480249e+00 -1.082101994074108564e+00
-7.621698904388445328e+00 2.437282611878563987e+00 -6.813526498672684006e-01
-7.292522919412244953e+00 1.811304359366064487e+00 -1.400132549340133536e+00
-6.864282381160075275e+00 1.249678993173117147e+00 -1.387670611351973227e+00
-7.549103833067417391e+00 1.953670996064802878e+00 -1.273181068339034550e+00
-7.632173650825873068e+00 2.886843252159231987e+00 -1.591118816516167600e+00
-7.151167475919153915e+00 2.132456373549747042e+00 -1.266053571517947285e+00
-7.245247902672599771e+00 2.295064919946952386e+00 -1.502437230154278103e+00
-7.793467569987394761e+00 2.196228996478182260e+00 -1.517462784148548627e+00
-6.924939284404908690e+00 1.277465771867099198e+00 -2.591715260237434482e+00
-7.347077674556770077e+00 2.536520221260575081e+00 -1.463688400974920256e+00
-7.835615567374714985e+00 2.226666754214042143e+00 -1.454833723908109056e+00
-7.093636397633457769e+00 1.925326903164526149e+00 -1.767359772550647357e+00
-7.575486477104601768e+00 2.248315460677180244e+00 -1.339666932628821083e+00
-7.149524851935204595e+00 2.511032656523414897e+00 -1.278255859405236672e+00
-7.577591655254245495e+00 1.772349227878479816e+00 -1.302449320700774571e+00
-6.953812433617954092e+00 2.067209042166993971e+00 -1.626912383049306410e+00
-7.308403163369558087e+00 1.442799507360403410e+00 -1.367280526977909805e+00
-7.590574751675497112e+00 2.194290947652353108e+00 -1.379731097971437448e+00
-7.312087876877359172e+00 1.579602633002266110e+00 -1.148436855064937534e+00
-7.815601157205253280e+00 2.441305728631947947e+00 -1.756894457281066524e+00
-7.103362002788962570e+00 3.083772397403816257e+00 -1.619387832452628961e+00
-6.950094960332457106e+00 1.916230877982255887e+00 -1.225761704086733683e+00
-7.722061564707344061e+00 1.674733920816954713e+00 -1.804513227951013876e+00
-6.811699441634210039e+00 2.031271422475128041e+00 -1.688679084460882551e+00
-7.428930721224388911e+00 2.633348114124121508e+00 -1.582084199657374013e+00
-7.290367079538604855e+00 2.760343431763911948e+00 -1.490774346486431368e+00
-7.203802224727875014e+00 1.878856887292059907e+00 -1.477067465702325944e+00
-6.419051782593141908e+00 2.769453626846377858e+00 -1.674571810057614130e+00
-8.386801261377815564e+00 1.206677048832688337e+00 -1.589507739530026997e+00
-7.910099798292393736e+00 1.939766070445011481e+00 -1.365706886123450037e+00
-7.373397754771671586e+00 2.551494276124359750e+00 -1.519687491259012591e+00
-6.943612600764524245e+00 2.430304819809796513e+00 -1.344159977164643971e+00
-7.081855613550631645e+00 2.877533981395922869e+00 -1.720354340721980346e+00
-7.273946242820407804e+00 1.925180467808082607e+00 -1.595899689451562242e+00
-7.376289213491306285e+00 1.750991403107040156e+00 -1.480120757365711137e+00
-7.007373849287072076e+00 2.465143284607726581e+00 -1.670981557022124697e+00
-7.363831708506367590e+00 2.475291575564348534e+00 -1.578419135948631036e+00
-7.199598734725595861e+00 2.780292050383147640e+00 -1.330197511351268513e+00
-7.950864687558379273e+00 1.963911448465238241e+00 -1.153672055273054387e+00
-7.240248164481971394e+00 2.026769377902675640e+00 -1.268947417990517357e+00
-7.071770089333710985e+00 2.553227405466729660e+00 -1.733832373198782806e+00
-6.800988835454903736e+00 1.786457522292224986e+00 -1.672525260012749815e+00
-7.302149721921677994e+00 2.246301507754897120e+00 -1.628130577809956403e+00
-6.960183834035838402e+00 2.202828407538884647e+00 -1.391668656919370584e+00
-7.079496569828446439e+00 1.523340167438016035e+00 -1.564687168022078190e+00
-7.424515780712481750e+00 1.982478775497930501e+00 -1.351634139731287432e+00
-7.909409974325615877e+00 2.143769193428577413e+00 -1.515353783963992118e+00
-7.487173986333475639e+00 1.783094932308333158e+00 -1.368287467268284541e+00
-7.361434719017535322e+00 1.764002837911896160e+00 -1.355209394517342014e+00
-7.915331558953242030e+00 2.038916441079978270e+00 -1.712933375838415762e+00
-7.662107923033624424e+00 2.585749349361279759e+00 -1.585314236709276514e+00
-7.170334131276020706e+00 1.752436457447044127e+00 -1.728945825653546597e+00
-7.207772203918293208e+00 1.702164026780726314e+00 -1.165550439563743268e+00
-6.913448790859280102e+00 2.300136305704578721e+00 -1.583496833515739333e+00
-7.354250206190241279e+00 1.961155609787833765e+00 -1.605154749256507918e+00
-7.083126835075301386e+00 2.012653472239623653e+00 -1.545255738756319719e+00
-7.086868600176762456e+00 2.325287567545676559e+00 -1.543251218130390345e+00
-7.586733214310510398e+00 1.211715702031012087e+00 -1.528648472665646629e+00
-7.445427990373628901e+00 2.076855184798611642e+00 -1.539640570157886801e+00
-7.064730292001330625e+00 2.350793612224669982e+00 -1.413796298599790280e+00
-6.484261431007721121e+00 2.146538011816073510e+00 -1.125351356905762934e+00
-7.513361737760016368e+00 1.819966053869791045e+00 -1.340442820727803630e+00
-8.337200352418486560e+00 2.388154583185361002e+00 -1.568041118680749024e+00
-7.339343012846567760e+00 3.056609242764122936e+00 -1.622189189019622502e+00
-6.885488828757935664e+00 2.435601619303583210e+00 -1.218503653049023194e+00
-7.165983798647211245e+00 2.732978022644393157e+00 -1.443499459126676765e+00
-7.241312140437725198e+00 2.785395637169581828e+00 -1.450630515196466463e+00
-7.484743129351291380e+00 2.265401689775539129e+00 -1.612822953940706627e+00
-7.802255597859223180e+00 1.011975470490912521e+00 -4.574808159898325899e-01
-7.012068322415963451e+00 2.469584796710888597e+00 -1.283004840575657335e+00
-6.700919032782135076e+00 2.051300631459207935e+00 -1.263717398444441420e+00
-7.528715971852905753e+00 2.492099360595266599e+00 -1.639720248476501663e+00
-7.642695398361212256e+00 2.270661099529072136e+00 4.336069470763836281e-02
-6.698158973778984837e+00 1.575415387060849381e+00 -1.677316917445011324e+00
-7.605495390415082824e+00 2.578748679655962217e+00 -1.300437610717662062e+00
-6.780887714593914595e+00 2.148747791064124169e+00 -1.392571817403577050e+00
-7.402331487870237758e+00 2.331490263139264218e+00 -1.494048320158742671e+00
-7.714928654519467521e+00 2.170278261332556635e+00 -1.578841173936902820e+00
-7.810074425101238837e+00 2.492158083752035846e+00 -1.422135343946805630e+00
-8.132943706349619717e+00 2.285516840263273508e+00 -1.218986886872009512e+00
-4.903834337881323080e+01 1.599495531223026035e+01 9.802534769534720915e-02
-7.161647543225768686e+00 2.754007516369078701e+00 -1.585568531442419937e+00
-7.734845036411237551e+00 2.404595245534592252e+00 -1.522318995993243052e+00
-7.328454518316075195e+00 1.921357019372418318e+00 -1.444515303818179497e+00
-7.576356128698390258e+00 1.772570867029805486e+00 -1.302485234645814671e+00
-6.845324137627543770e+00 2.660561263295670997e+00 -1.382736071310789683e+00
-7.953947913199924002e+00 2.194750967423291677e+00 -1.762619617337754185e+00
-7.099779297886910534e+00 1.851748374401405384e+00 -1.332200717428434045e+00
-7.600660244061739235e+00 2.216043438329550419e+00 -1.317302708542033240e+00
-7.005415431444065533e+00 2.052989052031272799e+00 -1.495077385157723260e+00
-7.426274526332816706e+00 2.503398082076440545e+00 -1.620492691515010408e+00
-7.476647249428358677e+00 2.461693587522256088e+00 -1.547831212019394442e+00
-7.290223946620971951e+00 1.740203332015108906e+00 -1.350425805331548990e+00
-7.246828728088177130e+00 2.039086126589580328e+00 -1.368578508124017601e+00
-7.486099912355641983e+00 2.257105573562526057e+00 -1.309778755760268254e+00
-7.572911821238007768e+00 1.543464808853215686e+00 -1.394896467390362771e+00
-7.885284460392832706e+00 1.810646527511971415e+00 -1.521077850233055972e+00
-7.698028593486469617e+00 2.158492571018844508e+00 -1.288835321319512728e+00
-6.217718927303654830e+00 1.972459913291578104e+00 -1.946995322057892386e+00
-7.441397900538007093e+00 2.116051322292646031e+00 -1.461315489738657325e+00
-7.870435226799951778e+00 2.193817270486389859e+00 -1.487317186817332493e+00
-7.539880899147395787e+00 2.259074427903486448e+00 -1.531700946475822445e+00
-6.806020333325019323e+00 2.941096936811061102e+00 -2.316228094166083551e+00
-7.889894131045922521e+00 2.328981436970208652e+00 -1.600121756287727015e+00
-7.895931206254235946e+00 2.491206012040809714e+00 -1.853289695923243663e+00
-7.477172506489253578e+00 1.365587614221438262e+00 -2.331237209896367180e+00
-6.893906288501834290e+00 2.247454334449105584e+00 -1.519361870824975203e+00
-7.407285653936796166e+00 2.458695949563201477e+00 -1.511362917665526773e+00
-7.063090430308197831e+00 1.978631959199373513e+00 -1.433088534120636970e+00
-7.509777655604635171e+00 2.216219639047281031e+00 -1.655317322830420990e+00
-7.359251933420172698e+00 1.890554732021359374e+00 -1.517862991739485690e+00
-7.848078772146658721e+00 2.111025437157590723e+00 -1.292537167472602277e+00
-7.130190012697241286e+00 1.417759880693872709e+00 -1.602855646225477715e+00
-8.171415143580112783e+00 1.927632047289523642e+00 -1.505953392307336491e+00
-6.885460572904866794e+00 1.589785419393727528e+00 -1.439086853410977751e+00
-6.885574552610734145e+00 2.153764054259146299e+00 -1.355477376543567924e+00
-6.486204777998233695e+00 2.572779026795437574e+00 -1.631121765326840611e+00
-6.911454541722665823e+00 2.265188299756744073e+00 -1.571546609910419168e+00
-7.716666217034092945e+00 2.481027169055875614e+00 -8.158931240103243221e-01
-6.988897751192887142e+00 3.189263051870473209e+00 -1.666677724012168627e+00
-7.109077256626660457e+00 2.185945875829012675e+00 -1.192775955900960305e+00
-7.678653686754331353e+00 1.452714682720575912e+00 -1.356206005563393546e+00
-6.677814406558212568e+00 2.131832442243609460e+00 -1.745104362200981418e+00
-7.769524411051069279e+00 2.461630060617284066e+00 -1.292932425014985842e+00
-7.015122754625485513e+00 1.975033528225411894e+00 -1.392156032445688973e+00
-8.453966238696148494e+00 2.222843621297125427e+00 -1.874941847254711025e+00
-6.885942328064041718e+00 1.731664443265032771e+00 -1.604669249812725962e+00
-7.063351587211912808e+00 2.141153874005927715e+00 -1.457420476437785162e+00
-8.093466118157801148e+00 2.604082222308907735e+00 -1.211462694737498458e+00
-7.591954414269273421e+00 1.826682231947153401e+00 -1.023778231974944664e+00
-7.612403151840627658e+00 2.115810755239095897e+00 -1.176395471177123175e+00
-7.319719352602842122e+00 1.980980123761332257e+00 -1.790819491907365890e+00
-7.695881493850833976e+00 1.651716617782836183e+00 -1.499671935860509508e+00
-6.891173839268604162e+00 2.095788560608585094e+00 -1.459519308448411934e+00
-7.140399185353311751e+00 1.951882075714011400e+00 -1.100678732888791700e+00
-7.619187923874018331e+00 1.647114142560580641e+00 -1.425365268491374460e+00
-7.018695056374583352e+00 2.246060007239390366e+00 -1.287183852721315525e+00
-7.861204154326545179e+00 1.875849598693211773e+00 -1.400409808133864731e+00
-6.759301187416829393e+00 2.123385754556021965e+00 -1.963232888398942499e+00
-7.443595522393281705e+00 1.941687492517087943e+00 -1.772719643128701561e+00
-7.442258932950311490e+00 2.549067570894254064e+00 -1.074930989432506978e+00
-7.264026214877135068e+00 2.829130758478683560e+00 -1.561647330762388153e+00
-7.729167237628428389e+00 2.517903444401836222e+00 -1.664830763133793079e+00
-6.959879608789308669e+00 1.830423751516379038e+00 -1.089936953307924172e+00
-7.475212414848518172e+00 1.807099883836197574e+00 -1.355942636181724614e+00
-7.689388924238968137e+00 2.499060056184785772e+00 -1.383403277099682915e+00
-7.735397969182360889e+00 1.853269780115995857e+00 -1.616076958164204713e+00
-6.943621862644922871e+00 1.779879313365654747e+00 -1.715746644151597389e+00
-7.424741868540595924e+00 2.134336013090559980e+00 -1.436529116106460169e+00
-7.336388551959569071e+00 1.874024461605533265e+00 -1.283806189071917681e+00
-7.377474259402345247e+00 2.603098064446108584e+00 -1.508059220305145276e+00
-7.338096815971067777e+00 2.748460578652661024e+00 -1.627271642385134998e+00
-7.199526492806100464e+00 2.231572304419188413e+00 -1.267886444991615846e+00
-7.571121377251004425e+00 2.016534029625910662e+00 -1.049684260711999828e+00
-7.162044552028542732e+00 2.581085286406552548e+00 -1.543319925142680349e+00
-7.367900050883805285e+00 2.591735699831477557e+00 -1.394002069297529678e+00
-7.185085985388966812e+00 1.061470427106891101e+00 -1.149552933621127204e+00
-7.432632161964335182e+00 2.178838739554894488e+00 -1.449280770231013982e+00
-7.419624596286404028e+00 1.850908966783114229e+00 -1.350998576479545354e+00
-7.846188024880525802e+00 2.187638589754133278e+00 -7.026278919981708837e-01
-6.915008511554249893e+00 3.311097721231547553e+00 -2.029917160724897141e+00
-6.914397776440175392e+00 2.460721117669599334e+00 -1.249260030259770726e+00
-7.609751426849154399e+00 2.715701882224133001e+00 -7.981180923799688909e-01
-6.871067903338182958e+00 2.446071282142510128e+00 -1.500096877688936958e+00
-7.391372254350935478e+00 2.299219358708585403e+00 -1.403627225181120819e+00
-6.961627701231798859e+00 2.708618364945527546e+00 -1.544225547700827095e+00
-7.459439160735706231e+00 1.921935796392584272e+00 -1.469653630685651358e+00
-7.456335759191116352e+00 1.939194018567167221e+00 -1.396525366215236597e+00
-7.941884842720340565e+00 2.418105333771696674e+00 -1.450853029926806315e+00
-7.003536196004507275e+00 1.857499742472024540e+00 -1.186710268150037439e+00
-7.287472756438922339e+00 2.473622364900200932e+00 -1.832498603954547223e+00
-7.799023570722085630e+00 2.166672254092994354e+00 -1.304444295072861859e+00
-7.480146675447591598e+00 2.383096633418405830e+00 -1.535555870177951032e+00
-7.343015160710978151e+00 2.150207472180643897e+00 -1.754298001117100769e+00
-7.193806367564472559e+00 1.895489719495608405e+00 -1.411658907881080838e+00
-7.364681246795557357e+00 2.041272600392302294e+00 -1.488703681234319287e+00
-7.657481784433099570e+00 2.073323327917886871e+00 -1.424917473855364936e+00
-7.173833062422736440e+00 1.255099838762922859e+00 -1.503218987292683329e+00
-7.003315130976299763e+00 2.364489974826399443e+00 -1.462118788489981336e+00
-7.222503719261900379e+00 3.226408691049642563e+00 -1.583973122294702884e+00
-7.133239076361894249e+00 1.639206896423324400e+00 -1.297027970059815072e+00
-8.113080458294003705e+00 2.166709741055299787e+00 -1.419351588979026912e+00
-7.589634337085883864e+00 2.358293059326499463e+00 -1.529422357915746433e+00
-7.401860880700317225e+00 2.639867861318032638e+00 -1.086830405729289462e+00
-7.783679476966139710e+00 2.059464407560442911e+00 -1.295605595154766698e+00
-7.499955649798080159e+00 2.361820643593707914e+00 -1.601914405641541528e+00
-6.924700697080222511e+00 2.424222257691027504e+00 -1.744908317195609238e+00
-7.090757634119181141e+00 1.689133343719678049e+00 -1.391612708558493505e+00
-6.979873619650808436e+00 2.596957138250858943e+00 -1.376458512942272838e+00
-7.829642236552295742e+00 1.852777100988929559e+00 -1.593419714337440674e+00
-7.595327931718013126e+00 3.399111935054619948e+00 -2.110766383656101031e+00
-6.829086421226111092e+00 2.245574679144543673e+00 -1.259273837046281930e+00
-7.755349388593589133e+00 2.069920342706719207e+00 -1.627231254554534656e+00
-7.568675048162649688e+00 2.500090127008391061e+00 -1.476505958619771741e+00
-7.046592002037372460e+00 2.013410873411701552e+00 -1.259296006640112653e+00
-7.301715895689397939e+00 2.239432814734584110e+00 -1.161742437928105165e+00
-7.953817868944705438e+00 1.542878153734469349e+00 -1.812412600068163071e+00
-7.631185338868542445e+00 2.483456220738252895e+00 -1.494638136133779271e+00
-7.242135040413695712e+00 2.268988505201040784e+00 -1.552668042696291106e+00
-7.423089261105235259e+00 2.357813865408648901e+00 -1.590917620911139974e+00
-7.542755169115667790e+00 1.737743292872036882e+00 -1.464034954283223167e+00
-7.476189837320861287e+00 1.595462966366049562e+00 -1.451925615476244102e+00
-7.136058305781820543e+00 1.808554317630056696e+00 -1.604856262552627921e+00
-6.799716878437393142e+00 2.526484191863536566e+00 -1.524558112707916857e+00
-7.779246648630278038e+00 2.041787408097605727e+00 -1.276834936957380151e+00
6.657383004732550091e+01 -2.643924597389226960e+01 8.908644216163974505e-02
-7.608008783276985376e+00 2.384282002127473987e+00 -1.298875370394608764e+00
-6.919976455724072828e+00 2.207926708931697846e+00 -1.448028393643099543e+00
-7.338809290257622742e+00 2.230125362978353287e+00 -1.339014929003807808e+00
-6.948058895208420793e+00 1.871915720236530412e+00 -1.361144698403511377e+00
-7.632807896802622061e+00 1.822464584721771530e+00 -1.497516157286324479e+00
-7.358667167598762937e+00 2.318513350553939922e+00 -1.311904728137489817e+00
-7.456703601296688966e+00 2.340218334061658911e+00 -1.600299754511751216e+00
-7.340171666048629362e+00 2.102548139465832300e+00 -1.422970813133271895e+00
-8.218749571316628533e+00 2.660960261666784454e+00 -8.611499986038536614e-01
-5.884573606007394098e+00 1.982475133805444711e+00 -1.864243512745793030e+00
-8.086814162344319712e+00 2.066941752932736076e+00 -4.924103363928447052e-01
-6.923842005393303189e+00 1.434214685044419735e+00 -1.523764376563911060e+00
-7.183460235877567435e+00 2.143411317863475052e+00 -9.880655258147631459e-01
-7.079805995787385342e+00 1.867442454649638872e+00 -1.568471797684434232e+00
-6.871589298596542328e+00 2.441868053492537882e+00 -1.205307524914315476e+00
-6.935990151101914414e+00 2.226749997748789678e+00 -1.566083045667989948e+00
-7.495378219536651621e+00 2.211218010225703523e+00 -1.377869080796547463e+00
-7.412833614390193837e+00 2.533920655289529922e+00 -1.497476300789023496e+00
-6.846798465479355222e+00 2.579962188206923912e+00 -2.017966562317381474e+00
-7.450301726312405393e+00 2.662678597870900887e+00 -1.498874171184408022e+00
-7.456513582839622067e+00 2.103683646211677694e+00 -1.396861786210328082e+00
-6.991209585692767625e+00 2.340319823037595448e+00 -1.568905731818153182e+00
-7.364060638983207063e+00 2.269402026649685933e+00 -1.162243795965139492e+00
-8.413083876160184715e+00 2.070727444010119100e+00 -4.834794574457078609e-01
-7.587323354522816921e+00 2.118672663803590428e+00 -1.289270232406193095e+00
-6.702537969348740354e+00 2.098261201876709059e+00 -1.615598943974290158e+00
-7.228858162563707168e+00 2.774425509807972201e+00 -2.127926718310702903e+00
-7.266313110760499683e+00 2.525695699837558816e+00 -1.616853765587655811e+00
-7.683231381751927103e+00 2.363318532759058677e+00 -1.287378561294679313e+00
-7.807445333890552064e+00 2.576196508272025287e+00 -1.496727634241850735e+00
-7.494484529447113630e+00 1.754139352101660609e+00 -1.311535380430167264e+00
-7.486112299094330069e+00 2.303316600971005990e+00 -1.767828298802393894e+00
-7.456248859109718019e+00 2.421811129225226455e+00 -1.485172489603454604e+00
-6.883461468300747121e+00 2.399453823877477632e+00 -1.661992646049404998e+00
-6.907959360138582916e+00 1.893035877880776985e+00 -1.303441680935288893e+00
-6.816331168698507526e+00 2.115385120881617453e+00 -1.631388826343830978e+00
-7.117568966552289211e+00 1.847839579801488386e+00 -1.434052926399663308e+00
-7.440711658188644329e+00 1.799439389525378408e+00 -1.320250766942224541e+00
-7.530312514360034903e+00 2.281052622922251860e+00 -1.755567326031778785e+00
-7.318151054281529788e+00 1.960141029746534036e+00 -1.355005197608651679e+00
-8.149026629078159445e+00 2.275236437775751241e+00 -1.259294468011576740e+00
-8.169662020943150083e+00 2.481819047023301916e+00 -1.647956838136374280e+00
-7.168706198535361729e+00 1.745433985583439096e+00 -1.439051568596835251e+00
-7.480030347135168789e+00 2.058928128838152460e+00 -1.346505571486825259e+00
-7.295077824022292212e+00 2.159482336097722222e+00 -1.419838216428190192e+00
-7.088913464858789482e+00 2.211320710479022011e+00 -1.492768844684179141e+00
-6.257923586573281405e+00 2.368062500027508399e+00 -2.079412849323632351e+00
-7.814085283348916278e+00 2.160355882178247366e+00 -1.395442733830348114e+00
-7.350772963406767779e+00 2.710467815081706533e+00 -1.397530788494404375e+00
-6.693100264814493272e+00 2.142511304461739208e+00 -1.188385165952484224e+00
-7.490607129835986200e+00 2.060467043459827341e+00 -1.423978328354935430e+00
-7.399750151387118002e+00 1.880900852044675498e+00 -1.273978349648742681e+00
-7.201676179757887652e+00 2.307186509902413807e+00 -7.080099679239054700e-01
-7.172048351619016771e+00 2.027618708668502912e+00 -1.330814903769194979e+00
-7.204610401325198588e+00 2.466706218832419584e+00 -1.617576147225013194e+00
-7.568632423192953596e+00 2.241750990674137967e+00 -1.422939218457331068e+00
-7.182508546993356724e+00 1.855805892637173216e+00 -1.541558040109321626e+00
-7.768323796035586426e+00 2.225500328384941717e+00 -1.511128735441586324e+00
-7.425154677291170735e+00 2.289712971555573073e+00 -1.405424436640038133e+00
-7.821177704327394231e+00 2.193281627977026638e+00 -1.316498206781248514e+00
-7.363162659502514806e+00 2.310241774850716023e+00 -1.228444301272141326e+00
-6.869179920023303687e+00 2.349525351502291581e+00 -8.943996912319317483e-01
-7.812239952350505945e+00 2.301044408692486165e+00 -2.193678895946560736e+00
-7.506980675329886665e+00 1.696781205678726367e+00 -1.506426835463705816e+00
-8.617827805337904934e+00 2.100452459387798232e+00 -1.502982647742167943e+00
-7.450692544259438499e+00 2.526903352774134692e+00 -1.612393901702133592e+00
-8.032442966623163372e+00 1.946125532911146205e+00 -1.677354212856196014e+00
-7.164848528525760152e+00 1.902677186862814951e+00 -1.720646739858369800e+00
-7.274745492471690334e+00 2.047488377447561625e+00 -1.589811217667981058e+00
-7.182874473292820916e+00 2.125139232323358218e+00 -1.481484044251032861e+00
-7.679153671111747848e+00 1.948700356495074892e+00 -1.631203151301708454e+00
-7.348934103054527434e+00 1.892111546309671821e+00 -1.612607733491198791e+00
-6.885265243737380914e+00 2.257381484165169372e+00 -1.615791010248498916e+00
-7.302983227653591314e+00 1.996334602927560153e+00 -1.544835149287090870e+00
-7.180082882447877068e+00 1.223933282891831675e+00 -2.361522808699217268e+00
-7.584766694119919883e+00 2.151058846687317505e+00 -1.055228144489522624e+00
-7.823981066568648224e+00 2.340866950603108343e+00 -1.611361279722584694e+00
-6.707986546336531575e+00 1.790083560204497104e+00 -2.559646316862231874e+00
-8.126176082725164562e+00 2.402316696520373274e+00 -1.222090004611359193e+00
-7.290519487614626648e+00 2.265181261783873801e+00 -1.407100132840139350e+00
-7.657098428420679781e+00 2.161180286539265971e+00 -1.384557534412968804e+00
-7.027009514825864223e+00 2.890237992828055269e+00 -1.657707091876836625e+00
-7.350920297061052544e+00 2.716116302163274820e+00 -1.396394840501314016e+00
-7.788806994969382558e+00 2.524728154112941603e+00 -1.357037428093851084e+00
-8.007734380432186327e+00 2.153337984524994919e+00 -1.055632211063812109e+00
-7.689288515234528276e+00 2.018922339363997676e+00 -1.429991916317437495e+00
-7.705852133351913658e+00 2.077261115325524710e+00 -1.455832147909322805e+00
-7.125375189668075038e+00 1.847753503216024162e+00 -1.584251606473283447e+00
-7.599872997909257855e+00 2.514840467629717136e+00 -1.473252644937693479e+00
-7.818443460061653916e+00 1.771280864523367971e+00 -1.456047060089087575e+00
-7.862353576826915713e+00 2.284946243246143815e+00 -1.734513122154562881e+00
-7.716734498189259384e+00 3.039445884606816417e+00 -1.281584255676688100e+00
-7.218992292243894049e+00 2.452861096375982708e+00 -1.677064831465808981e+00
-7.499695592130225741e+00 2.238977382487781220e+00 -1.242359721795216476e+00
-7.412736363309885945e+00 2.301125037906699866e+00 -1.443536887576541750e+00
-6.767435290112983282e+00 2.697343552579901438e+00 -1.068870431277942012e+00
-7.020009429725543093e+00 1.700722697200045985e+00 -1.490211192566815779e+00
-7.265333032848458217e+00 1.803225978243346850e+00 -1.273300839085033775e+00
-7.524420818088491281e+00 2.072649896249346924e+00 -1.473289726954272405e+00
-7.697466272914002872e+00 2.641761818642653470e+00 -1.567687677237993960e+00
-6.955691590051908513e+00 2.310033404183962080e+00 -1.378211413755984660e+00
-7.473098192765251113e+00 2.042443611260236658e+00 -1.566265507700018267e+00
-7.351158798920160109e+00 2.244022174316609330e+00 -1.598195611973730612e+00
-7.700870063217951866e+00 2.436398020047726654e+00 -1.427333574709385600e+00
-7.380488146533877192e+00 2.670026760593537496e+00 -1.398382276924239109e+00
-7.684865174008841393e+00 2.396812837728329093e+00 -1.482112544977691515e+00
-7.460895146628185870e+00 2.334340533077353008e+00 -1.670977827118384829e+00
-6.951361573489414525e+00 2.378324881243748301e+00 -1.576929629791322229e+00
-7.399770469123863492e+00 1.902674210332518046e+00 -1.240874522365560395e+00
-7.560230093211874447e+00 2.492160643337594461e+00 -1.628593671751484173e+00
-7.624158621128303004e+00 2.318776059319640481e+00 -1.927393837361037088e+00
-7.155949640018961055e+00 1.962565193496978333e+00 -1.227922968197047382e+00
-7.381548240807670247e+00 2.556808752825555864e+00 -1.693037478315416733e+00
-7.127074327036707402e+00 1.567330671678523135e+00 -1.713318414683020485e+00
-7.053849787225070500e+00 1.743566466960459138e+00 -1.454263254563664454e+00
-7.286332390162787220e+00 2.542328993924134029e+00 -1.469840604894342651e+00
-7.568861881980878614e+00 2.895491526529966997e+00 -1.916649994214903341e+00
-7.343556003963844780e+00 2.271690221391216902e+00 -1.582475938076694399e+00
-7.425662088132645167e+00 2.576197153370825443e+00 -1.423016888810264335e+00
-7.383495888796076656e+00 2.276752931971055105e+00 -2.749275036846504428e+00
-7.626265667473950849e+00 2.472235662941661083e+00 -6.909516030282509824e-01
-7.653623960684040384e+00 1.722408531094762107e+00 -1.756846570603644242e+00
-7.524032797786617266e+00 1.681324032990861639e+00 -1.500396675559656057e+00
-7.503095757184133241e+00 2.419286423686269671e+00 -1.419584416810877769e+00
6.656569157261267833e+01 -3.566169994487434991e+01 -7.117917041970271974e-01
-7.300860429263935636e+00 2.433781776998227286e+00 -1.500582108150364968e+00
-7.409757389484013856e+00 1.726542540815327209e+00 -1.316289108950315923e+00
-7.707907592774112082e+00 2.118580382007181573e+00 -1.337163880890659629e+00
-7.202016296687213881e+00 1.943923452549337183e+00 -1.174616009621180401e+00
-6.842833469515380074e+00 2.195806250928529213e+00 -1.520393779227633635e+00
-7.884639530848730260e+00 2.258468342820801222e+00 -1.431306556932705476e+00
-7.191119128068413247e+00 2.185850726248974585e+00 -1.666503812183793176e+00
-7.310404193986679289e+00 2.046812795454346467e+00 -1.452398438943321324e+00
-7.667810034901202165e+00 2.000777425849043389e+00 -6.113850810350303089e-01
-7.629955221605175808e+00 2.209656783480384856e+00 -1.244711487384597026e+00
-7.503744250956605910e+00 2.435626809461116871e+00 -1.234682485347092795e+00
-8.158605562419818824e+00 2.497121076365686143e+00 -9.121558930237931850e-01
-7.495653444734218240e+00 1.909268671973223030e+00 -1.331021655515883806e+00
-7.023029453636686625e+00 1.975415331217580839e+00 -1.483517164337814886e+00
-7.375368976471114557e+00 2.212987397529261990e+00 -1.432133220079233604e+00
-6.985382445520658123e+00 2.710119923128126107e+00 -1.717329440777814353e+00
-7.239352426166290932e+00 1.638242829824336777e+00 -1.192975748183044304e+00
-7.644763267655856787e+00 2.069418424552720737e+00 -1.585548710457001409e+00
-7.737553916741173765e+00 2.054741041312769578e+00 -1.397216940802340934e+00
-7.096695159402620412e+00 2.144283991999508032e+00 -1.289829341937783758e+00
-7.290183581800293133e+00 2.381150491194995666e+00 -1.195538244231991287e+00
-7.173016900105860572e+00 1.760274886638760306e+00 -1.529927864158287187e+00
-7.278112311812363622e+00 2.290199642991727291e+00 -1.369868387145153799e+00
-7.894201381944134788e+00 1.913277138949074363e+00 -4.756256504337791347e-01
-7.742934594076762878e+00 2.555934907591017158e+00 -2.082693501586984741e+00
-7.443838261256665589e+00 2.532528078309441266e+00 -1.516731300449187136e+00
-7.526419654137005644e+00 2.529134035005229375e+00 -1.385214193530134752e+00
-7.507472611824420383e+00 1.947051614785761497e+00 -1.956064626919791216e+00
-7.437230259169598234e+00 2.158655665363256038e+00 -1.548075959081029351e+00
-7.936317752193717823e+00 2.135469284258378675e+00 -1.761509453573994133e+00
-7.010866409516108178e+00 2.119360847922922897e+00 -1.302161524808388426e+00
-7.910438728306655953e+00 1.790100854183294565e+00 -1.505149191787390039e+00
-7.613570139854802576e+00 2.137567232101824644e+00 -1.270765154544463593e+00
-7.058761932204903999e+00 3.084031132797823371e+00 -4.958794562654218474e-01
-7.503361965653817300e+00 1.324297127251674810e+00 -9.991085581091352363e-01
-7.234899419692265354e+00 2.155481629879657746e+00 -1.628304064179805888e+00
-7.102670241176254784e+00 1.789592243831928497e+00 -1.379818556958368525e+00
-7.115915417440330515e+00 1.787404775657295053e+00 -1.327422499642035403e+00
-6.898289453208318101e+00 1.983939684976861351e+00 -1.286135316680951934e+00
-7.290254111497407763e+00 2.048004518613907088e+00 -1.202050538905653054e+00
-7.142398270928053350e+00 1.882954286927110088e+00 -1.445907480813422463e+00
-7.514568803695169663e+00 2.465975424519480264e+00 -1.521857258952233893e+00
-6.747309376701400296e+00 2.341938172945060348e+00 -1.611359237180844506e+00
-7.434574393417402227e+00 2.437782163396720492e+00 -1.077935868008351949e+00
-7.107433820901827737e+00 2.085364435119227089e+00 -1.413119144434840324e+00
-7.361153110836001545e+00 1.488143332619155323e+00 -1.280254751995608009e+00
-7.150774459773971969e+00 2.109399602265813023e+00 -1.398560736943292859e+00
-7.417237473163085681e+00 2.614925352761772182e+00 -1.484055114652788498e+00
-7.660185856298355134e+00 2.756488923731953644e+00 -1.485412220837891262e+00
-7.456219039659418790e+00 2.295403066521837676e+00 -1.610134292782109178e+00
-7.293036423845840055e+00 1.638256253346554780e+00 -1.564710834569339237e+00
-7.501952403344033016e+00 1.978307716996530408e+00 -1.522657297657509456e+00
-7.166500458006332508e+00 2.089866817518062359e+00 -1.411563417047891456e+00
-7.088955627869410137e+00 2.849823968290968068e+00 -1.340044558798539232e+00
-6.871292373360576633e+00 1.999053849118217485e+00 -1.060537389645527240e+00
-7.526958515447821796e+00 2.430563064339673396e+00 -1.402357086166782008e+00
-8.208923219507259006e+00 2.375687304744839246e+00 -7.539250940962356484e-01
-7.139708131462236373e+00 1.743722352042848645e+00 -9.574433414078729054e-01
-7.803834002529794311e+00 1.960120650772722239e+00 -1.421595239318776738e+00
-6.406482679472379260e+00 2.663692971494629802e+00 -6.577640762135470442e-01
-7.319875427335926332e+00 1.888802132635857944e+00 -1.409833012823949350e+00
-8.323601044011896377e+00 2.595474895782310387e+00 -1.341241405630385408e+00
-8.283873952160725196e+00 1.529623478847445650e+00 -2.527809824773595171e+00
-7.913828449777305707e+00 2.086220605097078185e+00 -1.718023710949539096e+00
-6.430825900580395604e+00 1.978010360298920300e+00 -2.152480865687186107e+00
-7.897147445730703375e+00 2.417515672806298976e+00 -1.251775444427699169e+00
-7.455466365923480332e+00 2.387933374906224593e+00 -1.492841064403244822e+00
-7.221523396541949857e+00 2.088951974792736532e+00 -1.226028614618112522e+00
-7.758737863417877634e+00 1.284563206462671747e+00 -1.472718335236852694e+00
-6.230715426357345876e+00 2.280179807960243554e+00 -1.317606373018259225e+00
-7.376484736686019339e+00 1.673034942717221751e+00 -1.308132081907582789e+00
-7.119404668913384526e+00 2.487375340100565158e+00 -1.134934711583298395e+00
-7.197102780911657227e+00 2.597669107499828822e+00 -1.593993865028827672e+00
-7.211672191065052751e+00 1.857991338618690369e+00 -1.649687812984147017e+00
-7.045552896387828667e+00 2.910257006837942750e+00 -1.316454180163122434e+00
-7.436605727480571026e+00 2.407469215893980330e+00 -1.003040616646242444e+00
-7.054518866656800391e+00 1.814296346652613634e+00 -1.370011306691297337e+00
-7.381326270410355939e+00 1.820715712898726135e+00 -1.317545448992733848e+00
-6.976575206809463303e+00 1.739113439002609507e+00 -1.254974022605117590e+00
-7.172367945554533719e+00 1.656081353793580790e+00 -1.596582796224378376e+00
-7.001728046723169285e+00 2.664540397933501392e+00 -1.207610005287062860e+00
-7.145486963277259740e+00 2.309605579371136752e+00 -1.429310807049251730e+00
-7.487054869254931688e+00 2.198891016634580531e+00 -1.410354499668157180e+00
-7.463627875806643885e+00 1.750208337443811324e+00 -1.414615954176917656e+00
-6.938441162784698690e+00 2.437307292878188925e+00 -1.605414107864310713e+00
-6.578944430657672093e+00 1.919876470184852302e+00 -1.679697818847287527e+00
-7.154152100046446527e+00 1.995575824257317388e+00 -1.169276351757927879e+00
-7.604702855891159352e+00 2.116204220249584544e+00 -1.506779558290979759e+00
-7.907384537688631809e+00 2.131095578442181449e+00 -1.134286603408394711e+00
-7.419086550347330444e+00 2.078117138889081339e+00 -1.060547216518580305e+00
-7.276604709437628493e+00 1.942352972537324085e+00 -1.702564420840730675e+00
-7.356109625653711959e+00 1.994116432589239096e+00 -1.434600375250708382e+00
-7.050836259365415692e+00 2.746822427386190313e+00 -2.955333435564458711e+00
-7.634956715015905893e+00 1.887352067475488449e+00 -1.640621599820996090e+00
-6.803894624615392850e+00 2.411524037185448055e+00 -1.457852459304508796e+00
-6.903256252036883645e+00 2.014855672390950314e+00 -1.450741273103778983e+00
-7.152558882865084122e+00 2.422691938976864190e+00 -1.642179318096915308e+00
-7.511351598777437744e+00 2.351980881371730892e+00 -1.552881429249332923e+00
-6.899514749004675984e+00 2.467578934095765675e+00 -1.518808858313828614e+00
-7.224201890384692959e+00 2.235300902056207129e+00 -1.675780973671370244e+00
-6.982132075597313303e+00 2.409290486357010153e+00 -1.628283059794645160e+00
-7.357312993246054589e+00 2.613283886703829051e+00 -1.493797843779882006e+00
-7.951279924884112837e+00 1.297102282615665292e+00 -1.325535461130882942e+00
-7.005034625338984355e+00 1.867276847380133997e+00 -1.830232854058712944e+00
-7.750627857525752340e+00 2.124634727776821830e+00 -1.379703167364180638e+00
-7.016089641751613648e+00 2.166851537721165677e+00 -1.044950986756569389e+00
-7.366332567916617613e+00 2.608105850515551438e+00 -1.563078889364461821e+00
-7.607053226388505784e+00 2.220049358393437977e+00 -1.408006181990068884e+00
-6.966066866202639041e+00 2.967698880419147311e+00 -1.514535785114887956e+00
-7.832282393886459637e+00 3.139050980274809000e+00 -1.299161426159328725e+00
-7.044305290536072128e+00 2.007223485728055756e+00 -1.488765019837727577e+00
-7.698022270354155872e+00 2.064400811132166780e+00 -1.271142255037394531e+00
-7.302515412203717027e+00 2.132561181742594680e+00 -1.290581576457254354e+00
-6.922945106775697965e+00 1.789195826506170484e+00 -1.748024220976184484e+00
-7.368562121580258584e+00 2.529859910632528575e+00 -1.572255246735747125e+00
-7.410430203831798401e+00 1.916268404431701322e+00 -1.498578511779188993e+00
-7.788717942931551619e+00 2.560016011111736045e+00 -1.609632325816726217e+00
-7.873562130976895723e+00 2.611738500666367813e+00 -1.063499075493200552e+00
-6.847908891540640752e+00 2.770689648650611847e+00 -2.453025488335542903e+00
-7.806137579485365130e+00 2.374084999990990319e+00 -2.029408796134346105e+00
-7.402746158408065824e+00 1.772051370543865190e+00 -1.609751685892950368e+00
-7.206587077088526527e+00 1.840165865778235377e+00 -1.404415924444707198e+00
-7.507839803944275303e+00 2.277966081814757349e+00 -1.420223485115570616e+00
-7.230575946441343937e+00 9.428667432915294189e-01 -1.683055531104651781e+00
-3.397457138743319405e+01 -7.512500981996225846e+01 -6.600355811607616641e-01
-6.717935154088083394e+00 1.762534717721717659e+00 -2.173720452182797747e+00
-7.785990321918967894e+00 1.868681123606794392e+00 -1.262347893117343300e+00
-7.509176723527849262e+00 2.721635561353516586e+00 -1.465089292627568707e+00
-7.052118637177762217e+00 2.034021977857400021e+00 -1.695516906197309659e+00
-7.550235093449471080e+00 2.001663020862190834e+00 -1.229465327793649587e+00
-6.748174506936370776e+00 2.140923818347690410e+00 -1.275609034089497884e+00
-7.500003473784454755e+00 1.850117887911569392e+00 -1.415580411613223122e+00
-7.168848393994669443e+00 2.132363567160050710e+00 -1.339497004145345116e+00
-7.261222365366013065e+00 1.784755883011437616e+00 -1.433672669881169037e+00
-7.675709975735151680e+00 2.273405138213679066e+00 -1.833769686344155270e+00
-7.153057502932692380e+00 1.856570276973880551e+00 -1.295529098579102145e+00
-7.087828024626305456e+00 2.007075448350010394e+00 -1.333873132273406759e+00
-7.628079291005499307e+00 2.555614370285131276e+00 -1.790466671012327371e+00
-7.343453196913298342e+00 2.295264932941787350e+00 -1.364829947322543591e+00
-7.669955432045344246e+00 1.718997701202800377e+00 -1.509837424788792903e+00
-7.644840187905147744e+00 2.089523941338212065e+00 -1.545575508612913707e+00
-7.120950183215588147e+00 2.621036352217295917e+00 -1.245484451839318885e+00
-7.281841080377743580e+00 1.788515343174883920e+00 -1.586519110756370532e+00
-7.113398925833796405e+00 2.312519050625007289e+00 -1.239869314756538943e+00
-7.454427819816732637e+00 2.122549757950000338e+00 -1.606177638565804644e+00
-7.092139251705533276e+00 1.730344603506499546e+00 -1.124283727932176236e+00
-6.864698917786295596e+00 1.636504681303059483e+00 -1.460945067278621057e+00
-6.880654323890469826e+00 2.123738614877832553e+00 -1.433323479130607758e+00
-7.763787408117260647e+00 2.549711505740226869e+00 -1.457602184185029515e+00
-7.399400267979920010e+00 1.170249225903911894e+00 -1.606226724647793924e+00
-7.255794005105449251e+00 2.511443260708733138e+00 -1.282184934352017081e+00
-8.315641848714461659e+00 1.739295076314795185e+00 -1.849035581791574456e+00
-8.023805833775195850e+00 1.969254842922666171e+00 -1.484630223023283735e+00
-7.355765764320598699e+00 1.738713699287396386e+00 -1.272609226008675209e+00
-6.874407195551511585e+00 2.275877895621924107e+00 -1.466395836070537362e+00
-7.274791847158820879e+00 2.114940365390810317e+00 -1.459818374440328803e+00
-7.613182668319469215e+00 2.127270928031523844e+00 -1.598169242841776194e+00
-7.326072689310836772e+00 2.000846034096723347e+00 -1.315817277795576334e+00
-7.486119362667681187e+00 2.817724592427041319e+00 -1.754662577008148983e+00
-7.436100439616315505e+00 1.851780100716444499e+00 -9.303577474247211043e-01
-7.025383309383101960e+00 1.837591621231643879e+00 -1.543580384188532051e+00
-7.371126156066114099e+00 3.040918868083597015e+00 -1.641145789752166850e+00
-7.514259933397153368e+00 1.543980598081631905e+00 -1.465542957512861122e+00
-7.934639179499080264e+00 2.469688235776212881e+00 -1.479848989285887484e+00
-7.447541785681551119e+00 1.903234043514065110e+00 -1.330612175566514344e+00
-8.505478789035139542e+00 2.109871553789271825e+00 -1.032018590427967730e+00
-7.535144209142075056e+00 2.455096452560320941e+00 -2.207705494266955615e+00
-6.980747701252570714e+00 1.943820944800798811e+00 -1.491364235961463613e+00
-6.931071309935264324e+00 2.206725222474451797e+00 -1.598499677049528556e+00
-7.294097706402679293e+00 1.927518181857110768e+00 -1.501847539199918646e+00
-7.440123248111077281e+00 2.068887145885317747e+00 -1.483896439910354692e+00
-6.776792067893878446e+00 2.046264870030757965e+00 -1.602663583044807272e+00
-6.637640511216194916e+00 1.240850170758370119e+00 -8.388113791328749569e-01
-7.194320022824209460e+00 1.408051195756438778e+00 -1.231549496428999024e+00
-7.169775673347499101e+00 1.857579893709601748e+00 -9.196424568541160527e-01
-7.371305130954151075e+00 1.896226101362853411e+00 -1.280386398714352447e+00
-7.893780697812559310e+00 1.662618306877614582e+00 -1.556156552317849995e+00
-7.184664453629407532e+00 1.931582968301014169e+00 -1.468095169553966572e+00
-7.414246885560978662e+00 2.486661686233562207e+00 -1.952141585965806225e+00
-7.233398153985559631e+00 2.304211184000267032e+00 -1.484929420605340944e+00
-7.310491561413863693e+00 2.226668798315728726e+00 -6.861875103817166588e-01
-6.845052157601132059e+00 2.325874623982308265e+00 -1.416535098251748837e+00
-7.109003225258573089e+00 1.982617885844364380e+00 -1.533151326826174055e+00
-7.287009869529968320e+00 2.504564072646092043e+00 -1.249296074026450709e+00
-7.466805205521283462e+00 2.127068089101597170e+00 -1.377760802038741295e+00
-7.426353656837203943e+00 2.508977364845672575e+00 -1.746523054816316645e+00
-6.889760968552971931e+00 1.861935349076645485e+00 -1.429896733445236823e+00
-7.434542563014822747e+00 1.805674152123220466e+00 -1.425484911611377026e+00
-7.254963207645721113e+00 2.779306479394369145e+00 -1.598887749428576921e+00
-7.816947688538900429e+00 1.391328548480441851e+00 -9.826262662040852192e-01
-7.201225244905361755e+00 1.806923226769469704e+00 -1.483151951706132232e+00
-7.737913818553626477e+00 2.333695176754744693e+00 -1.362039525138117435e+00
-7.242161185134611934e+00 1.773494216871238871e+00 -1.536573398761882148e+00
-6.694604382619428584e+00 1.620678254226943116e+00 -1.140908959620369423e+00
-7.008628147512061091e+00 1.980155407632260278e+00 -1.480117298891558075e+00
-7.563266135303353899e+00 2.846868125339802713e+00 -1.337025714196566017e+00
-7.616583552971355253e+00 2.148453318409146551e+00 -5.520012542498402563e-01
-6.706293149792304398e+00 2.838766111243638424e+00 -2.155212285220745816e+00
-7.569600575449067392e+00 1.642379427861259567e+00 -1.340651016306319665e+00
-7.924810066115207441e+00 2.068190656808424954e+00 -1.987775917500549383e+00
-7.579726950878161951e+00 1.788944022585515548e+00 -1.442674032998978673e+00
-7.570414024081027371e+00 1.906147075627938614e+00 -1.492464289032951585e+00
-7.217701876858829912e+00 1.709534865141199678e+00 -1.564042438391093803e+00
-7.639663289240044897e+00 2.161403179036958999e+00 -1.310303649268462545e+00
-7.145678804111474491e+00 2.389859442881868468e+00 -1.023877900515848705e+00
-7.670534355073304056e+00 2.261750739401246157e+00 -1.227539609996134429e+00
-7.810199044368561161e+00 1.656871243471131239e+00 -1.725427040869351503e+00
-8.494755249337929470e+00 2.520380874643854519e+00 -1.058915529046941417e+00
-7.432903929546902155e+00 1.666339418900537606e+00 -1.478834790419766954e+00
-7.705231564124752630e+00 2.451469634037066303e+00 -1.654013423129804705e+00
-7.668006194860207181e+00 2.032892615254174640e+00 -1.083081373819373194e+00
-7.453012246384552064e+00 2.238147300575862086e+00 -1.489771441190322676e+00
-7.823821325330571064e+00 1.823162606390577034e+00 -1.548830761709946158e+00
-7.259503518885570550e+00 1.877726382288562368e+00 -1.393285009466582292e+00
-7.335267125882099393e+00 1.885880586858283969e+00 -1.345744181200697387e+00
-7.605267483473389767e+00 2.260788273301590046e+00 -2.317059259088170287e-01
-7.395547050432689673e+00 2.060495961948892507e+00 -1.424535704941322534e+00
-7.871230784469251063e+00 2.094348793551309651e+00 -1.417191566378562362e+00
-7.695333888121543175e+00 1.543719951527050993e+00 -1.334085401483305455e+00
-7.100908874058133868e+00 1.939007663383223390e+00 -1.477113017623123969e+00
-7.377934213629663951e+00 2.573375842874799702e+00 -1.044594333232720773e+00
-7.605069621983220785e+00 1.977162643254267937e+00 -1.387582427352147318e+00
-6.898848561135517699e+00 2.442256750551365041e+00 -1.678110751566145087e+00
-6.976475304367445673e+00 2.154937780164649652e+00 -1.580044121451964267e+00
-7.382734347319012791e+00 2.171704893389810653e+00 -1.354453090559436967e+00
-7.450596631287920601e+00 2.148918941906836189e+00 -1.569814626245565448e+00
-8.159917969148256844e+00 2.289261770427410969e+00 -1.452160372762469898e+00
-7.473619555279126914e+00 2.408884964891509384e+00 -1.687705345207670016e+00
-7.473893603747098879e+00 2.498018661504220805e+00 -1.475151908496587172e+00
-6.135858934745265891e+00 2.203206420244863573e+00 -1.144903534805052026e+00
-6.857399555018274029e+00 2.032164626080450009e+00 -1.293215601978999096e+00
-7.711189492432530379e+00 2.549108261101850292e+00 -2.367681058344630607e+00
-8.079111968716638614e+00 2.467344550996879438e+00 -1.895106274979242000e+00
-7.720513598112623832e+00 2.225276385498916820e+00 -1.394755733702374156e+00
-7.692761484517972370e+00 1.688102828775188025e+00 -1.290479895117152997e+00
-7.299498317393852354e+00 2.432985294081484895e+00 -1.399646205395234544e+00
-7.907649038564491306e+00 2.099527379001902894e+00 -1.793770056715320749e+00
-7.669341765932783161e+00 2.137741016789600490e+00 -1.694829124064332282e+00
-7.300999015396016922e+00 2.309904886774738486e+00 -1.516061672930027582e+00
-6.974855210301649677e+00 2.191281941252002152e+00 -1.366561384621610697e+00
-7.586834593896569778e+00 1.834139419204589228e+00 -1.432220734094150849e+00
-7.306029965660409076e+00 2.539516900654190668e+00 -1.568038318839830803e+00
-7.026577525347370567e+00 2.398379122604891389e+00 -1.474937505596285670e+00
-7.672723582258167419e+00 2.285313195382087326e+00 -1.426500629974482903e+00
-7.482576324529000900e+00 2.443448347550608357e+00 -1.337868805606179379e+00
-7.112190051336876984e+00 2.290264293535123841e+00 -1.416510691577933523e+00
-7.836861523123106466e+00 1.630746879303257790e+00 -1.061526355545349132e+00
-7.491213930542691024e+00 2.431377986473052477e+00 -1.532308030022501599e+00
-6.974946153892064515e+00 2.250011425271036369e+00 -1.527703900484466804e+00
-1.303915664468799385e+01 -8.527760398932500152e+01 -7.523885692792182667e-01
-7.922365862217310095e+00 2.325581476959161176e+00 -1.908954162854209047e+00
-7.156466990811922280e+00 2.788480611847486301e+00 -1.104579072707567722e+00
-7.052218977170355174e+00 1.429787292532260778e+00 -1.394932091841709410e+00
-6.775296921732356203e+00 2.177224154089103525e+00 -1.308526706468398304e+00
-7.605988282238923759e+00 1.803674354644265065e+00 -1.594136218387389725e+00
-6.861925784795416483e+00 2.487567468674212634e+00 -2.777761658158640401e+00
-7.050519835603757279e+00 2.320855521175849034e+00 -1.589275186784397276e+00
-7.236376110299219455e+00 2.232606545734304060e+00 -1.554245051796564692e+00
-7.141247826164607737e+00 2.202880857798096503e+00 -1.481900965503246681e+00
-6.839120153263167801e+00 1.935244190602867453e+00 -1.434922680032881592e+00
-6.906152125503750128e+00 2.326824613931418373e+00 -1.456771062003594075e+00
-7.434515563520776915e+00 2.290035901858827661e+00 -1.478274811916016063e+00
-7.953118163874523638e+00 2.309817961667972153e+00 -1.625586031894324712e+00
-7.537457532652563685e+00 1.948962383054278380e+00 -1.177262947788638492e+00
-7.459896512631963184e+00 1.404882052734471420e+00 -1.506678066742453304e+00
-7.406875578791329851e+00 2.513991838406040902e+00 -1.483736602692744988e+00
-7.285941146600469764e+00 2.018080867824667113e+00 -8.830597421818768833e-01
-7.517246695662802125e+00 1.629496712042744155e+00 -1.276449645107921693e+00
-7.464018912113087545e+00 1.977449039878936166e+00 -1.454081737223110071e+00
-7.884604707722369099e+00 2.261470806474070283e+00 -1.707563872326592458e+00
-7.089980216399011326e+00 2.662596677679065049e+00 -1.473483741555983384e+00
-7.478564268417377647e+00 2.346666137078263770e+00 -1.423809972705565086e+00
-6.850555176460121132e+00 1.921699785562895446e+00 -1.784544501511544201e+00
-7.167256903716754834e+00 2.531600187250151901e+00 -1.674948298740961183e+00
-7.819928555807002191e+00 1.505075480476547378e+00 -1.166585258163790551e+00
-7.364355764249568281e+00 2.090524962835797140e+00 -1.430698256720123185e+00
-7.587753824237231548e+00 2.272792797723255376e+00 -1.344936328826018546e+00
-7.307403485784016439e+00 2.193183536488017449e+00 -1.631580926566814638e+00
-6.727327262772478278e+00 2.580180492152220229e+00 -1.994937373709486428e+00
-6.806392429020998058e+00 2.344813030877906268e+00 -9.544330374997970212e-01
-7.855136617088412265e+00 2.875668533652421033e+00 -1.885796663444953003e+00
-6.919915731766584699e+00 1.558720183673210302e+00 -1.450625773796642370e+00
-7.175884866445580101e+00 2.698094820841905772e+00 -1.497452579782575288e+00
-6.743513346809690390e+00 1.466439636370398425e+00 -1.952057490287661290e+00
-7.480014167896899657e+00 2.417379072395795525e+00 -1.128931265297854036e+00
-7.060049809305542823e+00 1.744529462067547110e+00 -1.645174586612883072e+00
-7.891367538291003569e+00 2.187930372775273913e+00 -1.248593369007181542e+00
-7.443031802196104607e+00 2.511785631993891155e+00 -1.684167925302317848e+00
-7.815611283360450301e+00 1.747342502097384065e+00 -1.680220052862785751e+00
-7.702734697152433974e+00 2.105897972873838064e+00 -1.117852636830936497e+00
-7.548100564882968655e+00 1.684015051213410441e+00 -8.882590568606918424e-01
-7.023030392749577189e+00 2.518752174427617785e+00 -1.991397185291781113e+00
-7.629805941929803659e+00 1.974069620067861131e+00 -1.527825350749922650e+00
-6.898300701100387400e+00 1.940274637144979275e+00 -1.476346880152979102e+00
-7.159449353420102469e+00 1.825120044766392002e+00 -1.324307229187276169e+00
-7.050184075895587377e+00 2.152169059755808522e+00 -1.480667696723731996e+00
-7.265313391355367578e+00 2.525594208766087867e+00 -1.466922277841623323e+00
-7.665950272510855257e+00 2.045345097842363291e+00 -1.438661199752442776e+00
-7.425609573602044655e+00 1.888683831824533144e+00 -1.457034129512459364e+00
-7.518673582511063103e+00 2.173158546885523013e+00 -1.218040945314001089e+00
-7.594060866141509436e+00 2.862286442926173180e+00 -1.638527987580435719e+00
-7.126694018968238176e+00 3.368273060603251601e+00 -4.474152361471913641e-01
-7.200110171930058200e+00 1.617232568929862335e+00 -1.431109054362047717e+00
-8.567235346412326535e+00 1.531079166358982668e+00 -7.597918850439585592e-01
-7.626002596195509575e+00 1.479093868583301719e+00 -1.987691419475238641e+00
-7.484177413477909546e+00 2.404511137740422022e+00 -1.271224654776414331e+00
-7.019686210806531435e+00 2.258687025559072747e+00 -1.305979878972620467e+00
-7.259888596319864718e+00 2.456365438592404526e+00 -1.395788134064199770e+00
-6.835700984857205675e+00 1.232591442254945546e+00 -1.931669701495628555e+00
-7.663112703221490740e+00 2.372029829489976205e+00 -1.721732230500727878e+00
-7.192949680472629836e+00 1.852615285667278622e+00 -2.708378152309859122e+00
-7.746037498302082547e+00 1.763901488628176972e+00 -1.399561721566160655e+00
-7.248546625518907938e+00 1.727095063131932395e+00 -1.256386898697266163e+00
-7.835179385015391240e+00 2.343160298541719921e+00 -1.143269866387631284e+00
-6.829905171539354392e+00 2.447426344953393507e+00 -1.443672969607232126e+00
-6.773339129688050519e+00 2.138227764097040406e+00 -1.813368764879585315e+00
-6.975664568171632496e+00 2.508207567529067816e+00 -1.481684550566354508e+00
-7.843444209999841377e+00 1.821316283012786919e+00 -1.522412631354473467e+00
-7.520823892287994639e+00 2.778013653546928197e+00 -1.786253678013381085e+00
-6.068265731736207869e+00 1.878697142094349459e+00 -1.270151512446777708e+00
-7.392710922599427192e+00 1.821147468353653043e+00 -1.259072004177998805e+00
-6.662985269886203987e+00 1.876986324291128883e+00 -1.536979183652883885e+00
-7.040383428698881119e+00 2.247901919467906406e+00 -1.409540800365955304e+00
-7.588540048551738693e+00 1.817720629994931780e+00 -1.352072084255454110e+00
-7.177388160379265081e+00 2.282229010951182246e+00 -1.390222886523431622e+00
-7.954411016091690989e+00 2.424078634657870435e+00 -1.330785581025492270e+00
-7.564264445017464311e+00 2.098179039458253570e+00 -1.540153234530966975e+00
-7.355907760881538415e+00 2.129931298772714143e+00 -1.432292102027883374e+00
-7.262689960715561277e+00 2.115126240047499717e+00 -1.847421139866894491e+00
-7.412777203302447049e+00 2.080983653664573385e+00 -4.386965321008478025e-01
-7.224126499187963013e+00 2.167388603174192241e+00 -1.637030956284970085e+00
-7.219045767295368954e+00 2.263956124748165433e+00 -1.587626677477080417e+00
-7.269017389113311189e+00 2.115770966134935094e+00 -1.576112682736465098e+00
-6.752295971037445277e+00 2.892464318566201342e+00 -1.844578555889718974e+00
-7.981049531761731153e+00 2.140594014043205373e+00 -1.330910157427924068e+00
-7.137934243539644896e+00 2.243803867735197688e+00 -1.502371625736301342e+00
-7.595992544106591637e+00 1.998715291590986931e+00 -1.075757653369212807e+00
-7.023263649136880282e+00 2.306691851368986246e+00 -1.435894486702529838e+00
-7.475335343925849863e+00 2.159924494008120366e+00 -1.503712489604922764e+00
-6.720054981453292164e+00 2.497786910374455438e+00 -1.448525084754443526e+00
-6.915928093676353861e+00 1.763658456935342178e+00 -1.653440281868701955e+00
-7.430181049536209947e+00 1.755650994866453374e+00 -1.613521246715255542e+00
-7.168830471254101333e+00 2.333867965968356994e+00 -1.595227904499209259e+00
-7.633065071194665485e+00 1.919084962207786571e+00 -1.530330884491840182e+00
-7.186304365493930035e+00 1.848724882756805910e+00 -1.432254598985444050e+00
-7.863111349531184402e+00 1.754201123996594003e+00 -1.520757120219817349e+00
-7.592183071906402958e+00 2.190637631679894337e+00 -1.348574212542186457e+00
-7.747534383418432036e+00 2.380761702467079299e+00 -1.563826030763720176e+00
-7.186319575796864534e+00 2.546535154946261148e+00 -1.483347788226425212e+00
-7.712421877663377501e+00 2.068774954916654085e+00 -1.607469113517261405e+00
-7.499513534289993011e+00 2.709566528484765868e+00 -1.215879257656995671e+00
-7.338184194847160668e+00 1.753108034100606671e+00 -1.400989052412991764e+00
-6.809202691061534196e+00 2.336791714974381762e+00 -1.506969877875325103e+00
-6.865582094552161507e+00 1.757142199278721950e+00 -1.897783389205462523e+00
-7.554636886428665932e+00 1.741247939264833677e+00 -1.719716066228809348e+00
-7.110150941621581566e+00 1.839518627756385083e+00 -1.606116531712483697e+00
-7.182947495988909914e+00 1.914645904113296604e+00 -1.446349191597906758e+00
-7.087341305316478213e+00 2.633964182291184564e+00 -1.583641464088952677e+00
-7.174710315643541669e+00 2.115294273429596750e+00 -1.316121812808631608e+00
-7.029313487680747485e+00 2.416888126408821336e+00 -1.555316270526495126e+00
-7.408642644961961565e+00 2.508578357984979856e+00 -1.479040293352592350e+00
-7.776350196597990205e+00 2.381500424123018433e+00 -1.309489634252458234e+00
-7.278030829462800000e+00 2.317685219642070305e+00 -1.677949100555487183e+00
-6.565336267726625152e+00 1.453306668226373111e+00 -1.031811517356284291e+00
-7.244588658258849456e+00 2.498864789820359533e+00 -1.497445744961567238e+00
-6.783621203526036147e+00 3.474524324307859402e+00 -1.906101208654463974e+00
-6.967038523477469880e+00 2.102063207422921742e+00 -1.483819053020355661e+00
-7.747231107411488793e+00 1.972697947684431963e+00 -1.595324332154484548e+00
-7.611152942275455580e+00 2.632626812514851533e+00 -1.431789989779420402e+00
-6.807321610898855013e+00 2.253829112082215147e+00 -2.484004148007604496e+00
-6.851454478977920814e+00 2.291846838490047222e+00 -1.583945919059531304e+00
-6.982082469390452850e+00 1.747483440661281806e+00 -1.113771227856766854e+00
-7.771030356302970787e+00 1.777417025638174053e+00 -1.439754838554470062e+00
-7.302226013186766451e+00 2.256245327518690225e+00 -1.393862645205265371e+00
-4.551427213256556747e+00 1.025002635510998203e+02 -4.083708600627724561e-01
