-2.044919668953767644e+00 1.753215328369910342e-01 -9.716599531848134630e-01
-2.011750492284064773e+00 7.833511386203249049e-01 -4.147896213433970303e-01
-2.497183270738490890e+00 1.873824866886177609e-01 -8.411872087853434765e-01
-2.892296472162344756e+00 1.923616731082205822e-01 -6.504400434650211560e-01
-2.665174678617751258e+00 -1.751803010187896470e-01 -8.658642518751824557e-01
-1.743322276736118948e+00 6.802996468365859473e-01 -7.514579419257875204e-01
-2.393610718072499921e+00 -9.512611906581727728e-02 -8.816933005901064213e-01
-2.187930743874280548e+00 1.089666123260478042e-01 -1.009198125871109797e+00
-1.943772847012582572e+00 7.440486382656525954e-01 -1.291793008877269555e+00
-1.968371626733521396e+00 7.990637430043182055e-02 -1.095388932178103847e+00
-2.084912042231456208e+00 6.790675753571616680e-01 -7.886411636413024340e-01
-1.343925875987282081e+00 -7.013906572841104303e-01 -1.324527676962288458e+00
-2.414045181437185938e+00 4.324045622370199793e-02 -9.781085792070767226e-01
-1.762429471495644773e+00 2.709719009706359483e-01 -1.045404907664783112e+00
-2.153556359728582947e+00 4.749015842815347832e-01 -6.997068363832269489e-01
-1.552406396405749511e+00 6.110158275449235205e-02 -1.028333826764910031e+00
-1.815746498538418852e+00 1.222072265660226309e+00 -6.292700705635287384e-02
-1.777933745001873511e+00 7.309939383099294252e-01 -8.385989271589484595e-01
-1.616821725001857724e+00 3.269097414292312931e-01 -1.100980187704379887e+00
-2.281091199875514341e+00 5.505015086247883049e-01 -1.015681570724004334e+00
-1.899279647821604300e+00 7.066392276631064950e-01 -9.264666255695245267e-01
-1.689859623458786153e+00 4.508807419566000507e-01 -1.492744551579213708e-01
-1.542062096931222426e+00 3.206387642953765771e-01 -8.070781286246316855e-01
-2.122080915185103667e+00 2.529799661289994922e-02 -1.226792494225325658e+00
-1.787503301698809555e+00 -1.819601129940245088e-01 -1.174917846124847731e+00
-1.893906627670156384e+00 -2.765941904860090839e-01 -8.052653154233897492e-01
-2.155922680692701210e+00 3.944976261955026597e-01 -9.591273087290250743e-01
-1.644338741848230478e+00 7.900836282416322520e-01 -9.085569993631543717e-01
-1.464549540615206702e+00 1.488661986777055912e-01 -8.728832345919117497e-01
-1.956466848017531124e+00 7.018357937085030196e-01 -1.153442664344438651e+00
-2.007168055531112660e+00 7.445865179720905225e-01 -8.091082828419403628e-01
-2.426323709975865217e+00 2.554690302120169454e-01 -1.217107345983748701e+00
-2.273771901436527187e+00 6.067810887805409337e-01 -9.590555831433283940e-01
-1.443925345250118397e+00 1.075236069096249913e+00 -8.164235648876040363e-01
-1.752023136334989406e+00 6.459392866208348016e-02 -2.986805171707156981e-01
-1.601371792673920824e+00 2.510014053232679787e-01 -9.742971873240666714e-01
-2.054752827794347425e+00 -9.557239472270240288e-02 -5.923190404238484197e-01
-2.345232737193334138e+00 7.756298404580094230e-01 -5.995922135135923758e-01
-2.522470544074305376e+00 4.287203188184783298e-01 -9.573042984374138253e-01
-2.119164108173170913e+00 4.261076162204668338e-01 -1.265735234361684114e+00
-1.910120291256356628e+00 -3.070246837705646326e-01 -6.976842768650813598e-02
-2.196630466301662921e+00 3.899063463253769068e-01 -9.839838003923075949e-01
-2.281985639677625244e+00 -4.659703596458060482e-02 -8.220189375976595381e-01
-2.106304333178623089e+00 6.245554849137017195e-01 -1.049449644390565428e+00
-1.736315244997830076e+00 1.242699216671037332e+00 -4.658142175145517649e-01
-1.897467904014495943e+00 7.232364753418444314e-01 -7.033137271592233564e-01
-1.806714547545677840e+00 5.965346917971700025e-01 -1.052264803538950577e+00
-1.867116051890754580e+00 6.755240714107104694e-01 -1.002304030736009821e+00
-2.077022553529805471e+00 3.378935254239163188e-01 -7.413556528765554710e-01
-1.866192993684255175e+00 7.421580951114172819e-01 -3.434900990341822613e-01
-1.869765089253644597e+00 2.382772257097648672e-01 -1.312987616686611236e+00
-1.776599757108386690e+00 5.956210868550132487e-01 -9.120724765991665706e-01
-2.182921658003757148e+00 6.822908075105172943e-01 -1.150535373952718654e+00
-2.474082341259008277e+00 3.655109929244246270e-01 -1.336439512314165245e+00
-1.924086215315758075e+00 -2.275582898246918673e-01 -2.119923414569532039e+00
-1.683977212582980165e+00 4.822721913472260979e-02 -6.203470789509551997e-01
-1.673186564595080972e+00 -9.273049726853326014e-02 -7.980657136638532601e-01
-1.406434597180751922e+00 6.921383832165783900e-02 -7.762867219611929714e-01
-1.977241103658715193e+00 -1.080911492217020431e+00 -1.278137295450948896e+00
-1.953000019337143955e+00 7.845828292871218079e-02 -7.015208517979029113e-01
-1.930782461488883550e+00 -8.557967647904255459e-01 -1.401340877662091478e+00
-1.491392205451286701e+00 3.007599005672850767e-01 -6.692515277878892110e-01
-1.732948908530080434e+00 8.110041909268845828e-01 -6.889867531568850678e-01
-2.154586577845912565e+00 1.034684994286785842e-01 -9.366598866332598305e-01
-1.997083845941801439e+00 6.655183509209091630e-01 -8.200868191253070094e-01
-1.829967653697460728e+00 4.436618034418378653e-01 -8.808337285784229032e-01
-2.347162099851059835e+00 3.927431064735699695e-01 -9.707179832548132881e-01
-1.641363412536040567e+00 4.025226334299617514e-01 -7.945359162457759084e-01
-1.705553922112574838e+00 7.734400991471568343e-01 -1.070228644984159816e+00
-1.486379352691121536e+00 -3.823593272197391840e-02 -2.123344870017419783e+00
-1.710719314793711421e+00 8.234536692648138090e-02 -7.977876903303149358e-01
-1.713685149204065894e+00 -3.272035251974968195e-02 -1.144761020760585835e+00
-1.792837565175867676e+00 -3.216800551311541773e-02 -9.065118702899663816e-01
-1.780800838357329718e+00 4.908359031458418009e-01 -7.323275030742302238e-01
-2.374920778737853677e+00 7.242768069424048161e-01 -9.997264627958903915e-01
-2.238360765280160258e+00 -2.787363548157080761e-01 -8.578520102876446840e-01
-1.727464015528630048e+00 2.810659850189647924e-01 -1.903770713741572473e+00
-1.883151717490580301e+00 2.592772933213961517e-01 -8.569472679876222188e-01
-2.096911008215001981e+00 1.398639092342863766e-01 -8.295761035329091149e-01
-2.024513009815902542e+00 5.151089297744557705e-01 -1.134081334020448084e+00
-2.125997274474872523e+00 2.545700588269317333e-01 -8.298020212380767813e-01
-2.208012219650680397e+00 6.571485224812012582e-01 -7.487231972132333269e-01
-1.650434010502075166e+00 1.154797988349654803e-01 -8.194902039304664543e-01
-2.160653675595531897e+00 -1.115694233680931124e-01 -1.479855481280387686e+00
-1.827326006654307555e+00 2.511663107118218830e-01 -7.664069270951017199e-01
-1.827822174305204994e+00 3.437446213327603473e-01 -7.923930315734444285e-01
-2.207880362474298863e+00 4.480021581983458789e-01 -1.043831008005038807e+00
-2.419216811561597513e+00 1.655722571453661363e-01 -1.005227606210708835e+00
-2.424200730238375456e+00 3.763223892569080298e-01 -1.091600350932916186e+00
-1.986434920309620766e+00 6.401928965452795273e-02 -9.367233117236065665e-01
-1.638765303986977839e+00 6.519541340846458644e-01 -9.020661926461553959e-01
-1.866411484881012495e+00 2.242317797413553582e-01 -7.890630035767018935e-01
-1.831013086361997555e+00 -3.349208402553567887e-01 -2.007348027994163342e+00
-2.178642182423069951e+00 -6.750931339439027179e-02 -5.955846642058238993e-01
-2.388310111877777864e+00 6.410556970989362835e-01 -1.251584688536663048e+00
-1.556522083487025254e+00 1.145982084298865361e-01 -1.003402810285587199e+00
-1.596350710812211693e+00 3.012100204541285908e-01 -2.884563498764774678e-02
-1.664137097836543289e+00 1.885441928966015979e-01 -7.757239253511764021e-01
-1.531173684633956977e+00 3.579349017310585190e-01 -1.269217151142026045e+00
-2.479674528982149351e+00 3.486930514536472070e-01 -8.339507314056761045e-01
-1.487657621716415912e+00 2.022620592037456533e-01 -8.656466416215093940e-01
-2.429860380734234937e+00 -1.355410442077626676e-01 -8.047553815116950116e-01
-1.364353203433007700e+00 4.809532144118692232e-01 -4.159672719111582317e-01
-2.210213653141913870e+00 1.312735058381272850e-02 -9.199707002531224420e-01
-2.008446249509472814e+00 3.680037218103504038e-01 -8.869605264130163702e-01
-1.966289833259635689e+00 5.662154550942330444e-02 -7.934118341981118983e-01
-1.919353500625770259e+00 1.576865177740781289e-03 -7.623129946063070816e-01
-1.420267485240576555e+00 2.319681284851134173e-02 -1.169836521530900120e+00
-1.650893412102672597e+00 4.215386629533678930e-01 -9.014296985901012471e-01
-2.208633417482994687e+00 -1.842446510544285265e-01 -1.026651094068926628e+00
-2.466958307919333571e+00 1.568343715164663421e-01 -6.391231364727298914e-01
-1.930236282586490937e+00 1.002641050871754258e-01 -8.961941270260239678e-01
-2.480663181913507653e+00 3.559881852975430028e-01 -7.935448359636865234e-01
-1.752149588192394081e+00 -4.526631787147779584e-01 -3.081436051396991282e-01
-1.423025741094060992e+00 3.758351962523105438e-01 -1.112740510399987448e+00
-2.228199318294786568e+00 7.290917574592136186e-01 -1.126973802970819838e+00
-2.151972289796264093e+00 -8.099195564597687358e-02 -8.235685586102634570e-01
-1.926961289558567936e+00 7.775332262174436959e-01 -9.544921155130620116e-01
-3.276714040254867122e+00 4.025654602032853746e-01 -1.287457845373383813e+00
-1.458953584729685948e+00 3.168557162544023004e-02 -7.950454795188561796e-01
-1.930862622642722570e+00 6.019465667632278860e-01 -1.037571854010085559e+00
-1.664448876668660482e+00 6.530295629239277755e-01 -7.063805614188173321e-01
-2.365968016286327025e+00 6.300887826892076493e-01 -9.608650060194656728e-01
-2.050446916784510520e+00 2.165084545903784297e-01 -1.123863637679531680e+00
-1.244029692568904366e+01 3.096074535713880493e+01 -3.091649241597513864e-01
-2.343081484493916289e+00 9.063752126534266873e-01 -4.294641004499455961e-01
-1.660147125130202461e+00 4.598014068583543001e-01 -1.176274857384332684e+00
-1.765221128156816199e+00 -1.763615376296437665e-01 -1.263514670243315985e+00
-1.411524807676758142e+00 1.012451705312116812e-01 -8.525870085576178203e-01
-1.544797135128002763e+00 3.292213332096808331e-01 -9.716029896234235075e-01
-1.940813191260945869e+00 -2.125383769672073153e-01 -1.182508896619506089e+00
-2.117656518566838120e+00 5.798017064882182714e-01 -7.083323206063582012e-01
-2.229813208873092201e+00 -1.868037495929674718e-01 -9.029371177877649757e-01
-1.952415840421711124e+00 3.401087648041201117e-01 -9.666475592137659945e-01
-2.017660739183987584e+00 1.566465429537209908e-01 -9.463618102501376583e-01
-2.286468426651975250e+00 5.236651322476161274e-01 -1.387149592011187371e+00
-2.018958149587294582e+00 6.084706766137434331e-01 -7.744428862636262290e-01
-1.616814701958833034e+00 -1.546052307293812600e-01 -8.998119190581582716e-01
-1.941089000451571511e+00 -4.685794077850873873e-01 -1.054974493555312032e+00
-1.381623703047587970e+00 3.035831724625924766e-01 -7.467371941094887999e-01
-2.096830372810071452e+00 6.583078876383884337e-01 -8.618467035660324349e-01
-1.823621196457658966e+00 -1.177470000401404093e-01 -1.213203009571363067e+00
-2.257436543062358414e+00 4.101668044514152900e-01 -8.562162460055420254e-01
-2.459456354407236311e+00 2.938423685411727382e-01 -9.348052229378858158e-01
-1.855046570572183029e+00 7.260929344306772393e-01 -1.065097318804448578e+00
-1.942515062035348183e+00 1.305782341907905930e-01 -9.949570114898237394e-01
-1.717037231865387703e+00 3.155922529072787142e-01 -9.000859105966432239e-01
-1.690598106779495291e+00 6.714921107676812273e-01 -1.086433112763299569e+00
-1.517508689820589396e+00 3.943547292163430695e-01 -1.342014738016693576e+00
-1.648131527599549617e+00 -1.376467615031475300e-01 -1.048423047977575129e+00
-1.764122011327473150e+00 6.429345532008670094e-01 -8.693045574342533888e-01
-2.112381405536579937e+00 6.709933268074258494e-01 -9.753494067683667890e-01
-2.326764998052805122e+00 4.614009985621757570e-01 -9.356674380722027617e-01
-1.832370641906998721e+00 2.444581659063010948e-01 -5.630344977245183014e-01
-2.432592171401024128e+00 3.252635924704591064e-01 -8.628032331727404358e-01
-1.787085415521053600e+00 -2.579082547200645115e-01 -9.903857306590981846e-01
-1.708901343410364371e+00 1.186061669900098647e-01 -9.438630838076754737e-01
-1.930331194786286453e+00 -3.451901243080426895e-02 -5.306151190699434084e-01
-2.261576094265312697e+00 1.310068465421912354e+00 -1.617464884264931291e+00
-1.594431841541016359e+00 2.917154520699564713e-01 -9.316572920668556579e-01
-1.563131476818565790e+00 2.486820678882025737e-01 -7.685630674650163474e-01
-1.842163932447679953e+00 9.889822355429458978e-02 -6.632899047433289397e-01
-2.383234851549393962e+00 1.738197078019093622e-01 -7.248953636973430870e-01
-1.720617404441408871e+00 2.833245529711781452e-01 -8.499716761373985463e-01
-1.613512235112828375e+00 4.120264930619425003e-01 -8.565445439677237260e-01
-2.300033023687891642e+00 6.365677615181856153e-01 -9.417778884781027315e-01
-2.110378206463269901e+00 -1.754428606233662813e-02 -7.685915412035558836e-01
-1.592844940078637528e+00 3.351519374543872609e-01 -7.989509279552539089e-01
-2.000730214039009525e+00 1.230683236769728239e+00 -1.288904483781334376e+00
-1.534812099655680218e+00 4.151624686414462917e-01 -8.989006024625032509e-01
-1.714251922279167450e+00 -2.387243200688115574e-01 -9.702229863025955137e-01
-1.689413089304035998e+00 2.536393264524025581e-01 -8.801624092007613864e-01
-1.873972487919094210e+00 4.388411272273671226e-01 -9.183944096740302987e-01
-1.936885458879514799e+00 6.001350655155762714e-01 -6.356133752973929241e-01
-2.301660100929648678e+00 7.302799943263972582e-02 -1.065203804285519418e+00
-2.145970699715984864e+00 1.388741226511086835e-01 -6.764865517974085751e-01
-1.586077776642209614e+00 -6.874266192566508282e-02 -7.841323875809382837e-01
-2.271374628516053651e+00 5.239959387511398115e-01 -1.134793368752926579e+00
-2.306197325407878918e+00 1.301494202578949433e-01 -1.014326784568983175e+00
-2.052397006918725619e+00 2.067470520098402265e-01 -9.467823613497590163e-01
-1.516893242180460843e+00 2.828587375653502378e-01 -7.212283547076878687e-01
-1.815398747519306299e+00 1.507176206733789325e-01 -9.023572812964936185e-01
-1.938037219229805208e+00 7.048093126399108677e-01 -1.019923997762795631e+00
-1.637190241950759795e+00 2.206475517288987720e-01 -7.376548889632816852e-01
-2.298703954996227594e+00 3.329436072799416557e-01 -9.313996566396881560e-01
-1.999236971228101511e+00 2.733759394757782624e-01 -7.995231507213326205e-01
-2.214072769534633611e+00 2.267539836514015916e-01 -5.382779093289397077e-01
-2.132464372751831316e+00 1.750720616711860800e-01 -8.186317764139259268e-01
-1.387144508008563148e+00 -8.995944277023627811e-02 -9.725156103566240384e-01
-1.657386071334563171e+00 3.345057230429027695e-01 -7.241081178313416578e-01
-2.567692939197234292e+00 8.932480009857682868e-01 -3.636081836150460989e-01
-2.396254737199545293e+00 2.740217083372252227e-01 -7.936499149041523760e-01
-2.399742718213267345e+00 1.064946864950973016e+00 1.019273458267466043e-01
-2.114051598725267933e+00 -2.885871513775960517e-01 -8.907126691793146867e-01
-2.576950120001243238e+00 -3.254654905583709290e-02 2.821592462011559069e-02
-1.567081237385204995e+00 -2.613804502803130925e-01 -1.134823611884408390e+00
-1.522862768968270997e+00 1.330789322283173481e+00 -8.161807939008629553e-01
-1.991571080692600582e+00 4.117603159768722931e-01 -9.447798884314737577e-01
-1.538446485698738764e+00 -1.372639388498008706e-01 -8.766310465129943941e-01
-1.745896437542825419e+00 -2.797160640275818677e-01 -8.604624247490546551e-01
-2.063452627278591578e+00 2.319632862203551971e-01 -1.070485855722329793e+00
-1.654397916199154439e+00 5.920193661024508724e-01 -6.107526604323728625e-01
-1.656802980088545096e+00 3.443401897508371334e-01 -8.369179678440916703e-01
-2.710039348162786244e+00 -6.903353293908430777e-01 -4.016633568481640104e-01
-2.033308285595421872e+00 6.267790336992367095e-01 -8.385110577394715436e-01
-2.015972933317647708e+00 -8.850665289514267342e-02 -9.623081782753655222e-01
-1.284645828427201319e+00 1.409808935470313884e-01 -8.559158813017175849e-01
-2.063757873252505703e+00 5.567189951897402178e-01 -1.019716150944250943e+00
-1.580653998031507967e+00 3.430960328835381823e-01 -1.078154045244660741e+00
-2.215765749931597917e+00 7.437743319400331732e-01 -1.003400533579483112e+00
-1.364371384874647708e+00 4.953214825125241139e-01 -1.961163873818208225e+00
-1.478130752236354484e+00 1.101243150043831998e+00 -1.576509317358020468e+00
-2.019619977707498570e+00 -1.864551196136648714e-01 -1.004386417225937134e+00
-2.504344650454113808e+00 1.645823127233591032e-01 -1.075926147581339976e+00
-1.606328047446529350e+00 7.458033100362613244e-01 -8.909438156722471192e-01
-2.388687553607942604e+00 1.097066471308674462e-01 -1.382525970702661589e+00
-1.975276063122522796e+00 9.101705232509430532e-01 -8.547690007164355785e-01
-2.113748061945864620e+00 7.211375758589261276e-01 -9.750987157930750548e-01
-2.299122196566496523e+00 -8.004446913467169744e-02 -9.603347481357492610e-01
-1.649967032660025756e+00 4.866129739137748933e-01 -1.189674581744339488e+00
-2.242074150674506328e+00 -1.656804367720868532e-01 -4.405586058197373256e-01
-2.129557775418831511e+00 1.897905187936796134e-01 -7.831615008643398879e-01
-2.306075162032358072e+00 3.587805937240446386e-01 -1.072721178569958855e+00
-1.674473488132577348e+00 4.667571037576014881e-01 -9.132109626831850235e-01
-1.361209640336980442e+00 -1.459372771212572861e-01 -3.887746215339186739e-01
-1.915914662698397164e+00 5.759235683159659169e-01 5.731741147170272832e-01
-2.038877788471295638e+00 -5.771765077890913392e-02 -1.092521859469751888e+00
-1.705883933692829979e+00 5.830780568686394494e-01 -8.864351561478608366e-01
-2.102645531114964328e+00 1.681666899473873919e-02 -8.437590831775134692e-01
-2.204935801253594452e+00 1.094391235919887628e-01 -8.963824378440100604e-01
-2.903149602926388795e+00 2.984147966612601954e-01 -7.312241538681767405e-01
-2.559374973264524122e+00 4.128131220276958779e-01 -1.111288332601859219e+00
-2.118476003877368452e+00 5.088614700613026676e-01 -9.257227320990446540e-01
-2.312623522389691821e+00 6.870322448657824044e-01 -7.635868574857427316e-01
-2.302911387855724801e+00 6.523596698386222581e-01 -1.021986463673018708e+00
-1.988621437687768445e+00 -1.577062487214419828e-01 -1.002666893072272192e+00
-1.481897413458360457e+00 -2.663657088290848074e-02 -1.043617236301849882e+00
-1.550962868053895383e+00 5.985949312170812942e-01 -1.129315462387587177e+00
-1.719175256330920831e+00 -9.376330016619247032e-02 -6.678347054390565418e-01
-2.432859375202565566e+00 4.867042440571238138e-01 -9.361394372958238286e-01
-2.127299308376521036e+00 7.504979283078910823e-01 -7.884277666774465176e-01
-1.557471829143687536e+00 4.337156741783913527e-01 -1.071172180903651405e+00
-1.706877933469067132e+00 5.978732331392520027e-01 -9.537336246955758767e-01
-2.508157925924558107e+00 9.289287305753831658e-01 -1.710687956353480255e+00
-1.853602165950969383e+00 -7.124304016264722261e-02 -2.016578618302320880e+00
-1.500569314907154173e+00 5.689818343473593831e-01 -9.475290844614544516e-01
-2.096886261699808518e+00 2.851831546291663799e-01 -6.269275523497530589e-01
-2.522359699662986010e+00 1.696469412365357032e-01 -8.853533995245436161e-01
-2.667901415661531495e+00 6.996501741764210580e-01 6.362310324979512932e-02
-1.071975153239581857e+01 7.337178402796454613e+00 3.986434790073767331e-03
-1.970418621957783056e+00 6.797747916482921315e-01 -9.375109121157398917e-01
-1.564232014928634618e+00 1.078320379928075223e-01 -1.084644315717359753e+00
-2.006075446095437531e+00 -2.192084069632055723e-02 -5.154776646125937001e-01
-2.057522953746189653e+00 2.018997839750703294e-01 -9.354880522301957102e-01
-1.210734035045885504e+00 1.607968151436389992e-01 -1.324917400612153129e+00
-1.786085588690672576e+00 -7.918920956862042504e-02 -5.937827676872847737e-01
-2.075846803273697638e+00 6.004849646363432658e-01 -6.617789072516485627e-01
-1.412288570102260499e+00 5.020515743977905891e-03 -8.887117802891862928e-01
-1.675475774547691810e+00 3.154269188318292172e-01 -7.174026348113949902e-01
-1.444194020830922742e+00 1.967158139523356719e-01 -1.039551661779623881e+00
-1.854346394775870932e+00 2.900376042524449582e-01 -9.716341662807899127e-01
-2.116917241542947359e+00 -2.311925141111544624e-01 -6.805469374860689813e-01
-1.930008570841893478e+00 -1.027024885517705682e-02 -7.923297973928254967e-01
-2.620906547506965278e+00 3.901827919456313798e-01 -7.493613506290676129e-01
-2.178055279007321321e+00 3.021501011294230529e-02 -8.496125756393743123e-01
-1.255104766893183177e+00 -1.258824146976854075e-01 -8.262662432849317007e-01
-2.284253757322275202e+00 1.655054087261972895e-01 -5.748098195639799179e-01
-1.769203636690103831e+00 4.481916515611053531e-02 5.492367994335682901e-01
-1.843178284292023017e+00 1.570434703346276495e-01 -9.681540486480401109e-01
-2.502551411190192976e+00 -5.840112472732438276e-01 -2.009439941354516979e+00
-2.143531183168993604e+00 -1.015041061294329472e-01 -8.756441395428947727e-01
-2.086737012717334139e+00 -2.499349026703066579e-01 -1.028900507697935396e+00
-2.335383318270218833e+00 1.391038566228532947e-01 -8.207723583986084037e-01
-2.418522247415150428e+00 1.852492866838960084e-01 -8.106159894893689710e-01
-1.524884395212722676e+00 3.375367141226038314e-01 -1.034516912325496918e+00
-2.361047504322574486e+00 -1.639483277024628427e-01 -9.359657813892546807e-01
-1.981105491297113774e+00 -8.550789631091916532e-02 -8.749298515097917450e-01
-1.681413870327197913e+00 -1.300342568345562444e-01 -1.008137659217432924e+00
-1.949018639302189992e+00 1.780662511329313524e+00 -8.451253123818243118e-01
-2.579230952366438956e+00 2.849977119438670270e-01 -9.895272645427621860e-01
-1.798085922637709944e+00 -8.097124015320568413e-02 -6.987324615315363419e-01
-1.843863889472051598e+00 7.802235091976852388e-01 -9.374768077540691635e-01
-2.003169993557870399e+00 6.301073387906709344e-01 -1.077113894625908008e+00
-1.774126219636641411e+00 3.662703198581513941e-01 -8.098890706569799036e-01
-2.173554373782601523e+00 1.474383425016536908e-01 -8.886557943265260828e-01
-2.071741291789024775e+00 -5.800986891191143302e-01 -1.223538339068577674e+00
-2.273179189669410682e+00 2.190323995429904469e-01 -1.055380782983297294e+00
-2.170672911566860375e+00 -4.028970509414415702e-01 -1.129250328448928808e+00
-1.607795401678808522e+00 4.120024180184000961e-01 -9.063740616786212234e-01
-2.127811184021102253e+00 -4.772735606634979089e-01 -7.196289867390791573e-01
-2.376471503291631038e+00 5.665173656889079812e-01 -7.659675308493066881e-01
-2.460563106228387920e+00 -3.950705695859260680e-02 -6.794921299452478802e-01
-2.176165898356909878e+00 7.333168492544719363e-01 -8.694049476520302466e-01
-1.694505602305602432e+00 8.580373874634700249e-01 -9.049539504649125599e-01
-2.214503082824667235e+00 6.330216201129194031e-01 2.082421100313394391e-01
-1.700745707383944261e+00 -1.487961312765638255e-01 -7.612226912342618945e-01
-1.903421249392541981e+00 -3.642518122913331324e-01 -1.636236547795433927e+00
-2.355603506461101393e+00 7.887042509284422631e-02 -8.413335201518602480e-01
-1.414905675104850324e+00 4.665592421609285334e-01 -8.913191353543337137e-01
-1.944407223502496951e+00 6.614891147487096668e-02 -1.009447760470890243e+00
-2.084686124801814699e+00 5.696770764321971159e-01 -9.523782812909625806e-01
-1.705204700880452062e+00 4.925693126954817092e-01 -8.990561737964131162e-01
-1.658695592525971652e+00 -1.709521174926404152e-01 1.735739659090809184e-01
-1.754836256143162299e+00 6.027086916433620212e-02 -9.281712649000907200e-01
-2.311630850072644350e+00 -3.665066753453173620e-02 -8.469207173089123852e-01
-1.943930174375094522e+00 9.807197081868763988e-02 -1.255108944011001260e+00
-1.868548339430199823e+00 5.757965164455960960e-02 -8.982057786161172785e-01
-1.515675165636744426e+00 1.458985342023775833e-01 -7.725579494876558817e-01
-2.033575435546761234e+00 4.042875898986479366e-01 -9.592864503390293729e-01
-1.544581811573982444e+00 3.738765505302490966e-01 -1.207501359446220945e+00
-1.952793555487459143e+00 7.953024459733124552e-01 -1.049751365857916729e+00
-2.003865254999075862e+00 6.429544728834654665e-02 -8.655115562949343699e-01
-2.300193665942778409e+00 8.072487609173669698e-01 -1.067327678281142500e+00
-2.427246962337050729e+00 2.302966277702195030e-01 -6.068724153928686249e-01
-1.609111749123958823e+00 -1.633724277019287241e-01 -7.802809690106726759e-01
-2.546273647042974986e+00 1.151430256392206586e-01 -1.087285991111441641e+00
-2.462293521524296924e+00 2.131980464792328223e-01 -1.331179755941495069e+00
-1.968883499869316767e+00 -2.733629886441595325e-01 -7.567040161164028111e-01
-1.830853547101878975e+00 -3.006372364879297265e-01 -1.654965809073413174e+00
-2.659412097108088346e+00 9.682443363686790150e-01 -6.821630494859471927e-01
-2.095985741714377237e+00 3.621706737661015141e-01 -9.502944155483150634e-01
-1.782276253210506090e+00 6.794906495184056539e-01 -6.410555424756321230e-01
-1.664433788083008681e+00 6.484615881890940514e-01 -1.597158000738269967e+00
-1.435032446428077035e+00 2.042898880886931667e-01 -7.825317183609089566e-01
-1.714972332822461309e+00 -1.576879871740092254e-01 -8.502566645890051733e-01
-1.993739894786072053e+00 2.886811601617629286e-01 -6.691902176662988255e-01
-1.798914042046197981e+00 -3.908242994007479210e-01 -1.181092757456033926e+00
-2.032582401942659267e+00 1.058614080888087977e-01 -1.184715017984219410e+00
-1.550859840617077490e+00 3.345310052463369987e-01 -7.029787645838158072e-01
-1.927458793777462542e+00 6.077789298138357443e-01 -8.584882973364875713e-01
-2.236604092468265303e+00 8.630561952757551114e-02 -8.689764911954559468e-01
-2.130499387457826632e+00 7.432849995510528718e-01 -7.247285229030920872e-01
-1.751391071476972261e+00 -4.967439657082907412e-02 -1.009397162031262063e+00
-2.226851149636165594e+00 8.515374460837701887e-02 -6.863671005912574952e-01
-1.797688075070094538e+00 7.075714164396891270e-01 -1.179959794999381417e+00
-2.470185998183998421e+00 -3.345193466978025332e-01 -1.067149033284102488e+00
-2.129897190331026646e+00 2.505883044201503429e-01 -1.163832173445568330e+00
-1.548711629471569484e+00 3.288603926916792708e-01 -1.042072999778703268e+00
-1.800914738603697440e+00 7.094907649780263226e-02 -9.920237506399215421e-01
-2.146134166143705890e+00 1.257006929117861493e-01 -9.814956613245572337e-01
-1.386638821511670283e+00 1.528367091181971060e-01 -8.764114166642003045e-01
-2.007746997662454458e+00 7.064264217955350533e-01 -9.413783179409392909e-01
-2.093031411228817085e+00 6.902636737018165436e-02 -8.151293196479206804e-01
-1.764198645944543786e+00 7.134188604582922810e-01 -1.213987667945570781e+00
-2.132629248599583693e+00 6.779818111659419166e-01 -1.026732438732750108e+00
-1.612768030048385981e+00 4.993203530378571009e-01 -9.042423126863579075e-01
-2.545920186486855030e+00 3.561946606794326731e-01 -4.113015669297829247e-01
-1.437101947629901399e+00 2.207079390713574674e-01 -9.680881407649969406e-01
-2.042332854429572464e+00 -2.484988003444192628e-02 -1.026014036391775575e+00
-2.110652618121274138e+00 3.156214393303020671e-01 -6.750706875154682818e-01
-1.803554525127542663e+00 3.044717521209795441e-01 -8.299378874289843333e-01
-1.301424149131648500e+00 4.980760605239077377e-01 -8.931289792718531961e-01
-1.817733463140984274e+00 1.395551532650827764e-01 -8.129376270769991253e-01
-1.698060440060244369e+00 2.974402907188024581e-01 -8.794560280265824037e-01
-1.688274306832929339e+00 1.368301472629075866e+00 -3.893095409193996770e-01
-1.572089795003733581e+00 2.481864579549968586e-01 -8.976085456215228131e-01
-2.059429218826273722e+00 -2.867020117415425839e-01 -1.813182181577297047e+00
-1.311026973057846545e+00 9.368809741276641345e-01 -9.361689834455624304e-01
-1.953163915454663169e+00 -2.165527672520288494e-01 -6.955451741488359874e-01
-2.278497953845895818e+00 3.040584773856234713e-01 -1.399172784877317888e+00
-2.100566751530835052e+00 8.385635790357948149e-01 -9.169197772088171217e-01
-1.945736020550653755e+00 6.285474088008412286e-02 -1.047097141248667374e+00
-2.301164492834749886e+00 7.076972795318245968e-01 -1.144505042097708536e+00
-1.800036425081513514e+00 4.596687240086813619e-01 -9.226575473150742113e-01
-1.528284853027674473e+00 2.926251669745494680e-02 -1.118600439965300009e+00
-1.785184566406622597e+00 6.056210317038400737e-01 -1.091535520899175715e+00
-1.696198813434110386e+00 5.118097047070047090e-01 1.971077510008137634e-01
-1.844743352033149986e+00 8.126998538633808389e-01 -9.241774131507479728e-01
-2.261972551200724713e+00 4.904557350473845445e-01 -1.148032265070017433e+00
-2.364206876533488710e+00 -2.158928456488358461e-01 -8.853463477020118155e-01
-1.993852691441047931e+00 -5.973266962424048088e-03 -1.084076419154453852e+00
-1.627107078283299701e+00 5.168075518130047508e-01 -8.324416897280270122e-01
-2.407521442202498196e+00 1.332519506088766514e-01 -9.388251243227555554e-01
-1.635272497841024908e+00 -5.191498991439045252e-01 -1.093953385467389738e+00
-2.307482732077503229e+01 7.795677174893219430e+00 9.802534769534720915e-02
-1.325788728717638865e+00 2.505178937133914485e-01 -8.409302439138665042e-01
-2.530160961087013050e+00 -3.340803086912053077e-02 -8.815851185260719092e-01
-2.291777575425501645e+00 3.143137823409721809e-01 -9.857809849396462765e-01
-2.035648883837671175e+00 4.126356643765256571e-01 -9.540967577531684896e-01
-1.459281218667783042e+00 7.095332189470050510e-01 -1.089613552178489986e+00
-2.222970734141516136e+00 6.486415470499946878e-02 -6.064883361543361717e-01
-1.602305544682473437e+00 -2.655140307031068625e-01 -8.433606895834685480e-01
-1.937596518882811703e+00 7.099261959981153502e-01 -9.850423641874660463e-01
-2.285427203646098526e+00 9.115589015731116740e-02 -1.002219887811319099e+00
-2.034592500928413372e+00 4.906336973332685591e-01 -1.007276611400398592e+00
-1.984570182507963354e+00 2.774583276343206562e-01 -9.408809415985239788e-01
-2.041683453943506699e+00 -2.183877111801329207e-01 -6.691946124400115492e-01
-2.138528241168537569e+00 5.782500092525859614e-01 -7.423780046661062615e-01
-2.054251477989020191e+00 2.116656844823345818e-01 -9.333901903823292878e-01
-1.599672921730628250e+00 1.371401295944885357e+00 -5.531766934007065206e-01
-2.682485397028954832e+00 -5.815950983785447281e-01 -1.436123018291894926e+00
-1.928159412220593838e+00 5.684673344364701286e-01 -1.301739179824745518e+00
-2.458150661887096078e+00 8.238900000599126416e-01 1.340754455849258731e-01
-2.150306579072723157e+00 1.530538839380601590e-01 -8.771185874832655438e-01
-2.252415820464701568e+00 7.750485167148136734e-01 -9.833698962860607518e-01
-1.997390426222806825e+00 1.402815503950286813e-01 -7.548174977744032121e-01
-2.605440468221320138e+00 -4.125240982217345809e-01 -1.884460519537623835e+00
-2.398138260669856248e+00 6.066183397216480255e-01 -6.780452358110489186e-01
-1.709668633983947750e+00 4.678540012465729619e-02 -9.482877552679487287e-01
-2.247724230402748713e+00 7.953151469354712289e-01 3.181918764308312997e-01
-2.453141672417041619e+00 5.326668814825107068e-02 -8.172877803057775337e-01
-2.074614000589409812e+00 9.517464854886630021e-02 -8.909944771907468697e-01
-1.917642127584550105e+00 4.645099605806974896e-01 -9.175650827055314984e-01
-1.652826357937098090e+00 2.460800230878846528e-01 -8.692013554885078541e-01
-1.912393918759178968e+00 5.974657069658184660e-01 -8.129926176024605544e-01
-2.235914910381627152e+00 1.384633591366133953e-01 -7.085554294659377472e-01
-1.443804706083801959e+00 6.962406795468234488e-01 -1.515358979648816051e+00
-2.211162033032018748e+00 6.603400654059109476e-01 6.091755029689740475e-01
-1.520011080241891355e+00 7.080880585743177802e-01 -1.020962570913800604e+00
-2.403922386342465689e+00 4.353844124262482018e-01 -9.483849747322454782e-01
-1.749116398422295493e+00 -4.015852266685250305e-01 -8.681862012168670706e-01
-1.487037777763537294e+00 3.763394145710888261e-01 -9.057335993018171827e-01
-2.282483052094083753e+00 -2.483010370630319430e-01 -3.985364072730678831e-01
-2.530863435289411267e+00 -5.311524020563513915e-01 -8.178477656761069525e-01
-1.976265921264664049e+00 2.155066440791200688e-01 -5.861311868748999565e-01
-1.733552632983503150e+00 8.601419147236094576e-01 -7.774151970274018053e-01
-1.663590567242835494e+00 1.973630940760894847e-01 -8.584582656319934557e-01
-2.407267135253830403e+00 -4.587737742074462499e-01 -9.235951459240467898e-01
-1.808869196871054186e+00 5.991923972280992494e-01 -1.065560235171149728e+00
-1.986092251098219519e+00 -4.306030723961746798e-01 -9.394368955959098155e-01
-2.762945279322415626e+00 -1.478145234875870295e-01 -1.131682468560610388e+00
-1.983818566389226934e+00 4.484893287796007932e-01 -8.568838861800057716e-01
-1.674664094901942013e+00 3.848525569238864241e-01 -5.443141475901591697e-01
-2.077794867788536504e+00 2.090511544155702894e-01 -1.286977474503217644e+00
-2.062649236522767104e+00 1.487750881507093337e-01 -6.436616125674538003e-01
-1.640832927522571261e+00 1.401546194484074304e-01 -9.950014781069126402e-01
-1.601990687786608580e+00 3.910365534321432746e-01 -1.067051394765702099e+00
-2.200917107998871192e+00 7.683579943697479431e-01 -8.477862724466731503e-01
-2.288344495957844504e+00 2.275091410223115118e-01 -1.243946424027492226e+00
-1.881982049441103255e+00 8.550473341257480708e-01 -9.580710771200952047e-01
-2.214514125705186576e+00 5.108908060793659889e-01 -1.242530614140924694e+00
-1.247312770825828476e+00 4.400153342876867435e-01 -1.024543895666121696e+00
-1.714222563561002444e+00 6.205253481067103394e-01 -1.440266685147512993e+00
-1.596009079047672641e+00 4.685423598725136918e-01 -8.302023287193653900e-01
-1.850983079341427251e+00 -8.576975963283958726e-02 -1.200477933007821907e+00
-2.361346682924114315e+00 5.567451010474995243e-01 -1.018740476197868228e+00
-2.512303513474901884e+00 1.480317046039988232e-02 -9.524483587006790097e-01
-2.316530147342658719e+00 -1.053064563967082840e-01 -1.142888384422349413e+00
-2.468277483045394849e+00 5.552561881132480615e-01 -1.000553202093742655e+00
-2.206822029570700838e+00 4.986263969211479075e-01 -8.501136979707695218e-01
-2.207794661277274972e+00 -1.172806708093810518e-01 -7.624881716601330517e-01
-1.767988995478279479e+00 7.849049270249806032e-01 -5.496535380964528983e-01
-2.064371379258457928e+00 2.665355153622053219e-01 -9.665545990917645547e-01
-1.985876606662733357e+00 -2.303795282616555029e-01 -8.447536183419064315e-01
-1.956261740551903605e+00 8.048861040150459556e-02 -1.105709467473410035e+00
-2.366227308392314654e+00 -9.760692845085573721e-02 -7.516677316817446108e-01
-1.807402520608373031e+00 2.909765266235805892e-01 -1.038297546558480278e+00
-2.007817209506335576e+00 1.262453596047475451e-02 -1.151194311511379187e+00
-2.306425706828302502e+00 3.967376325986505803e-01 -8.502144382261629385e-01
-1.580413972158549951e+00 2.872102014432513228e-01 -8.335844200813347094e-01
-2.246257121382223776e+00 7.685377133415051409e-02 -3.982000169759223329e-01
-2.206062037402417353e+00 7.049666498188145169e-02 -8.403703784316514103e-01
-2.165766054159822929e+00 1.108353757202663048e-01 -8.526599289201066689e-01
-2.408709683436803140e+00 -5.556497398045728842e-01 -1.266600838108871807e+00
-1.572388982612693997e+00 5.306406653379710514e-01 -1.616670271908033252e+00
-2.411725889980487647e+00 4.140430436075203113e-01 -6.325403815047623279e-01
-2.244740012415654906e+00 7.777756647295593073e-02 1.407744158011627889e-01
-2.046487302397209884e+00 6.910847571498447417e-01 -8.667034605558121552e-01
-1.670990862641630548e+00 1.312664954872176937e-01 -8.498165285651175793e-01
-1.961920398605000670e+00 -2.528398643710446092e-01 -9.005433291561426579e-01
-2.201026973458347857e+00 1.124082063405155568e-01 -8.309798095705609455e-01
-2.404682380734386449e+00 2.251593764824222632e-01 -9.324506772383295283e-01
-2.059003720529691606e+00 4.226244112341446812e-01 -8.469636249694438845e-01
-2.472016921339661000e+00 5.998076259753145623e-01 -1.134903862972808541e+00
-2.143853498615575948e+00 5.012597093163732032e-01 -5.053277718850613942e-01
-1.368395794077730043e+00 4.483715665829222652e-01 -8.909094536137281972e-01
-2.097182819430451151e+00 4.455867963415318517e-02 -8.286520617610282358e-01
-2.007107943190170829e+00 1.790365995354402107e-01 -1.222962363471317371e+00
-2.420990745851204995e+00 1.412233847187898683e-01 -8.309812938753800005e-01
-2.133072454278141628e+00 1.170804212984781767e-01 -1.020336646548854365e+00
-1.641781532577630376e+00 5.025693290029200622e-01 -9.087408033492756498e-01
-1.484004818290806105e+00 6.892494552047324641e-01 -9.410175744642496065e-01
-1.845713489366244131e+00 6.103573414619017923e-01 -8.932818880518670346e-01
-2.182606742340810424e+00 5.819039818504262440e-01 -1.254751706042315673e+00
-1.936413178138936209e+00 -1.478366051998670772e-01 -9.557243580521206372e-01
-2.335844727948243271e+00 7.384802229252058758e-01 -1.142522225949698322e+00
-1.604953170159607145e+00 9.945670221499499503e-03 -7.762646761820628516e-01
-2.233339325923729746e+00 -1.209416012117806027e-01 -7.092697889698073022e-01
-2.395864631113558296e+00 2.504286432911727034e-01 -8.641925432832171516e-01
-1.739427893385730117e+00 5.056644087297774981e-02 -9.185150559170127682e-01
-2.185661072651088332e+00 -1.011531716646422996e-01 -1.006516543217111037e+00
-1.904553352392715615e+00 5.909150160067295765e-01 -7.470820708164450652e-01
-1.893683492985774874e+00 6.402227158743397650e-01 -8.680886796169228203e-01
-2.393469015839015501e+00 -1.074572653778906595e-01 -7.033253426078267534e-01
-1.994441888177199917e+00 8.744898298352451471e-01 -1.370104413306937996e+00
-1.703059720088904161e+00 3.770846494122260806e-01 -6.433487698122065668e-01
-1.915369350187310582e+00 -1.126569078119733919e-01 -5.868704249221959879e-01
-1.442377135242568498e+00 2.526038158772790365e-01 -9.757028172186089643e-01
-1.736897224888876101e+00 6.761315613995035889e-01 -7.397864678627850132e-01
-2.135783914113819293e+00 4.048480340912384290e-01 -1.015526963752021894e+00
-1.843118957620366372e+00 -3.453430652218575925e-01 -4.575744975446029428e-01
-1.447089146411309368e+00 3.182375226084590419e-02 -9.268018652410728864e-01
-1.854444396108363646e+00 -1.043396125241985439e-01 -8.009963497685386180e-01
-2.610678398786106857e+00 5.598242615440938152e-01 -8.009309428669589837e-01
-1.502655599974409117e+00 3.724168898228242819e-01 -8.467778983695939399e-01
-1.802694318077466828e+00 -3.014270858745748960e-01 -9.539682171044492343e-01
-2.194876853472641276e+00 1.041962931225640654e+00 -1.317428057632630489e+00
-1.572217518425103044e+00 9.062149187227296065e-02 -8.920454706825837743e-01
-2.093662964007354521e+00 -9.293745126438403004e-01 -1.101770958341531603e+00
3.130118917001232148e+01 -1.281801641702824845e+01 8.908644216163974505e-02
-1.901667756775694551e+00 -1.371348033874568439e-01 -1.079239908252431546e+00
-1.734147282456677708e+00 7.248102720809891375e-01 -9.668051593921170861e-01
-2.144816707250372545e+00 1.833458396390987288e-01 -6.336665041643974039e-01
-2.509932367454033031e+00 9.845428249290424927e-02 -9.024158275600405732e-01
-1.971898663120205786e+00 7.303840689586550416e-01 -1.040110521206322858e+00
-1.661834749872589834e+00 -3.672293180959407960e-02 -5.912473431245066635e-01
-2.130477729869133530e+00 2.118054892884516649e-01 -8.114632038295115368e-01
-2.135119280312319123e+00 2.765312234887788989e-01 -9.634833431465249509e-01
-1.508407517452469149e+00 1.075239432827987951e+00 -6.011835768643247757e-01
-2.422595612051435587e+00 7.498093672484207328e-01 -7.136839469023990024e-01
-1.431496189153202092e+00 3.552413828158949016e-01 -1.789948841383449452e+00
-2.498471845801965241e+00 8.712985982570169430e-01 4.423077498578750766e-01
-1.457406714631210631e+00 5.753606821394031678e-01 -3.186163392856825038e-01
-2.321424627262994811e+00 -1.879055623414982168e-01 -6.932340130325853611e-01
-1.706907240814536042e+00 5.860053026753513361e-01 -5.764762968134551357e-01
-2.348272926005164685e+00 2.944367600301081023e-01 -8.766129354880456415e-01
-1.969246150124781547e+00 2.551246408171614077e-01 -9.715874910929349628e-01
-2.303788566053425413e+00 6.608045423609600899e-01 -1.010003946004639053e+00
-1.741871072175495527e+00 1.739247346855103682e-02 -8.320431689747852522e-01
-2.416237763688506401e+00 2.656473946496622496e-01 -7.612661624771249747e-01
-1.723849179448659674e+00 6.650053053631188593e-02 -6.995249224096907747e-01
-1.682504176641180127e+00 -6.503550296168100209e-01 -2.497348157251563228e-01
-2.021194735916287843e+00 -9.336070360131995538e-02 -9.518505180196962234e-01
-2.415313773066609215e+00 3.663948650588216283e-01 6.185788751455840728e-01
-2.502629423610634785e+00 1.012730147349194754e+00 -6.470023334785468538e-01
-2.132362839159699597e+00 7.215851746855344029e-01 -9.268588179990856490e-01
-2.532248666903212264e+00 1.079645213488773098e-02 -1.309774248838661226e+00
-1.876558504092160407e+00 4.950878781657904737e-01 -8.360357606545499864e-01
-1.797999482241412483e+00 -1.944644137720922816e-01 -8.336198395013492135e-01
-2.375910314144958235e+00 3.765137085542081818e-01 -9.525504916521014831e-01
-1.993832913672207052e+00 8.815723708448299778e-01 -8.659078287735501034e-01
-2.102767008045304920e+00 4.194571309926689029e-01 -4.549549244960760519e-01
-2.063979236341384471e+00 2.595534147737180164e-01 -1.032971349554563822e+00
-9.503388459174546554e-01 -5.820990783394979218e-01 -5.082602472975624730e-01
-2.763557513939044252e+00 1.139406227307690200e-01 -9.577450487849438199e-01
-2.392781738860325191e+00 -5.497555351822027564e-02 -9.248523508167443286e-01
-2.069150330313616060e+00 1.659705696961149002e-01 -7.878755241913426577e-01
-2.244695358689528852e+00 5.817134862616216706e-01 -1.065309654234600556e+00
-2.108559083857293182e+00 1.506439431658153361e-01 -1.187670030031970692e+00
-2.144309357183393772e+00 2.118869827694713215e-01 -6.759284226111886840e-01
-2.008618892802645384e+00 6.056320729333214414e-01 -1.353815479929037613e+00
-2.243756677243887498e+00 -2.062737686855657115e-01 -6.542665043394281232e-01
-2.201092491707978827e+00 5.880264324089851113e-01 -9.047409929857460620e-01
-1.969787894348992596e+00 7.883915879853793662e-02 -7.863733413964931751e-01
-2.112385141493310137e+00 6.602841626015580612e-02 -8.792179594718118052e-01
-2.128350255508054012e+00 3.737613057117267767e-01 -1.231067884025226711e+00
-1.491185378821089591e+00 4.846751699911295841e-01 -7.809069258817782355e-01
-1.615634303808083150e+00 1.065866769065457048e-01 -7.775888145922797978e-01
-1.435561566434951253e+00 3.718044362056657781e-02 -9.373454108209642310e-01
-1.824654724166284048e+00 -8.821665298643680334e-03 -1.205575879002057649e+00
-2.299134681765303778e+00 1.713604248479366488e-01 -9.298999279289315023e-01
-1.561514987332143223e+00 1.498608188649930284e-01 -1.002463795833202109e+00
-2.518538483539777939e+00 -3.253820155773910761e-02 1.606156601198497069e-01
-1.582559817248640366e+00 7.671489849636804748e-02 -1.037107865069973434e+00
-1.688998498201834009e+00 2.734616861270353638e-01 -7.830259322797866739e-01
-2.066264585552598732e+00 2.113433342503749923e-01 -9.113554519813475974e-01
-2.134948686716312771e+00 4.896055378236996436e-01 -1.008846702479912150e+00
-1.845177340103863584e+00 -2.195498792335665306e-01 -7.767682899484962267e-01
-2.251920886087805496e+00 1.323537291101752056e-01 -8.174140009781111216e-01
-2.515643181202427137e+00 3.329944300121857048e-01 -1.212580830706227353e+00
-1.906608524369829416e+00 7.585163977437024974e-01 -5.165183546933116432e-01
-2.464209348132350819e+00 3.837784380480608881e-01 1.590625540757998058e-01
-1.789600600688891374e+00 4.902810283264127933e-01 -1.636703132057256704e+00
-1.601425174400245233e+00 6.309447181530307702e-01 -4.954568252985206978e-01
-1.500699487197060034e+00 1.352587500052151892e+00 -4.788355382009136241e-01
-2.554647599779560796e+00 3.677930803949335248e-01 -8.448639650339208051e-01
-2.274391110951788697e+00 7.808477551448965714e-01 -3.290040221719769398e-01
-2.014294610637670679e+00 1.989838105218690815e-03 -1.314493173204741128e+00
-2.101965457938393289e+00 -2.092450980915545045e-01 -9.253165007695748345e-01
-2.324124884406812086e+00 1.997941443498330305e-01 -9.545698145084162700e-01
-2.104822371483679788e+00 1.268563478544986189e+00 -5.161186514021990357e-01
-2.038951628121008497e+00 2.237658245355047815e-01 -5.726318391986067180e-01
-2.215357892334060441e+00 6.622843458221056023e-01 -1.111493584965822068e+00
-1.640739252878715915e+00 -6.836199045960468339e-03 -7.722344318705118837e-01
-2.379089080328130823e+00 3.122052545860468098e-03 -1.553592193551335043e+00
-2.071494011476754160e+00 2.589417710715722909e-01 -1.240708639531601154e+00
-2.006972394896680445e+00 7.471531568974234538e-01 -6.214362280000478300e-01
-1.427254296386834431e+00 1.363527433103068620e-01 -2.289828368103515643e+00
-1.405185674094720172e+00 8.169973477860310584e-01 -1.066647946172944783e+00
-2.172425010369876119e+00 3.399548782772778277e-01 -9.130877554302366805e-01
-2.094846587021139683e+00 2.579654683701766427e-01 -7.990737398723378737e-01
-2.528266409912846235e+00 8.000955383223449235e-01 -1.125630725487373418e+00
-2.457770268954561299e+00 1.024357483573550415e-01 -8.576857307377677708e-01
-2.027100840445746233e+00 7.624812939043611459e-01 -9.150404404099437006e-01
-1.673937717536589043e+00 -1.201812825365517756e-01 -1.043705452687932800e+00
-1.720771512211150212e+00 6.413738793976730967e-01 -8.674157723617142990e-01
-1.867209733400714722e+00 6.883446922983975647e-01 -1.004668297709155000e+00
-2.003547526007658064e+00 7.053851836764305494e-01 -8.549984686519216392e-01
-2.395631334437261284e+00 5.343441131406150291e-01 -9.732051612542493846e-01
-1.985681029403279840e+00 8.685618107808827648e-02 -8.705480140038246439e-01
-2.044795157210270276e+00 9.024045342499684708e-01 -1.442098533672785843e+00
-1.961628702033060723e+00 7.873800280677907271e-01 -4.089781468790051333e-01
-1.815543340316490450e+00 2.992705741892003335e-01 -1.187827895634413933e+00
-1.673143360979083116e+00 2.313104445371714224e-01 -7.847884471008695906e-01
-1.965293613205528533e+00 -1.388341507728385049e-01 -9.518612666112227227e-01
-1.763032971010727090e+00 5.550144016960296689e-01 -9.529248371131098239e-01
-2.334789564770062498e+00 2.625232515294561586e-01 -9.131442507465685754e-01
-2.100548319513096729e+00 3.414778904109551094e-01 -1.060924256249369035e+00
-2.066903956969669665e+00 -3.519678623421133162e-02 -8.567462718696847723e-01
-2.523605165428628005e+00 4.547033359760291882e-01 -1.020140783226469283e+00
-1.819640331636421360e+00 5.701684423997686046e-01 -7.351854096750281009e-01
-1.606553796777701937e+00 8.497139963963719345e-02 -7.530587959366145112e-01
-1.999186605678669570e+00 1.919630605232656440e-01 -9.562022054409187177e-01
-2.473282808947620204e+00 1.196335275451407276e-01 -8.612147629611928146e-01
-2.041966801061074310e+00 5.702743968079078130e-01 -1.817027699863941859e+00
-2.183382275485582280e+00 -2.572919443243296689e-01 -7.693765800417741163e-01
-2.123183653901108414e+00 -2.742496413528844323e-02 -7.276692737936515387e-01
-1.861008141412558103e+00 2.931735165491375361e-01 -8.858954888525157889e-01
-2.264844541525849575e+00 1.552998324719246925e-01 -7.348781091324604331e-01
-2.399072912229244015e+00 3.989669607451102329e-01 -8.214107979100286894e-01
-1.048226464160632476e+00 5.161070859637044705e-01 -1.222652298247371316e+00
-2.270533694989375295e+00 3.884119631057883493e-01 -9.351510988212416997e-01
-1.723609216259763377e+00 -2.445213638699716419e-01 -1.036880971819754693e+00
-1.515553083629582076e+00 2.923757677766554708e-01 -1.126462565887203171e+00
-2.048911583480067744e+00 -2.941004264196064311e-01 -1.046692380400477740e+00
-2.048511911637501459e+00 4.535212411553665723e-01 -9.965653558296422299e-01
-1.499911857061885012e+00 1.172778564824052544e-01 -1.153428075763692995e+00
-2.336692744445379333e+00 3.510876638747761902e-02 -8.577800405598400291e-01
-2.531565312361048203e+00 2.360974006125950986e-01 -8.532982863096969517e-01
-1.945425080704952681e+00 6.861095384778600481e-01 -2.102662092958555107e+00
-2.240400639487197143e+00 -9.988761878298073327e-02 -1.731034777934600699e+00
-1.501870793430211570e+00 2.523582672239687574e-01 -5.928471632790788259e-01
-2.219127449439755484e+00 4.079162794247441770e-01 -8.859364847614399352e-01
-1.711783168907519137e+00 5.192943317127152875e-02 -6.526242505541623995e-01
3.139336081611531171e+01 -1.689948533230632677e+01 -7.117917041970271974e-01
-2.356619275976973960e+00 4.148505816421727554e-01 -1.026938104026443810e+00
-1.945109836100043843e+00 -3.216769618607961956e-01 -9.144546602870831098e-01
-2.362846158211576508e+00 3.132880322502543669e-01 -1.128519587076047381e+00
-1.772177209524844921e+00 -6.266977484378265240e-02 -5.936318044594632859e-01
-2.357356463481244280e+00 8.002379017518684856e-01 -9.349012917127241806e-01
-2.318937521517882683e+00 4.437796349062292922e-01 -9.319583581979022924e-01
-1.849773624799591509e+00 2.825804783944442233e-01 -6.760840681550852604e-01
-1.728036041659655409e+00 2.185271506300779099e-01 -9.165591967689175057e-01
-2.172680300723927704e+00 6.078346070367754983e-01 -1.087607299630863444e+00
-2.187180522531067428e+00 4.318767043037669562e-01 -8.080631350968330295e-01
-2.052953080802032648e+00 5.008278682786498903e-01 -1.039507764296241810e+00
-1.394784943103557495e+00 -7.203815088474487816e-01 -8.483019213080608134e-01
-1.752500354558521156e+00 -1.909894618853630044e-01 -8.505899758462982518e-01
-2.238061600071816315e+00 7.277488029250974710e-01 -1.024450581960281825e+00
-2.249181327028629163e+00 1.321251194360253955e-01 -8.589055164459952207e-01
-2.312486828353089940e+00 -3.991017044189773544e-01 -1.635033942403631757e+00
-2.581999893203541951e+00 1.590937989091589233e-01 -9.336679641516738570e-01
-1.811630243833576515e+00 7.952598397668153574e-02 -1.165446369218568146e+00
-1.725851238612437388e+00 -9.700406666859877347e-02 -7.429227453793052494e-01
-2.009987054450521171e+00 2.529540087992495842e-02 -1.041391237333214814e+00
-2.290885033897162248e+00 3.795594184621459699e-01 -1.014389619577120483e+00
-1.878502654278476180e+00 -1.796997474067470180e-01 -9.165742057113781538e-01
-2.091069506931419575e+00 5.272206373488919073e-01 -9.403898415406687361e-01
-1.697672890831471992e+00 3.672197740913154540e-01 2.062021102583829202e-01
-1.994018321153063544e+00 6.488945604210056839e-01 5.825611608102656547e-01
-1.673259374559177504e+00 7.961462514504155652e-02 -9.655408876588338352e-01
-1.956547987626747975e+00 -1.400232843267181226e-01 -8.208528839440970559e-01
-1.625368481304535262e+00 6.437745714732218127e-02 -9.552539521027472169e-01
-2.045571452033916771e+00 1.836371407942768708e-01 -8.431237242294948864e-01
-1.114659788143077757e+00 3.889272411029209287e-01 -1.095645553920629345e+00
-1.911562894871261076e+00 2.293918356061430686e-01 -8.627336829050208378e-01
-1.874060925656114929e+00 -2.516519643211686530e-01 -8.600883822681918423e-01
-2.028372728572372274e+00 6.448955903885978946e-01 -7.280439253696857627e-01
-1.198340581478324562e+00 -1.522773201873839355e-01 -1.684292133175359973e+00
-2.651470569151547885e+00 7.630971845838047107e-02 -1.670652232374465473e-01
-2.382012478714179871e+00 2.004517333125110101e-01 -8.875264442339628745e-01
-1.827902750514120322e+00 7.074313732910680885e-01 -8.758551862100517615e-01
-1.835299023011294217e+00 -3.149696571103544618e-01 -7.215491510483911242e-01
-2.269681394804419217e+00 3.819340737367253324e-01 -7.653449138290280285e-01
-2.123805849141485069e+00 4.423672456723277135e-01 -1.042282314729600756e+00
-2.078159158713045240e+00 8.376823429176084579e-01 -1.170682531912709878e+00
-1.762511732959729294e+00 5.383229252546467558e-01 -9.119436921722305911e-01
-2.317220273942901976e+00 4.772585824874572280e-01 -8.775826393965395766e-01
-1.709835706104338104e+00 3.702597521307356421e-01 -5.143653573073458940e-01
-2.112313923996728793e+00 -1.868979602920575467e-01 -8.083029227555061924e-01
-1.180362275251552795e+00 1.828258664389006694e-01 -1.348473023509614288e+00
-2.266160417002862637e+00 4.276307069543107686e-01 -9.313232735368589532e-01
-2.099880908691293069e+00 6.536372064294104778e-01 -8.690804424620643953e-01
-2.665814087997679049e+00 2.085861008854010823e-01 -5.910005191939969871e-01
-2.497677128844555394e+00 -2.657627948498987314e-01 -1.019801552265382494e+00
-2.395079772111569305e+00 -1.665062497486658744e-01 -7.755625318454530959e-01
-1.976464209855263388e+00 1.938330854302976192e-01 -1.015063374288256659e+00
-2.017534943563241256e+00 3.185239041053974374e-01 -9.789686017440395460e-01
-1.860357651100405629e+00 1.846521625743019202e-01 4.266597499437641550e-01
-1.953106878321488216e+00 4.878678817949483881e-01 -1.088279896346137532e+00
-2.455705406021644333e+00 2.090684873068987537e-01 -9.253342670034261364e-01
-2.434908143717231521e+00 1.698831847187668720e-01 -3.259876171727948413e-01
-1.974720912146816110e+00 -3.269458959820932820e-01 -8.790352193926396218e-01
-1.731910872677073332e+00 -1.671726344520998164e-01 -5.799418793381473369e-01
-2.350637473569695324e+00 5.147602973471584464e-01 -1.266009940609135853e+00
-1.588192155987418142e+00 1.220189604855940885e-01 -9.637054668890180364e-01
-1.950299907383858278e+00 1.388545869543670097e+00 -1.152703341350086896e+00
-1.360831103551120691e+00 3.568387353891963043e-01 1.674103289637518532e-02
-2.511941313165801937e+00 -9.957858075856038105e-02 -5.843428696464747496e-01
-2.196195087030003101e+00 6.878830676831754198e-01 -1.382947699471791525e+00
-1.964202988782417947e+00 -5.241548143233847046e-02 -5.614654270287803284e-01
-2.367117065367011275e+00 -1.305661259801386698e-01 -7.694264193877458080e-01
-2.155740420270520374e+00 3.037134821561586207e-01 -7.795862240121007591e-01
-2.250742059645626902e+00 -1.770846519679786790e-01 -1.171271006514760904e+00
-2.556567956783562412e+00 -6.855841095567581922e-01 -1.154193386574985603e+00
-2.466891043604123368e+00 6.255322341894959948e-01 -9.717962408392429863e-01
-1.868495386832075722e+00 2.313452076504290411e-01 -1.015777112862346065e+00
-2.222387321709987429e+00 -4.405498489739718138e-01 -1.215702093843603615e+00
-2.246169175148934993e+00 4.749732167040209285e-01 -8.083790312771376163e-01
-1.811513617817096744e+00 3.672052192736314224e-01 -1.195542648826982690e+00
-1.981968130153411556e+00 8.508290469816567336e-01 -8.804274654487785901e-01
-1.851618535591510462e+00 2.071444163270027838e-01 -9.144784644027433851e-01
-1.481604023256123392e+00 2.576934153787382442e-01 -8.275028766611891573e-01
-1.642952826973084424e+00 2.029742410921781259e-01 -1.123201211183584514e+00
-1.790878532363661346e+00 8.966390239183781308e-01 -6.942481749361798515e-01
-1.617964019297261302e+00 -2.108433147842722899e-01 -4.616781106544973756e-01
-1.803513983578058699e+00 3.609615711121746950e-01 -8.148229346177512378e-01
-1.972959780882102665e+00 -6.579922947212649142e-02 -7.854036844518161864e-01
-1.875720702287998920e+00 8.019817261859789603e-01 -1.110605163303763465e+00
-2.363293611285327778e+00 6.295434736605680648e-01 -8.711494303639879533e-01
-1.059519521336795167e+00 2.861479132009608350e-01 -1.162761458970218431e+00
-2.559149101407375060e+00 6.037332734611230434e-01 -9.689332358832808412e-01
-1.731672560921069692e+00 7.062528240302710925e-02 -7.826295365877971033e-01
-2.354631731979488052e+00 -1.307460535252435441e-01 -1.093617918258678046e+00
-2.015707353632245624e+00 2.069989557518765733e-01 -1.141065250831329703e+00
-1.842270661760239125e+00 6.533085913613059237e-01 -1.119477724009452890e+00
-2.271081928541353268e+00 6.998634563578169654e-02 -1.032911493797085356e+00
-1.933131943777796957e+00 9.511870714328005683e-01 -7.765536413568746577e-01
-2.226170329264709480e+00 1.965730099881600468e-01 -7.680205083975657487e-01
-1.876802714778930570e+00 -4.269999188340135032e-01 -7.040816403246286104e-01
-1.715919349446962672e+00 6.260410911597119599e-01 -9.163638441449917238e-01
-1.839081948310510972e+00 2.724080821605408542e-01 -6.981141622193046681e-01
-2.090262953658525102e+00 -3.612382213406733350e-02 -8.870817137728732593e-01
-1.925237735081246848e+00 7.025155393911789448e-01 -9.624293159264221131e-01
-1.922683633875474252e+00 1.701360303315558320e-01 -9.107972666428242325e-01
-1.720935111343859569e+00 4.804335529070567490e-01 -9.229752029640895250e-01
-2.161339381996336684e+00 -2.537391697792391598e-01 -8.379712191943258226e-01
-1.665578837042211324e+00 1.104569902500749601e+00 -7.865804842153111265e-01
-2.411126748595501024e+00 3.472797753758291583e-01 -9.923377442662945080e-01
-1.743023410450745159e+00 5.991979108672663701e-01 -9.099204455141927106e-01
-2.070039948555455034e+00 3.542299049731413851e-01 -1.220948419158353948e+00
-2.375784238696635686e+00 3.374689021255476984e-01 -1.255787855684527665e+00
-1.818950836137032789e+00 1.892509817348067280e-01 -1.126562832241788437e+00
-1.532484887538168694e+00 -3.174502798835279749e-01 -8.822623493637502534e-01
-1.969700685633329673e+00 6.146613226332658941e-01 1.782670853680576317e-01
-1.607840119867122386e+00 4.191852680246181961e-01 -8.548852944820279909e-01
-2.406785335484067812e+00 4.398259446470092482e-01 -7.484404800807664682e-01
-2.182875050722340671e+00 1.812574362058314292e-01 -8.638162318454551958e-01
-1.860143050608207282e+00 5.827894916596856323e-01 -1.137705865596292387e+00
-1.772722912743855295e+00 4.715992068116458547e-01 -9.508101062188566432e-01
-1.518367145278005426e+00 4.065401003998871943e-01 -8.727444768711588585e-01
-2.533939175641520158e+00 9.327821629078708598e-01 -7.993368769949673602e-01
-1.665010028403269837e+00 -3.504763451788988071e-01 -1.155086302564918954e+00
-1.879364964454096398e+00 -2.872662446963030747e-01 -1.601893737348213831e+00
-2.937891995017870794e+00 1.253047147837784259e+00 -7.509212397240165870e-01
-2.090195902490509017e+00 -7.148251332037441896e-02 -4.701472183379571401e-01
-1.674355558210954165e+00 5.398043975351739521e-01 -9.099103988013268474e-01
-2.173479074993284410e+00 -5.628085144934051598e-02 -9.714319708536302000e-01
-1.915523034347964559e+00 -1.665388650531488546e-01 -2.284379098111863460e+00
-1.625021988557577046e+01 -3.537422467546235083e+01 -6.600355811607616641e-01
-2.103301547002421223e+00 3.744627459797961189e-01 7.669968935773712956e-03
-2.322818846140743076e+00 6.540504639916630003e-01 -6.722839435837925093e-01
-1.795504380000568778e+00 -2.001105001464136279e-01 -9.247854448986548848e-01
-2.221714960241202519e+00 5.400220704014051520e-01 -1.314057554944685569e+00
-1.814279991022884841e+00 3.290587669492534006e-02 -1.152924995248113094e+00
-2.008587058832809635e+00 -1.256068042828270004e-01 -1.234903376048768431e+00
-1.914422881302103585e+00 -2.967254010999829592e-02 -9.378114392670292565e-01
-1.998097160911803005e+00 2.234839300438369036e-01 -6.087399001569812063e-01
-2.109260561697673175e+00 4.089359425053981645e-01 -9.973844398561950708e-01
-2.150475651742754124e+00 2.301767814390910938e-01 -5.595390139049366551e-01
-1.952473931670049012e+00 1.796767717733863123e-01 -7.630420627938973022e-01
-1.634433422004877512e+00 -4.915378101421683660e-02 -8.283819066045030599e-01
-2.480713240584654589e+00 4.062683668396573911e-01 -8.829828316034687985e-01
-2.068010652380692704e+00 2.942025060090763117e-03 -7.904778224126560726e-01
-1.623264599708012623e+00 6.145318836558482101e-01 -7.539692149935792731e-01
-1.786204323852521592e+00 5.102124631187581194e-01 -1.057092465023707240e+00
-1.668266823045435832e+00 3.944112991098149834e-01 -1.132265443997330312e+00
-2.093638191941093574e+00 5.090768649540087232e-01 -8.498781644078847730e-01
-2.364923094337118670e+00 7.035078042177681512e-01 -7.821603941061869847e-01
-1.676233308869193639e+00 4.303348518877172513e-01 -4.850630378441556090e-01
-2.362875461698619173e+00 -9.402298598841944688e-02 -8.879205352831783804e-01
-2.509089216392794697e+00 8.230690541161476137e-01 -8.751144792008750395e-01
-2.042757098144464933e+00 -2.816623566193680595e-01 -9.517285857836024210e-01
-2.319202350654204992e+00 4.785738543566278036e-01 -7.810738882883797585e-01
-2.666313723634417876e+00 4.557909575657229095e-01 -9.408115198008201174e-01
-2.426484612893884840e+00 5.511907504816179193e-01 -1.117655414334611796e+00
-9.700478071036603422e-01 3.653537863830960686e-01 -2.227205755159334666e-01
-9.573004105809882480e-01 6.047482444141661917e-01 -1.070824663653569209e+00
-1.760538746514110686e+00 2.938600712005238758e-01 -8.002012464001132530e-01
-1.416112688371436557e+00 3.054480874599418971e-01 -8.330196519823968027e-01
-1.854285536430183567e+00 -8.845200371619751922e-02 -9.544004227365863180e-01
-1.714400759859771473e+00 5.955395202872924010e-01 -4.082903765365994420e-01
-1.759336192139439037e+00 3.883113406398281536e-02 -9.770850908033833493e-01
-2.199032265021765298e+00 1.149187290068664526e-02 -1.068152442010621428e+00
-1.490038071691017318e+00 5.574684833982567200e-01 -1.244990088310421905e+00
-1.965571738980678385e+00 -2.825167022138330153e-01 -9.216629643083571466e-01
-2.354687357577984752e+00 -1.020392942794145635e-01 -8.266534715739893846e-01
-1.646652191309692759e+00 -2.646683943438006281e-01 -8.847524875004929568e-01
-2.421984235414495146e+00 6.480798644822659549e-01 -1.003344488097454690e+00
-2.031933219638650368e+00 -1.359474928265793844e-02 -8.620100608699625688e-01
-1.622617592303391421e+00 1.745683846251391280e-01 -8.193002828312767605e-01
-2.101552372378321820e+00 -1.934551129173540853e-03 -7.035625607482866306e-02
-2.135696445323921555e+00 -2.132277410173018806e-01 -7.605205998771368270e-01
-2.068493763667166530e+00 4.922405211625829891e-02 -8.792017222752318562e-01
-1.582830034016024179e+00 -7.055274442900925924e-02 -9.447971369875568515e-01
-2.100651664953262721e+00 1.777936925368150678e-01 -8.034676217374286944e-01
-2.413188108779161123e+00 -2.019136939415172582e-01 -8.635960218807235966e-01
-8.470703577979669108e-01 -7.454109789977368672e-02 -1.210934810834020103e+00
-1.759110918838992177e+00 8.129245804848530543e-01 -9.408756591171987260e-01
-1.708313839899901154e+00 2.190421047654568798e-01 -3.922375163177120871e-01
-2.192891142644552538e+00 -1.586701166679162500e-01 -7.130138775830093811e-01
-1.229647629973430467e+00 5.774899642424666801e-01 -1.201836294525152837e+00
-2.159844934454766552e+00 6.629346198938871337e-01 -1.069945277080899482e+00
-1.245247559199585519e+00 2.033558332594403162e-01 -5.397474580161414348e-01
-2.088766695151643926e+00 4.565219931946903342e-01 -9.302808896758628654e-01
-1.620301920337892776e+00 2.313189891934597925e-02 -2.093822743211677384e+00
-2.402871754168936391e+00 -1.639492828002672431e-01 -7.896830453258485427e-01
-2.058543263650199240e+00 -3.432388068500648037e-01 -8.356819486321522827e-01
-1.792273433302544960e+00 -2.968475120045838134e-02 -7.579963226429243806e-01
-2.131791650828059215e+00 2.682789390235078564e-01 -8.055130762716654624e-01
-2.880982656020120380e+00 3.354132677966588094e-01 -9.585024663530596900e-01
-2.225831893055392197e+00 4.504066887089242521e-01 -8.956468757997340102e-01
-1.795972021335217494e+00 5.527062446250765593e-01 -1.329216284221753419e+00
-1.777761352649148918e+00 -2.808203991843548630e-01 -8.986744615293189575e-01
-1.515609786221335797e+00 -6.800109418182154197e-01 -6.997081164305809509e-01
-2.052776596252397834e+00 2.533040529322452827e-01 -9.279538806310377863e-01
-1.818995777204627462e+00 -2.134737950004164664e-01 -6.708853198105498850e-01
-1.457153128420769050e+00 2.150707708909597726e-01 -7.723290665944344546e-01
-2.132498022144837968e+00 1.246219216686364151e+00 -5.338628822966045018e-01
-1.794021462260686040e+00 1.032667516615664166e-01 -8.923905018121442989e-01
-1.918901579718867989e+00 -7.226548554703611238e-01 -6.334038478566119679e-01
-2.381086791735435249e+00 4.001788997503940015e-01 -1.309972218572854896e-01
-1.892665077840145260e+00 1.000914446024059101e+00 2.758987735427468335e-01
-2.216653955081225646e+00 7.836694798871132184e-01 -9.429478395284753844e-01
-1.236433719061600822e+00 -6.061082918700323452e-01 -1.153961124187567133e+00
-2.232482319352618649e+00 3.608723974714341809e-01 -9.178792775895354694e-01
-1.867338585071231627e+00 7.494760680416434617e-01 -8.137369239729128623e-01
-2.230381579059310226e+00 7.652368805863912771e-01 -8.405437373531502443e-01
-1.908549116416636826e+00 4.977483243432986870e-02 -8.743057412550110374e-01
-1.867233776976906290e+00 8.084042330830357725e-01 -4.206715077982826623e-01
-1.729762325086376062e+00 6.184280889919767654e-01 -8.945126551756454880e-01
-1.946717711486029900e+00 6.296530056938983710e-01 -1.211420025506489084e+00
-2.143840089916150937e+00 -3.474107378394104828e-02 -9.277035251231837698e-01
-2.390540136185044240e+00 2.895277580509134641e-01 -8.910765888965719306e-01
-1.342168024033008944e+00 3.253577349453350975e-01 -8.823942006939862193e-01
-2.104094174409527618e+00 1.153634934996252415e-01 -1.482296341405480611e+00
-2.026030998687795570e+00 -1.740575592698854202e-01 -8.330701599061340890e-01
-1.809537426950444061e+00 -1.393995930441204734e-01 -7.815284343078455764e-01
-1.873028773591571827e+00 2.262675386558727630e-01 -8.535108689514004920e-01
-1.575830581752443837e+00 1.732703430562564095e-01 -9.556142758183531205e-01
-1.752357005909907173e+00 9.135478184858129846e-02 -2.178671903247012320e+00
-2.132170598283052332e+00 7.999978382588608661e-02 -8.291475793571018160e-01
-2.287858025227909042e+00 4.024495137623291252e-01 -9.056829691456660392e-01
-2.363868835118964284e+00 -8.604164654215344654e-02 -7.386837544890559881e-01
-2.157362355967225476e+00 3.259551118844957740e-01 -8.518375869140585310e-01
-1.312195001857342280e+00 9.034991118233358653e-01 -1.298056701521297096e-01
-1.878808336458461126e+00 4.895742606063362423e-01 -6.966496961236779972e-01
-2.022475446079714523e+00 3.980604464033937195e-01 -5.664970375920426182e-01
-1.839645292566965296e+00 -2.031122857829635309e-01 -8.566752640844204070e-01
-2.108599025877866406e+00 2.626315300131609742e-01 -9.127411935064566606e-01
-2.225926562196871572e+00 1.494182959817065559e-01 -9.661228160425878730e-01
-2.401025779186418241e+00 -4.215022374989954579e-02 -1.403211594566232678e+00
-2.225946005879410272e+00 -7.803588676138456526e-02 -9.014137628646322620e-01
-2.400884015486405954e+00 4.094756713875426501e-01 -9.006013814878071067e-01
-2.346018501094968123e+00 1.324701277340443184e+00 -6.608192042314536829e-01
-1.623210244815177505e+00 5.612487716546989969e-01 -1.162229939718325555e+00
-1.766636108669934035e+00 9.820167626179118203e-01 -1.878570576081155963e+00
-1.971656297196496155e+00 8.822411771478109177e-01 -1.344182761871297815e+00
-2.283164557037284048e+00 4.761657911227649143e-01 -6.835407042034408187e-01
-1.549856348974189668e+00 -1.395784908962352244e-01 -9.254170775269572324e-01
-1.987959294140659861e+00 4.210649385260442634e-01 -6.931831712607551266e-01
-2.183828636519199673e+00 7.026959837963582256e-01 -1.288286328485586996e+00
-2.379412401230933671e+00 5.438069068346140095e-02 -1.279973582235267138e+00
-2.154118664970909869e+00 4.831061975371775952e-01 -9.960351693782069082e-01
-2.213288972353847139e+00 1.277818079817475416e+00 -1.149017611536645944e+00
-1.448876027963417634e+00 -6.250300330098834678e-02 -9.560755561319700391e-01
-1.985681780650797590e+00 1.837865197028593078e-01 -9.689497392785714203e-01
-1.787903944605411688e+00 4.516851782318523911e-01 -9.167985137165691745e-01
-1.577682467613940487e+00 3.622250599929001114e-01 -8.791979232291450286e-01
-1.611500031481405193e+00 1.375695175746090571e-01 -8.686682237192582257e-01
-1.672332216251071424e+00 3.350716658031503981e-01 -9.059693463031487370e-01
-1.809494039628084971e+00 1.096875981098359848e-01 -9.343259924579558895e-01
-2.000145461513909595e+00 1.344857529406384700e-01 -8.135584069499973703e-01
-2.536129069339925213e+00 4.599051728344593637e-01 -5.900948258314108186e-01
-6.336083382988806356e+00 -4.023437957886174132e+01 -7.523885692792182667e-01
-1.713751568118237589e+00 5.788911439582896667e-01 -1.022216730370774984e+00
-2.786093991938521253e+00 4.833056215858801408e-01 -3.783453778245368659e-01
-1.877297207875635587e+00 -2.213194209781231547e-01 -8.646739809100715268e-01
-2.027580251497470787e+00 -1.815909891259465114e-01 -5.382313717180656765e-01
-1.655289310088207566e+00 1.529063763847439694e-01 -9.499812063982965293e-01
-2.483263263706481094e+00 4.901682527959889679e-01 2.011423440990234568e-01
-1.767543552779212934e+00 2.107611303473695963e-01 -9.568891539429122961e-01
-2.305870805472301388e+00 4.367301865281407736e-01 -9.388101412592284589e-01
-2.107721029543605518e+00 4.518525795994230987e-01 -9.009116425135360595e-01
-1.610177513228412405e+00 -1.003104265942675183e-01 -7.033282081487555182e-01
-1.508871557392916563e+00 5.412690558205052183e-02 -8.098415300788639470e-01
-1.652669162824492055e+00 1.668025381388196504e-01 -1.115842098507697555e+00
-2.520220919339826615e+00 2.941102283468391421e-01 -1.027978381565456623e+00
-1.947253975888648680e+00 4.157437632813271167e-01 -1.254941435689229223e+00
-2.393015724029567970e+00 -6.206139260134639624e-02 -8.705523423859750087e-01
-2.343329858903171026e+00 -5.950909261086131385e-01 -8.500428911930693054e-01
-2.004653539648007854e+00 4.112828986992421165e-01 -4.683387737185876754e-01
-1.628933782694238719e+00 -8.223860970977053819e-02 -1.037433384726690111e+00
-2.035568935716493666e+00 1.914116934732026654e-01 -9.328431307548202822e-01
-1.568954275905128704e+00 2.431145349898367058e-01 -1.320085045426995229e+00
-2.083134109593122396e+00 7.083735912047157690e-01 -8.637050189612609508e-01
-1.981674781820447206e+00 -1.126261882426519978e-01 -9.666437792040721844e-01
-1.687194143388830225e+00 -2.743639882765857019e-01 -1.023450481432697234e+00
-1.773478468056149504e+00 3.534847105639049580e-01 -7.808989056776671767e-01
-1.695799435861390370e+00 -1.939495729183993156e-01 -1.036200842532301936e+00
-1.698486151771175345e+00 4.136615330252468858e-01 -8.853136569520487775e-01
-1.916635991633300007e+00 -1.708619131148803316e-01 -9.135099654432621286e-01
-1.645049321043719148e+00 3.593382011065213710e-01 -8.247005547109235168e-01
-2.593928965233763595e+00 -1.027290878001571039e-01 -6.023118005104838302e-01
-1.448114637086106438e+00 6.490992308327905858e-02 -1.070591050545250056e+00
-2.501494602171950632e+00 -7.796543430688180898e-01 -5.994816409655463474e-01
-2.408036881996492351e+00 1.797548963228369767e-01 -1.031367160738798416e+00
-2.204505314289943119e+00 7.249364787217300599e-01 -9.571607453458289561e-01
-2.256680101433804264e+00 5.580893905469048732e-01 1.629422125651783515e-01
-1.912124191818583174e+00 -8.151799584311889002e-02 -8.151591844865300196e-01
-2.215359943401855602e+00 -3.781488432282035794e-01 -7.386384099513506607e-01
-2.476548934699928317e+00 4.759152844452668174e-01 -8.632878274844991706e-01
-2.125863479236963727e+00 5.646856736882012173e-01 -9.388743191159953927e-01
-2.342392364064479260e+00 5.877936366375824395e-01 -8.577373971592605617e-01
-2.168867631637789284e+00 8.090370734072112324e-02 -5.915302797526319489e-01
-2.070621053647509147e+00 -1.574290568802302337e-01 -1.267042091315203844e+00
-1.926671858257475556e+00 7.335720638483486100e-01 -1.124533336667416089e-01
-2.352058746665906419e+00 5.123295230748523554e-01 -8.577837500057152731e-01
-2.287133268485655790e+00 2.172082443993443024e-01 -8.778482737158963545e-01
-2.273634960936402827e+00 5.931289247791772246e-01 -9.453916706362123223e-01
-1.889692312677498709e+00 4.160526463190313828e-01 -8.812249000199002813e-01
-2.111686554467807397e+00 6.788366672293474346e-01 -8.424689199660564398e-01
-1.813652587900854263e+00 -5.555703091015382761e-02 -1.026089907369165610e+00
-2.099867416534916931e+00 1.210090579963530449e-01 -7.648345235352892457e-01
-2.184042853010799146e+00 5.695200836020547497e-01 -8.199009308263034423e-01
-1.267758530608542822e+00 2.002853861285887882e-01 -1.031133147691890573e+00
-2.492959930367797394e+00 1.638343183299754424e-01 -1.117599735882217171e+00
-2.003015076403949379e+00 7.888506237847826563e-01 -9.270457458209668822e-01
-1.759306301716914600e+00 1.644283304317480932e+00 -8.564171004237397522e-01
-1.463797008793759957e+00 5.351155180371460762e-01 -1.286231964318425458e+00
-2.114865035204466892e+00 5.753648110324743881e-01 -1.081101389559905090e+00
-1.860693846824896136e+00 2.786191533422965327e-01 -1.053952083102374981e+00
-2.008599355144566445e+00 2.641883748743047988e-01 -1.216002327415321993e+00
-2.087298738055888059e+00 1.266227592066677454e+00 -1.586016200866930959e+00
-2.001676346577183629e+00 3.360298427812175581e-01 -1.116431854129666279e+00
-1.557506488051781934e+00 -2.521738080630650525e-01 -2.321874393832224381e+00
-1.914251664328212144e+00 1.281531319934227975e+00 -1.144149873864984235e+00
-1.798156281257550226e+00 -2.195294855204329987e-01 -1.124669813567186427e+00
-1.754724545413930192e+00 -2.637706980914168442e-01 -5.560884850370527710e-01
-2.217214724491374245e+00 6.874259711363341907e-01 -9.934618925639748799e-01
-1.603592737310461258e+00 -1.835236648788705627e-01 -7.348803456634238618e-01
-1.962590940779993076e+00 2.726066964551658867e-01 -9.447270556388233098e-01
-2.102420873368995746e+00 3.919858709547984210e-01 -9.641982465902119159e-01
-2.225471356051102134e+00 -1.222251220291506318e-01 -4.453694459517997806e-01
-2.151872480076236105e+00 -1.038149473494900388e+00 -1.143992836183852280e+00
-2.505350337845980491e+00 2.797179054253539077e-01 -1.024195216905137595e+00
-1.697817129290690952e+00 9.076042269161398446e-01 -8.796403992597815469e-01
-1.962708425154535696e+00 3.114012730389065925e-02 -8.066412151296495914e-01
-1.668302050157347560e+00 3.496874247956395232e-01 -9.678889408574669062e-01
-2.338037175944672530e+00 5.534949776816940059e-02 -6.840295252824549754e-01
-2.568785316890572545e+00 2.653481676820601542e-02 -1.477679368255308268e-01
-2.131198459628369513e+00 1.757759300441074923e-01 -8.493177059276507679e-01
-1.863587660306011973e+00 -4.983821201242054355e-02 -8.736107028313185863e-01
-1.889066431020009595e+00 -1.160750194189949687e-02 -6.071552357972743730e-01
-2.129082943557822016e+00 8.876240783174303983e-01 -5.868444888790776970e-01
-2.379330692365339228e+00 2.525670226742672275e-01 -8.762137130854028566e-01
-1.779937144839923713e+00 5.600738978114105926e-01 -1.096698956064217079e+00
-2.182499797792487595e+00 1.032306602105992205e-01 -7.693295006639022660e-01
-2.517630628365204348e+00 -2.021827144542553134e-01 -1.143558103514406898e+00
-2.311475876471170476e+00 -9.028520017068471237e-02 -9.967618928296295699e-01
-1.897289178364530926e+00 4.865908649839151834e-01 -8.851744227080086125e-01
-2.122517271622329282e+00 6.080360540586314810e-01 -1.320133315634372639e+00
-1.839235370940270675e+00 1.468320441241138807e-01 -1.154457309600718906e+00
-2.225378475258952715e+00 1.331868167615466170e-01 -8.569654141552465187e-01
-2.385037034033638648e+00 -7.994709901097835081e-02 -8.951272050915456413e-01
-2.211459149584488859e+00 7.339088806183322600e-01 -6.053854008380434859e-01
-2.254204512147296668e+00 7.072687172035200254e-01 -1.031028332429263950e+00
-2.058916911062199429e+00 5.259793259245801877e-01 -1.042793359131793052e+00
-1.590191296462881487e+00 4.572904371653017941e-02 -7.378783696923301161e-01
-2.368556603745735956e+00 3.271046061363220847e-01 -9.281334856515138787e-01
-1.830367434335355092e+00 8.119125687282537918e-01 -9.095907404360453752e-01
-1.654180747217646186e+00 3.455894106528007992e-01 -1.121368855861671454e+00
-1.551526834233936558e+00 -8.697513014789348684e-02 -8.437967977154570143e-01
-2.077058040709919062e+00 5.182195634249533445e-01 -9.431503386989977811e-01
-1.752804659366847817e+00 5.319119549591817542e-01 -1.082400869717875747e+00
-1.702059775725446977e+00 -3.103703845824658525e-01 -5.558113293258211129e-01
-2.315432600516470263e+00 -5.588512019654302831e-02 -6.238915556769755177e-01
-2.000477159367286983e+00 7.507097417210272239e-01 -8.361959338531202990e-01
-2.140797818341423131e+00 1.021291174156883752e+00 -1.596703622062623618e+00
-1.929145454668012460e+00 8.317637979000889192e-01 -1.070257568575171625e+00
-1.934066691899801294e+00 2.548476732416650736e-01 -8.609554361370448383e-01
-1.992171816439643361e+00 3.104633679866832807e-01 -6.190700802401675196e-01
-1.556429423729465800e+00 4.677105250263161595e-01 -9.413273152202817906e-01
-1.966179791596768256e+00 7.072164282733377494e-01 -1.087679445050393046e+00
-2.002298613951633666e+00 1.119281850473782813e-01 -9.830172053515221497e-01
-1.740579099534387497e+00 2.457946941683772091e-01 -1.205813786908882967e+00
-2.267799946881114082e+00 -3.052232407973319295e-01 -8.202843410026006143e-01
-2.591830301851972607e+00 6.194670747118735665e-01 -5.989018603756780523e-01
-2.227492712295337185e+00 6.904180379528489508e-01 -7.753899194059835631e-01
-2.118129885166752935e+00 5.077123757221153610e-01 -9.568852963963152547e-01
-2.299900104146094915e+00 8.481468052645250166e-01 -1.755179795278043686e+00
-1.606138452089509672e+00 1.673848177914447413e-02 -9.061848431940610071e-01
-2.105113023797212435e+00 3.168156586073223036e-01 -1.004737545350268491e+00
-2.448612553006343617e+00 4.747542269492113776e-01 -1.151554403871921428e+00
-1.833565039377597961e+00 2.774672417983454764e-01 -2.354817053702729535e+00
-2.693164108862222239e+00 3.004644618286419488e-01 -8.502671577733407204e-01
-2.454846672748410619e+00 3.444193216173955796e-01 -1.208090698329716162e+00
-1.976238009129061890e+00 2.247978392923919155e-01 -9.834259227694451821e-01
-1.833284799103634288e+00 6.651787400991387988e-01 -1.117223781316631692e+00
-1.676711035783219783e+00 4.841741192184770881e+01 -4.083708600627724561e-01
