2.179151318649041880e-01 -1.478770761097747133e-01 -1.650223981012823860e-01
6.947466714908074811e-03 1.154289459774404808e-01 1.191797573877775573e-01
-5.895230358580269003e-01 -2.817581012649331695e-01 7.158342362666386682e-02
2.014221238553141058e-01 -6.976985579667475124e-01 -1.633557053801547865e-01
2.790586252369287035e-01 7.150999107312940029e-02 -3.436584371004755556e-01
-5.404450852870019695e-01 2.231699710858880970e-01 -3.891011250584447412e-01
1.155478731225910022e-01 -5.458571551137381128e-01 -3.294824888918000960e-01
-6.353575141154274020e-01 8.237549928228328489e-02 -1.248085240687221431e-01
-9.953440061678514583e-02 3.500644566310200934e-01 -2.905498499542236157e-01
-6.274577821661118104e-01 3.709147913773316874e-02 -4.423878486977640689e-02
-2.301519496408641896e-01 -4.409550425604975565e-01 -9.875656364514046048e-02
2.452581641700226078e-01 4.472148536214230474e-01 -5.393750209917441696e-01
-5.374680769979158779e-01 -6.612914652812008631e-01 -3.990679981616940819e-01
-2.074439915052221084e-01 2.859419758250353327e-01 -3.194349658276839921e-01
-6.268350818372671329e-02 1.977084019750696975e-01 -5.859825033749165302e-01
-4.244634163109300418e-01 -4.671988316255165641e-01 -2.534842856641105618e-02
-6.769771897250090875e-01 -9.198257569472310102e-01 2.163931226896344262e-02
-3.642604214302742616e-01 -2.805162683260263856e-01 -3.231246434050344951e-01
-4.041658368690683178e-01 -2.669916576878549885e-01 -1.211418541176750435e-01
-2.844036343906385378e-01 -1.041865773329316430e-01 -2.880265044143081044e-01
-3.792428078166048405e-02 1.159714976606526921e-01 -2.967473779652422539e-01
-1.058085695989059022e-01 -1.342378007000796236e-01 2.860426920296572639e-01
-7.038801913347234596e-01 -2.528595181965977434e-01 1.791210076677395013e-02
2.234562026645832145e-01 7.705490007031100541e-01 -1.794651431876891634e-01
7.300759963239845662e-01 3.262157075399411965e-02 -2.957514594311729250e-01
-5.219443504856750016e-01 -5.717793507229526062e-01 -2.863639350412977569e-01
3.602730643586028736e-02 3.187120104382969998e-01 -3.142357110643531071e-01
-5.282272360421648161e-01 7.755292384537580963e-01 -5.698599175176333187e-01
-4.736041877733688787e-01 -1.232265756082761288e-01 -3.657872359074816893e-01
-6.176133318630694369e-02 2.508837528679013218e-01 -5.466974095585567239e-01
-3.415953677809289712e-01 -5.944370200985443081e-02 -3.086273356284751634e-01
-4.786046640754731407e-01 -7.348078573797477420e-01 4.168503233979792832e-01
-2.613325198677086125e-01 -5.022272005964275587e-01 -3.084373778196993210e-01
5.768280174640791347e-02 -1.155475241032914546e+00 -1.600594895568403786e-01
-7.092376094547746535e-01 3.961136871598817076e-03 4.478909189824020198e-01
-3.655307017922908575e-01 1.378788274851519280e-01 -3.049382604212441117e-01
-2.112602724826792289e-01 -6.597054838187140779e-01 1.872882349557604756e-02
-4.598404710671247786e-01 1.383088817265394621e-01 -1.635788709585928591e-01
6.905965981055467440e-02 -6.951460127521956744e-01 -2.681410604023453104e-01
-6.513798473317806703e-01 -4.676801266716418271e-02 -5.010615545752337141e-01
6.868611423142139127e-01 3.514231794119188623e-01 6.392940407782878864e-01
2.740180645998856884e-02 -1.786846319919555282e-01 -3.366840195633252208e-01
1.229473031666475508e-01 1.140667845474929581e-01 -3.419393461634657738e-01
-2.247400890380536476e-01 -4.437778878953770323e-01 -4.083586105662536103e-01
-1.160827293581465913e-01 6.616234628980178778e-01 -1.415611769306863721e-01
-7.585939145918371707e-02 1.546445086645514833e-02 -6.808134906860237312e-02
-2.820209266967866335e-01 -6.302071670424911343e-01 -6.608195587942224947e-01
-7.247230419854379102e-01 -4.071301399117017161e-01 -2.720377020149084002e-02
-4.024799218107223964e-01 3.440723376556830693e-01 -3.027961905218021221e-01
2.613857207351712522e-02 2.546181911354690186e-01 -4.793071743351546288e-01
-2.193123043119159232e-01 -4.656412996963467110e-01 -4.250911595163379963e-02
-1.867493934162946512e-01 -7.011827822454617110e-01 -6.422003789112303851e-01
-4.226252235762600340e-01 -1.122583914444374165e-01 2.299255102749327151e-02
-5.040901950565530587e-01 1.915673054162021216e-01 -5.027262440600072102e-01
2.515779747538361422e-01 7.046426023473442157e-01 -1.136320651113208013e+00
-4.397241657775679408e-02 -3.571368092058765931e-01 -8.545233548371838905e-02
-4.988811004699798546e-01 -5.247169633617013856e-02 -4.103051500669460672e-01
-1.040852175217144189e-02 -2.609972601019975857e-01 -2.363715263890676654e-01
9.869307678202452472e-01 4.331492313663962146e-01 2.641842984689639628e-01
2.002340329903010974e-01 -2.457987882654545653e-02 -3.444656897615660518e-01
7.673593203177034860e-01 -7.702834473327997422e-01 1.675755332333972794e-02
6.985601140887860439e-01 -2.004750400450862335e-01 8.514982039101133549e-02
4.254772562549579140e-01 9.102710756396656944e-01 1.060940889639132648e-02
1.585436456302663499e-01 -5.746589765215576878e-02 -1.128380651911800869e-01
2.018219698229488657e-01 -3.592945708196885329e-02 -2.664677862422992760e-01
-3.093696260611629167e-01 -1.705728932747199722e-02 -3.136994153734031787e-01
3.882231417992376005e-02 2.355995789749472935e-01 1.633882860701246775e-02
-3.855758375278895977e-01 -3.293561546582857713e-01 -4.289809832139517276e-01
3.798975372737291301e-02 -5.198039240679946937e-02 -1.555706215960237226e-01
-6.808446520012890746e-01 -9.705031505359283661e-02 7.677030471695031055e-01
-3.042148421071501629e-01 1.354572768293630103e-01 -2.466167304471670041e-01
-2.688467053180646493e-01 -4.183171004881964250e-01 -1.788577184535002432e-02
-3.475414065225997939e-01 1.813189185194202246e-01 -2.902887194319040409e-01
-3.746100073126961694e-01 -2.006156697970725156e-01 -5.016475934407063075e-01
-7.187375059875671379e-01 -2.865449553466410670e-03 -3.459791533405918162e-01
4.483084394921670879e-01 5.262900556230089288e-02 -4.553551092725118266e-01
-2.842774657638083569e-01 1.128944986989756927e-01 -1.007456370711070859e+00
-3.180994846029442380e-01 -8.013974904323456494e-02 -9.800542731998798107e-01
-2.968615279641532295e-02 -8.632516347169008619e-02 -3.654276709526041444e-01
-1.587230420212691062e-01 2.023596611118155530e-01 -1.627584110331928569e-01
2.149322597968575388e-01 8.475465263951563466e-02 -2.826141097502372634e-01
2.779603621092961996e-01 -1.904021386046610143e-01 -2.196050738407348268e-01
-2.592699462835425517e-01 9.791467122130798062e-02 -3.762264373273150886e-01
-2.887763682530775089e-01 1.490932159365171150e-01 3.380519117369609750e-01
-5.415413151121226676e-01 1.150636563547828145e-01 -9.674233391187957165e-02
1.907864621974436625e-02 1.646984891777063253e-01 -2.011476077348392510e-01
-1.764583123278350429e-01 1.807184492249378771e-01 2.511688570002947388e-02
-6.900228903639336053e-01 9.392651023606971017e-02 -3.107164897164116923e-01
-2.054810967105756558e-02 -5.554707548614976065e-02 -3.588940516859767116e-01
2.401768378657925460e-02 -1.113488269331239788e-01 -1.999390063787727934e-01
-4.428916727387077201e-01 -1.041124766010726871e-01 -5.321541544562796711e-01
-5.586171666298963556e-01 1.992007816589875246e-01 -1.992899274324091974e-01
-6.284230309463914033e-01 -2.085854753335394385e-01 4.962777824140727212e-01
2.914346477041082628e-01 2.019901738812170458e-02 -4.113175432907808515e-01
3.168834582715207571e-01 -2.818178997013727760e-01 -4.376901371929792228e-01
-6.466931664294143234e-01 -3.869771612035532438e-01 -4.830058285899382908e-01
7.059999312617629696e-01 -3.781982389387248400e-01 -1.225430567023426232e+00
-3.324955346005271650e-01 7.557101819110284557e-02 -4.901943503093825205e-01
-5.126967116029385041e-01 -2.255516437868848034e-01 -6.237007983288274104e-01
-3.610176898456967098e-01 -6.470509761730512954e-01 -4.399614165250489428e-01
-4.798593211973213868e-01 -1.270492179449602410e-01 -3.667644821207053929e-01
4.151854540781940890e-03 4.418846128229202419e-01 -1.583419836052688545e-01
5.630215196532099009e-01 -2.202587593718255410e-01 6.798178593842077455e-02
-2.680293975491047087e-01 -4.113609266186722402e-01 -3.154071726399013675e-01
-2.437539824760230345e-01 4.046770849700285777e-01 -1.862396595331411164e-01
-6.394638525413375296e-01 2.226639514809723996e-01 -2.594126377451216325e-01
-5.683416335030788691e-01 8.953508316395097921e-02 -3.303927989421570066e-01
7.231658596347096957e-01 1.694886139708318140e-01 -8.643686313911135011e-02
-4.506573704506589562e-01 2.614791230775294698e-02 -3.978937099217718654e-01
-7.185388720975527388e-02 2.613094819212531394e-01 -3.725746751306778792e-01
1.465150336281956511e-01 3.193458512633355895e-01 2.823454956984774999e-02
-6.156611132538907238e-01 -3.158696188296835072e-01 -3.376332144326156248e-01
-4.976300880122115911e-01 -6.494407367716358292e-01 -5.227665529374160291e-01
-6.304227944984496235e-01 4.801000978148001752e-01 -6.182823280710548763e-01
-2.138694883208309971e-01 1.777368983031351324e-01 -6.295803430681071733e-01
-5.904744815863187390e-02 5.230399644263630798e-02 -2.464846266366005900e-01
-7.050008088030641495e-01 -2.184620055610974887e-01 -3.504530252733547568e-01
-3.029903171475609724e-01 -4.583424827603461149e-01 -2.024619018642947466e-01
3.715791124776494647e-01 3.058451842595711484e-02 -2.794263391123417706e-01
8.713101081625138078e-02 -2.919895162814318268e-01 -1.218927513730996975e-01
1.007781944014591868e-01 1.039696340376334571e-01 -3.353394421426378891e-01
-2.913071054060944465e-01 2.897275204138248794e-01 -6.245325728479660388e-01
-5.498815130383336025e-02 -6.744031620788666359e-01 -2.020516314295840721e-01
-5.778304549168740145e-01 -5.434228590893391830e-02 -3.071603044666411653e-01
-3.060006673822687873e+00 8.783391477385634971e+00 -3.091649241597513864e-01
2.316635655515059955e-01 3.603376012746767887e-01 1.072902733510753825e-01
-9.207453707733387338e-02 -7.868668217377801366e-02 -3.595389591248442374e-01
-8.008086910651422696e-02 1.862008280736943688e-01 -3.781167054833572960e-02
2.316756413579938029e-02 -3.306923934699211309e-01 -2.699712767352150378e-01
-4.889821216153214523e-01 -6.358001032072684022e-02 -4.022788585978647746e-01
-1.505939385050930335e-01 2.792378785158178278e-01 -6.572939534278159357e-01
-1.527931008332127361e-01 9.486388615059836160e-02 -9.303041318952288974e-02
-1.788951621235024547e-01 -6.325171396032478466e-01 -4.167940602824170560e-01
-4.696312352856958916e-01 1.683146678253787942e-01 -3.010903684006087100e-01
-4.055020230883135124e-01 3.579011130856856182e-01 -2.731852974544861645e-01
1.659574580337996874e-01 8.135305337919001012e-01 3.201361974154104950e-01
-1.946816504783062673e-01 8.291368027610782065e-03 -3.078342439959332877e-01
1.992999129233550548e-01 -3.351289417584654706e-01 -3.301641969905829699e-01
-7.955124454995214922e-01 -6.443115199667748261e-01 -2.232122757118163159e-01
-1.315217370235245709e-01 -6.125103224591826878e-01 -2.382950706888259385e-01
-2.731337467507096717e-01 -3.774951742235601038e-01 -3.077698910290586065e-01
-6.505276634914536338e-01 1.755202524581578050e-01 -2.527050932543649098e-01
-3.498818096000053113e-01 -3.164037221883789219e-01 -2.879861391949590232e-01
-5.687847779764209077e-01 -3.654354539178633621e-01 -2.503071851573792084e-01
-3.958842436581609947e-01 -2.757328069948553062e-01 -2.075908185054564370e-01
-6.583541754609545382e-01 -2.445551891128107114e-01 -6.522405877271535146e-02
-2.914782096136387390e-01 9.744253892074986045e-02 -2.459098664928826561e-01
-9.272494069588273213e-02 -1.612198118132997238e-02 4.753117752171441730e-03
-7.600570535980817333e-01 -2.777740913825724189e-01 7.625431097686119833e-03
1.828547875862293892e-01 -1.287280629716905933e-01 -1.660548668979622278e-01
-4.004833538243847135e-01 -5.875111598861616075e-02 -2.965552758539575229e-01
-3.714395231516476326e-01 -1.631122446219479272e-01 -3.172391745629067339e-01
-2.833755318216955171e-02 -4.217769959447882355e-01 -2.607982744719035684e-01
-6.831241752447626547e-01 -2.484112652134132584e-02 -3.127461684367806583e-01
-2.089638918420159697e-01 -3.758965867914293435e-01 -2.410100921443634747e-01
-5.988559936776225445e-01 -4.679996605518009778e-01 3.980295772157010359e-01
-3.823126652076095366e-01 1.554972299857537155e-01 -2.939622006109328667e-01
-1.013935778616210752e-02 -5.690318483981202657e-01 -5.121287878173699237e-01
8.516854854962891963e-01 7.722840163237876254e-01 -2.903873144273469431e-01
-5.277632454285283714e-01 5.718827009227149538e-03 -3.897132466710301335e-01
1.264190564945696579e-02 -3.954605274147605098e-01 -5.904208193045351605e-01
-5.893827925661094813e-01 -3.196265357156120035e-01 -4.538325246750092856e-01
5.164641819978257331e-01 7.732415283623653712e-01 -6.194585747860684860e-02
-9.950793023841174312e-02 1.981191401433721744e-01 -3.495083514438103722e-01
-1.727479436144120084e-01 -5.688481942499641342e-01 -2.215098601995428851e-01
-2.279357187420766317e-01 -8.419630267994476780e-02 -1.974301785605476200e-01
-6.796972103182984393e-01 -2.102999678520690308e-01 -3.751502797312578630e-01
8.556422034909816343e-02 -5.543731643694325140e-01 -2.583065942448490859e-01
-6.253611408457383503e-01 1.251785708655583571e-02 -7.193145675909552728e-02
1.175391237724555255e-01 -2.808684865298236577e-01 -2.962379549758965003e-01
-8.883322605607774092e-02 -5.987803511574302240e-01 -1.507898629649931932e-01
-1.795742380075183720e-01 2.670277965279146959e-01 -2.742800695888972240e-01
6.258620066875769661e-02 1.241984576404602525e-01 -3.417910441924547071e-01
-1.436498331874139223e-01 3.034974367094341319e-01 -5.268920476875544878e-01
4.371251538202413633e-01 4.120009293766146441e-01 2.201287246344766912e-01
1.262574658780016290e-01 4.598098013693702885e-02 -7.847683285189298308e-02
5.876511886008095077e-03 -1.923602982153824192e-01 -2.453594038945104139e-01
-7.357873543668987937e-01 -1.531616313693234810e-01 -2.794027218446293870e-01
-2.974298073155253741e-01 -6.919194327298372471e-02 -1.798197049203859865e-01
4.894955436252911712e-02 -2.919810971622208845e-02 -2.987854021724423714e-01
-1.672034203799097341e-01 -2.707587231681034545e-01 -2.732556774297238977e-01
-6.912220991876252274e-01 4.698051716030356498e-03 -3.951691491246041577e-01
-1.916698079425774304e-01 -2.329821307783719042e-01 -2.646198207827554771e-01
1.139771559677017626e-01 6.362920422548790089e-01 -1.528518321120094225e-01
-4.064447857629306937e-01 -3.264251113067859755e-01 -3.358454527542248380e-01
-7.135476508923220829e-01 -1.897707993384727954e-01 -2.049888238418366704e-01
-1.656165779073429101e-02 -3.349723325170572696e-01 1.702895025046849975e-01
1.408057924810291461e-01 -1.024506849009646919e-01 -1.157948443753989282e-01
-7.479268906037215281e-01 1.067111060515645721e-01 -2.573583082158423241e-01
-6.017486455364838838e-01 -3.029708743027320628e-01 -1.076726242706343706e-01
6.670611428291790546e-01 -5.288791910696617471e-01 -3.314535866149311838e-01
-5.499527555332458517e-01 7.154475361521793475e-02 -2.709677650509261654e-03
-9.545655623876162510e-01 -1.366895508240260071e-01 7.382784237325981103e-01
1.161948880860480399e-01 -2.480401726008872043e-01 -4.327457309451492873e-01
-3.531222704077589536e-01 7.113299455088165635e-01 -2.297017716154079337e-03
5.502139977416906635e-01 -2.201071920108302604e-01 3.943696507747455893e-02
6.433448501581032763e-01 -4.171184286068013169e-01 -1.471258374607630204e-01
-2.103181544931573277e-01 1.799580083299758826e-01 -5.819762016722002107e-01
-2.508584141725187511e-01 -5.944050995448522112e-01 -2.441466068034814363e-01
2.289233815757186208e-01 -3.325315364216019920e-01 1.851554317987709128e-02
-4.721325394865596992e-01 -3.943739027478384562e-01 -4.252424061661873034e-01
1.712256639355785037e-01 -5.095729549467876707e-01 -6.703335319315768537e-01
-3.144158797984992204e-01 7.395725038852200839e-02 -3.296387559343174622e-01
-1.197519486871801986e+00 -8.144279398663524239e-01 -8.726629282779155283e-02
1.641244679642898940e-01 -6.919271896841347469e-02 -2.293137172945851621e-01
1.489625838400876479e-01 -5.813142290103315846e-01 -1.770500842613475234e-01
2.915881764067500548e-01 6.395228098079823453e-02 -2.621187640908076433e-01
-6.532821584922367773e-03 5.473360251095102380e-02 -1.343186922524722271e-01
2.319198760385704147e-02 -9.479747347005791636e-02 -1.301834242396256724e-01
-2.112861431620423336e-01 -8.066673250216763180e-02 -3.720091113117715564e-01
-2.964563491171667842e-01 -2.795933802076619457e-01 3.894003513775481928e-01
-2.704171950954774584e-01 -4.779566675456055624e-01 -7.306960699205076182e-01
1.552709804768684365e-01 -2.169786791322906028e-01 3.533044596024150982e-03
2.242970980957202931e-01 1.429585501628684308e-01 -5.449126156254875397e-01
-5.015019137447842557e-01 7.724557245337309030e-01 -4.636660857490731424e-01
-7.039599398255660390e-01 -8.634200843182799900e-01 7.310855547389158438e-02
3.233824273105414537e-01 -1.841620869811043115e-01 -4.841790676340129718e-01
1.483699443989185129e-01 -2.855441681742474924e-01 -2.185564563135358740e-01
-6.097759859700364604e-01 -1.151653852024097369e-01 -2.111286856983334292e-01
-7.352667069952063816e-02 -2.672979660794200848e-03 -9.990873227381180666e-02
-3.523185065081675948e-01 -8.691423857953961551e-01 8.930067439656961259e-01
-2.896408807174028280e-02 -1.107740569956414262e-01 -3.360206696382312952e-01
1.592202965647687707e-01 1.689477830802686986e-01 -4.228922334409079831e-01
-3.920225229782016152e-01 7.318387258405877061e-02 -3.535711681262758144e-01
-6.309830599896161241e-01 6.682949926072531688e-02 -5.880595564646795559e-01
-1.266772870832952660e-02 -4.999820476045321871e-01 -1.275526524240105042e+00
2.817377441604471122e-01 -2.371219926582059656e-01 -7.094182093436930681e-02
-6.272969050300697402e-02 -4.309466902544633604e-01 -2.985229399064895928e-01
-2.416064970997073569e-01 -6.745409989366241144e-02 -3.578105151775584081e-01
-2.551366288048880215e-01 -3.958810841180582241e-01 -2.783857977759103264e-01
4.731329408984987772e-01 4.621297878795376235e-01 -7.374347525223140520e-01
-3.048827122103370865e-03 -7.773958612318087047e-01 -3.623762041691307445e-01
-3.580647866826001668e-01 3.319139872620862075e-01 -1.259459217076246140e-01
-4.465669265870900739e-01 -5.431414050168047458e-01 -2.610236039589429180e-01
-2.163856815700784808e-01 -7.100610582527032422e-02 -2.738652104938342768e-01
-2.421356644665284830e-01 -5.941490018904285186e-01 -3.943446840899786365e-01
2.040444384970298286e-01 2.052801841624004309e-01 -4.250585716082317944e-01
-9.628395996052280248e-02 4.794115833006280976e-03 -3.319870765351099484e-01
-6.757144183911513169e-01 -1.196336193948943812e-02 -5.744563881217782386e-01
1.314384907368937039e-01 2.266788134313124092e-01 -3.599253382824832426e-01
-9.973004186869074972e-02 -6.370723447209468704e-01 -1.344229773120089733e-01
-3.892618312913809775e-01 2.535414532838537460e-01 7.545785580787517377e-02
-5.194798338114432479e-01 -1.651664839025976106e-01 -2.907576942811339604e-01
-7.428650641859096959e-01 -1.861772388320738839e-02 -4.833743849624663191e-01
-2.099758491515779646e-01 -5.196890853379427799e-01 -5.396429406940191909e-01
-6.438072031490836844e-01 -4.396268058229220732e-01 -3.457517482524601338e-01
-5.827482380574405818e-01 2.840410459264314236e-02 -5.693397749500700433e-01
-4.145191476628667382e-01 -9.342432498486427095e-01 -8.431633759282451679e-02
-8.163611075216814505e-01 -9.134549809535481568e-01 7.942169140260423310e-01
-2.878030684800917616e+00 2.200647929569968575e+00 3.986434790073767331e-03
-2.821913565459522322e-01 -4.011828536782571092e-02 -2.600829424689625746e-01
-5.697238359655358853e-01 -4.210196776494657955e-01 -3.585591496241423703e-01
1.053743190479218272e-01 -1.759867105420941380e-01 8.744994124142149716e-02
5.352875128659659310e-02 -3.402698561797334181e-02 -3.123177451352536216e-01
-2.998318055208926691e-01 -9.230350897340513505e-01 -6.540302682487145747e-01
-3.993759952102324817e-01 7.938449287390436648e-02 -2.015157887806159343e-01
6.177697165764857445e-02 1.258126046338161053e-01 -4.493048746487523504e-01
-1.138735611443347645e-01 -4.224170235983799038e-01 -2.682552925166718505e-01
-2.438888008331951129e-01 -4.720795102452892134e-01 -1.589236488899577193e-01
3.021610142343111871e-01 1.034865299511888992e-01 -1.076854737713089927e-01
-3.529152394021058403e-01 1.294380613051554496e-01 -3.548459516427990845e-01
9.641967730442051188e-02 -4.128741794512992280e-01 -1.599107321096680523e-01
-7.407810232025934249e-01 -5.454194965686083585e-02 -4.182040812739949986e-01
-9.276419291377008269e-01 -2.132625492159215819e-01 -2.531484880960588324e-01
-2.390440148737064674e-01 -3.720595313402493276e-01 -2.176192169712186653e-01
2.762077446955413240e-02 2.776110865803418926e-01 -3.393819459374936010e-01
6.447589073120488234e-02 -4.257324450838516627e-01 9.369779012077958380e-02
-6.147640531703907341e-01 4.593221660534327344e-01 -2.609213346166751601e-01
-4.848785932328381065e-01 4.442793768227558393e-02 -3.096497892046680689e-01
-9.406375640470819866e-01 2.798724051605324115e-01 5.661925630864019787e-01
-6.941602748258822730e-01 -1.189687348982279430e-01 -4.100377988486414993e-01
8.230451565642614431e-02 8.825899850651940104e-02 -5.300432723163189114e-02
-3.564087525855670346e-01 -4.317458685455598522e-01 -2.948720282183384112e-01
-2.470360199008338198e-01 -7.450308460800293409e-01 -5.200483574874226189e-01
-1.294954779366853936e-01 -4.629666168165183504e-01 -3.082618822329374897e-01
1.424541392575630061e-01 -2.340590102808356443e-01 6.805942234624588749e-02
1.198760873505889391e-01 -3.950788581057645410e-01 1.817974157133446858e-02
-4.247112649442236765e-01 2.346989474915110729e-02 -1.902338568400183949e-01
9.224735960858898576e-01 3.876032269641322414e-01 2.347286692373340977e-01
3.011932117572482803e-01 1.845339632351656323e-01 8.710922119214500881e-02
-5.910658365851317875e-01 -2.392748949924317081e-01 -4.753847495717701266e-01
5.197752567057530720e-02 -4.062735495905484551e-01 -2.197652147956944968e-01
-2.674202766659349306e-01 2.903814285865211411e-02 -6.852186107231633683e-02
9.788787429164311216e-02 1.011329240928787593e-01 -3.233107204275377233e-01
-3.371263671918235671e-02 -1.510274842594502565e-01 -1.912446570484778730e-01
2.736690870815816634e-01 -3.600404010700917201e-01 -1.124375513971228868e-01
4.737952187179859942e-02 1.768730666998877959e-02 -4.542004058138518485e-01
2.000276964817390146e-01 1.654720647955323642e-01 -3.270017732003938082e-01
-4.361691120422395707e-01 6.893015985721670513e-02 -3.293611197801697976e-01
2.821207304161867380e-01 2.623017914882174936e-02 -5.991227390288708099e-01
-6.873513355047867757e-01 -1.369150951590386578e-01 -1.880510576714855275e-01
3.095483134340494824e-01 -3.488900716885804526e-02 -3.165367300881733459e-01
-3.883042622455862847e-01 -1.920640342571272308e-01 -3.080065480455282390e-01
-3.380964717011530896e-01 2.273136223720778615e-01 -4.771922838528953048e-01
4.058910640673615844e-01 -4.123212636912574891e-01 -3.658649637618396899e-01
-6.258888912730675713e-01 -3.152729209435956581e-01 -2.445668836458508300e-01
2.515795938836423717e-01 -1.658933640120439645e-01 -4.528620687316838866e-01
-1.215769387068994511e-01 -3.361162119946682347e-01 -2.457789264537453278e-01
6.089167601267629903e-01 5.396521885369862659e-01 -2.160728903823176672e-01
-5.423343264153815957e-01 -9.349205532976689881e-02 -2.981686849231401371e-01
-1.426896452687268502e-01 4.643688395635232058e-01 -2.222059673197366303e-01
-5.493533074190235510e-01 -2.310408721391513931e-01 -2.929208012401402494e-01
-2.169323343205941182e-02 -5.509505796850531212e-01 -1.814979503189144850e-03
-3.142763554193500619e-01 7.921844949575172767e-02 -2.541397915426971688e-01
7.642359048165237034e-02 -2.767828636585680235e-01 -2.985268961046979030e-01
1.145651534757921863e-01 -3.609731588282072412e-02 -7.107793771854977738e-01
-5.546595917391035080e-01 -2.412536430085573946e-01 -1.697153545000104277e-02
2.523796699579819447e-02 8.826582768507207355e-02 -5.776611997773869467e-01
-3.267554283305130758e-01 3.127769187030191578e-01 -5.025471021029435104e-01
-2.222531476167301234e-01 1.788343150784160451e-01 -6.438072153367166983e-01
-9.243957965574650659e-02 7.679747534863065606e-02 -3.454238762033450816e-01
-2.810938828492660635e-01 -3.636853643371690814e-01 -2.843826340435651745e-01
1.694701347599580632e-01 3.079056581061133113e-01 2.503395358481442026e-02
-3.013430978720158526e-01 3.959120801031346115e-01 -4.035012191065684428e-02
-6.905915933302023690e-01 -1.119030527229845917e-01 -3.874875789693603134e-01
3.217730433838501825e-02 -4.793788852081949936e-01 -1.573838482767593028e-01
-5.993702127392309675e-01 1.185409215922994253e-01 -2.522654749615936831e-01
2.646099036341912833e-02 3.370872442608394137e-01 5.192245013245849750e-02
-3.978780948871625811e-01 2.040683548410360260e-01 -2.494369016094802327e-02
-8.081414739414534143e-01 -2.528262137730384329e-01 -3.998577539760100885e-01
-3.083390321173624105e-01 3.842197457277324868e-01 -2.167658613131888401e-01
1.368356246502223372e-01 -4.637674302611903276e-01 -4.636017166083168384e-01
1.885778327303984717e-02 8.608685494655349268e-01 6.430299968399857402e-01
-2.777054234064984389e-02 -4.643285856973118630e-02 -2.253050390630735866e-01
-4.592772971004920879e-01 1.121987975703154505e-01 -3.452849039427821620e-01
-4.991193329646147481e-01 4.654036188417597780e-02 -4.153029036827917686e-01
-8.753736183657413461e-01 2.733633707580275796e-01 4.226141605196950812e-03
-5.707365662749026569e-01 3.086998234660948831e-02 -1.840023708905003386e-01
3.701335760783210083e-02 -3.086451220269795792e-01 -4.165348010521927047e-01
-1.960233333670985401e-01 2.904979957629246212e-01 -1.583896460060741362e-01
-2.386784926486428815e-01 -4.552976866458730565e-01 -3.115766370951136288e-01
9.595555835759721208e-02 -8.275769867816226699e-02 -1.514332904026484128e-01
-1.564726799260703072e-02 8.421140176995027815e-01 -1.876528348191144890e-01
-2.133586392879050775e-01 -6.086629465714969989e-01 -5.621012545560180040e-01
-4.194821426797316066e-01 2.201925207646181770e-01 1.139900411711452094e-01
1.074563245387034627e+00 -3.961266326534932936e-01 4.254027380517286239e-01
-4.482079684176461520e-01 7.605449204846657929e-02 -3.496187801021832242e-01
-5.986427611032914958e-02 -6.091046287466860693e-02 -1.393476660952641111e-01
7.053639324978642211e-01 -5.394146518935245549e-01 -3.484087371761037527e-02
1.162030058558039675e-01 -2.054623670098212809e-03 -4.124856139386104958e-01
1.294861308960826574e-01 -2.888223868430609964e-01 -1.583873030488843203e-01
-3.076259598069083778e-01 -4.031861019162959886e-02 -2.021878904586155989e-01
-1.956543303083369545e-01 -5.841337192568861747e-01 -3.297289019599219384e-01
-4.135959714251205566e-02 -3.672671984798349387e-02 -1.363475258234241316e-01
-6.769565797289796294e-02 -2.038287112665743833e-02 -1.357126348098784685e-01
2.298255143879513948e-02 -9.702223737713080998e-02 -2.776455088336223787e-01
-9.489213461653945858e-01 3.900247079757132584e-01 -5.149351683742253716e-01
5.386393784801699058e-02 -3.141349444679850111e-01 -3.208747340008045179e-01
-6.112871854879561306e-01 -1.087934050310922496e-01 -8.585703849134185273e-02
-4.626467234151343533e-01 2.581743014104547762e-01 -9.091980098351913619e-02
-4.163489869752545203e-01 1.524964296238759398e-01 -3.472420626726080983e-01
3.130864446154295599e-01 -5.380353028152980999e-01 -5.160799526089563383e-01
-6.195060432406396256e-01 -3.842822605188361273e-01 -1.688322662845874733e-01
-3.804684241408015088e-01 -1.852241863555187662e-01 -3.579277870942834117e-01
-2.393098013272111635e-01 -6.123735797341707254e-01 -4.652141282301336389e-01
-4.418089278102405593e-01 2.493711070300088858e-02 -2.064790221409210647e-01
-8.166434606797626783e-01 -8.922080391481729267e-01 6.586164819934994252e-01
-6.316694188142295552e-01 -1.013505130157645651e+00 -4.778638510341756129e-01
-1.945412730637082754e-01 -5.506274953712648745e-01 -1.180917226386023478e-01
-2.319227379456971494e-01 -9.580075903328485465e-01 -6.578992590068339918e-01
3.088043939184995645e-01 -2.528887568161264920e-01 -3.876014659582104338e-01
-5.874119944253345382e-01 -1.953000258819193868e-01 -4.182017571152832347e-02
7.879450939987046043e-01 -4.550362944781933261e-01 -9.972388294600409431e-01
-2.873964030147694304e-01 6.682650936252104712e-02 -3.142836983748563129e-01
1.518354636898481547e-01 1.656518705111792722e-01 -2.159962163401167590e-01
8.087716928390620286e-02 1.875248146970785179e-01 -5.829605837865026174e-01
1.042788070212996437e-01 -1.131452876755486558e-01 -1.244087210387833320e+00
1.865664904267060886e-01 1.514470641870931111e-01 -4.671984881855981708e-01
-7.214330941080862244e-03 3.550045820324371215e-01 -2.577373659060249733e-01
1.612312119502123109e-01 -4.509539912364621816e-01 -2.944428824519148558e-01
-5.365353985646800217e-01 -1.137619312608917077e-01 -7.335578480606537444e-02
-3.870460798759859378e-01 -2.881836133384950149e-01 -1.095468777208046529e-01
-1.543048972641162912e-02 2.052147175553707681e-02 -4.598173731583306001e-01
-7.010355252887807698e-01 -5.359655763920767590e-01 -4.744642026096863030e-01
-6.314341602522001828e+00 2.502715936022298582e+00 9.802534769534720915e-02
-2.637471924027708914e-01 -6.986056945276255536e-01 -1.408224627266507212e-01
-7.041837201345757524e-01 2.033094156306969602e-01 -1.940062011854100099e-01
-2.658961680443545084e-01 -4.613881271220608427e-01 -1.981330839491405871e-01
-3.233812282824048978e-01 3.146543622029427945e-01 -5.056874039494764217e-01
-4.707279465656444839e-01 -1.026990580336202274e+00 -5.122330813165192342e-01
-1.190466563726037208e+00 -1.027850485670638025e-01 -1.550621294529053451e-01
-4.985736603496491726e-01 -4.421750162650565641e-01 -2.559606835617039278e-01
-3.466933045656594437e-01 -1.806817127783975629e-01 -3.927892271788734901e-01
-5.478169976790800977e-01 -3.615417221868924558e-01 -5.655260586583011895e-01
-1.705725953558229480e-01 1.769034963281173878e-01 -1.650260124428102881e-01
-5.879733662411625872e-01 2.871776542858494041e-01 -2.783801069346166779e-01
1.365890289963514470e-01 -3.804319220985028505e-01 -4.601360451568083376e-01
1.339346546261293291e-01 3.218793552704276445e-02 -3.839449845641136894e-01
5.707050963132190291e-02 -2.863411662028395727e-02 -3.255484130238801566e-01
1.565909276837959552e-01 -9.211874609522145985e-01 -2.422245233753568816e-01
-4.617692929369690211e-03 -4.775704612331969079e-01 -6.298552163674214777e-02
-1.889925867301315288e-01 7.028105105962111077e-02 -1.122206238669442857e-01
-1.085861162981175854e+00 4.506422495606822176e-01 -1.073402893209180364e+00
-4.594187049152119451e-02 -1.630673193195475434e-01 -1.962728970173294729e-01
-8.261075773932373412e-02 -7.429619666887006535e-02 -2.457847926592156562e-01
9.984359756689225110e-03 -1.588863611473320669e-01 -2.788202175841830166e-01
3.342819859197933008e-01 -8.561868142582772512e-01 -1.271988612608847768e+00
2.410791758734064441e-02 -5.996184967086759521e-01 -1.579743691563813557e-01
4.359613403186357594e-02 1.183460307753339130e-01 2.019989682432907219e-02
-6.953583351624509357e-01 -7.209006877899462040e-01 7.331195370456192739e-01
8.657733042052150052e-02 -5.836882455370088207e-01 -3.732227369304455533e-01
3.363053952065758051e-02 5.171369282345604501e-02 -2.175091844308042477e-01
1.226137528450737396e-01 6.235706590949224859e-02 -2.782859161390308644e-01
-1.324938206164913701e-01 -5.226281909544526760e-01 -4.800141225369211062e-01
-4.086594055126166469e-01 -1.947154327938508123e-01 -6.186929015781579277e-01
-2.302524918223564920e-01 -2.692660924834387459e-01 -4.312798846285378351e-01
2.955771572623677734e-01 -3.178347202873593735e-02 -6.548277046210458918e-01
3.184659410480226299e-02 6.609938889721599375e-01 -1.136495092191198042e+00
-6.083664225034567802e-02 -5.151492617224021769e-02 -3.200018150462706212e-01
-3.210695113183963112e-02 -2.086204907621336535e-01 -6.957322825297215241e-01
-1.976605762754244655e-01 3.954050489330060425e-01 -4.164088039903885430e-01
5.280432036881115010e-02 3.557665353447199696e-01 -3.193277464432895396e-01
-2.543668339163565051e-01 2.979640259382242227e-03 2.075743855942466243e-01
1.923244472234809099e-01 -7.168330523112909081e-01 -2.027459444655200782e-01
-4.751247531337153829e-01 -3.727600728040598166e-01 -1.266284801131428439e-01
-2.008928919102857258e-01 -7.176990261574011098e-01 -1.549600991464584743e-01
-6.282978595638303299e-01 -2.302582604587748993e-01 -2.694313966977712749e-01
-3.112237076188715812e-01 3.523903715283478455e-01 -1.194759193902785593e-01
-3.205871922947997055e-01 -2.673126845860824830e-01 -4.659997103167801136e-01
-2.914070916770906128e-01 -1.327541906279065431e+00 2.404298983402093359e-01
4.135020610665123275e-01 -4.604312620319219174e-01 -2.734965045624326851e-01
1.525302304781154250e-01 9.021594113592211472e-02 -2.729760710624914988e-01
2.114467428166265095e-01 -5.180808722107906883e-01 -8.667249350622634185e-02
-4.615569511467544350e-01 3.333828597326549126e-01 9.802566356328151417e-03
-1.542840432330030709e-01 -5.265869902135262848e-01 -4.987798403336262676e-01
-1.633126620734434431e-01 1.490630762583203817e-01 1.235067925924148435e-01
3.017337723699500263e-01 4.725230005871532968e-01 -4.282464137012479410e-01
-1.099136706533730273e-01 -1.721354499108593006e-01 -4.054967791951196165e-01
-6.833523057601778028e-01 -1.021317825541734475e-01 -1.024018502722435081e-01
-2.233483638649612357e-02 -5.448699569449995117e-01 -3.537006146690905295e-01
-2.394575814854478166e-02 7.598639321612542935e-03 -2.689148781599708937e-01
-6.343768506175960775e-01 -9.420753018306514681e-01 -2.568965541215019743e-01
3.655345039607473256e-01 1.163200504659025608e-01 -6.099414017704974933e-01
-4.458485247119078898e-01 -5.433374596803267620e-01 -3.763787978361216591e-01
1.885283013859483381e-01 2.240203870861665336e-01 -2.907824314917031305e-01
-2.660612095817911915e-01 -1.689675633888953477e-01 -2.833661061522356750e-01
7.643970179271473986e-02 -5.230065738326031832e-01 -3.335693000122047502e-01
8.357237272696711738e-02 2.642602725533484409e-01 -6.542963346109001987e-01
-1.567189357392002880e-01 2.747699093964839911e-01 -5.631288974077747200e-01
1.202349988363054373e-01 -8.238368992939415492e-02 -2.633071737338605334e-01
3.525726958749227924e-01 -1.911540449512326087e-02 -3.846466932520327120e-01
-9.852265727878524171e-01 -4.902870850787802159e-01 -3.377846821687197076e-01
-4.333488417566616624e-01 3.026351148432910310e-01 -4.376360588774636518e-01
-2.743893702821471881e-02 -6.763631212803608017e-01 -1.848030440666107999e-01
-5.841089038786708709e-01 -8.116760196037896627e-03 -3.328491002226799944e-01
2.096372964216718371e-01 1.309160236800532284e-01 -2.949850920780113794e-01
-1.135818235820014871e-01 1.706622265071923161e-01 -3.820845450643752250e-01
1.350293188368791863e-01 -4.421082570513942822e-02 -5.218195269140022408e-01
-3.308986649746062381e-01 2.918094844217755668e-01 -6.501642723686500147e-02
-4.986520658193583921e-01 -3.686784316810045453e-02 -2.704648305405699671e-01
-9.124883678810404852e-01 -9.584349856147020841e-01 -8.742585951415950962e-01
-1.954786365423057393e-01 -4.976123807689846190e-01 -3.324249005845133498e-01
8.509150389874332865e-02 -4.618651376489555926e-01 -5.942924736388196516e-01
-3.942480205559502071e-01 -7.328428285358751237e-01 -2.368184408096711824e-01
-1.138246021941933916e+00 -3.132416426655870723e-01 -1.143938201609083327e+00
-1.416124793515460278e-01 -6.006061941064914089e-01 -3.326329540718946931e-01
4.073065745994355891e-01 1.880903642631244765e-01 -1.089025263956816120e-01
-3.181372881128224361e-01 -1.006978639023723976e-01 -3.060659776089446615e-01
-2.124871447914160327e-01 2.483601559649589452e-01 -3.752058205738754149e-01
-3.442023928560392076e-01 -6.118444216475772413e-01 -1.900096117332819301e-01
-2.679527274555201233e-01 -4.669539222148743063e-01 -2.598783653440181474e-01
-1.557192206988563532e-01 -3.607032190681580541e-01 -2.921577602286832831e-01
-3.142880823017157321e-01 3.351590787504543090e-01 -2.689480899390012114e-01
2.520432163855745866e-01 -4.467397109036193303e-02 -1.886852651955145954e-01
-4.655396498478371337e-01 -3.368994183505713003e-01 -4.367787709371243055e-01
-5.196676088514556868e-01 -5.708007755976159947e-01 -1.376609075567438722e-01
-7.600325811431342116e-01 -3.282266051107270155e-02 -1.648437950078057712e-01
-4.579492954130533477e-01 -5.373318298260607584e-01 -3.489604110962106764e-01
-1.179252790288534969e-01 -3.513305598100126548e-01 -2.243704119059680147e-01
1.276619007948642803e-01 2.313594667213656197e-01 -2.928324396674039098e-01
-3.116131379105377408e-01 -5.598377682185322612e-01 -1.913295494702152155e-01
2.241611814272115866e-01 -4.817070278412957096e-01 -2.274494201419197115e-01
-1.602695570516571577e-01 1.259877301195037880e-01 -2.489337784243532137e-01
-6.013519718199911157e-01 -7.979106161462848901e-01 1.617074165861337176e-01
9.802238966741190149e-03 1.931973629288737393e-01 6.522816638282670498e-02
3.113676687991360215e-01 -9.776684106811511787e-01 -5.786140221573942144e-01
-5.235006932017002290e-01 -1.935508108664595883e-01 -2.340794760426632704e-01
-8.525935394884034957e-02 -6.752339360883358177e-01 5.706123978430879262e-01
-5.015762736663545440e-02 -6.688421253570067115e-01 -4.200592784650785672e-01
-4.393558230844417656e-01 -1.205579260045853002e-01 -1.720199096723248611e-01
-2.018103210989651564e-01 -6.686926738198942788e-01 -4.545406605932140187e-01
5.829608149642053760e-01 -1.552883507119145190e-01 5.468003512143052719e-02
1.349295974758689051e-02 1.185317246444465705e-01 -2.382641171764913746e-01
2.564662186228417601e-02 4.215739560588951940e-01 -3.216495462040860343e-01
5.493749139433705686e-01 7.945412274796040397e-02 -7.030324443292693126e-02
-5.099566567966182795e-01 -2.235262916846686154e-01 4.604279393224131045e-02
-5.176741239604559786e-01 -4.945084839605086158e-01 -1.225733705671297330e-01
1.915729453277178751e-01 -4.877206965879038458e-01 -1.755290734320063550e-01
-2.716709608176693935e-01 -3.052513588770008890e-01 -4.159876382563662545e-01
-1.090560213174595339e-01 2.191285909491839379e-01 -5.434871080452089442e-01
2.065447283543349888e-01 -3.457661540749101259e-01 2.327698145426022533e-02
6.705851361174780534e-02 -4.028439691680948398e-01 -2.343064731143051083e-01
-5.392638455003330167e-01 1.825283606947863263e-02 -4.207139641069030378e-01
2.861829600582979083e-01 -1.100553560254491359e+00 -2.967670640182858977e-01
-3.557386618295189928e-02 -6.920485918296457317e-01 -2.742800495003355765e-01
1.839678401623811022e-01 -4.883360471844098716e-01 -2.100028061619743647e-01
1.132694614063213534e-01 -6.660690734766437915e-01 6.862756345909476474e-02
4.658279126463562569e-01 6.555239094026258373e-01 -1.712675314244304914e-01
2.967380412217123786e-01 -2.096273671686709750e-01 -2.664776528594579585e-01
8.531291889975122444e+00 -4.024969167878937881e+00 8.908644216163974505e-02
-1.486115635274004865e-01 -6.086106337547617651e-01 -5.341695800558147189e-01
-6.051330325430223089e-01 -3.177243706388800382e-01 -2.452977395759977086e-01
-5.833437628936406494e-01 -1.714587600797526923e-01 1.105876272528020891e-02
-7.288723165264849868e-01 6.829087828488092371e-02 -3.615293552456740889e-01
3.560546192343955890e-02 2.096055767211306986e-01 -3.678002655630381312e-01
-3.101246137812131987e-01 -4.987934189763195691e-01 -5.820535695868321868e-01
6.084485261838780412e-02 -3.063004240396566824e-01 -2.383834467972523741e-01
-5.162674448485314871e-01 3.169200197768283767e-01 -2.498746221685080315e-01
-5.116675736918954165e-01 -1.325539129508321423e+00 -5.199637116451150121e-01
4.508450436534384709e-01 -5.852150474768879063e-01 7.951865518907687003e-01
3.991976893153820760e-01 1.359996755622782660e-01 -1.336319937974284056e+00
-8.237741303142840366e-01 -3.600309694110570558e-03 -5.263557100581582882e-01
-2.971002443071152355e-01 3.554977987475117507e-01 -6.461270280461234305e-02
1.311631325832634531e-01 -2.674203816244958287e-01 -4.693172727263822952e-01
-3.960955306323112879e-01 -5.918457558413480202e-01 -3.438584464348727887e-01
2.617396489872172473e-04 -4.036201609199037144e-01 -2.179186497178862703e-01
-3.153696283503871767e-01 3.650555816842683265e-01 -1.572773107382712532e-01
-1.740422163922105137e-01 -2.037365581368097422e-01 -2.257637489906175465e-01
3.672340790366588337e-01 8.187291052659813051e-01 -9.355440129595656851e-01
-2.373680434775749248e-01 -1.601804628002705122e-01 -3.348202080814625670e-01
-4.088873248651095360e-01 8.001468697057334545e-02 -2.630315437908464227e-01
-1.770757072677993649e-01 1.987624308220246883e-01 1.436357037843700168e-01
1.436623254818527318e-01 -5.753563793181124542e-01 -1.689302507006608112e-01
1.457647792485198823e-01 4.323666523549680174e-01 -3.844405232043510839e-02
-1.608676781959969271e-01 3.963693130887963045e-01 -5.828436807894484817e-01
-5.475439132007230425e-01 -3.464639009912275913e-01 -2.711677765383607719e-01
-4.821492194878089776e-01 -9.807760341033139317e-01 2.433027281674433329e-01
-2.769692954994648626e-01 1.262110934204332957e-01 -1.891518827833517380e-01
-2.563442811490024287e-01 1.837857033505662929e-01 -2.511941987566662093e-01
-7.136473255576953889e-01 2.248986689890788149e-01 -3.468854234647313906e-01
-3.333287380638806363e-01 -4.409310429654754171e-01 1.282900383363043406e-01
-1.854299063477493070e-01 -3.934000017122051690e-02 -8.740098403681890726e-01
-9.487566755856328971e-02 4.103241324373237409e-01 -2.160087343565262608e-01
1.050015922603775298e+00 6.120340007185087750e-01 -3.003077667869631928e-01
-3.796284256179893735e-03 2.882411601469484497e-01 -1.453049439674093668e-01
-3.841234143073016805e-01 3.258825316498212832e-01 -2.351391751573710664e-01
-4.973059398320311963e-02 -1.988383799604302726e-01 -2.663672522718874558e-01
-3.306598319898912952e-01 -4.145982476153745599e-01 -1.896485369926475817e-01
1.514543244820744095e-01 -3.933782240004495834e-01 -2.401328275468429252e-01
-3.896977243649670658e-02 3.349444581369267482e-01 -1.484456889202514507e-01
-9.739581634693031953e-01 -2.993480767720514413e-01 -2.285331442471684182e-01
5.832859818462386992e-01 4.865595774425668929e-01 -2.595248842621335483e-01
-3.643262904881747755e-01 -3.546287688542387739e-01 -3.113890244923940842e-01
-6.144455839911937556e-01 1.667061433565279194e-01 -4.778232162603590072e-01
-6.478206470287931618e-01 1.658794100534683458e-01 -4.011941063939148955e-01
-5.265782080626557615e-01 -1.384108336413157891e-01 -5.257995448831370711e-01
-4.968985501473140443e-01 -1.009804997740092886e-01 -5.751769618108494297e-01
-3.056420870930834921e-01 1.076868123195632715e-01 -4.724844446893503025e-01
1.605318191699619396e-02 -3.074621152356077358e-01 -1.351506759369189292e-01
-4.444419920120288303e-01 -1.672389701970550951e-02 -5.604711452373678515e-01
-2.496583559513345096e-01 -5.264953781351766615e-01 -3.051282412237099062e-01
-2.185693182816047797e-01 1.059853230881306341e-01 -3.697413967760039832e-01
-4.811441209878063452e-01 -8.777154513015853476e-01 -1.959337356842759392e-01
-2.598975483845774037e-01 1.226090334510147317e-01 -3.795824388623837975e-01
-4.568988989967342484e-01 -8.880331747040418056e-02 -3.124594586053657252e-01
-5.749020876302163297e-02 -6.093025931079425195e-02 -2.399278866409792210e-01
-1.763922197946863335e-01 4.069504482458149441e-01 -3.473447171280478751e-01
-2.533077658178042313e-01 1.497172110991137894e-01 -2.496235602736772419e-01
-3.456560898965452822e-01 -3.327754874477078517e-01 -3.173209891673569594e-01
-2.086193456923020051e-01 -6.781120157532631865e-01 -4.640004831792917533e-02
-7.786673157796423217e-01 -6.816112477556571236e-02 -7.974965762336470032e-01
-2.516647294347372776e-01 -2.825755398990011935e-01 2.079226614225197500e-01
-8.212643393470024922e-01 -8.873858873540971803e-01 -6.555304334805491795e-01
-5.745552798489603208e-02 -1.075047491805932731e+00 -1.584899058499508184e-01
9.358059791929075333e-01 5.184902647232112471e-01 9.467553090720831621e-02
3.375011091379251926e-01 -5.844137200420794487e-02 -3.872205941256626205e-01
-1.400735940646745947e-01 1.598821595107637328e-01 1.002941521739842690e-01
-3.078165864644935926e-02 1.007437558567393782e-01 -6.650443114947403311e-02
3.293750636036872348e-01 -2.279050782832950928e-01 -2.697819040070679741e-01
-2.687761665536758660e-01 -5.046717852803503934e-01 -3.166425053636309217e-01
9.429365171354319175e-01 6.911774278407339933e-01 -1.744502790527259484e-02
1.718831281061010130e-01 -3.954992972491184755e-01 -1.818298234938529878e-01
1.252701037358034120e-01 -8.871455515692217020e-02 -1.251951980471772141e-01
-4.122895777785205995e-01 -4.491701350556612238e-01 -4.508448833835921876e-01
4.181185776140859955e-01 -4.288073430648062928e-02 -1.327043930303994257e+00
-5.137743386665418743e-01 4.232680592917487800e-02 3.670975355965971215e-02
-6.381044471455066258e-01 -3.174037216415958595e-01 6.770421335770011873e-02
-3.271662855049149443e-01 -3.224481624823759551e-01 4.067396527023577901e-01
-8.435909585761862672e-01 -8.370624105829584938e-01 -7.665681702486631943e-02
1.530670220488800082e-01 1.208742535302593027e-02 -2.526589328850402105e-01
-1.426803972042947344e-01 4.455702487897504338e-01 -3.308479272241242608e-01
3.259429141750742609e-01 4.810828268624708914e-02 -2.989302774023478437e-01
9.376840394681983104e-02 -5.708496327079909394e-01 -2.873857373598506237e-01
-5.800994062360883552e-01 -4.944043413366109863e-01 -3.139336990151462281e-01
7.052742754916533352e-01 7.145910444859662203e-01 4.909553387572681560e-01
-4.244153211663575509e-01 -3.757730562888896009e-02 -2.900813868601284096e-01
-5.494168223201762596e-02 1.034793831678594567e-01 -3.452543060722134682e-01
-2.258508910337937714e-02 8.724860713641699461e-02 -2.203215910379540954e-01
-1.490203577911713984e-01 -1.257841500129191770e-01 -1.917071124938317939e-01
-6.871326453188383171e-03 -1.142028207125443395e-01 -2.156506325298941373e-01
-3.054209027636607954e-01 -1.408174395903192488e+00 -8.501735647117345529e-01
-7.911418044250626558e-01 8.401102213584572542e-01 -1.127785854370807694e+00
-4.213417334228993227e-01 -2.953292212398265781e-01 -4.605964555043853270e-01
-4.022391019248998112e-01 -5.496396710337080743e-02 -2.786027096783166290e-01
-4.937162460441305578e-01 1.136224532157534411e-01 -3.699752641125511055e-01
-4.144217691198986420e-01 -5.861886669342198930e-01 -5.457266423640987768e-02
5.880702853681757380e-01 -7.419879149430705922e-01 -3.229717633881736272e-01
-5.002218815005020636e-01 2.135931161199914330e-01 -1.704794525092060975e-01
-5.689255506893243775e-01 -3.480217188428091912e-01 -1.977911241443174872e-01
1.102359123090329834e-03 -8.695899216766872497e-01 -3.178911969675417559e-01
-1.442273883734820628e-01 5.490979369911747759e-02 -5.120001834443882460e-01
-3.894077895535715261e-01 -2.522896563841079964e-01 -1.865168949053945813e-01
-3.172164453778839738e-02 -6.987553670296162145e-02 -3.578291865087023793e-01
-1.002045676085131232e-01 -8.247949090470310107e-01 -1.463111282031480664e-01
-3.637041247114572995e-01 9.046744089091950380e-01 5.556247787977001140e-01
-4.113967513355941685e-01 -5.234728787792116700e-01 -1.935092543714919122e-01
-3.187768087899599256e-02 -3.178977243518299467e-02 -3.433245855525230428e-01
-8.165199944459869408e-02 2.918309898173446770e-01 -2.411395102426169001e-01
1.713301166513252205e-01 -1.731480191734845464e-01 -1.835435655378243602e-01
-1.047260205155427226e-01 -4.904670386192745979e-01 -1.904210784915618404e-01
-1.081411174085105814e-01 6.375210264159849594e-01 -5.730355694729925009e-01
6.700374768882960685e-02 1.625199731097203559e-01 3.971435998967569325e-02
-6.263393954731897306e-01 -6.456800655455362248e-03 -5.761363475129535061e-01
-1.295169580949241395e-01 -9.100112244100375114e-02 -3.317468402020428697e-01
1.185363719430299195e-01 2.658378416145313894e-01 -1.538117668736100341e-01
4.502529868628872556e-02 1.617006849130694646e-01 -1.168754521271987284e-01
1.966513619138008928e-01 -1.682968433981661405e-01 -9.988228035103667857e-01
-1.299506889497184514e-01 4.237494124683741648e-01 -2.874524008026208555e-01
-4.166279070617910640e-02 2.297938325501471812e-01 -3.411325995305395931e-01
-4.086157825009633648e-01 8.708955519877668028e-01 6.690284781725993613e-01
-8.436116299880384028e-01 4.843726630049064591e-02 2.970248863545355555e-01
-2.023820687178066735e-01 2.218920916097473217e-01 8.254754927978702125e-04
2.021660861595271641e-01 -1.010508352639802876e-01 -1.761735225127962767e-01
-4.680133693865933253e-01 -3.838368416634439090e-02 -1.446036821863453392e-01
8.688217722118018571e+00 -4.787727072999779843e+00 -7.117917041970271974e-01
-9.049220848994761479e-02 -4.062790236688594292e-01 -4.227042664548088524e-01
2.159312526010368771e-01 -1.801281821953077678e-01 -3.618025540909251547e-01
-7.332709310785174850e-01 -1.993843649620863079e-01 -3.711064728930723589e-01
-5.235497077076481931e-01 2.455250920632878753e-01 -5.462794422195832444e-01
-2.464131804693722172e-01 3.970335130250398636e-01 -2.782347910121708567e-01
-4.644641857749632341e-01 -2.656206568570959048e-01 -2.827154700860831094e-01
-3.748094676634026734e-01 -2.923653134618655058e-01 -2.860441286869771366e-02
-1.535024487972604657e-01 2.397927905572213303e-01 -2.397329930034169665e-01
-5.777863896865513826e-01 -9.984642192949839956e-02 3.796605452821616988e-01
-3.788208802371480499e-01 2.011711068241007205e-01 -4.127762795112717709e-01
7.426576705944887280e-02 6.090623024451750911e-02 -3.439483314210815545e-01
-4.010463117118887033e-02 6.704556754462918100e-01 -1.195737200676794815e-01
-5.535371773181886335e-01 -2.401371146846494886e-01 -3.613650004283519013e-01
8.691678979861412746e-02 -6.256822405847357604e-01 -2.522908417213837184e-01
-6.895269032821098321e-02 -1.697748290676768246e-01 -2.221198859006058568e-01
-2.542924515618742998e-01 9.190364015021013078e-01 -5.748387120787634696e-01
-1.510767771462106779e-01 -1.003870371166445619e+00 -4.540042342749798232e-01
-2.237799812184795845e-01 -3.835637477424067021e-01 -1.664490029159632067e-01
-3.228500395026638881e-01 -4.814324531716248634e-01 7.345818865606239256e-02
-3.841263012133254717e-01 -6.597786474117712796e-01 -5.794193333733769213e-01
-2.018486281188809905e-01 -4.007077577289870352e-01 -2.793092406544420703e-01
-4.862351233495475489e-01 -4.977454979828022097e-01 -2.583600763642733278e-01
1.948664184415915546e-01 -8.011628521876468234e-02 -2.483056998007244220e-01
-8.892595693350927588e-01 3.637578099619324656e-01 -5.074270733010422842e-03
3.878074619054545091e-01 -3.619119148632739535e-01 -1.105878151025998651e-01
-3.114034783769983328e-01 2.037785531575521392e-01 -2.588465247262216606e-01
-2.089264431172284386e-01 -5.613836967590645211e-01 -2.627724177463740957e-02
-2.828118023024224770e-01 -1.878321246237487363e-01 -8.077173275941023078e-01
7.767889802480364148e-02 -2.288296047789999121e-01 -2.563089235274838007e-01
-7.831148196003876460e-01 5.122651578402300787e-01 -4.300307890313461168e-01
-4.551661335267251363e-01 2.149603956460040544e-01 -3.022508511745226611e-01
1.484899696295959859e-01 -3.063690983162608572e-01 -3.153041140555585264e-01
-9.855544381652392438e-02 1.521895464840707091e-01 -1.891033413488633630e-01
-3.996992353810513432e-01 -3.521411792740156144e-01 -8.600155142276625364e-01
4.328343278936612748e-01 -8.114671421158151654e-01 -4.652208613091372569e-01
-1.538670191525319808e-01 -3.348568195309302720e-01 -3.253738818983908931e-01
-3.563234558318831291e-01 6.226537395453536974e-03 -3.229637646777306914e-01
1.129525594155012802e-01 1.613744749802464573e-01 -3.128330719286829820e-01
-7.128427123059483117e-02 1.267432350046673040e-01 -4.234054555812938325e-01
1.333591174522594514e-01 2.497172818972157315e-01 -2.286506698525559989e-01
2.541869386571589118e-01 -2.738590380663664670e-01 -2.778927592367005373e-01
-4.369653035136331631e-01 -6.611964113255638931e-02 -3.780908399635197203e-01
-6.000517972549904155e-02 -4.345636796008194858e-01 -2.043942148701432815e-01
-4.261312168838553016e-01 -6.409431086109876885e-01 -2.071938448619176643e-01
2.863168463902008437e-02 -6.572336143490083993e-01 -3.825612986923107584e-01
-8.007597223042909329e-01 -7.447743297209582503e-01 -4.983027017280555193e-01
-3.631694863253274175e-01 -1.725130660876059430e-01 -3.319396512883195371e-01
-2.724189596497938459e-01 -3.775210501775479455e-01 -3.047809254999167550e-01
-6.521616863362543759e-01 -1.465267546514845698e-01 -2.972838009920434343e-01
-7.163048365020978636e-01 -1.997269892583785067e-01 -6.165188562999114330e-01
2.027408217579237393e-01 2.498032701378482268e-01 -2.044836970080050054e-01
-6.371011794990544264e-01 -3.528711724504316610e-02 -3.118761832122433075e-01
-3.067194034724145535e-01 3.345673592557329434e-01 -2.531673692748587778e-01
-4.217620764584872894e-01 6.407166044188491449e-01 7.597348422336819285e-01
-2.017141891416361632e-01 3.099533757892489194e-01 -6.733388515098621963e-02
4.821469263629662473e-03 5.828770967190834845e-02 -2.325929769502608213e-01
5.013362542781155673e-01 6.741188061278330021e-03 8.480695215107559859e-01
4.349545374674087389e-02 2.860093378909831507e-01 1.420101255158522091e-01
2.332567074727936729e-01 -1.200636065590436063e-01 -3.201086370050068020e-01
-1.282083694352786463e+00 5.065876972546039525e-01 3.240250137762458738e-01
-2.766770247561787799e-01 1.165599308029266201e-01 -2.554090732282971454e-01
6.955850155457299344e-01 4.141181475391544214e-02 -2.893344467980409340e-01
-8.276463854392520636e-01 -2.778726935186666691e-01 -1.727413764250452510e-01
-4.515138624634207343e-01 -1.058946630345566797e+00 -4.354100477872420091e-03
-1.098771363439024373e+00 -1.142070751404848997e-02 -1.248534572759378847e+00
4.705338790453703068e-01 4.809470339861137700e-01 -4.578227896632100502e-01
5.111821035904964838e-02 4.879360959637172312e-01 -2.957685103187853715e-01
-5.385215164432808344e-01 1.456368411953050564e-02 -4.090153070700557891e-01
2.282388351530732773e-01 1.488680943198061324e-01 -2.401942974616337254e-02
2.416146910751400811e-01 -6.438239283552246173e-01 -3.407081137377271918e-01
-3.507083241079936298e-01 -5.942125331134385791e-01 -3.134964559291035791e-01
-3.279755082609974171e-01 -8.275245557586184686e-02 -4.494852126446307605e-01
-3.270508729098890455e-01 -1.046962473308463926e+00 -2.801860775107771762e-01
-2.343943452659627003e-01 2.499040161076263034e-02 -2.005921727273600186e-01
-3.676051039517565511e-01 5.069675176324979493e-02 8.345152250046367071e-02
-6.204477974087772019e-01 -6.413313304360979128e-02 -4.921852733793439238e-01
-6.179175705196626733e-01 1.280760069939953782e-01 -4.191841545718456574e-01
2.142528181093884543e-01 -4.455052919723707650e-01 -1.890700783985385658e-01
-2.756411825567493118e-02 -1.738895144543319560e-01 -4.422495507800482950e-01
1.355218988264269009e-01 -6.629728476738846465e-01 -2.447275854969575004e-01
-3.171567899488447837e-03 4.215511042139722941e-01 -4.994190492872309095e-01
1.009715731154540858e-01 8.635107627584413803e-02 -2.680476432338709247e-01
-1.403202861030846127e-01 -6.377670010007392420e-01 -1.198295796082716885e-01
-2.686318973279084310e-01 -1.064791867320917351e+00 -4.767304279863708305e-01
3.370588499421647843e-01 -4.682224072609003467e-03 -2.276281502922972433e-01
6.353404063150679404e-01 -2.325146712967832152e-01 -5.511062036362454064e-01
-7.010672132098763054e-01 5.865974165685088754e-02 -4.672016185178101133e-01
-5.409089274118308310e-01 -3.907237917197359939e-02 -1.483630373470911090e-01
2.729572366425637719e-01 -1.406094745237267962e-01 -2.422272347986562102e-01
-3.345301141002036127e-01 -6.669584147329513275e-03 -4.635181605697030749e-01
-1.108554299628189965e-01 2.198815235231993126e-01 4.002268899816735503e-02
8.133378535411707466e-02 -1.752475221865923763e-02 -3.277643870469910681e-01
-2.533677074991818046e-01 6.591483181643276179e-01 -2.684339917509575568e-01
3.005528635477360683e-02 -2.466705165162770830e-01 -1.241077918586215856e-01
2.285958746925926266e-01 -2.199446261586801288e-01 -1.929251795610777143e-01
-3.811389769081738876e-01 -4.509786372514378305e-01 -1.777425413593992642e-01
-4.082221810530757278e-01 -2.302798081709244715e-01 -3.001862780137191655e-01
-6.676748560256439147e-01 -1.516084448851940381e-01 -1.947344158736157571e-01
-5.398099322953041623e-01 -2.080782738929911335e-01 -2.903163598818704894e-01
-5.089300769690566772e-01 -3.237823068471078480e-01 -5.432983346527009427e-01
-4.611909022159749738e-01 4.965979040470449614e-03 -4.092291573128495896e-01
2.193521037855392930e-01 -5.100931621559446905e-01 -2.922734984864084340e-01
3.678316120605477080e-01 -5.018440634352844265e-01 -1.795100295018516867e-01
-3.387114127819670917e-01 -9.632679383947484464e-01 -5.593797641089212069e-01
-4.820676712928732566e-01 -1.866196791402479072e-01 -2.661111234756898813e-01
-4.489035318983047862e-01 -3.893140308061678878e-01 -3.880136253389828149e-01
-5.311869655508920651e-01 -7.251833875251907646e-02 -4.963753665063572740e-01
-4.810609842496268440e-01 -1.347402693171217414e-01 -5.083588268132882559e-01
-7.857251828175899622e-01 1.114707618863980815e-01 -1.586214531841567410e-01
-4.747935494014717817e-01 1.541958865275825930e-01 -2.851394809528604024e-03
-1.725728670806388199e-01 -5.713091387753929107e-01 -2.308793421986176930e-01
1.437985015589087756e-01 -2.053749524415624250e-01 6.506537034121145924e-01
2.096952574281863158e-01 -4.730076073200502329e-02 -1.788392580041225643e-01
7.529484267886089599e-01 -1.385112283924520571e-01 -2.395353461757368518e-01
-2.980685412952781554e-01 5.468553811652424740e-02 -3.277456724137404742e-01
-1.672168067006956360e-01 -2.175689672432013499e-01 -2.685567125424075940e-01
-6.629899611832774653e-01 -4.384199751550720836e-01 -4.545445601120339241e-01
5.680979649854096536e-01 -7.319883319844894265e-01 -6.032764515029767072e-01
-1.108557145405242306e+00 -1.494306503538210713e-02 1.978319842566705206e-02
-8.670419959937996079e-01 6.352757731328361190e-01 -1.916474172910995755e-01
8.475214934883908147e-02 -2.747324354611559993e-01 -3.397299998710198166e-01
-5.241190513666312834e-01 -1.195384672246479346e-01 -2.841395556163444636e-01
-6.982343547894422908e-01 -3.576287029542211254e-02 -2.226085271466009263e-01
-6.868357074058319967e-01 -2.049755530550811111e-01 -6.612243510684733261e-01
-4.808443681372864376e+00 -9.713506565677091587e+00 -6.600355811607616641e-01
-3.295077259854032325e-01 -1.063013571801443846e-01 2.097361057938576800e-01
2.425435149430938131e-01 -4.626349395494154249e-01 -4.027226962562482221e-02
2.646719025662287450e-01 -1.432211373725275627e-01 -2.712668967770124340e-01
-4.948559960940518421e-01 -3.802199664391420764e-01 -1.483323756152662154e-01
-3.658745421920657492e-02 -5.208230643032045748e-01 -5.448496897608163803e-01
2.025392424266692776e-02 -3.053935537511861531e-01 1.273761666248913738e-01
-5.243316249234907245e-01 -9.742696048936140552e-02 -4.596609093900452803e-01
-4.371922749095215055e-01 -3.281697810251937297e-01 -5.800270650027035124e-01
-6.047154694838198508e-02 4.042975864500061300e-01 -2.925469684159026085e-01
8.363916370710527265e-03 -3.691643470088033507e-01 -6.166245812157196138e-01
-1.054783759948069999e-01 -1.098099465729863999e-01 -2.122279389103858271e-01
2.232794330887917233e-01 7.485154528409290742e-02 -4.873409478911854831e-01
-4.984672592317100914e-01 2.207703056910893524e-01 -2.664861748407014175e-01
3.106902956656705170e-03 -1.366046881173116900e-01 -2.287597843330377023e-01
-6.162343141473138747e-02 -6.722829303800130496e-02 -1.445970657256147318e-01
-4.471581139057612120e-01 -5.140770361749438105e-02 -3.363502630840500274e-01
-3.371693379638666943e-02 -7.636111321413968644e-02 -1.406045934524311203e-01
-1.932740040543853843e-02 1.759810794590622729e-01 -8.454026805982234327e-02
-1.281685839289673501e+00 4.103787924209404414e-01 -7.731401127831446507e-01
-3.821188789785602835e-01 -1.203652076407111388e-01 -6.233774340522989510e-01
2.220617473538622488e-01 -3.600870738109451241e-01 -2.118664939491640004e-02
-6.665592182631345786e-01 7.808381019400532086e-01 -2.085501822672181926e-01
2.203147847795547121e-01 -2.477446064194806785e-01 -2.487351621730245488e-01
-3.596008472778406961e-01 -3.640606515324038006e-01 -2.206854225842413975e-01
-1.969766351894833289e-01 -6.006190333692962291e-01 -2.309300507464654428e-01
-6.749326260508402564e-01 -9.447192729857219196e-02 -5.096169338291137718e-01
-4.906530009798268366e-01 5.982710195049967261e-02 -5.480149670763430070e-01
-8.860073926993289328e-01 4.640656359480118121e-01 -4.433166498684110168e-01
-3.340641162494645267e-01 -5.769042892967238267e-02 -5.377099625898772439e-01
2.227767113489241835e-01 -2.339359095215490791e-01 -1.980000439323079120e-01
-5.073034905696172103e-01 -5.022270083618607384e-01 -1.631924988782094688e-01
-2.553380735882370134e-01 1.579891727368340493e-01 3.524898878736849039e-01
-4.390178706453313762e-01 7.002041911081745285e-02 -3.437988103203911128e-01
1.068205936177554216e-01 -6.321941987076910019e-01 -4.390316272797156749e-01
6.795894323689695149e-01 -1.994047842280629590e-01 -1.282358254942374820e-01
-3.862304568136634142e-01 -4.385933474479006833e-01 -2.323743949581300594e-01
8.460765121553588675e-02 -8.083281548075404999e-01 -2.640585676376764335e-01
3.350159499945987718e-01 -2.361190819639358840e-01 -1.724183271166265241e-01
-5.537675699631058324e-01 -4.805647654715188288e-01 -1.150356367182319706e-01
-3.153816929251863632e-01 -1.652368187532783639e-01 -3.089525664341816191e-01
-1.354390411017284968e-01 5.549150658107484535e-01 -2.256187868150585918e-02
2.910032065605046570e-01 -6.423044691435590980e-01 -9.875691753820905472e-01
2.768435335728102742e-01 -1.901606725296995370e-01 -2.599987885403168830e-01
-6.806633032844867648e-01 -2.726658061400337729e-01 -1.156385253005546565e-01
2.834236431389284272e-01 -3.420329011245571982e-01 -1.849073930220336837e-01
-3.464014651413697271e-02 -1.046144244184339933e-01 -3.306391305590952734e-01
2.589018633002290182e-01 -3.608399952842741842e-01 -2.969282650060124373e-01
-1.079202529912155706e+00 -4.984978377840451787e-03 -3.710387316792709833e-01
-6.947823226456039114e-01 -2.711959933713504189e-01 -4.010898690401649147e-01
-3.816630905318855183e-01 6.297615117912085392e-01 -8.743415109406551533e-01
3.047234063656329428e-01 -3.200798960272047133e-01 -2.220240497562890880e-01
2.868414990498292516e-01 -3.832136089744705432e-01 -2.572710932767320324e-01
-7.250640242375826494e-01 -1.975209767510442693e-03 1.096366265341172305e-02
1.030972679119648988e-01 -8.113183124227578424e-02 -4.725540433759935904e-02
-2.191690600805955291e-01 4.064345973630776876e-01 -2.220837126702004116e-01
4.849489393406659077e-01 -7.082210064516122339e-01 7.367606662900053616e-01
7.597294806466621531e-02 -5.626844848979329905e-01 -2.642210759387473296e-01
-3.939636609200270478e-01 -5.032624907520205637e-01 -2.178597975424569066e-01
-5.686577640377789011e-01 -1.756269015714565229e-01 -3.868118017928234842e-01
-3.660824844568277316e-03 -8.300871982533626625e-02 -1.550292653652486086e-01
-7.080641161514182602e-02 2.933976100502080353e-01 8.754348874406728265e-02
9.514167993365348075e-02 -6.359186361570071111e-02 -3.629812960664413057e-01
-2.819674176154039480e-01 -6.555347514547389398e-01 4.636201424405607396e-02
-4.000123130795359971e-01 -5.360686998223125332e-01 -2.792513669301578960e-01
-3.837110491146218383e-01 -1.059945004210126607e+00 -1.029728888568791911e-01
-5.032509150619265403e-01 2.930713385581880659e-01 -3.124767782479424549e-01
-5.045109050874880818e-01 5.120958119908342043e-02 -2.786984784178017094e-01
1.960441194630210826e-01 7.828638218671392368e-02 -4.331534658812323246e-01
-8.581171556542418477e-01 6.355636455189614953e-01 -2.485741944291448013e-01
-6.825762731092208657e-01 7.477342615886518884e-02 -4.668238565873120138e-01
-2.127114495939348426e-01 -7.883673488404684404e-01 2.664496978843848285e-01
4.717086204193536303e-01 -2.431542157844290009e-01 -7.697123123521666666e-02
-4.433195730500792686e-02 9.808251816523421152e-01 -9.874598669258792816e-01
-1.173824944923866492e-01 -1.057238775045017620e+00 -2.391844586585499255e-01
-5.560769266476748296e-01 4.575578046054527143e-02 -5.872626131103381164e-01
-2.760460814524945405e-01 -3.126824955558450414e-01 -2.164633087504266862e-01
-3.176181652344173822e-01 -3.802745733904594472e-01 -1.243166358303766789e-01
-2.789208319326154720e-02 -5.515138105394370993e-02 -2.252723627782301785e-01
-6.462812191366049674e-01 1.883693673550575209e-01 -2.078134565637920483e-01
3.652961316487654542e-01 -1.429006482380189846e-01 2.110282854601754077e-01
-1.226323240819249816e-01 -4.727125819537749130e-01 -1.566963105096597364e-01
-3.347946725114583355e-01 6.346330567460441996e-01 -7.503897106479961998e-02
-4.712643833825157502e-01 4.096579711182232186e-01 -6.146205438794754006e-01
-1.357711862276897163e-01 -3.821346197774764808e-01 -2.509872196216772489e-01
-2.854696841720045369e-02 -3.775569850302192276e-01 -9.420859291697402105e-01
7.288046428599768978e-02 -4.599989289720859964e-01 3.253508324010578878e-01
-1.271319490981998035e-03 -5.405220712539291483e-01 -1.880520633247446671e-01
-4.443708880310658360e-01 -3.962732428766079229e-01 -2.953404174309294250e-01
-6.532050645171060266e-01 1.684546353687386699e-01 -2.774884974587550901e-01
-2.296349350749450902e-01 8.185546832410253715e-02 -3.328595325645815062e-01
-1.528161404321031203e-01 8.245513017169754377e-01 -1.185845923663496615e+00
-2.530504010668483406e-01 -4.454946305385449890e-01 -2.437431563808868384e-01
-4.044107827206462336e-01 -2.624107365304882422e-01 -3.398492185613327110e-01
2.590781383483858336e-01 7.564368366633643370e-02 -4.145707551981838157e-01
-3.304130542302075590e-01 3.729632127213859949e-01 -2.383433989494449234e-01
9.452341171900491279e-01 -2.052005141774759511e-01 -1.047134589446276909e+00
-2.074190856586944631e-01 9.993181845736737179e-02 -2.774777751178049701e-01
3.065029151521968531e-01 -3.271629071134970340e-02 -2.878716683114719288e-01
-2.479931105722044393e-01 -6.136459038313204495e-01 -5.068076699253246664e-01
-1.203719748659184130e-01 -2.256407264885575414e-01 -2.653903474418990438e-01
-2.031507660895747192e-01 -3.298388973136098107e-02 -3.924523799170618887e-01
6.581632495791865933e-01 -1.902429384782401423e-01 -2.857877979335001276e-02
-5.876068527553108822e-01 -3.503439457333768492e-01 -3.456186086917502065e-01
-1.532871734352335702e-01 -1.259891389098643233e-01 -1.734818878191853597e-01
-7.066175845109929909e-01 -4.756667412419141039e-02 -1.954026527279684178e-01
-3.480791638901910567e-01 -4.707167306835802201e-01 -2.473536109553399753e-01
5.680315351917957223e-01 -7.259643850972401502e-01 -8.832006394445806041e-01
-1.051554714506598015e-01 -5.318994260912730532e-01 1.046027594751379186e-01
-3.645324943605466467e-02 6.964579385342517526e-02 -1.379126190433184185e-01
1.383696507846928214e-01 -3.281776465669854481e-01 -2.298343242789732122e-01
-3.723844230226794894e-01 2.955032911860461242e-02 -4.625460774597616731e-01
2.901320488600905856e-01 -5.009382278252627607e-02 5.278290403746886683e-02
-5.947556616047344757e-01 -2.108413137181455455e-01 -1.708167620135807585e-01
2.412695092976855360e-01 5.543415330197366819e-02 -7.749784391870505329e-02
-9.879810150494042209e-02 3.793717904206179714e-01 -4.781392969836862905e-01
1.493128010882193990e-01 -1.549388575158589521e-01 -2.526146326329645198e-01
-3.884336180619154394e-02 -1.206747334162162621e-01 -1.776885320104675536e-01
1.645145450743160098e-02 1.260664889262146371e-01 -2.890046938705844171e-01
6.716221913653161457e-02 -3.907365032159656471e-01 -3.854113448749406090e-01
-3.486200010132838312e-01 -5.341622183484974196e-01 -5.105703989712560009e-01
-3.200347243231869698e-01 4.847162606335728846e-02 -3.273638637349037261e-01
-9.222137689558571605e-01 5.470906915711294394e-01 -4.903266971530417240e-01
-4.123864232978518077e-03 7.565799048732015086e-02 -4.330605704996980387e-01
4.849291079081278766e-01 4.778031791103676817e-01 -8.802139705875575149e-02
-2.008982099028062684e+00 -1.115718072234203007e+01 -7.523885692792182667e-01
1.978779090323196099e-01 -1.087889220984303185e+00 5.812538507033097046e-01
-6.938022339171708852e-01 4.238378527171733356e-01 1.158398292907227151e-01
-5.242303617153292183e-01 -1.890783148172637540e-01 -1.847537492302475104e-01
-1.153509029550366938e-01 3.147542652297106724e-01 -6.117445265028522705e-01
-1.949002965779829399e-01 2.467030847387441106e-01 -3.773263914093744065e-01
-5.775720423682685345e-01 2.296460935832993766e-01 -1.333982264105977755e+00
-2.015719992734285038e-01 2.400241531292288122e-01 -3.649503127227293198e-01
-4.144333076223488121e-01 -3.211606486556200513e-01 -2.614480655874397708e-01
-1.401146680071403867e-02 3.233927294806866470e-01 -1.726789902246426978e-01
1.531451523649272894e-01 -1.262511605158392336e-01 -1.446335126030789398e-01
-5.008055449552044625e-01 -1.799447990422599897e-01 -2.252863204047075574e-01
-3.568498500217328617e-01 -5.111622748984494535e-01 -2.610381300466114163e-01
-5.999954191294167710e-02 4.145018453259922131e-01 -3.253921904861528658e-01
-1.269067360546660694e-01 -1.430645162414381499e-01 1.711745691516384504e-01
3.548996010694123182e-01 -2.044001217353092481e-01 -2.966560698531335305e-01
1.904024017796704035e-02 -7.052683093567517769e-01 -5.102821425939821909e-01
3.345062274100630839e-01 -3.249783251428189912e-01 -9.819417336123564821e-01
1.773439316600612936e-01 -1.099564860744516037e-01 -3.681499324155962372e-01
1.466383111563401842e-02 -2.670379874887346058e-02 -2.987396028251251834e-01
-1.289048360118637271e-01 2.694826050779304816e-01 1.014394517024481412e-01
-2.864646847503292681e-01 -6.008984280926644300e-02 -3.232896681770375813e-01
1.353674046241261086e-01 2.222110631369260958e-01 -5.866421483192132413e-01
-5.241127836245239591e-01 -4.159820235405161104e-01 -2.710642062470958735e-01
-2.628113783311387119e-01 -3.338970725546958618e-01 -2.794256265815792672e-01
-7.631397629807318284e-01 -6.407634648798810062e-01 -4.775661753508949614e-01
-4.554367904292868086e-01 -2.397776259683858935e-01 -2.165259905709403243e-01
-3.780815523107042830e-01 -5.772743936721058677e-01 -2.995838567737457159e-01
-1.487328296173693054e-01 -4.968368485723007044e-01 -3.556742224230610150e-01
2.967049527924410235e-01 -1.541843559612958436e-01 -5.084996963491724697e-01
2.892740742994545089e-01 1.572807040615363805e-01 -2.198393710368753418e-01
4.700161933739480102e-01 6.757877043533170314e-01 -2.646784057132721135e-01
-8.845577715820656522e-03 -5.586306992092361368e-01 -1.430437240772625962e-01
-3.028622105621359140e-02 -4.209004479099391904e-01 -2.347826224745351020e-01
-5.671410103501296485e-01 8.192560741479286701e-01 -9.403449631589453350e-01
-6.214579652209670790e-01 -4.156878978329228702e-01 -2.162647393047141264e-01
-1.605456631699799797e-01 4.215163215942892005e-01 -5.074894121182425000e-01
-7.204348785590210247e-02 4.552243539276472073e-01 -4.718497178246306989e-01
2.021096370140700593e-01 1.154163320061040443e-01 -6.645108364266644196e-02
-2.925868456184561595e-01 -5.000193345059144034e-01 -2.757894508055426797e-01
-6.526699566324349611e-02 1.453685229353564590e-01 8.181264057047358748e-03
-4.631205111408402408e-01 -9.898169627032746276e-02 -6.922457060803065554e-01
-2.506037558708487656e-01 -7.529030471072309938e-01 4.480693087957623444e-01
-4.700408932343290713e-01 -2.611282715752425432e-01 -2.935132043231128418e-01
-5.313059205071206659e-01 -4.838873108241319443e-01 -3.283216103541136133e-01
-4.082700368769813792e-01 -2.438779048476971412e-01 -3.104450580914954738e-01
5.248483186217577784e-02 1.330064923268953758e-01 -2.432133572885234463e-01
-4.009744446874672907e-01 -1.302321146259629303e-01 -2.790877135182862068e-01
-4.395424757592243381e-01 -4.972422700003465978e-01 -1.419704785296218297e-01
2.943719509776903179e-02 7.146813301635698834e-02 -1.567525811990403972e-01
-2.527265684279192959e-01 2.337173477812736488e-01 -5.683845804149206815e-01
-6.774289115097934522e-01 -9.206833726795791151e-01 -4.004469753506094687e-01
-9.059132345512541651e-01 -7.086142382692142139e-01 6.363774783102554844e-01
-8.254997252653344386e-01 7.168983551624777961e-01 -4.125926397178757421e-01
9.317123892442219502e-01 1.368541144675765042e-01 -6.458147279115009076e-02
-8.009790229721629462e-01 3.322654506856053125e-01 -7.404659842551251092e-01
4.857994391833318076e-02 1.807167536271349906e-01 -4.132464132709126048e-01
-9.076427070321529955e-02 1.498523333228874432e-01 -2.724290907704496334e-01
-4.466063760505679658e-01 -2.252403358970666569e-01 -2.814769341725380514e-01
7.290196671705788667e-01 4.323032820101069817e-01 -3.989178734076654353e-01
-4.175384408093418265e-01 -2.499019533082189881e-01 -2.933653801395229022e-01
-2.942387747361535077e-01 -6.035255318927323920e-01 -5.709751669099624172e-01
-2.843041136813272418e-01 -1.168232715867971949e+00 4.157440739022090145e-05
9.175688782071422800e-02 -2.189064937724014837e-01 -3.660844754884773344e-01
3.455721896790642234e-01 -3.129752150102370623e-01 -6.171088231332245710e-01
-4.487814890984634930e-01 -3.185039393984536726e-01 -1.812495120590169595e-01
2.626028737573998240e-01 -5.612034634180310677e-01 -5.297599549314422340e-01
-4.694252022324520435e-01 1.487334475421877023e-01 -4.269628074981440258e-01
-1.953627150484842645e-01 5.082684913198542986e-01 -2.802408567433213871e-01
1.096118929380438395e-01 1.958063491287102276e-01 2.428376813017731756e-02
6.794973464594129542e-01 -1.114883599214495202e+00 2.763826841876450002e-01
-2.681513304597464842e-01 -3.916108635395980087e-01 -6.409106583807910873e-02
3.030398121925517718e-01 -4.399309891413004658e-01 -1.957217682180836249e-01
-7.062818705216743487e-01 -1.814274331341774738e-01 -2.393357372421678897e-01
-2.320006724788671315e-01 -4.992804229648110659e-01 -3.573510820360487616e-01
1.995973601141049769e-01 -4.814686925648904436e-01 -2.553849620672716814e-01
5.634228356645156754e-01 5.087063273008022302e-01 -1.652134522269748385e-01
-5.854408811894359216e-02 -8.024451484872903440e-02 -3.050159910306327604e-01
-3.537831952999041518e-01 -7.071181997685114240e-01 -3.090826000804374751e-01
6.920813491339482260e-02 -2.132538170745438000e-01 1.605762437617648253e-01
-7.785274276371310087e-01 1.232135565025637147e-01 4.678864503755347237e-01
-1.387279645611704804e-01 3.989315377199035839e-01 -3.542867039580623323e-01
-2.395126776183084671e-01 -3.514658049098467463e-01 -8.008387840849179318e-02
-4.151687967258896328e-01 -4.499248167609498084e-01 -5.535592328154533837e-01
7.232495026582057562e-01 -4.541506347477587413e-01 -2.074962050407213321e-01
-1.602277726540934921e-01 -7.114926788276497716e-01 -3.911288895337747817e-01
1.166525912802255684e-02 1.020897380552575756e-01 -3.131510943636937050e-01
-2.289896346341034616e-02 -5.140030213022448446e-01 1.975026764461406126e-01
-3.321964897207867473e-01 7.918481596908924502e-02 -4.913861482674862780e-01
1.251651247623123686e-01 -2.035338046966879699e-01 -1.906889143202697146e-01
9.908117857243213533e-02 3.729580992897305047e-01 -1.159282596239424451e-01
-5.838926125207198892e-01 -3.797648632300690830e-01 -3.008133365579782614e-01
-6.756873364057945641e-02 -4.138833373215818900e-01 -2.495114988004718259e-01
-8.822868129357082367e-02 3.968073096552356405e-01 -2.145086085285670130e-01
-6.398266056324871665e-01 -5.337822417385890139e-01 -2.744382692355389897e-01
-1.677717077710862148e-01 -5.128031941097732638e-01 -2.102618499435531529e-01
3.334744561421417591e-02 -4.376867115864011004e-01 -1.929615989904273909e-01
-1.847319687983814407e-01 -5.511453718415330050e-01 -4.222123600817185851e-01
4.733958692278820990e-02 -3.127614062141698126e-01 -3.144968144930318510e-01
3.160547781529852301e-02 3.578104286344288565e-01 -3.008295517819893350e-01
-3.447499309498376352e-01 -2.073458348206569102e-01 -3.310011990149029359e-01
-6.201697287665476344e-01 -5.228810180151097775e-01 -5.600091205930933791e-01
3.115242635690393946e-01 -2.687754050228661762e-01 -4.706798308171178391e-01
-4.799059399280435900e-01 -2.861282847977342780e-01 -3.438694404530073245e-01
1.408668623946673082e-01 2.149695640425952625e-01 -1.307847633702954870e-01
-4.622296841349035623e-01 2.219353356549558232e-01 -4.609195016830857639e-01
-5.189723698629161719e-01 6.714320075962448842e-02 -1.255031308547930047e-01
-2.911059367387698327e-01 -5.259517535550112255e-01 -1.476210777725568968e-01
-1.540533463940033376e-01 4.285945805596647062e-01 -1.801255075280836504e-01
-6.100348087710864009e-01 1.125928357858095863e-01 1.064863385110394883e-01
-1.785021117488639827e-02 -1.175054904897737118e-01 -1.978399993086452924e-01
7.189527164353404221e-02 -3.102652499196763558e-01 -5.557381103146871171e-01
9.885041701922009372e-02 6.526518217922979703e-01 2.207036134843111397e-02
2.417386235906586744e-01 1.171132539876932749e-01 -5.847798916844419992e-01
-1.243171348528087972e+00 -3.828067139207476655e-01 -1.108586159385458680e+00
1.516109662842604622e-01 -9.431721861996984757e-02 -1.671573229680397843e-01
-2.637714705673988580e-01 4.001247582071443265e-01 7.327106920619516073e-01
-1.863907730660650519e-01 2.229189095624787009e-01 -1.773523615158951183e-01
-5.029366174329382710e-01 4.401515540339064336e-01 -2.149229105090398606e-01
9.536514384346460316e-02 4.054194673393456960e-01 -5.278329580477415517e-01
-3.854858931376724529e-01 -6.005133598584765364e-01 7.774851056514631154e-01
-5.770115327508011926e-01 -1.080574388399630825e+00 -5.012572025700895439e-01
1.394799814110337099e-01 1.113276369327365484e-01 -5.396231963752191607e-01
-5.164982537380010674e-01 1.829486426456699844e-01 -3.248851374138082004e-01
-3.859630763403839038e-01 -4.287540096062368300e-01 -1.510399242318236912e-01
1.790329754973528087e-01 1.350477295930233090e+01 -4.083708600627724561e-01
