-9.663554149810456295e-02 2.520148511677191561e-01 -1.298356183179117107e-01
4.170289544014364469e-01 2.489096338389379381e-01 1.329999089311176552e-01
3.081006461528223994e-01 -6.696941389892703267e-01 -1.112467705384815285e-02
-5.675649169725405230e-01 -3.351222086780504539e-02 -8.315465664577800786e-02
3.909822555278073541e-01 -4.122928498343527148e-01 4.937447424983174710e-02
3.904501720305336709e-01 -2.867755673460029020e-01 -1.015809845584533244e-01
-4.969877699620331435e-01 2.616585921833961548e-01 -5.988860924378572315e-02
3.286448728349001258e-01 -2.161098797377022096e-01 1.078284900122188361e-01
1.145567573819256807e-01 -4.558112175678986078e-01 1.456993519016265004e-01
3.627258739513761765e-01 -1.712318925319465113e-01 1.265957380793143738e-01
2.172050860254323701e-01 1.212398820558822921e-01 -2.008982252864397744e-01
-1.464384457501176628e-01 -7.684873757791255144e-01 -3.380464067183793636e-02
-2.279562893957269853e-01 4.796620895810169150e-01 -5.491829485509487629e-02
-2.157728667732102812e-01 -3.268188697831785339e-01 -1.103401238678435731e-01
-2.595728645093487441e-01 -2.858290649838238773e-01 -2.189186563848919409e-01
1.685508824894406954e-01 3.147589967495157959e-01 1.033796537342859256e-01
-2.468635141617192830e-01 6.625463571403948926e-01 -7.347411447047495769e-02
2.049329811824514291e-01 -3.998142509258203331e-02 1.451273784468360417e-01
2.977615228858843111e-01 -1.180993819250197724e-01 -2.250423175883986826e-01
8.153332917849118178e-02 -1.854376161129238365e-01 1.752162035406913676e-01
-4.006375876498880495e-01 5.122666840958883111e-02 -6.359153654004602585e-02
-2.277341676552277205e-01 5.764990549139039633e-01 -5.032388534804432129e-02
-8.544964036346091446e-03 5.045271153851629276e-01 -7.322090840124220734e-02
-4.364470932677196324e-01 4.702567201791120199e-01 -3.513353089799043510e-02
1.420656934137088656e-01 6.163967237896054163e-01 -4.568528541189668946e-02
3.118957168313386541e-01 1.332474433928846624e-01 -4.999790551734091537e-02
-4.343213904304659145e-01 -3.327717182484760117e-01 -7.486516009633945035e-02
-6.514250526827778387e-01 2.471690865796179193e-01 -5.849134719355143786e-02
6.808462933724376831e-02 -2.537784456926779342e-01 -8.431080047737642136e-02
-1.398596911289784472e-01 -3.987475507600197200e-01 -2.533971383898286356e-01
-5.427226304822419661e-02 -2.333865414284524431e-01 1.271840513350013836e-02
3.990915495346319952e-01 -4.804464857397812150e-01 -1.397467703625192015e-01
2.944106659808668480e-01 -2.958590303559611133e-04 2.290633726585076038e-02
6.739426103950311164e-01 1.218939452911524043e-02 -4.857527011282027074e-02
-5.942944578408202450e-01 -2.904918703707882743e-01 -6.020563791096535111e-02
-2.586992044666481250e-01 -1.819613122059869081e-01 -4.125461058261471053e-02
-5.127744923456546006e-02 3.660934877087093642e-01 9.678589554784521043e-02
-1.443456610690894149e-01 5.532240198017257526e-01 2.476940356986775255e-02
-7.849570228699875862e-02 3.399134686588060061e-01 -3.449571974939661528e-02
-5.415372139442096305e-02 5.270410045848838987e-01 -1.147023887892763550e-01
-3.008402108166813860e-01 -7.257079936642681917e-01 -1.059050685621168164e-01
1.603529100167833121e-02 1.792108771973183190e-01 -2.227981049069241160e-01
-3.005290693992441753e-01 -4.642346901152720196e-01 1.683148317347916631e-02
2.280406813752468564e-01 9.010483172006952812e-02 1.135210887168954796e-01
-6.958279876327274627e-01 2.051396161252258821e-01 -3.612131850982099740e-02
-2.861436633997176404e-01 1.307161534389085326e-02 -2.606629485899915610e-01
-5.081058673780745050e-01 2.148060449778177450e-01 4.228001016794410982e-02
-2.445994997599139076e-01 5.314847821767743064e-01 -5.790005401916362843e-02
3.509920224972701841e-01 -2.796999679863172439e-01 1.213939578238875105e-01
-2.617899721603960672e-01 5.073054565918212466e-01 -8.417447939122893463e-02
-4.792517719782578983e-02 3.071852101539359614e-01 2.529532093049525199e-01
-5.726348070926359224e-01 -6.531403506650201862e-02 8.269126325175346626e-02
-3.883076779063982520e-01 -5.251919150826186433e-01 1.466331630330852502e-02
3.631571378165306396e-01 3.092526586546278100e-01 7.964069567084289258e-02
1.361532370514862648e-04 -7.735152903285090753e-01 -2.740310037418049269e-03
-6.909662552937553825e-02 2.268954602679245369e-01 2.384896195338981340e-01
1.030904248686933256e-01 -2.739569229074974577e-01 9.178939285061286923e-02
-3.314754391647480036e-02 -1.189547105777065926e-02 -5.707352476866049858e-03
4.608025074108049873e-02 -8.550638655553800538e-01 -6.819093295913973563e-02
-4.396347040490978242e-01 -2.399653375139959577e-01 1.139591935800918637e-01
-7.448414017083940797e-01 -1.694882048596846325e-01 -5.278452438902710847e-02
4.816251627347077902e-01 3.358384343180297327e-01 -2.298623986162762894e-02
4.414270449113743555e-01 -7.054758753318030040e-01 -7.497161914310576658e-02
-1.468689282047206390e-01 2.159197102970672744e-01 -2.183480312736497397e-01
-2.430163786774286461e-01 2.405118859422738509e-01 -7.364756953967951936e-02
-1.372680509722327691e-01 -2.177917246857290767e-01 2.348716178221065334e-02
-3.036239814691384376e-01 -2.679023923160464005e-01 1.338282547611774620e-01
2.785128510274617053e-01 1.005070046140048440e-01 -2.659718818721069633e-01
-1.249261741710573081e-01 1.404020421505946525e-01 1.345180817421556818e-01
7.240309091296870392e-01 1.269248604932919355e-01 -1.472332565155831663e-01
-2.106355281757914533e-01 -2.883749319875400507e-01 -1.933072743861000142e-01
4.838528178797563140e-02 2.915558812236214714e-01 1.486947226519834686e-01
-2.890337249935964192e-01 -2.012504956066683004e-01 -6.041403950271848067e-02
1.959634525114434811e-01 3.201888075300646924e-02 2.136132732330646711e-01
4.440578883783344866e-01 -1.953950118966716332e-01 -2.913415888102378545e-02
-2.955860390881788202e-01 6.509969748041296578e-01 -7.028173461971366776e-02
-5.483903593073868876e-01 -4.060545674234751767e-01 5.118556466859364336e-03
-9.155954365316962273e-02 4.584390069747028562e-01 -2.079484585325498680e-01
-2.091239120950772468e-01 7.364600241013556647e-02 -1.724996243451645539e-01
-3.056020882578678322e-01 -2.005952402739022145e-01 1.145566195325408848e-01
-5.625541121571070446e-01 -1.706682799542785234e-01 -4.280638504710423259e-02
-4.968590973332989713e-01 -1.137485229024007560e-01 -1.471596123255347610e-01
-2.280652488377526710e-01 -1.385880507885569046e-01 -1.870457854420882748e-01
-1.047557953418283387e-02 7.867168089933305186e-01 -2.208540453689876726e-01
3.609517710102589372e-01 -2.393714745038243163e-01 1.462110238308964028e-01
-3.531102891143018674e-01 -8.117884226334014242e-02 1.256518294050573137e-01
-4.698276641677569254e-02 -3.914025857307942835e-01 1.585404709963398884e-01
2.192538931804003943e-01 4.063481766524789096e-01 1.155979328018556518e-01
-1.909481189347419228e-01 1.134230665452922032e-01 -1.179487774143611611e-01
-1.451437648595061136e-01 1.275597668250043615e-01 -3.311732527213616384e-02
-1.849208384870162369e-01 3.964801555581550785e-01 1.946125458154159826e-01
3.748622376308931581e-01 -2.593278152261463410e-01 7.096577153825650575e-02
-1.281741281856181025e-01 7.847364250678188213e-01 -1.415461742528685840e-01
-3.655004022995228530e-01 -4.462246127088096981e-01 -4.020307437433310455e-02
-5.050498985909962490e-01 -1.541919748981470384e-01 4.429684814241137414e-02
-2.923144609415137540e-01 5.251990010168162692e-01 -4.507094863150049729e-02
-7.593213422870508378e-01 -1.791906186033299930e-02 2.614388520858004425e-02
-1.996693101726150499e-01 -2.386770628195087618e-01 1.152534604086671022e-01
2.043057475666672229e-01 3.865266626405829964e-01 4.631592760842238865e-02
-2.985090841484943081e-01 4.099875955348152301e-01 4.751220617793607687e-02
4.664556015031189051e-02 -2.508789780786497836e-01 -9.337070084430915129e-02
2.371198039949232450e-01 -5.306261961785359027e-01 -5.155720403459759793e-02
2.902922915342691090e-01 5.076878014512916648e-01 -3.222362081141986329e-02
2.330984360158572244e-01 9.413836175279676269e-03 -8.781819326329964870e-02
8.615969888100584451e-02 -4.378175257998951908e-01 6.979508309654369747e-02
5.863417378971113036e-01 -1.499111183348059845e-02 1.913369681486019143e-03
1.811184030952755486e-01 -3.591123993006411497e-01 -3.259903243063352885e-02
1.116537734940534488e-01 5.998637458165740899e-01 -1.174907539505348764e-02
-1.655990089770413565e-01 -2.703261831529147896e-01 -5.414878176707280111e-02
-1.275322433071602313e-01 -4.207381289330490715e-01 -2.677066898283839702e-01
2.905628843317655807e-01 -5.129511033466169767e-01 -1.012891131330699857e-01
-4.728726962383648647e-01 4.212025591392327684e-01 -5.122583471512116848e-02
-3.386195444432893442e-01 4.320040398475899490e-01 -3.645923662080518407e-02
-6.248538711730979855e-01 -4.119374343755767831e-01 -9.001042604661825541e-02
1.366666256973218252e-01 5.417233413332710468e-01 -1.863246673442884790e-02
-2.528342738523790545e-01 1.045020577253364114e-01 -1.655253547155675631e-01
4.531012102336651748e-01 -1.632690197499965801e-01 -6.032541134842670655e-02
3.432427388391128265e-01 -7.391914463208092145e-02 -1.096931203400926119e-01
-6.080224707149386454e-01 -5.690682760171967836e-01 -1.106444434558926521e-01
-2.220253038959987477e-02 2.249732607416985997e-01 -2.258976990471461832e-01
-3.727451871816598872e-01 9.841406209580268183e-02 1.424135310756963375e-02
5.069056180148365787e-01 -2.073414688058407840e-01 1.841503604432607327e-02
-7.880126863277649163e-02 3.804329394990786928e-01 -4.280474313524179619e-02
4.464412705255559333e-01 -1.002510735108097240e-01 9.766199960213071962e-02
-5.831379322497952378e-02 1.686638235857667034e+00 -3.091649241597513864e-01
-1.341704721661365063e-01 5.796727359288877945e-01 3.942985171583864717e-02
-1.751991812369817769e-01 -2.059044563667305483e-01 2.293329621348558223e-01
-1.494741093885185723e-01 -4.310327106890087800e-01 -2.783411064100163035e-01
2.694427968578650204e-02 1.416148751437130704e-01 -1.222469643723350513e-01
1.253386241353528219e-01 -2.809345235331913715e-01 9.566867207807533413e-02
3.980646637388251530e-01 -2.886301490051039198e-01 1.673201505605300954e-01
-2.993412097193822174e-01 -9.857324538119138779e-02 -2.447039446945020735e-01
1.164895167794446490e-01 3.365725677343037736e-01 -8.756889820743381236e-02
9.457106837868796412e-02 -3.730685558082402209e-01 -5.266111060000731176e-02
1.480977385585164341e-01 -4.040282269311732954e-01 1.573473173393973024e-02
3.251512672767260526e-01 -6.933577366905089301e-01 -3.434885496442554448e-02
-2.176713292614697315e-01 -2.434339024694097964e-01 1.543506453448274529e-01
-1.935335799866677586e-01 3.392545307951688738e-01 3.157887776140405611e-02
2.588272384741023835e-01 -7.295092903858022559e-01 -2.011141777734083008e-03
-4.881718671608608617e-01 -4.803776887544659591e-01 -7.360310918148744996e-02
1.723919227130009668e-01 1.401565778895479952e-01 1.563929562395356410e-01
2.324285141304678337e-01 4.718834853055925427e-01 -8.604895629362185883e-02
2.567402217570931566e-01 -6.500964175958318103e-02 -7.452490921604965068e-02
3.553983280352725482e-01 2.799643492895229069e-01 -5.088601495791788415e-02
2.066365356813456566e-01 -6.139497550701101397e-02 4.647300033189800950e-02
4.183835993792623942e-01 2.999972083218835697e-02 4.936813303818873844e-02
-2.325163389845085748e-01 -1.343934990896526738e-01 7.245203978819658719e-02
-1.870404428258662655e-01 -2.624126956718766945e-01 1.926745851130087506e-01
1.251137934565848750e-02 -6.935409862967596428e-01 -6.006294259056293300e-02
-1.749611370247572129e-01 2.193239255173211610e-01 -2.177957310653435563e-01
-1.116267827850140198e-01 -2.504252641239219090e-01 4.952423690812850915e-02
6.898883082290652169e-02 -1.458114820624067665e-01 3.462818707921870576e-02
2.136094115865849741e-01 1.558998955389089003e-01 -8.046773711632079773e-02
1.269941276722443835e-01 4.485703567965422245e-01 1.033251912997026900e-01
1.825847271430242336e-01 6.699012622315320131e-02 5.406520288440744976e-03
1.598669242597543505e-01 -6.316228217166168779e-01 -1.537953794198026192e-01
-2.890398900602029197e-01 -2.284431515340273888e-01 -8.055591144910392853e-02
-1.449021575296823849e-01 2.701303341144095649e-01 -2.609220142362018713e-01
-1.384673011517103258e-01 -8.114365853897053116e-01 2.619420272725339963e-02
7.516707963841262607e-02 -3.175128173170294610e-01 1.489383350848926891e-03
-2.194040616008190170e-01 2.318629506741841650e-01 -2.838831027412462849e-01
4.490723604575264094e-01 3.103624585618879050e-02 -1.100123099290732376e-01
-1.302095334452670061e-01 -7.850211145220143960e-01 -3.542229524056297093e-03
-3.169391021054781543e-01 -1.051853353723822965e-01 1.258298469587222912e-01
2.634239684763137745e-01 1.173973781168665548e-01 -7.637016984595131064e-02
-1.700101998363814648e-01 -8.952258066432244865e-02 9.073098330562895386e-02
-1.164028415529926169e-01 5.809918177467466860e-01 -4.190442524460381846e-02
-7.926442633811360550e-02 3.468135257141204408e-01 1.022906649160199889e-02
-3.364457671037883457e-02 -7.444441479141832296e-01 -2.442463570343481744e-02
8.189343762036063734e-02 2.064104248273475883e-01 -1.097916341245532001e-01
-8.746874442665574304e-03 3.303225311208887738e-01 5.984773453060614201e-02
-3.240804529836303072e-01 -2.781306572296795010e-01 7.384171351908153796e-03
-3.359812989585301835e-01 1.177092877039118690e-01 -2.330644158429207372e-02
-3.434158862739017382e-02 -4.356729073022327370e-01 -2.241492352783847619e-01
-9.550273448105112140e-02 5.840818046295380706e-01 -6.087049646400311681e-02
-3.791257288522302260e-01 -1.450883199395171068e-02 1.245263059319695054e-01
-1.285159760203314350e-01 9.753519741520995379e-02 1.689020289935358465e-01
-9.481649252637740222e-02 5.368778181347220180e-01 -5.242038017781203152e-02
-1.132154091321406209e-01 -1.973459693151105865e-01 1.076574547046849212e-01
-7.870895386471216115e-02 1.486724504636467992e-01 -2.530734225254728798e-01
6.588836069798331696e-02 -7.711572338705685592e-02 -4.844027629120829792e-02
3.456119806465139943e-01 -2.495571294296669573e-01 -1.057976187533702650e-01
2.228596877072062249e-02 -1.219406307177970800e-01 -6.708729736555185674e-02
-6.191325462310777183e-01 3.982153179631890971e-01 -1.706384103479793163e-02
3.569605335653984746e-01 -1.798971646205266839e-01 7.639824909165815470e-03
3.907446798917226238e-01 2.446930544693693421e-01 -2.348797602279616842e-02
-4.633084575330032595e-01 -1.430071063340060400e-01 -2.131576425507833994e-01
-2.236446339163122576e-01 1.892609870722329612e-01 -2.097152837765011435e-01
4.709730896769384056e-01 2.256769057388762212e-01 1.558562023779310780e-02
2.794862337169066735e-01 3.237253988852945574e-01 -1.499593814916795886e-01
4.280728046196560221e-01 4.047637111685131184e-01 -6.351896717878406998e-03
4.691899153848310688e-01 2.153115207744459372e-02 -1.363095273424468623e-01
4.102032713460200264e-01 6.028474797781330219e-01 -1.382623191018454434e-01
-6.627807606443371358e-02 1.830312296583097853e-01 1.404228512331210654e-01
6.188780128372860512e-01 -4.250558155840125640e-01 -5.818152963488693735e-02
-3.103915817281346218e-02 -9.482744227906986234e-01 -8.931501421396247087e-02
-3.454820796843499631e-01 -9.063153808819179869e-01 -5.391068189520104720e-02
-1.257956689136417380e-02 -4.204495320071473530e-01 -2.246011262018832166e-01
-7.066595744612748087e-01 -9.074265280989335380e-02 -5.299127283153020479e-02
4.567851058093524430e-01 -4.128372055878818947e-01 2.805918667271343342e-02
2.043749390166304247e-01 2.793689377829198794e-01 -2.922309523062280867e-01
-5.266674164173658079e-01 -2.345089142779758218e-01 3.688066921462194309e-02
-1.799851306804400308e-01 -1.799402172393231025e-01 1.443727882183684641e-01
-9.932345114311111334e-03 7.278687765580069691e-01 -7.531809524995637661e-02
-8.746717010874115183e-02 1.945066522743949811e-01 -1.365282220578591943e-01
-2.751472712328415504e-01 3.905263033727656707e-01 -4.755740519721281950e-02
2.172997876859194266e-01 -6.067649353636158649e-01 -4.638330612752579549e-04
-3.625485763515128301e-01 4.161436863090531985e-02 -1.715328130656073868e-01
-3.199775173132941020e-01 6.648516016131894579e-02 2.026341316691228911e-01
-1.438627765006460224e-01 -1.993105419375541254e-01 -2.217632238988765658e-01
-7.404536594950177353e-01 -4.192275172335829803e-01 -1.916981368676114184e-01
6.460764016487845485e-01 -6.607833053688388913e-02 -2.522419208660839351e-02
-3.049112716448981186e-01 2.122019291445486622e-01 1.728254171592162880e-01
8.850520294852758096e-02 -5.304209741881993345e-01 5.122353719044062809e-02
-7.665090640569645064e-01 -5.901298356935262557e-02 -5.579682333236080788e-02
2.961265239199146193e-01 -4.732290986186874493e-01 1.693337713176089054e-01
-6.712647532340107470e-02 -5.926799833477395252e-01 8.270978275475128830e-03
3.715741054948784074e-03 2.502425364258604734e-01 7.718897623376552372e-03
2.220330125304897373e-01 -2.501327669723428238e-01 -1.572793934578757546e-01
-2.905247979762715649e-01 -6.461612132132633912e-02 -2.798571587280085926e-01
-3.446903197636059235e-01 6.523520421880238951e-01 -1.223709335765955225e-01
-2.055440175451003215e-01 8.109258712056122143e-02 -2.033077971712823340e-01
-4.481158772912423038e-01 -1.042136906977637473e-01 -9.218654559426057993e-02
-2.316644763967503629e-01 -2.222147762348544997e-01 -2.326243529479957509e-02
2.569078043882508378e-01 3.509644838261442024e-01 4.680974329399820166e-02
-5.069415599102952141e-01 5.424552746638713341e-01 8.289373476855557699e-02
-4.961448290192521648e-01 -3.441017812720899016e-01 -7.212568516475657832e-02
1.868990913372352292e-01 1.601727259655781888e-01 -1.289075123560656233e-01
-6.183692937846137216e-02 -2.251058299572794019e-01 -1.430787447927460709e-01
2.080037788539610133e-01 3.688424520345860019e-02 1.220264451738990036e-01
-3.079068997001028762e-01 5.683632534389914115e-01 -1.717808918615186184e-02
7.520358360790004026e-02 -6.505170885594661057e-01 -4.671863047745521830e-02
2.249487574835560000e-01 -3.911765714704791286e-01 1.058114131859590745e-01
-2.602797394589339772e-02 4.149025714350470517e-01 4.199433693353297331e-02
-1.178643152841356845e-01 -1.381301604361942492e-01 -2.791969654960567079e-02
-5.676787461589379857e-01 -4.016150915159837249e-03 -1.577995931444789723e-01
-4.649826520440171196e-01 -2.196951036567676152e-01 -8.764506343550829137e-02
-2.415237942564257001e-01 4.643543899721145479e-02 -1.864855879468325095e-01
1.947573246146311610e-01 4.457713072074096505e-01 -3.828323046925718965e-04
-4.323753146174693085e-01 -3.298141722290701128e-01 -6.989695456935209050e-02
-6.000848790391793974e-01 -3.299139412631608703e-01 -4.493339055224017387e-02
-4.281216728263104176e-02 -7.145379975885147728e-01 -3.878588868017233265e-02
1.066478489696311427e-01 -2.314435573448878625e-01 -4.235310863147557711e-03
2.839498527647250220e-02 -7.593855146936150380e-01 5.529246592556257348e-03
-1.680175530403415496e-01 6.044842395555710679e-01 8.847766067848997218e-03
-4.492384088298984751e-02 4.621633406802378996e-01 1.095559272261287069e-02
3.555305525131760569e-01 -1.743781525617807415e-01 -2.098510059615799062e-01
-1.018466051941040035e-01 -6.652828888329351820e-01 -5.449843681727386570e-03
-3.980034780240090941e-01 6.665897094736152884e-01 -1.372116925377470098e-01
-3.686800135678386936e-01 5.569581781392085595e-01 3.986434790073767331e-03
-1.473505404312539513e-01 -2.431072270181459660e-01 -2.030773628598599168e-01
3.959111516192971303e-01 3.228985103252479671e-03 -1.097892957927164292e-01
-3.598082579788290936e-01 6.483850115354002075e-02 2.041729167277553658e-01
-9.508591976515852473e-02 1.480474738744332330e-01 -2.006187647272250352e-01
4.726258148151277760e-01 -3.689688608843465500e-01 1.072614388038246325e-01
6.301566448211617759e-03 -3.620437287589534647e-01 -1.764963668452395051e-01
-3.553161959168295025e-01 -1.351558691025847303e-01 -2.066824475672883743e-01
1.561649286958828042e-01 1.528345349809650533e-01 -9.049331240937169563e-02
2.245123779737438485e-01 1.784188737583662920e-01 -1.747701194753257248e-01
-4.278683099680624102e-01 -5.682438138342876810e-01 -1.740223273405325580e-02
-1.127432614738355376e-01 -3.372592645734397987e-01 -8.031695668403886212e-03
-3.481724401345172998e-02 2.786169310049650405e-01 -1.344627453274520879e-01
4.109111870168658531e-01 -2.166632458528841565e-01 -9.890212639554973872e-02
-2.213025951872733543e-01 -7.243608421081516591e-01 -3.687902221381877260e-02
1.928740534397277717e-01 5.839368052225478445e-02 7.782783817914147584e-02
-7.832723533710612696e-01 -8.703577401946156755e-02 -5.982288421820795843e-02
-4.192241282192396556e-01 1.564991461240819448e-01 -2.040357282519323912e-01
-5.588560412071411632e-01 6.281303046113845268e-01 -2.742860131771833188e-01
2.176528915480424042e-01 -2.812331400939906412e-01 -2.596592942891815525e-01
6.043799129957000416e-01 4.456324918603832286e-01 -1.252648942896529283e-01
4.120470105954390783e-01 -2.017518674984560001e-01 -6.729534473833195807e-02
-3.621620949522057487e-01 -2.753029000998065690e-01 -2.088537028135358797e-01
3.028504712993589365e-01 -1.027403352531099934e-01 2.975776090733293217e-02
-5.129865340889164793e-01 2.824633870509800082e-01 -3.593184560567184299e-02
1.372963991780122572e-01 2.792782787846442294e-01 4.901943095142623913e-02
-3.367636630976447165e-01 1.818305078891013227e-01 1.732759734849668720e-01
-3.464988517857989225e-01 1.741152176242146965e-01 2.117230736130412128e-01
-5.501836582155663485e-02 -3.561642254049231515e-01 -2.067488944903540515e-01
4.019308085564706444e-03 -8.720518137088404398e-01 -8.137986664008575732e-02
7.357470963295881239e-01 2.976501416516743048e-01 -2.528154341373730629e-01
4.311999933711849198e-01 -9.178603914298796851e-02 -1.242860507006407489e-01
9.747037419973245131e-02 2.366647594239727481e-01 -5.368537993491032806e-02
-2.059656702087437063e-01 -2.230180801056469708e-01 -2.419680665591632529e-01
-3.045086995156441878e-01 1.746213018818170704e-01 -3.466425785294516282e-02
-1.326270658612359321e-01 -6.755701359099045011e-02 -1.368302386795337000e-01
-9.336274577996757362e-02 -5.436581359887167064e-01 -1.525974174133608030e-01
-2.722818622422570889e-01 1.619298117620702193e-01 1.205977409072283013e-01
4.255737791926779146e-01 -3.130416624008667825e-01 1.467094858599391205e-01
-2.450678752067908528e-01 -2.247295928506403695e-01 -6.414179910919003136e-02
6.207561179645326721e-02 -5.181623656984521986e-01 1.094386091044555753e-01
1.419596221170765227e-01 -7.878236634324152776e-01 1.360066576625691692e-02
-4.666093367202551745e-01 -3.285033218582341652e-01 -4.003272988322321285e-02
1.493471818905233173e-01 -1.569114228686381562e-01 -1.106454422178592412e-01
3.242749193486110237e-01 3.976057295104670763e-01 -1.735468976297757093e-01
-6.973051870419133547e-01 -1.503266367749013337e-02 -3.536285990276991174e-04
4.388125664362430567e-01 -1.146508813098028878e-01 -4.172055975061495121e-03
-6.837987653126600396e-01 -2.579890235546879462e-01 -3.728743560970534943e-02
2.882690561293400899e-02 5.842713665038586079e-02 3.340821451983020524e-02
7.871908934034528571e-02 6.359642831027821908e-01 -2.856771648648466499e-02
3.130946709881859413e-01 -1.862697320373340182e-01 1.046384557212645672e-01
9.474021364333734541e-02 -4.462954650222376585e-01 3.762902998948153277e-02
2.424091489322573456e-01 -2.188313301912023501e-01 -6.049929055943828460e-02
3.074847339027461657e-01 -8.682701319508365767e-01 -1.403510196422910750e-01
4.024716554924839124e-02 -3.820072035740277872e-01 -2.200389401555418456e-01
6.592352169549504926e-02 1.872784214314696938e-01 -1.243149163535027107e-01
1.217950328392056747e-01 -4.462469092906818924e-01 2.256695744975946993e-01
2.758224489722116979e-01 6.706768387219250172e-02 1.750382529455267178e-01
-2.944294291950541598e-01 -2.397800869940348301e-01 -2.575105045546778326e-01
9.852100680078035300e-02 -4.260959329035583498e-01 -1.423613242331834838e-01
5.290377671393189374e-01 -1.614414305971840491e-01 3.220014248899197296e-02
-2.539207959292797967e-01 5.996474127756186434e-02 8.784929315222551882e-02
1.909735691465188900e-01 1.677030808753579919e-02 -6.276121172132896608e-02
4.066230280263324892e-01 -4.149148680482558360e-01 -1.032492009620620543e-01
4.991194010748781773e-01 3.040007876498261596e-02 -1.625368200707667798e-01
-9.981177940012078698e-02 5.678640040885462037e-01 -6.439087869901660710e-02
-1.963359802128988515e-02 2.803896202916429936e-01 -1.713973575428478224e-01
1.707161844048790400e-01 5.365735463209537759e-01 -1.479776713464286964e-02
2.712112948335294038e-01 -4.804487727073519232e-01 -1.592812168258688488e-01
3.558137682376051880e-01 3.426953929690680911e-01 9.356006296609717388e-02
5.273701359867586369e-01 4.790268455541491499e-01 -9.148434177589837013e-02
2.534008133342412483e-01 -4.487772507638335684e-01 2.704724730110192807e-02
3.345671159821265728e-01 -5.771326555495458477e-01 -3.064571568817809830e-02
2.604198866933977730e-01 -7.216966683145848993e-01 -6.970485826616575065e-02
-2.024055977605286882e-01 8.507808614299940120e-02 1.382786517752512545e-01
-2.568311546494275177e-01 -2.362603067844362970e-01 -5.814207538996789965e-02
1.676390905605190107e-01 -3.085600390219069289e-01 8.263212317356112557e-02
-6.633630770246889963e-01 -1.807071297259072729e-01 -4.319712254694949016e-02
2.904558737943583879e-01 -1.982582736579290850e-01 1.643422293993036243e-01
-6.600908262425594919e-02 2.107349958593335848e-01 1.995917777607331134e-01
1.489894680579367803e-01 -4.492274298412212707e-01 1.617027004531468304e-01
2.815109191167058933e-01 1.218812743585983779e-02 -6.848188382123956974e-02
-1.128072218555441347e-01 1.631838873098370446e-01 -2.764495684942470666e-01
-4.785769859832061934e-01 4.108310401947242174e-01 1.778973446691821392e-02
-4.011163903907613570e-01 3.171344025040834236e-01 3.401190079733658334e-02
4.795590075943274022e-01 -4.765374218161824715e-03 -1.634915056163194769e-01
-4.931728468012612221e-01 -7.020198453749165735e-01 -1.281923249325107872e-01
4.083993194747458921e-01 -1.976191018622723006e-01 1.583211130722146920e-01
-1.942896183054423631e-01 1.168834289273920357e-01 9.606794008714809874e-02
-7.350542255400849267e-01 -2.468331762991459177e-01 -8.230752732218037104e-02
-2.592614697500164045e-01 2.040612658260662349e-01 7.092251402713423136e-02
-2.926648386571840087e-03 1.814002598498184182e-01 5.474076566570035968e-02
-9.131674048272997446e-02 -1.854548414221435793e-01 1.132302807298663783e-01
-1.839541838613371894e-01 3.735845549378634667e-01 1.480350146268653022e-01
-2.248075553275054039e-01 -2.057577921732162696e-01 2.200426230187694510e-01
-3.098114562172140651e-01 -5.549285107538322326e-02 -2.841999119266688245e-01
-1.636604962786963324e-01 8.796363737532712779e-02 -2.664965413729931676e-01
-4.412172378954524743e-01 -5.445367431988471507e-01 -3.495219393130500479e-02
1.038878197914704371e-01 1.739586612435139457e-01 -1.684773231171299568e-01
3.838493124078935503e-01 -1.443230600483840775e-01 8.212706592809904116e-02
2.903983364018425384e-01 -2.861937482358648532e-01 1.655294266117650348e-01
-7.421986967409796576e-02 -3.427158872178061033e-01 -1.497814000730240125e-01
-5.519042318298958971e-01 -2.980968268532369625e-01 -4.006803931384175094e-02
3.364923013421748932e-01 5.871289577859994946e-02 3.877881780841674342e-02
1.939602338770470835e-01 -1.961545844986339049e-01 -1.969054110870334384e-01
6.783457243012149807e-01 1.449261339723232345e-01 -6.119395483985343859e-02
-9.180366177309527698e-02 -3.183788017856672981e-01 -2.004591504225426424e-01
-3.883899104324814444e-01 6.509792321205778443e-01 -1.118821375219403169e-01
-7.853962071681892809e-02 -6.767061624045841439e-01 -1.039682359951343144e-02
-2.990166334007898219e-01 3.993045355915657568e-01 -1.087162326530932283e-01
-3.469793271980831095e-01 5.924808339082109354e-01 3.026352014380960520e-02
5.232693482792222239e-02 -6.010444508158784283e-01 -3.271782574104161335e-04
3.611429077079220673e-01 -2.252337111164572428e-02 1.070577063775944304e-01
-5.017461768337266870e-01 -7.576180506217323751e-01 9.721208460978619792e-02
-1.969150922566745843e-01 -1.870399767642998423e-01 -6.143895579140291191e-02
-3.700184538707265713e-01 -3.478284112175801801e-01 2.516897035826963849e-02
-2.915540347067842042e-01 -2.571732423927053368e-01 -2.491465056393908917e-01
-7.256793047278830011e-01 -3.656276923194624606e-01 7.126800936359886651e-02
5.276667308762186259e-01 1.990526519929154692e-01 -6.415324769945912609e-02
-6.226477949062069611e-02 -4.325646473109050483e-01 -1.934411002210690567e-01
-1.557131163893317738e-01 3.579381202546322305e-01 6.345223318185015324e-03
3.241079009303545755e-01 -7.824227402261868525e-02 1.694363366018774297e-01
3.139250977475777082e-01 -9.602333881348072697e-02 -1.972594451683459260e-01
-2.782681500912236872e-01 1.199927721272266157e-01 1.169561633614719931e-01
3.698541050504695060e-01 -6.124916486191402942e-01 8.247782811047022020e-04
-9.509861726872576027e-01 8.089683395820651546e-01 9.802534769534720915e-02
-6.015686912949853582e-01 1.867643597755841711e-01 -4.029993751777784239e-02
4.398830302140789295e-01 3.002221340801037308e-01 -1.214622526648952844e-02
2.341264581487041696e-01 7.774346957334693498e-02 -1.739819785580298261e-01
9.507875302618609692e-02 -4.267936291108225810e-01 -1.441396954458059598e-01
-8.264036776738609147e-02 -6.460089017711468928e-01 -2.976902339168990136e-02
3.685652149724309434e-01 6.039885319240556605e-01 -9.609141717488486889e-02
-6.724918003770544717e-01 1.137258299908822101e-01 -3.266157821542468170e-02
1.940892718613410894e-01 -1.460779874888083196e-01 -1.806998992234420953e-01
1.971418121673849944e-01 3.399757726805414659e-01 4.834419569940665018e-02
-3.008270475051484372e-01 -2.166874481910645300e-01 1.157274741581942046e-01
6.039921459527743952e-01 -3.380349800841488811e-02 -4.244408193358042286e-02
-2.884799606750493295e-01 2.064371190857408889e-01 -2.336584419011695501e-01
-2.299075530883554763e-01 1.907382362677768062e-01 9.443053854627198040e-02
-8.915820224880242895e-02 1.504041883926033885e-01 -2.081147564249746507e-01
-6.350989597133606113e-01 3.294028256435233559e-01 -5.135040102449027477e-02
-5.724366382047555435e-01 4.800969707582749546e-01 -2.994523183866481392e-02
-2.323552119085758039e-01 -2.632868526752057958e-01 1.266046918601093085e-01
7.169182481862810263e-01 -4.348352592125288851e-02 4.029835849160193911e-02
-1.530863112208227517e-01 -3.704200903577564014e-02 -1.407329203744852597e-01
-2.162589550645900305e-01 1.442111544938527723e-01 -4.672142443733428435e-02
-1.261498665462540691e-01 7.658256957853168401e-02 -2.033453294521313237e-01
-8.240417778821087502e-01 -3.955720408371703883e-02 8.131035602499415982e-02
-3.255613905213683990e-01 3.727973675068056436e-01 1.374087099656518679e-02
-7.391298905689281940e-01 1.458254803233116348e-01 -1.390880339329073241e-02
-2.432565303066819007e-01 7.276081737301234309e-01 -1.152556499881911556e-01
-3.955044659076298874e-01 3.260411027332097977e-01 -9.768730532810962486e-02
-2.380382338056604430e-01 1.664357358195212855e-01 -3.673034036676849773e-02
-2.283127661245574758e-01 1.889497322802280999e-01 3.456456811153572201e-02
4.676188756363894652e-03 2.868233711875841085e-01 -2.599382201224073596e-01
2.604902669563753381e-01 2.836783288564251326e-01 1.913283478033937224e-01
1.272926145771867412e-01 1.029222027988937749e-01 1.670507955641346021e-01
5.185874898648681341e-01 1.798597430279103571e-01 -9.923505956336707567e-02
2.319504179319440695e-01 -7.467895883785788946e-01 9.271246751057577590e-03
-1.606448344015044549e-01 1.692188299469490342e-01 -1.541982827078199614e-01
-4.210454848948541051e-01 -2.318749662199752759e-01 1.714809928672261508e-01
4.423302539277905732e-01 -6.899370346468102211e-01 -4.330250819469780299e-02
-1.570178667001238537e-01 -4.497470586986377361e-01 -8.559553157544935731e-02
-8.118859856787390139e-02 4.999891440304898849e-01 1.277344583690316060e-01
-6.084310113189578262e-01 5.831251605911540875e-02 -2.859221327999327683e-02
1.655743178270979998e-01 3.019482662727468458e-01 1.779532705083914368e-01
-6.076460800465408596e-01 1.913981006619037417e-01 -4.248588618154232333e-02
-6.545491166366381730e-01 1.805070482769209894e-01 -5.217981187965255174e-02
-1.929364159185901761e-01 5.943745483855137346e-01 -5.609959750365735125e-03
2.102401803916221223e-01 -6.300772728779775299e-04 1.764840966730452099e-01
-6.307963959709060875e-01 4.392050476006071347e-01 -1.267051831947999252e-01
-7.555797633588360318e-01 -2.963832996019128418e-01 2.039760803464062827e-02
-4.064101235387214128e-01 8.410245461035549541e-02 -1.000027108383106378e-01
-3.674770903091795216e-01 -3.807323895406547476e-01 -1.691690144534173657e-01
3.382661111860703063e-01 3.155162278684432997e-01 1.479963822730706868e-01
-2.873382643322487384e-01 3.419651630316083435e-01 1.434558494809935192e-01
3.879081807705349050e-01 -3.402506152505320181e-01 -1.752377508512983906e-01
1.716812473693474783e-01 5.952451969510160756e-01 -2.489646968720911693e-02
-1.543912870394417158e-01 -1.589652959794125298e-01 -2.279771903578668713e-01
3.767311106207259508e-01 -2.342787232487182625e-02 9.991529362412371329e-02
3.059509975557335448e-02 2.825114367663489889e-01 3.472495954336025925e-02
-2.743583131710002343e-01 -1.311232196459837518e-01 2.232806218856186187e-01
-3.187979285433411025e-01 -6.193442329180456341e-01 -4.456534768768900118e-02
3.335594654114973356e-01 -3.433722439904060564e-01 2.185778604076270559e-01
-5.323802902119741942e-01 2.086456530495700012e-01 2.428526529883227175e-02
4.250312412398760120e-01 -4.084679809990119925e-01 -7.405876967535438005e-02
9.379355292190355575e-02 -1.432238701682535253e-01 -9.550855074376349285e-02
-2.495535896717140933e-02 2.995592409408001644e-01 2.339222011056184269e-02
2.600968142048530329e-01 -4.436769500885198725e-01 1.396592218072593983e-01
2.441554452795505203e-01 5.164553743899144012e-01 -8.440548095311451414e-04
-1.118347872097187057e-01 2.094578989249533396e-01 -1.206098945014648371e-01
-4.876237829869464191e-01 4.765397720849239016e-02 -9.366099681149443745e-02
3.607618514957596778e-01 5.291508539745026773e-01 -3.774497137509948141e-02
3.084128428234463870e-01 -3.562168738217344477e-01 -1.346597805371216316e-01
-8.393782387788699395e-02 4.068546580194674078e-01 -8.372560657116456112e-03
2.654561775771355214e-01 -2.175776388695571661e-01 1.483045168428337723e-01
9.359865495423737303e-02 -5.182743008021277742e-01 -9.942419053668768297e-03
-3.184036733586068646e-01 -1.094145717868926365e-01 1.599237167668307869e-01
-3.992833033157460187e-01 -3.318971493048297194e-01 8.853799049210059335e-02
3.864227106307009940e-01 -3.155701070231513028e-01 -1.364736281185680300e-01
-5.288211619507450501e-02 -3.226714275642493801e-01 -1.140929735755252666e-01
4.098184200072250982e-02 6.743999452452753562e-01 2.903661357652535455e-02
2.363594552673331795e-01 9.769281177563014784e-02 5.994774805869665379e-02
-5.219014961139638586e-01 3.117264690941171090e-02 7.211334212341886929e-02
-2.190475111419358245e-01 6.707140622868159596e-01 2.923873712762354443e-02
4.210974041656577738e-01 5.417096988336790320e-01 -1.409321022161421667e-02
-3.423346298097491025e-01 3.782221017903197313e-01 2.409546625318054192e-02
-3.086492998326019754e-01 -6.720920703472843538e-01 -5.432013920049064831e-02
-5.830063514407122366e-02 -2.565650466167369026e-01 -7.331198478697455168e-02
-2.937652525763668199e-01 -8.624536601399480917e-02 4.605067310528340035e-02
1.764595298069464302e-01 2.775404392551419352e-01 2.515900453796506703e-02
2.625031111092222535e-01 1.351452411326498765e-02 7.036135529672470079e-02
1.055212810180030658e-01 1.206901483186280932e-01 -1.547934141998026369e-01
6.177510668343365319e-02 -3.781099666405420834e-01 2.272842595396517770e-02
-5.039112387160304962e-01 -1.543396193090791069e-01 5.044205362905204715e-02
1.981446691730462673e-01 2.927271446856122838e-01 1.978764183546731226e-01
-1.177739199715249901e-01 5.201530244214802590e-01 -6.308867624636935179e-02
4.022759304976745165e-01 3.254691709483383821e-01 8.173514250364492806e-03
1.554703410555815513e-01 3.722811825404508945e-01 3.366576865339516306e-02
6.982211251931018381e-02 8.099788399383399395e-02 -6.960409963843885994e-02
-3.164862467505322741e-01 -3.980552803627428471e-01 -9.876999439056208252e-02
3.018932343962163478e-01 6.411652370332533712e-02 -1.153990206020526071e-01
-2.797008526331734024e-01 3.876240959044348067e-01 -8.450855051746995750e-02
-2.947163508945479515e-01 2.756503110002186605e-02 -1.458457897746824050e-01
3.573310296582763446e-01 -5.676936237111507300e-01 -8.708129244711400319e-02
2.380415957998408549e-01 -4.692359233521810613e-01 -2.124826743993695199e-01
6.586890993164637997e-01 -1.058937315119542338e-01 -2.577129251621019732e-02
1.541964012706093512e-01 -1.853758670741269543e-01 1.034138110740312755e-01
5.330493649575915871e-01 -3.565839056685167763e-01 -7.039747804542823006e-02
-1.535506807822887773e-02 3.343861973374429586e-01 -1.173198865868192303e-01
2.998535376634797189e-01 -1.059771877030426385e-01 -2.619780006688118834e-01
1.091245436385248901e-01 3.331868120150173751e-01 -6.964670395055160002e-02
3.881895704550341053e-01 4.654732876260349594e-01 -4.213747019541258521e-02
-3.220279032628965976e-01 1.191072343930658917e-01 -1.022735232111865872e-01
9.913698826364647498e-02 -4.962899956776272159e-01 -2.800110809330775066e-02
-4.621153787497032650e-01 -5.798031773101008923e-01 -4.842012570334208038e-02
2.440868114574428205e-01 3.188734271165359346e-01 -2.280768838930522513e-01
1.955531223566817633e-01 2.667612729103425728e-01 8.542120522759678869e-02
-1.030040343971013600e-01 -5.738476067118236656e-01 -7.024706930133234328e-02
1.436391288903124952e-01 1.545043644993818188e-01 1.837680129951816954e-01
-2.358334244568986715e-01 -3.082893489515958763e-01 -1.794673354538580679e-01
3.842877671668222805e-01 -4.158712805378567134e-01 1.037849627328578939e-01
1.144397050365324603e-01 2.307237124311251886e-01 -8.652276266718447739e-02
1.361658205695409352e-01 -3.115498978756535697e-01 3.865291097651143287e-02
6.877681277690425032e-01 -7.540879190621804784e-02 -2.112031788340907809e-02
-4.349998073236457374e-01 3.194469434553739995e-01 -7.299533929368533236e-02
-2.643033574284637255e-01 3.638399156741340401e-01 3.553635122174836347e-02
2.253307159894600842e-01 -5.367109277674753098e-01 1.001936183426107158e-01
-7.432245647974622393e-02 6.588025839582009047e-01 -4.498564090115483860e-02
-6.295879844677572390e-02 6.937579143034496854e-01 -6.003303213664041432e-02
1.244924760363421257e+00 -1.211194048154484282e+00 8.908644216163974505e-02
-1.691873444689800596e-02 3.393203463381929130e-01 -1.773662905389391808e-01
4.329185736766559822e-01 -1.134021068996208248e-01 1.912504054467009662e-02
2.713307369079952514e-01 8.367011465157644934e-02 1.736024169547253637e-01
3.241723537562827412e-02 5.371425517159467145e-01 -3.315124626235109451e-02
5.252649424735974515e-01 2.652153425593981595e-01 -4.160392994504975156e-02
1.122993492882058408e-01 3.061114801520091744e-01 -2.293643684601508193e-01
-3.677130580862358195e-02 9.386319235047817233e-02 -9.320762482553524714e-03
3.630001844686801538e-01 -3.074073425508214163e-01 6.246933919887242420e-03
-5.643415628129745398e-01 5.515607661302627251e-01 -1.704349367359033352e-03
-7.881821930632395556e-01 -1.672852045124051945e-01 -1.081840580816268438e-01
-5.772463705511728937e-01 -5.553350356283550671e-01 5.505557837503832763e-02
-8.183951703896127361e-01 1.433719936611544399e-01 1.310094721531903372e-01
3.608158450824224817e-01 -5.795169416241263693e-01 -9.883545517859577967e-02
-4.948859890704414982e-02 2.058794364202788663e-01 1.279229342921045787e-01
-5.867980713186907726e-01 1.565731646413470457e-01 -3.717952321778154184e-02
1.827779187322877141e-01 1.711749234346066073e-01 -4.365339507830997938e-03
5.560051152100552452e-01 -2.225875734848799525e-01 -5.080048078681019541e-02
-3.918173794454064829e-02 -1.302092401359186691e-01 -9.613456374001709548e-02
-5.902635547798054660e-02 -7.650847191273539849e-01 1.232729147036025139e-02
2.231863836211299759e-02 -1.990590710518528872e-01 -1.595131808082290437e-01
-2.274363125791887055e-02 -3.634359231484207697e-01 -1.769203519477678677e-01
-6.572270119164861368e-01 -3.527350037544786931e-01 3.444866260905263267e-02
-2.791519825958191370e-01 3.953491914759357795e-01 -4.735263524042836181e-02
4.320138104245465627e-01 6.615738223123420747e-01 -2.479119560438085290e-01
4.893799813731849468e-01 -2.288566937813768520e-01 5.485372580420841415e-02
4.235684469311832845e-01 -1.534217416866288930e-01 -6.144417490564347412e-02
2.917894399937761563e-01 -5.420406496058236545e-01 1.140129230878751260e-01
-2.472780287812991473e-01 -1.526910982093680202e-01 -2.040750443038610029e-01
-2.385516288350230385e-01 -6.342331226320684079e-02 6.017926764061939243e-02
4.476693446740239724e-01 3.489511552371857284e-01 1.461142753529288442e-02
-2.840984486445278234e-01 3.686723870623999089e-01 -1.528706418850684090e-01
1.121257621322448023e-01 4.674512004193282499e-01 -1.987014371239762267e-01
-1.646522834509785982e-01 -4.500503734450295723e-01 -4.386334972611643547e-03
-3.320149460102499867e-02 -8.895758100275250602e-01 2.120344153528500725e-02
4.552987119302303043e-01 3.677668138925396790e-01 -4.255000921638668610e-02
4.704388458083109681e-01 2.858883278066752798e-01 -2.470473760171137956e-02
-8.719367408803771480e-02 -6.469969292197842725e-02 7.868744731865996711e-02
3.276650660116003366e-01 -7.459775325183651273e-02 -1.466242842646282296e-01
-3.218329668101912455e-01 1.850515279374813082e-01 -2.806584307797503341e-01
-1.682525641169092812e-01 -4.308616204416755302e-01 6.567312223807830751e-02
4.027282971569746683e-01 5.067302048537416503e-01 -5.541363313122641548e-02
-1.630090617485381310e-01 5.936881179529784891e-01 1.534133505494222026e-02
2.429428958528706550e-01 -7.926066677276361050e-02 1.072440194134119396e-01
3.807256308302970349e-01 -2.752617860798328708e-01 -1.302805338266248836e-01
3.953855248114622190e-01 -2.726556487752819224e-01 -4.158455278751312101e-02
3.730633430068851508e-01 5.532127881496243932e-02 1.757466018156876308e-01
5.186405917008550803e-01 -5.464697791534287585e-01 -3.665499477495222369e-02
-2.436866257824124582e-01 -1.619332133211805469e-01 1.565870716728688383e-01
-7.002159664024644459e-02 9.705144695261351540e-02 9.707095927674852520e-02
4.581693528756330958e-01 -1.008480333950417113e-01 8.920184570314909633e-02
3.122111264605714753e-01 -9.632326548730710258e-03 5.213268365427827650e-02
-2.049399555184999167e-01 -1.198236030033287547e-01 -1.569765360027489398e-01
-2.256012908701567898e-01 -8.607153599319321557e-01 1.596811832174956924e-01
-2.017889177554909874e-01 -7.974773145717427292e-02 -1.559527996572798170e-01
6.817790739498080788e-02 -2.726552327051778302e-01 -1.801450234386908211e-01
-1.822180322003847663e-01 1.403274061207663015e-01 -7.360964686037299240e-04
-1.718263392819102398e-01 -3.953070501250448565e-01 -6.844022526305762466e-02
-2.278416542761849406e-01 -1.070102877677010789e-01 3.412557039932670108e-03
2.560542336758576121e-01 -1.028852063565713626e-01 -1.440736078799294551e-01
-3.627163085355249172e-02 3.661104741480072922e-01 6.822501461193677952e-02
-1.545344605726387543e-01 -6.815884512575242082e-01 -1.456906375183770162e-02
4.353771429803742210e-01 3.907202308690168602e-01 -1.137645146330923396e-01
1.363801447510742670e-01 6.264876282431854904e-01 -2.267368660194633151e-02
-5.586357154508285738e-01 4.397205052403710956e-01 -6.154482594048311939e-02
1.263226797201461582e-01 -8.694409619024722202e-01 -8.158363533933060685e-02
-4.716033255756838516e-01 -3.425356933089046541e-01 -7.475078453533380574e-02
4.284718149301197099e-01 -2.173356655957281169e-01 -2.078473775204864593e-01
4.384006760574598038e-01 -1.480406116758063995e-01 -2.492342190335771479e-01
-5.616380076382323505e-01 -1.343754149229771655e-01 -1.476299999994219216e-02
3.040224603521280988e-01 -4.150016366848464661e-04 -1.496777796637135428e-02
-3.398913670767619855e-02 -8.616716086421583043e-01 -7.150038177961705321e-02
-3.662728847091628048e-01 1.893561737375874798e-01 1.836007300835908185e-01
-2.095321008129992502e-01 1.971282481575143131e-01 -1.881594698069149196e-01
1.967594463083532086e-01 3.009711781164808864e-01 -2.460100251986269415e-01
-4.689535143879340895e-01 -6.823602863642114214e-01 9.421133956286986688e-02
2.810922738673206078e-01 -1.917258463362385423e-01 2.296568516196469123e-01
-6.343117106908104097e-02 5.128596387738777462e-01 -6.213212905923444496e-02
-8.504766234750797960e-01 9.512686432842111517e-02 -1.844846233970877103e-01
-1.758674186483093482e-01 -6.847566382892222858e-01 -4.112198280575275061e-02
-3.736371348921485036e-01 7.084100337534414427e-02 -1.714292023092002237e-01
1.441700397546349932e-01 -4.861848753119037414e-01 -6.854092890331632548e-02
-3.625295726095769111e-01 -4.828103178711055099e-01 -5.920530559529928877e-02
-8.262387796020410902e-02 3.632355611611024493e-01 -2.295650642822059245e-02
-1.891039138960826094e-02 4.306974571873583568e-01 -2.705997564572342265e-02
3.131328766551633169e-01 -8.018160183083646864e-01 -9.968937118649480456e-02
-1.042391504808386771e-01 -2.609628254629461908e-01 1.370758221599291046e-02
-3.909207090872617862e-01 2.148547866592028996e-02 -1.348137229615631837e-02
-3.483133097486070251e-01 6.377432127264109907e-02 -1.196941920271213239e-01
-1.872591557146275898e-01 -1.640477967544988827e-02 1.171928826652795519e-01
-1.367849234905266775e-01 -3.497450916550215450e-02 4.126074973733501183e-02
-7.117147793410807388e-01 3.879605404257835399e-01 1.167308999973786128e-02
7.428770298082656431e-01 -1.621899232795684098e-01 6.568607025518412301e-02
3.002348727300347964e-01 2.955888183010067088e-02 -2.705412349572951514e-01
-5.534665831176256712e-02 -3.086344328285652860e-01 -1.680372883960656039e-01
1.105418366670595787e-01 -3.878798098635302116e-01 -1.097318348824288109e-01
-2.692872181088807881e-01 4.586721649452682459e-01 -7.263442546377324449e-02
6.590326534704016304e-01 1.197454420877930581e-01 5.690513806059930950e-03
2.360640509513804441e-01 -3.205782061049933240e-01 9.513807811899516187e-02
3.560054968317382107e-01 3.203418841314136234e-01 -1.707952411766676740e-02
2.947371883501532785e-01 -6.380281945637898966e-01 2.158373382822254688e-03
-2.416337479807144362e-01 -2.937733181683964759e-02 1.805055183972159305e-01
3.143790377363592237e-01 -7.049265161131899882e-02 -2.159315548880815228e-01
-2.053740713424429543e-01 1.267321276055300427e-01 -1.480446862128138585e-01
2.787806072576154426e-02 -6.491203653504665771e-01 1.969422280474493470e-02
6.279037017395701081e-01 -4.504080493888402148e-01 -6.416896532892372995e-02
3.170002770923402435e-01 6.885665384208278228e-02 -1.167124648383206786e-01
-1.648269743726209213e-01 9.615581254101991659e-02 -1.356837373533457680e-01
-3.370363597354553709e-01 -2.675058467618930402e-01 -8.313821265389910453e-02
-6.862798546318905901e-02 1.723088536142474703e-01 -2.025560729461847384e-02
1.416623069375508581e-01 1.680235579090774145e-01 4.217786230686165067e-02
-5.925766629812437847e-01 2.853313226326392171e-01 1.313705119017136852e-02
-3.315927528576760319e-01 -2.075576393653919272e-01 1.656277482431085524e-01
3.324714659944940087e-01 2.350105116954261664e-01 6.042604691188561972e-02
-1.913772843520648026e-01 -1.939608252269969454e-03 -2.061078717142854899e-01
-1.784570765649299007e-01 -4.432920199396697125e-01 -1.305719913551098010e-01
-3.714419913030425624e-01 -1.047267886844860246e-01 7.378934431234576707e-02
4.241671317045830336e-01 3.432217061980705752e-01 6.801495589411549192e-02
3.157067572616005791e-01 -4.695971276482711065e-01 -2.213366473423479530e-02
-1.379968016703928269e-01 -4.097197370701538000e-01 1.702683909148406671e-01
6.014283429613264120e-01 -4.839841312924647587e-01 -6.417420609962272426e-02
-5.987669786984760600e-01 -2.341378662417084311e-01 -9.094213988902170864e-02
2.171240930529848845e-01 5.180246622107794741e-01 2.092059833709510389e-02
-1.203342559111399562e-01 2.829903183807052081e-01 -9.743061867550095734e-02
1.886624222242437310e-01 -2.623247043878610407e-01 -2.383635061083026474e-01
1.422571932040115561e+00 -9.119644300257410130e-01 -7.117917041970271974e-01
1.193169644642405880e-01 2.116226835033772902e-01 1.025467329986392978e-01
-2.077763834295068834e-01 2.827543116006707713e-01 6.172710646049560379e-02
4.596402647895975191e-01 -1.692640285478524409e-01 -3.658513421771651675e-02
3.690534668689973152e-01 2.816165416501790753e-01 1.292262024703085821e-01
6.123541614227500096e-01 9.808805809631876427e-02 -8.034740857322185750e-03
2.452832173182996622e-01 -1.589136125292639756e-01 -5.031148840126750676e-02
2.356186445857285927e-01 6.105504268137382923e-02 -2.799087795594756845e-01
-3.374734867845682884e-01 -1.709651120190801565e-01 -1.104222468461630441e-01
-3.632453582485338228e-01 -5.817285321512466467e-01 -6.148189713288156055e-02
3.793276881456232319e-01 -2.566075561890399648e-01 1.658665283519178413e-01
-3.832104478080688992e-01 6.389719381784954300e-02 4.523635334527766061e-02
-3.577487257270207943e-02 -7.970786351200760400e-01 1.121070931778607276e-02
2.961382618622647178e-01 -1.996457666719110569e-01 4.661402092839049549e-02
-8.160093415319839838e-02 3.503253270854687629e-01 -7.314621950689285945e-02
-1.473483341426526649e-01 -2.657815887426741297e-02 -9.315697315069111639e-02
4.208110112982760276e-01 -6.211253064359048004e-01 1.350229184862138977e-02
1.641592878207978334e-01 -6.611876696765521810e-01 3.854971140254043627e-03
1.036125402140412322e-01 2.439915495228664466e-01 1.482233418186982288e-01
6.844380461349085232e-02 3.017220456147672869e-01 1.632165341005300530e-01
-5.137544263184119497e-01 2.389438904095546878e-01 5.719217246453848352e-02
1.315408855307119151e-01 2.146541565128392837e-01 1.469276161366289690e-01
2.799987242748214200e-01 3.365710830245417506e-01 -8.105603678528407185e-02
-1.446874772101375273e-01 2.749602228122600689e-01 -2.094976530360829689e-02
5.875387706163968105e-01 -3.397822935280275791e-01 -1.889891775950183414e-02
7.563637085954200145e-01 -3.974015747884576122e-01 -2.729083375426844538e-01
-3.154008494065048129e-01 -2.123392283493633348e-01 -3.012615316966206491e-02
9.531854510786530454e-03 3.212775416111257609e-01 1.087994539186917936e-01
-5.479327594187012318e-01 -1.812178083116856575e-01 -1.686908085257149970e-01
6.958719656327304499e-03 1.450342511500422316e-01 -1.470216069865000474e-01
-6.744934098822948920e-01 -2.615739196992962201e-01 -8.093720053823703908e-02
5.491171199990410035e-01 -2.361007270996693386e-01 -1.541907880122667628e-02
-1.125285174757508222e-01 3.117749781224460892e-01 3.336604293356286444e-02
-3.207648277541600423e-01 -1.298063319196413046e-01 -2.260913889548284983e-01
-7.944983097197737543e-01 -2.735064673150067738e-01 1.354635392373354785e-01
-7.425854539334447724e-01 9.665275674954024177e-02 7.502001343030425574e-03
1.330149352385545380e-01 1.431964507566947931e-01 -2.066133641986252767e-01
-1.731927055261556214e-01 -2.299809653117000363e-01 -3.273194168006453991e-02
-3.547481875011789243e-01 -4.421437875725703348e-01 -6.492421072493967382e-02
-3.017636469257637954e-01 -1.917769153519776892e-01 -2.512400864758618235e-01
-4.337348213257440355e-01 -2.464328240986914387e-01 -8.195752490549481836e-03
2.491769055423417034e-01 -6.030059166411431137e-01 -4.135309450313634505e-02
-6.827493163212328131e-02 -2.946030385630848958e-01 -1.119259530025219218e-01
1.475079127425229786e-01 1.759729278337388014e-01 -4.791597889869569395e-03
-4.141107929256315212e-01 2.513677856855922599e-01 -2.076015716393842525e-01
-9.208736059912941974e-02 3.661401122482136339e-01 -1.120219508007829490e-01
1.453846595750299953e-01 -7.002798970883485907e-01 -4.024409388972948615e-02
6.799800974167673207e-02 -1.587180004667085031e-01 -5.022602707054724808e-02
1.811021264745837356e-01 1.382026179546182731e-01 1.582690829170150526e-01
-5.331599282014354291e-01 3.376276250435616966e-01 -6.535642748953351955e-02
-4.741645573730352559e-01 -4.114108068779106508e-01 -6.910076138149463809e-02
2.126792636138875314e-01 -5.831241405273841494e-01 -2.492707618954259283e-02
4.707532988114245254e-01 -1.379139391068223142e-01 1.683281141488615629e-02
4.052747293764780157e-01 -4.008168580091698852e-01 -4.421463307874478992e-03
3.614270191576186564e-01 -6.689213307419837884e-01 -8.515588784544997347e-02
-9.739139320214744433e-02 -4.207893361673162302e-01 8.157545104435817707e-02
-2.452779493781610531e-01 1.292460723276117607e-01 3.116318768597602790e-02
-7.000463042894568000e-01 -3.508811411151140369e-01 -1.052454766035289396e-01
4.804335826440964685e-01 -1.526317856044714649e-01 1.348014245635975883e-01
-4.326277862230322180e-01 -9.512324949146108710e-02 -2.187891882130324761e-01
6.714216324435530181e-01 3.516271905890747118e-01 -1.151077256603826454e-01
-2.443697295219645071e-01 -8.758911517300028982e-02 9.936899001268163431e-03
1.048244306113165353e-01 6.711559960543421743e-01 -4.074454077730955970e-02
-8.647189599024199813e-01 -2.238926346704265824e-01 -2.770635467738987723e-01
1.249337803388452239e-01 -6.853661381335465208e-01 -1.522521847867403487e-02
6.798617026346028824e-01 1.683738721907998004e-01 3.323022924152823493e-02
-5.634111675114313739e-02 5.825379465790818667e-01 -4.095183934407720799e-02
4.013143422094331281e-01 -4.302419681775460636e-01 -1.755270754887539031e-02
4.569585160757331788e-01 -1.608423950697971117e-01 8.155939688537355847e-02
3.034179542917690431e-01 -5.227190147490051730e-01 -9.425512341851435827e-02
-6.824114693598348769e-01 2.480690238613283971e-01 -8.316889621820881817e-02
-1.016327787725990334e-01 4.515794379826356120e-01 -7.737133715474990570e-02
-6.202408841268518269e-02 -2.422018975552350795e-01 1.427179327018741894e-01
6.127277645694979569e-01 -3.077282348483478813e-01 -4.296218946014283141e-02
-2.152826402042480602e-01 -1.721413167999883698e-01 -2.383119347542195510e-01
-5.865817158287277566e-01 1.354936539087050473e-01 6.899824921713129666e-02
3.774657474200279195e-01 -5.890057085885358479e-02 -2.311456272352714614e-01
3.432775302754038638e-01 -2.846790281386588628e-01 -1.258858023934714687e-01
-2.499184199865878142e-01 3.682211347034667903e-01 6.225442803491845409e-03
-1.683508284528327237e-01 1.652766186037674667e-01 2.205251199674589102e-01
3.686380302054240721e-01 -5.839440265056192736e-01 -2.960382682642857723e-03
5.148976431758340855e-01 -2.138807288499147419e-01 5.281362547682451336e-02
-2.440104255759944496e-01 2.132072143605320269e-01 -8.202349036982584107e-02
-1.207521472435023752e-01 4.230075429888545124e-01 3.297455518587701778e-02
2.876592825078262694e-02 -6.591624992632117985e-01 -2.533595838267730174e-02
-4.499575134937647825e-01 9.545408220226184182e-02 -8.972749823310886830e-03
5.656899439774666360e-01 2.462481927558766437e-01 -6.561028844372658597e-03
-3.081796591440857380e-01 -5.473500157305143388e-01 5.384641911411155307e-02
1.852050077895422975e-01 -2.761657182716610870e-01 -2.232825068281195369e-01
-5.154501091772140109e-01 -1.074809329732123037e-01 -1.204868582543328487e-01
-1.251624528519684754e-01 -2.817449972706614902e-01 9.319917165837451889e-02
-9.525236812001507125e-02 -3.788079881151277806e-01 1.768552150588842686e-01
-5.579106828250440103e-02 1.861586727594695123e-01 -2.599561771458794857e-01
-1.571586940240357055e-01 7.955151041223957886e-01 -2.541349259566931806e-01
-3.938958355026632441e-02 1.337950112050279861e-01 1.186926178697785411e-01
1.759792101418622134e-01 -5.864748939710130449e-01 -8.634278348414409221e-02
3.350416581338233057e-01 -8.182813481769757313e-02 -9.224052193705557789e-02
2.081095131493434502e-01 4.049707071378541579e-02 2.074185919076112217e-01
4.863431299726010404e-01 -3.086242499343816448e-02 6.705818365313193433e-03
1.652884273303248663e-01 -2.190038986680873101e-01 3.420520894371125581e-03
3.049726660927205568e-01 1.577939876451653345e-01 -2.955898384081894759e-01
-1.607586763698106991e-01 -2.750150730072242200e-01 3.864172111790208780e-02
-5.416586735563513333e-01 1.155689370654895132e-01 -5.367596946720855355e-02
6.636413702662616876e-01 -7.670242640146486546e-02 2.231274038315954247e-03
4.380241272913192874e-01 -4.714440847514277944e-01 -5.354661495652103531e-02
1.585253242753416891e-01 -1.680321713921530957e-01 3.075540794953478263e-02
1.699692779633417972e-01 3.167495328463516557e-01 1.661492122971569285e-01
4.685750650421557362e-01 2.114707377352000386e-02 4.856059372813091579e-02
3.189519646050823498e-01 -6.613362594503309488e-02 -2.976709795102446265e-01
3.868859332971538723e-01 4.051235257792398792e-01 7.728927242639179601e-03
5.428304831314267886e-01 -4.509445775590319450e-01 8.706671919127259573e-03
2.620640544341021894e-01 1.185974460625289356e-01 -6.986777927908717489e-02
5.859657508863883590e-01 -1.603536030751763486e-01 -1.171302903999277556e-01
-3.657367315152224574e-01 1.176008717979787899e-01 6.316525157498087406e-02
2.757768485778239187e-01 5.028076638984695368e-01 -3.571013818489379710e-02
-1.999611384364164968e-01 -1.711465342900376496e-01 -4.560843359741885428e-02
-5.946210724467707737e-02 -1.051738937155480835e-01 6.288601297543461310e-02
3.178215884465541707e-01 -6.488121204617327553e-01 -1.391779763520207581e-02
6.084693561552750873e-01 1.376072440673023201e-01 -2.668787078468681448e-02
6.459110814600440564e-01 8.577704262137689217e-02 -4.532164156696202179e-02
7.295372492370982842e-01 1.224167786064045242e-02 -7.072402895391960431e-02
-1.968449240571940317e-01 1.903626951002014567e-01 -2.464061205169669755e-01
5.640970920825251478e-02 -2.357789160832504949e-01 3.638915177762432757e-02
4.770008062110291935e-01 1.529718121509136552e-01 1.441149593555705877e-02
-8.311840753934300885e-01 -7.170839746367543843e-02 1.301147613841806550e-01
-1.147075296025687141e+00 -1.502076770552429164e+00 -6.600355811607616641e-01
4.609198911015987554e-01 -4.986698899408220087e-01 -7.012714409103887325e-02
-5.269509988536626999e-01 -9.487515068527598017e-02 -9.655785934634499024e-02
-3.247874421348885821e-01 2.222014768341861457e-01 -9.362129303448475659e-02
2.474533848517338486e-01 3.115199519990042853e-01 -2.345088281741560532e-01
-1.603606083501161461e-01 2.569774006150080115e-01 -2.701939370354475289e-01
-2.882926915417226565e-01 1.372735421895856234e-01 2.480890199960698317e-01
3.315030337250457482e-01 -1.676938014301890822e-01 -2.343114482968778334e-01
2.696768291069682744e-01 1.455738299511930844e-01 -3.085394717061140102e-01
-3.186888472760969204e-01 -3.722806260461445360e-01 -6.492558972594333899e-02
-3.754574426587240499e-01 2.148194174735125195e-01 1.972443673477302373e-01
-2.330326392319907458e-01 9.233103168405613903e-02 -1.588533718997363689e-02
-4.888987613062863447e-01 -1.166936073040975991e-01 -1.115130171448357049e-01
3.150789533058854786e-01 4.309597275676932404e-01 -3.424698241693200501e-02
-1.501382742546406301e-01 -2.090645219782348487e-03 8.397357997722333656e-02
-1.646300850827676632e-01 1.212470325624327300e-01 1.232849798398618774e-01
-1.351496339233094757e-01 -2.743003967695098466e-01 4.777560579378604261e-02
-2.120350627068485483e-01 7.319399919332300608e-02 7.814829472856689441e-02
-3.426612802442169370e-01 -1.478595788908288466e-01 1.287164793892708603e-01
6.798011927128921883e-01 2.125270727740945220e-01 3.163575653406206639e-02
3.721742904184258682e-01 1.649866833619068399e-02 2.202592919600554477e-01
-3.479531468502318203e-01 2.421707917629269680e-01 9.602983543177516512e-02
-6.766510124894972167e-01 2.149353563027581460e-01 -3.967172797674343304e-02
-1.872341180291716978e-01 3.402926830502179811e-01 -5.012241561926061156e-02
3.051982360452182852e-01 -9.077653576795730039e-02 -1.645233154934168662e-01
2.561749730129597724e-01 1.217541559675637680e-01 -9.414538638345496327e-03
4.240263366163961045e-01 -1.141004581283225072e-01 -1.495851221584711122e-01
4.174157699187670129e-02 -7.868553735592941356e-01 -3.443859172681484893e-02
-7.328492093566922883e-01 -1.856969729542293224e-02 -4.478344179129515462e-02
9.837425498894784848e-02 -2.197505811143109222e-01 2.088587852703918391e-01
-9.060963919886430573e-02 2.714653548742737565e-01 -3.071307319960083979e-02
2.988975561382168911e-01 3.083994893209514032e-01 1.534608649879247270e-02
-6.478380246891491945e-01 9.565415119573762726e-02 -7.094753500392254886e-02
-1.739565993704612068e-01 -2.938014465779257844e-01 -6.034417569136305698e-02
-4.906204489261168922e-01 -4.383503584546684650e-01 -5.177837520043907654e-02
2.376242767078165508e-01 5.346598104552610087e-01 -4.673618596985485568e-02
3.570599767214981957e-01 -7.829258088797995396e-02 -6.370901623833159777e-02
-6.396555920886061175e-01 7.727003469018006721e-02 -1.645237128261218401e-02
-3.564139178268110331e-01 2.933912058732425221e-01 -2.741563489122733274e-02
2.062967676333236355e-01 2.774469277879523799e-01 1.189181129838959294e-01
8.564066339496818892e-02 -1.558766523731482667e-01 -7.844841393352482151e-02
2.103384191427377370e-01 -7.173965385761512659e-01 -2.415188385088950368e-02
5.493218865918414462e-01 -1.058460197377092127e-01 8.160351162581729045e-02
-5.313381356436067682e-01 -9.005925645621819242e-02 -1.132422744481513394e-01
4.608236529296239614e-01 1.677901684420665630e-03 2.780974697242497712e-02
-3.005543633905797818e-01 3.536061638336416291e-01 -2.102628477235623725e-02
-2.127028359199114316e-01 6.480340783804663940e-02 -2.053691287507892205e-01
-4.460860442032361095e-01 2.678041098513086471e-01 -5.043466895643789610e-02
5.788631180721046654e-01 3.336514133536624405e-01 -4.567071058430963171e-02
-1.535617236240982286e-01 5.864509376941093866e-01 -3.287915457506940947e-02
-6.542105150164382321e-01 -2.238578169382702751e-02 2.596880806242032880e-02
-5.541005106568451799e-01 -2.741706736588887111e-02 -3.364098766416973030e-02
-5.368575456074623498e-01 7.323528934916882782e-02 -7.263139583430576474e-03
1.986847934173053276e-01 4.594725159455343988e-01 -6.686892427191826194e-02
-6.201186780664537102e-01 4.273873501505636718e-01 -2.573843608831314494e-02
-9.771445663009138693e-02 -4.534389579320334263e-01 -2.417984247114313839e-02
-6.596867710094811432e-01 3.347265360264401468e-01 -9.127178399561451660e-02
-7.436415678418907549e-02 3.628203617697162153e-01 7.996667101578191009e-03
3.506429282242113921e-01 -1.068667036506430182e-03 -8.583802017819151808e-02
3.134337685141277974e-01 -1.976760357781137956e-01 2.974064061696603950e-02
-1.739433451974552736e-01 7.358163393800738750e-02 5.950876747403916617e-02
2.058733493772850198e-01 5.232732370380787090e-01 4.160277292360516424e-03
-1.188443308945104637e-01 1.195460867578852227e-01 -2.584764947906462162e-01
-5.348983130582277701e-01 1.246034094885985349e-01 -1.513650891124528330e-01
3.287712195367670232e-01 5.453394358486976512e-02 -5.263098873884763072e-03
5.297366861697824225e-01 -4.606321577378693077e-01 -2.500856705294977195e-02
2.967124828754325594e-01 -3.930416410106436498e-01 -1.916223748595265175e-02
1.410445634740634113e-01 -3.655943332222916231e-01 -1.413697650565372832e-01
-4.195495254604960089e-01 -1.713097781341161863e-01 -1.715163296790332692e-01
-6.313315036152230553e-01 -3.498450031766317525e-01 -3.804901504852140764e-02
3.801815689201924475e-01 -2.528552040755925878e-01 -8.892285818344397574e-02
3.199924346841092615e-01 -5.217085942189967351e-01 9.247225389839709708e-02
-6.780067452371716374e-01 -3.425875575758800112e-02 6.453861528718657370e-03
3.158065334862931173e-01 -7.141842784044509784e-01 1.755244751748339868e-02
5.321828852254503195e-01 -4.783028954139815769e-01 -1.877144650665874340e-02
6.642521377569025054e-01 -1.861468279556273697e-01 -4.669543857820909055e-02
1.463418923505701574e-01 2.806458310353637450e-02 5.496324867673777620e-02
2.654697250195099945e-01 2.865446089177632952e-02 -2.154970281928456632e-01
-2.055444226869583835e-01 9.850077931302524126e-02 1.397338240984016822e-01
3.672561954522061689e-01 -2.690289107539866054e-01 3.586687759691966487e-02
4.042052802012938706e-01 3.145177938186513589e-01 1.087684734042849710e-01
2.208064545196005979e-01 2.041755115716199498e-01 -1.236490748831161474e-01
-5.970441554811488638e-01 1.338332256619255145e-01 5.937436018051937131e-02
-6.325023111229114425e-01 -3.877728973083196529e-01 -6.833187418612958475e-02
6.654454230853071306e-02 6.721632278124935189e-02 -1.123507955745826035e-02
-4.972416873954533800e-01 -6.882107863895999822e-01 1.259337719714682946e-01
-2.048121829481043266e-01 -4.931385596543137462e-01 1.497401339893069672e-01
5.667923507316270648e-02 2.919852923606686690e-01 -1.515819027687829446e-01
3.277849703492235478e-01 -3.426796113737582035e-03 4.426703684227525915e-02
5.992308435001033606e-01 -1.042948844661160598e-02 -1.537023090408618821e-02
-1.868845343009570559e-01 -1.307862871065914867e-01 -7.720888868159406226e-02
3.889321012715905024e-01 -6.828742909106654269e-01 2.976349795456709885e-02
2.095547039915061915e-01 9.700109136830460665e-02 -1.839163570428543337e-01
2.300701561864566536e-01 -1.663410673772293402e-01 -1.469488008273747148e-01
-5.357422836070443450e-01 -6.574989058413419074e-02 -7.256937171480185023e-02
3.815411762489718250e-01 -3.172081957125730822e-01 -8.248681733697377227e-02
-5.534601275615701477e-01 -6.116786737106105765e-01 9.368356458661374064e-02
-4.362372053692268464e-02 -3.589827621159171755e-01 -2.821906945464171534e-01
4.346176742345641553e-01 -1.813906560268486456e-01 1.881414654682352916e-01
1.513205760529950650e-01 3.135885900411401472e-01 -1.653980548487431479e-01
-3.130538942527679152e-03 -8.322519434871816779e-02 -1.327247705446808757e-02
-1.358001180958222087e-01 -1.910993286072956154e-01 -1.725066188370996678e-01
2.986544422870986981e-01 5.210374358664078276e-01 -3.651507994345012248e-02
3.353255022350164483e-01 1.584245169521272256e-01 -2.140785852237663545e-01
-1.718012072063301032e-01 -2.166246552213841117e-02 1.161156848789198087e-01
6.368894275750480553e-03 -7.929094500616901131e-01 2.116096246211242402e-03
-6.700628608463014002e-01 -2.544142088541304081e-01 -6.831937133099778847e-02
-7.696055659917495628e-01 -1.269256418652522089e-01 5.708341829560699410e-02
5.833717265244026118e-01 2.357275744211865809e-01 -4.122007060811441748e-02
-2.879298271629446293e-01 -1.331610431761625912e-01 2.175777043762837371e-01
2.334187230406955041e-02 2.331499506428479640e-01 8.677262167636442310e-04
8.577199184219827521e-02 -2.675188063974970887e-01 1.736524698002010481e-01
2.905893400246991037e-03 -5.586714850848195635e-01 -1.443417078832508749e-01
-4.087946074245855654e-01 3.992059159085127318e-01 5.280591263022053894e-02
-4.342961234139642857e-01 -5.337144561707438117e-02 5.349802911542572703e-02
-1.247992832942215191e-01 -7.906902672772542218e-01 -4.877108209162638042e-02
-2.665105380852469952e-01 2.004193184428621211e-01 1.573288397934057004e-01
-1.751441309150384984e-01 3.252842605903123047e-02 8.205386486799309820e-02
-4.049176965702543374e-01 6.008959118057111831e-02 -5.043181715586275704e-02
-1.033658624894695649e-01 2.822116133836389817e-01 1.116152657021411837e-01
2.117925327349450826e-01 2.533637475802517081e-01 -2.549745379244664489e-01
-2.055089406238451710e-01 -1.650501602621794461e-01 1.482933604232508362e-01
-5.880942994761095832e-01 -4.661583364529035545e-01 -8.288265746470498130e-02
-3.415556399053907288e-01 3.064758190342060928e-02 1.000440449826384831e-01
-1.670958911763007759e-01 5.791387673263309610e-01 2.123151983672443011e-02
-6.243096881623008132e-01 -1.852477088255722215e+00 -7.523885692792182667e-01
-8.411123838250063045e-01 7.184740836086791170e-03 -1.295504665091457841e-01
-6.073137213491109909e-01 1.890886494146981067e-01 -3.681959513482660484e-02
3.018473811501488635e-01 -2.262900616646475738e-01 -1.673655743863708967e-01
5.322690673172379983e-01 -1.547952052563829062e-01 1.231627121261169404e-02
-3.080105063106824970e-01 -9.948310462735072968e-02 3.894922746237908934e-02
6.987052167537085579e-01 -2.941307537796319371e-01 7.704549488420073255e-02
-3.337953821283304312e-01 -1.775802326047565272e-01 2.053395933422793793e-02
2.904251053970287044e-01 -1.646256615331599393e-01 -9.797521673106203421e-02
-3.097476972321591693e-01 -4.119749747032993015e-01 -8.818157153928149819e-03
-3.074350176286138048e-01 1.924233259931106554e-01 1.238440467894280084e-01
1.765847973483902489e-01 -1.591454721986025889e-01 7.397830679054018255e-02
2.465951523984760418e-01 1.587490097931207600e-01 -1.986357685339903700e-01
2.789715211082522406e-01 -4.838643012830774470e-01 2.232712884669272452e-02
-3.990368059364072795e-01 -2.411854495640277929e-01 -2.521539034739063156e-01
-3.201642971388636849e-01 2.171734996804647877e-01 -8.256422680848048146e-02
-6.161242728402719360e-01 -5.261626628574979370e-02 -1.913912594837323400e-02
4.774935889202303607e-01 2.504175624677665302e-01 9.448659780125255592e-02
-2.258548082444535310e-01 2.519647383381218297e-01 4.095554285868006905e-02
-1.538660446520319636e-01 8.054458239672235287e-02 -1.820954889022664280e-01
3.618899163939966468e-01 -3.748985948185664663e-01 -1.774737483349791423e-01
-5.934160428781264096e-02 -2.294739195586912583e-01 -6.556005687168438290e-02
2.340680662713914006e-01 -4.600666101546789233e-01 7.605188295108390728e-02
-5.489180517517046054e-01 2.081540228019436722e-01 1.610275282584605963e-02
6.481517178792875478e-02 2.210732138325328111e-01 2.032874117891350640e-01
-1.070746328229999073e-01 -6.662974224906081933e-01 -4.414686173595110813e-02
2.230873719244405307e-01 -1.450513068716808018e-01 7.107524354738138650e-02
1.703589535477077199e-01 3.544736785954136771e-01 -1.289578264108108829e-01
2.207264480769196568e-01 1.614546284449154823e-01 3.656438829793354217e-02
1.515272916971361628e-01 -5.151700613151124486e-01 1.399245088395096037e-01
-5.865615684962115495e-01 -4.004024114170975368e-01 -3.276806787721379260e-02
-1.772576401858539652e-01 -7.160749134120849568e-01 -1.159665820679767548e-02
-4.959537558483315678e-01 5.740648678592593646e-01 -1.476424485093512026e-02
1.791793930904997667e-01 1.742470647790954619e-01 -6.005826785270040186e-02
6.001557558660715053e-01 -4.440294958442119744e-01 6.742790215547095345e-02
4.536095952745387572e-01 5.177215365428165794e-02 -3.303345612256842513e-04
-3.856422826062165521e-02 6.079202095059866862e-01 -3.531774707629805471e-02
4.668291947374299533e-01 -3.666564098932681426e-01 -5.584379836367492182e-03
-4.239997536364155661e-01 -1.354685617703303424e-01 4.994866033499028440e-02
-6.290832821100326155e-01 -2.139042758604031980e-01 4.801423030432170648e-04
-2.520714776849662386e-01 -3.841093358537883695e-01 -2.333807547567069152e-01
2.115263419907870424e-01 3.559080772570274998e-01 1.173404031448546797e-01
4.829158206678358378e-01 -4.509585062288797852e-01 -5.476869937618925044e-02
2.229740294749205376e-01 -1.861662569770011488e-01 -7.275990580285593423e-02
2.004483223993608898e-01 3.301908700351183779e-01 1.029333288051441364e-01
2.025846294762108368e-01 -9.309876356537627462e-02 -6.400683877461202376e-02
-2.946440564994904920e-01 1.549305253600996024e-01 -1.103167121840189779e-01
-3.250139016428042066e-02 -2.548736686023775899e-01 8.458855911484640736e-03
1.407451911294073932e-01 4.538614983191754937e-01 -4.068731571638753430e-02
-2.556188401125421561e-01 1.612684402332217881e-01 -1.508707186456965943e-01
1.720693144526046561e-02 -4.308559390976892112e-01 -1.896216240535860686e-01
-1.790967952077985037e-01 -6.389810130440699565e-01 -2.484685951808879995e-02
3.167227578369042340e-01 5.879355777818867645e-01 -8.991643476221428122e-02
-7.345820068661312874e-01 -2.770454103079743047e-01 -8.225030587803350279e-02
-7.294179490088688322e-02 -9.328551688649877605e-01 -4.260363816945893917e-02
-4.768939719659096022e-01 -5.620179454494588223e-01 -7.072367380033801887e-02
-3.838077063353327323e-01 -1.484064803763339713e-01 -1.372981629274988291e-01
-3.583054506718608145e-01 -1.524822140099059975e-01 -1.504398562364636371e-01
2.315188699874521083e-01 2.873565329334396012e-02 2.278996136485199608e-01
-3.551553273473418426e-01 -6.857680058908722787e-01 4.842494585096230458e-02
2.204325890911955077e-01 3.308003842115533194e-02 2.084929803646358160e-01
-3.933187623731013161e-01 -8.065849028707114954e-01 1.545825354324482370e-01
5.612932696415551259e-01 -4.308775715031221143e-01 -3.583634377307767793e-02
-6.907062087024165575e-02 1.706438089550899317e-01 1.618299980038007679e-01
-1.895394351904160501e-01 -5.161355414343754555e-01 8.019901825282224617e-02
3.209379259624701164e-01 -1.897475965521378261e-01 -1.081677136260242034e-01
-4.068034659752298166e-01 -5.171507725206840878e-01 -4.158830158475746580e-02
1.753205891789152981e-01 -3.847117806537224682e-01 -1.730042292136975135e-01
5.478648291293749528e-01 -2.808320207401014956e-01 -2.254459217416938596e-02
-2.945525538485851968e-01 -2.826688989079773617e-01 1.372267821994674064e-01
-8.098514096015203556e-01 -1.152829129794281510e-01 -1.192374382886051826e-01
-5.347119721475644960e-01 -4.152444263610179931e-01 -7.055325914213910615e-03
-5.478595017446211690e-01 -3.575130656419514552e-02 -4.114516167578308181e-02
3.700779872248137203e-01 2.743901756216355903e-01 -8.963882723152444276e-02
1.429272399929970017e-01 2.869809292001083145e-01 -2.185517382810266418e-01
-4.579270390479437958e-01 1.997420586490973871e-01 2.091035335325714187e-02
-1.596999755758188033e-01 5.739136048087445374e-01 2.437424399160012869e-02
-1.486335676129108552e-01 1.471643701729496156e-01 -2.088452134291177709e-01
2.386818835977822240e-01 2.927742970081921858e-01 -1.068127186088436986e-02
5.477353347221878277e-01 -1.974643050084485818e-01 6.212762076263600441e-02
-6.176212245080433538e-01 -1.509565612024961756e-01 -1.174818347217948811e-01
2.167515484595570752e-01 -4.370567690720604803e-01 9.235556992110553753e-02
1.634618714569766595e-01 1.524719038257235926e-01 -2.406403147240169238e-01
5.426764923299468718e-02 4.515405930645111643e-01 5.187782767352083074e-02
4.318583109513694507e-01 4.494153772785954848e-01 -5.460890178851506016e-02
3.534740381163232331e-02 3.693088213485751226e-01 -6.952463712700898690e-02
-3.667026887536048441e-01 5.773443127595039720e-02 -2.672784879342673253e-02
-4.777603813335237759e-01 -2.354815777236799607e-02 -2.244954105090473939e-01
-2.212798227060085166e-01 -2.262254211789219427e-01 1.098866986017409952e-01
-9.369253781492885291e-02 1.209729004340736741e-01 2.081433056540150581e-02
1.880048145541589610e-01 -5.305381805077694635e-01 -8.443247067354991975e-02
2.419888162731584913e-01 2.553161466916012978e-01 1.639612293146093802e-01
8.243075736251290198e-02 1.577074724384326110e-01 -1.904339170374215115e-02
-1.576141817925964528e-01 -4.331099308196749709e-01 -4.931156079633928699e-03
-5.331972006558380883e-01 1.705389599712200943e-01 1.212108343853343373e-01
2.462001571473072525e-01 1.287840667325043376e-01 -1.414250175912319663e-01
1.516027818636112856e-01 1.919935757044102520e-01 6.908860060602594298e-03
1.611234993497591694e-01 3.126171033342113326e-01 -1.814787104014090602e-01
4.418141712310375696e-02 1.660773776669809687e-01 -9.333318841880153260e-02
-3.837992782557112514e-01 -2.658950680469193695e-01 -4.533365534292273236e-02
2.358553369412307588e-01 -7.173924402673595435e-02 -2.142428644419331896e-01
-2.468834859592779207e-01 4.576901085652882450e-01 4.014631224796654657e-02
-3.504297569993984340e-01 1.730231316435619227e-01 -1.524452612501516757e-01
3.089804204871258730e-01 -1.746523511638344572e-01 4.625503177942967559e-02
4.362687453720205388e-01 -2.641294652428448075e-01 1.643031290193806004e-01
4.394301754273323701e-01 -2.608038933769540879e-01 3.846465931152257683e-02
3.910361876712323825e-01 -2.003902445238723851e-01 1.758136014949623904e-01
5.380178980911103775e-02 3.735168915030009917e-01 -1.882826224639132240e-01
4.055482669161714071e-01 -3.799330248643015828e-01 -4.666922332686263691e-02
3.809037800278457508e-01 2.305027011692269701e-01 -1.954785578269391533e-01
-1.227115732081756061e-01 -4.079462278695547561e-02 -3.196281962011207622e-02
-3.338493013256912390e-01 1.391489044811378140e-01 -2.830872801013247786e-01
-2.062678612913875220e-01 6.160402001760754143e-01 -3.841016915448567520e-02
2.524081023403696999e-01 4.286838932539852598e-01 1.081459571466501374e-01
3.813142629957020913e-01 5.746409550485904738e-01 2.730896519077216991e-02
-1.223002178982316585e-01 2.253089646282566694e-01 -4.703369603412281552e-02
5.756841499602186607e-01 -5.494397203859288092e-01 -1.091737713112815034e-01
-3.007216791375855736e-01 -1.201718270199483435e-01 -1.741043388877246134e-01
6.144370859678106589e-01 1.377167003587611571e-01 4.268641693534578826e-03
5.157224562881700392e-01 -1.913701003920743882e-01 9.264862010896719735e-02
-3.112085114449046341e-01 6.864923027006580858e-01 -1.240191843335273075e-01
1.533552733352908370e-01 -6.976634228101366020e-01 -1.746242138046898845e-02
-3.859206658054800121e-01 -1.133310422816926621e-01 -2.122603433002950013e-01
1.601967987883247957e-01 -3.859804717660927365e-01 -2.400323846314270787e-02
-3.798366843169260210e-01 2.351490013275822355e-01 -2.525204498259167041e-01
7.728710591068759239e-01 2.332728491284429939e+00 -4.083708600627724561e-01
