-4.781353581965684940e-01 2.693434445481491732e-02 -8.742678982065131554e-02
3.637924063126260488e-01 4.278601155141678047e-01 4.755507053185982769e-01
5.092395040266689543e-01 -8.912119593204862467e-01 -3.788041512733008043e-01
-5.637801884532508412e-01 -5.101949059315696866e-01 -2.489392068027055649e-01
6.463120398925954468e-01 -2.577800694844099016e-01 2.663104008359538644e-01
5.510634763930384317e-01 9.915966613337376390e-02 -2.456234498545295519e-01
-7.295561904951375354e-01 -1.277179563317988042e-01 -2.330603904132274862e-01
5.049626209348303529e-01 1.676209798955634600e-01 -4.231994395404200908e-03
4.125682899791615066e-01 -3.479605827099309101e-01 2.207573235402222334e-01
4.090179827738800178e-01 1.677239582164893883e-01 8.574846252367500365e-02
-8.314640042776176576e-02 2.973496604187226833e-01 -3.637564806920406957e-02
-9.932303773911005385e-02 -1.064782259611505744e+00 2.121592221278024992e-01
-6.209212166198861960e-01 3.333258948694647894e-01 1.989762236820043131e-03
2.200930662029726426e-01 -4.497046695932597205e-01 -1.365313736138304979e-01
4.721691361583933016e-02 -4.393829197862957892e-01 -3.354147790424113484e-01
-1.991315860163934970e-01 3.677200785088835522e-01 1.631849614428098616e-01
-3.803969933259127023e-01 8.783714203788975938e-01 1.580237245626349984e-01
2.098938714179124088e-01 1.706050770688330442e-01 -2.581989286171039732e-01
2.682043394048901352e-01 1.810144826736687362e-01 -7.326447488849546774e-02
1.063971266683222533e-01 -7.700987776386361561e-02 -2.797050073333852138e-01
-2.900404678394805091e-01 -4.686534393633501328e-01 -1.111796876568462850e-01
-3.248012802423635992e-01 7.725037985839169341e-01 -4.836620217577888847e-01
-2.570163684428966588e-01 5.322385825020174988e-01 -4.902045090074252931e-01
-6.899947791183610457e-01 5.187979441002140701e-01 -4.898673682587171285e-01
1.984926492382576083e-02 9.182350757163205701e-01 2.021536876895028978e-01
-9.577220154737153823e-02 4.216327865624747151e-01 -1.517544884349089074e-01
-1.360147715328889340e-01 -6.326647220510693836e-01 -6.253969793494544571e-02
-1.008875837107088502e+00 -4.295841410829305367e-03 -3.345261569796226242e-01
2.912784752946225852e-01 -1.363708074228529576e-01 -5.985188039942627297e-02
7.075840816337687633e-02 -3.934857460308603949e-01 -4.657431412508105661e-01
1.711760571654668550e-01 -2.624737463689995054e-01 -1.345582493285986392e-01
4.798620696683062459e-01 -5.994529473074284853e-01 -6.154317134562731217e-01
1.952163397377236209e-01 3.700609171732333613e-01 -1.679911035962261823e-01
9.392697726441051609e-01 2.413978121440120694e-01 2.100074992583031708e-01
-7.600896671265882087e-01 -4.796680655959265072e-01 -5.235914472789977570e-01
-7.054520278984624526e-02 -5.205280412702533166e-01 -9.577411748374614620e-02
-4.285578208083743457e-01 1.548992244655288952e-01 3.226683572051054771e-02
-4.287320050196727350e-01 5.980820913136981609e-01 3.015751465918112828e-01
-5.104489200795681025e-01 1.489983803687226493e-01 -9.238360900241732176e-02
-1.753282087899790120e-01 5.734605534512613456e-01 -6.139354822677571821e-01
-4.322505600776668788e-01 -1.009718710716711598e+00 8.204882128091310622e-02
-1.298138134703138991e-01 5.171772504233437123e-02 3.163797415349475783e-02
-6.075450551828470019e-02 -6.247406652121185733e-01 2.346295892767850666e-01
1.047134981666888662e-02 3.751324810343472649e-01 -1.911591685134408081e-01
-1.002582500347880989e+00 5.848150983518127927e-02 -4.219596631830370703e-01
-2.436735120196924509e-01 -3.334428879679307567e-01 -6.956830198095378948e-02
-6.564712516749616755e-01 -2.345025909209058970e-02 3.453518003200763964e-01
-5.558190621224078365e-01 5.127645916754531852e-01 -4.225439949503778103e-01
5.672801726037265402e-01 5.628212365102180231e-02 1.668682766810916929e-01
-3.914886989946255169e-01 5.571705898279604163e-01 -5.920307276048082379e-01
-1.446757368546832401e-01 1.386611250954677688e-01 2.629548600029060768e-01
-6.071635733381619549e-01 -2.892162284712941900e-01 4.340519260866759210e-01
-4.232887471412865033e-01 -7.304781585058564009e-01 4.108420133946811825e-01
2.187208503907823176e-01 5.265263837329193786e-01 3.520489579870380026e-01
-6.563039173197481035e-02 -1.023893516933474190e+00 -1.930710508704154282e-01
-2.568559897517126434e-01 3.142935145199245855e-02 -1.158493632653754962e-01
4.052268843209946847e-01 -1.042954165738271682e-01 -1.885129778031242598e-01
-1.130848531887938824e-01 1.512137705341921011e-02 -1.535421028245466113e-01
4.574199566799648509e-02 -1.115436312608888425e+00 1.429094784260579176e-01
-2.417341033892437541e-01 -5.055842567652583108e-01 2.895180827334560836e-01
-1.011292584553755924e+00 -3.828280804704941587e-01 2.403092634364506486e-01
5.273829613273136596e-01 6.564339660562306111e-01 2.217893124182206410e-01
6.624723186766715566e-01 -8.940154474874117962e-01 1.244573844198703511e-01
-4.527418779320461772e-01 -9.092816419053753596e-02 -4.192859254028000193e-02
-5.370035889343038882e-01 -2.547250211780897611e-01 -9.408475199869323347e-02
5.313409441676360256e-02 -3.491832042835440464e-01 -1.393260817266794571e-01
3.057507442532550468e-02 -4.149437343275133583e-01 1.299496913462619141e-01
6.848121557765970979e-03 2.305392486247082318e-01 -2.328305899846967453e-01
-2.728168163890093978e-01 -6.501107498279065644e-02 -2.852580177410302675e-01
9.015177129253630905e-01 1.372225612134171380e-01 -1.755019117672115825e-01
1.089384289227557923e-01 -4.197297702331837521e-01 -1.953525768601166168e-01
-2.746656657952398772e-01 2.178859971534463091e-01 4.455133038860753514e-02
-2.783822784505738529e-02 -5.717629146720792921e-01 -7.776838470484655208e-02
1.275326324292637981e-01 1.038002822763945815e-01 -2.346377566675302007e-01
5.009792789386611211e-01 2.300215011833630641e-01 -1.662552603197146317e-01
-6.263589108564083796e-01 8.257711546015185089e-01 1.215694886223357141e-01
-7.174941626299721209e-01 -5.795960838193485731e-01 3.822097429144352687e-01
-1.129305637067974655e-01 4.007450858696657292e-01 -7.236472502295312470e-01
-2.999505053957808309e-01 -1.677514996659845992e-01 -9.689934322045548956e-03
3.010398408459712474e-02 -5.004101758996861715e-01 1.750096230746872811e-03
-4.548350805041664890e-01 -6.152282936273039127e-01 -4.045526427176109052e-02
-3.864333591576156191e-01 -4.771685808243127380e-01 -4.361502607814328192e-01
-7.765847232462673444e-02 -3.590036508497552181e-01 4.489655530136869898e-04
4.596592934783724077e-02 7.545294451920963041e-01 -3.991693905478985727e-01
4.929141568846563959e-01 7.864383323029032480e-02 1.690834342836988746e-01
-1.605456047996507707e-01 -5.233834020072699600e-01 -1.977839381992833878e-02
2.150763829672353578e-01 -3.118407132185187502e-01 1.980071807762112390e-01
1.095885791411783799e-01 4.282605372719566206e-01 4.896364199612432966e-01
-3.279132139705999149e-01 -6.712902882008064953e-02 -6.766572461563982732e-02
-3.402635675723230113e-01 1.475214774780635521e-02 -1.479900640325954864e-01
-2.619906381969822617e-01 2.805842600287631328e-01 5.224730066436139575e-01
5.395737751827275330e-01 1.171593001063568618e-01 1.321685210104499020e-01
-7.976557017983566811e-02 8.964795948182530116e-01 -1.501871801823885522e-01
-1.040930594453827740e-01 -7.246127675127711498e-01 1.081419040935481246e-01
-3.860161881815215579e-01 -5.473534687528682774e-01 2.203788944477792222e-01
-6.599129568326228545e-01 4.983184276033454929e-01 1.236120597854677428e-01
-1.005119229807016401e+00 -5.259736316190694039e-02 -2.020213516185109526e-01
1.239946309950677172e-01 -3.938116787853242484e-01 -1.093680558831131716e-01
-1.170977978531961283e-01 4.417648960873112873e-01 2.422778758441832547e-01
-5.942693018077042089e-01 1.742532351287935100e-01 1.751405834607854262e-01
2.914100826567763147e-01 -1.378613290013184778e-01 -6.449129915057602580e-02
5.578495342973280868e-01 -4.180953514577228636e-01 -2.783458856345996102e-01
2.955254213466451674e-01 8.056940752354031510e-01 -4.449216842331527588e-01
1.628474130585749469e-01 2.906958830439327901e-01 -8.816767028801128503e-02
4.742875479357235302e-01 -2.983169552378975298e-01 1.274311860707831937e-02
6.827659379599981815e-01 3.444228427102229984e-01 -3.721591153382542566e-02
4.852088232972594506e-01 -6.703635127972663865e-02 -1.152511865254792628e-01
-5.161386481089584415e-03 8.398039383939654989e-01 2.986436983920668919e-01
1.814042222912686797e-01 -4.382624041444182494e-01 -5.243072208423629754e-02
2.301698462318398086e-02 -3.838440164447763370e-01 -5.459401750333126024e-01
5.500161083796304418e-01 -4.477048703355837045e-01 -4.529457210180085069e-01
-8.748075868519191722e-01 2.441714068053765785e-01 7.520936426193666063e-03
-6.384193555056371094e-01 2.266940610732711137e-01 1.249874669198743349e-01
-7.759849771840807708e-01 -7.767303240149755483e-01 2.053657174109337902e-01
2.825139554681969575e-02 7.424500255780445146e-01 -4.618062088537115972e-01
-3.789411188328286606e-01 -2.742535230410682590e-01 -5.441696965160652127e-02
4.366290658844718675e-01 2.362320617339244144e-01 -1.421690558906673063e-01
2.555020201126414481e-01 3.537530549903168953e-01 -1.285117342145723207e-01
-6.539865333558880778e-01 -1.027786504661516442e+00 -4.281012200325130107e-02
-3.543538534676956009e-01 5.382960026329312170e-02 -6.863006907381088290e-03
-3.765289995718738569e-01 -4.512281899137918217e-01 -4.627360757795325602e-02
6.257715864804277439e-01 4.966540357815019818e-02 2.789209502339241031e-01
-5.591086322004916731e-01 1.820175204464642704e-01 -7.097701971071525284e-02
3.727350375779349134e-01 1.045555166370812361e-01 3.094568828380708791e-01
-8.087370133745626077e-01 3.460826546239874624e+00 -3.091649241597513864e-01
-3.345220714432126652e-01 6.687047987502510171e-01 3.648003961857135269e-01
-6.994235567314177615e-02 -1.418097582383041622e-01 -9.313272444908769765e-02
-9.345300689803820449e-02 -3.588812197054134234e-01 -6.245421277412889216e-01
-1.711846904390535440e-01 1.701124564614995838e-01 -6.097461102055720672e-02
4.171243885709512988e-01 -6.784290397702526232e-02 -1.864381870652673800e-01
5.197308723858177215e-01 -7.082638650199350738e-02 3.878644202014960851e-01
-1.630046853052136424e-01 -3.937907534070496096e-01 -6.992869176584458335e-02
-3.466735278467449888e-01 2.867601147284625229e-01 -2.671356159722096391e-01
4.973833537276946548e-01 -2.367454543682154244e-01 -1.141956871294561027e-01
5.198159101154747885e-01 -1.707164802714866148e-01 -8.946711095678429315e-02
3.733587736467445239e-01 -9.257448511716003248e-01 1.443863812111212952e-01
1.040315897266313322e-01 -2.843751502616897464e-01 -1.855472605215438206e-02
-5.436067286153565270e-01 -2.102794236136829031e-02 -7.759527913937855348e-02
6.190115547990452383e-01 -9.158833823031686805e-01 -4.540633461665655873e-02
-4.169256628182275715e-01 -8.780244174317153316e-01 1.334852736974669885e-01
-8.912326638574717685e-02 3.107257920386610750e-01 -1.527810633517619476e-01
1.691965059067694066e-01 5.969948070394486273e-01 -5.663943023612116878e-01
2.845640036979631970e-01 2.155412020105456905e-01 -1.118436997351290457e-01
8.532631642860610821e-02 5.193234789377105809e-01 -2.960134089467921226e-01
2.671024958774969593e-01 1.735435513149653775e-01 -2.012753546533163629e-01
2.075225658513274174e-01 3.104511834368866574e-01 1.201336113771655500e-01
-9.066286428867981195e-02 -4.264263814004997100e-01 -1.866509654923612371e-01
5.181229942650569797e-02 -2.133062427372945935e-01 2.111342270034403251e-02
6.045208795123621637e-02 -9.538905651457394441e-01 -4.653801945778396343e-01
-4.833020056882583182e-01 -1.264237111842802797e-01 -7.941357146489472218e-02
2.014773460881270906e-01 -3.267105791759277178e-01 -1.389731881942592451e-01
2.101068512101259556e-01 -7.956967335224630899e-02 -1.797068440022671354e-01
-1.491417472332852989e-01 4.080854786246021493e-01 -1.272200550101227901e-01
8.723602917146834612e-03 4.427495179251683677e-01 4.843771750295471912e-01
8.005878094662575994e-02 3.037339114742040325e-01 -1.675425965297895892e-01
1.991386957252026801e-01 -8.089535228456431470e-01 -5.926478365781363555e-01
9.499232816385520806e-02 -5.562409879654484079e-01 -4.925428464334655199e-02
-4.238668208275971905e-01 -7.450072342186080110e-02 -3.427669357130008199e-01
-7.905839031461324440e-02 -1.146385717968675833e+00 -2.130757567166625399e-01
4.458763702241748672e-01 -1.902700487452566869e-01 -1.120221055376253022e-01
-3.107478586063868731e-01 -1.178771673773966605e-01 -3.890675531071270399e-01
3.013188905811756690e-01 3.480001967798138640e-01 -3.095094621219771636e-01
-4.810329763829945815e-02 -1.115764012308945174e+00 -2.674713987503826718e-01
-1.185080850808599429e-01 -4.945877109699728935e-01 -6.567753928047194434e-02
-7.125567188921291817e-02 4.449682402648537094e-01 -1.371518970393199033e-01
-9.424127580204516574e-02 -2.678315340653460441e-01 -2.297014664265950579e-01
-5.056077764579389733e-01 6.517232888819319836e-01 -2.029707656815249103e-02
-5.218839286565917224e-01 1.374728066237058122e-01 -1.369537603557243466e-01
1.003376569557974801e-01 -1.047549096574891259e+00 -3.609533676449159789e-01
-2.704105601591430541e-01 2.630654986677416485e-01 -9.395811746193467873e-02
-4.716120108618025997e-01 2.403226227846909091e-01 -4.497463304737056577e-02
8.019360586327373142e-02 -5.391657862185270655e-01 -2.036866587704392814e-02
-3.923970637709709997e-01 -4.145746749970569689e-01 -9.561186528814251406e-02
2.441552594745078630e-01 -3.548367915109111870e-01 -3.911615223455253698e-01
-1.794409990124481713e-01 7.637511495860712651e-01 -5.360507816148157856e-01
-2.526855419540704473e-01 -4.626780930708760953e-01 3.373981336966543759e-02
-1.526347563773404747e-01 -7.519716342474355719e-02 -3.229318046161964162e-01
-2.738584317118337164e-01 5.906208719947432240e-01 -5.236505556677227835e-01
8.631273580180807981e-02 -2.469882127153003315e-01 -2.166696003331527731e-01
-2.366946284936743417e-01 -5.681644124160643849e-02 5.593215595601246787e-02
6.496512535031639946e-02 2.361823763651242376e-03 -1.019730926128487591e-01
5.331073714517496898e-01 1.394931075449320768e-01 -1.983939948646427920e-01
5.174341943311036585e-02 -6.318569013031641313e-02 -8.737912612772530396e-02
-9.994676034548393151e-01 3.106234330232249818e-01 -3.114630801734754040e-01
4.374555364061983864e-01 2.615541596380407952e-01 -1.031440345528845115e-01
1.568232581640627843e-01 5.717256484699780872e-01 -2.187878907651709948e-01
-3.419810792923898002e-01 -3.855625468591348803e-01 -6.294588116304239422e-01
-4.601506021532418833e-01 -2.063737568212114237e-01 -9.883144099547827577e-02
3.704588064934993263e-01 5.971138013957809632e-01 -1.351100220773580884e-01
-9.664457805293930059e-03 4.629482800921839725e-01 -4.562934154222477168e-01
5.035390666213905853e-01 6.529359815071758000e-01 3.101049897002297606e-01
4.012415239144559997e-01 2.620073194257425131e-01 -5.015766009467594877e-01
5.632245630385070978e-01 7.748439001357234623e-01 -6.094384658392858894e-02
-3.110589908678013660e-01 6.624814763751624147e-02 -2.761857366296568972e-01
8.660170292583240226e-01 -5.522774499435325612e-01 1.883412723189280824e-01
4.546698191732986317e-03 -1.159874535200972501e+00 -1.198272084314557992e-02
-3.184533813908497213e-01 -1.079516720897975901e+00 -7.282210976172645567e-02
2.185571455301812682e-01 -3.133946947058219301e-01 -3.552042645353334915e-01
-8.760529242922434623e-01 -5.369552919060875951e-01 -9.169543519286017796e-02
7.159619095530095345e-01 -3.269095981374219861e-01 2.991103484579502036e-01
4.641325503964661980e-02 1.982758757367729940e-01 -5.214389923538542693e-01
-4.473629564451648277e-01 -5.481515330951832743e-01 3.051228458007774758e-01
2.163776360693899295e-02 -3.062163491436410423e-01 -2.129946434517110965e-01
-1.210780864664433992e-01 1.007226832070601708e+00 1.051646160645214184e-01
-3.897472061942767740e-01 5.453334420804174798e-02 -6.588536715533217791e-02
-6.001014120426850784e-01 5.835966095080757920e-02 1.825016948394667451e-02
5.810393406650271597e-01 -6.134607869047797868e-01 -1.572312602211823340e-01
-2.861666827557746151e-01 -4.134992410608810953e-01 -1.268799129685318494e-01
-2.458159525541196710e-01 -2.462047435122333150e-01 1.125666034447299693e-02
-1.060354046916754450e-04 -1.928652040942657186e-01 3.694868666382154082e-02
-8.871218490649647181e-01 -4.941899726666640347e-01 -2.128340639864842176e-01
9.134719467682946847e-01 -1.495055387187481030e-02 3.170193863497440812e-01
-3.861722764682934961e-01 -1.749551117648822374e-01 1.078873373290649695e-01
4.215394406501840607e-01 -4.848875586920591840e-01 1.933631193719927699e-01
-1.044370540092229849e+00 -4.482368495701134492e-01 -2.256000692826794218e-01
3.850918959171667488e-01 -5.063447496577015983e-01 5.505188203332692654e-01
2.624362110534805281e-01 -7.285164679454486647e-01 1.473291414122924470e-01
-4.073450248331261236e-01 2.174282184065811918e-01 -1.764706619653314823e-01
4.501404649419999959e-01 6.323541007061239672e-02 -6.468685672637120021e-02
-1.659943021383031292e-01 -3.261991658223139523e-01 -9.478290056937498098e-02
-4.233720036093847061e-01 8.425920031849960523e-01 -3.093851202261160838e-02
-2.956421569741883859e-01 -2.179086497114951504e-01 1.820968058748144436e-03
-2.738169976719828091e-01 -5.943117189547127976e-01 -1.971918344203792695e-01
4.111610181635952377e-02 -4.922966042495738881e-01 -1.022560217970926999e-01
-3.535217455375117002e-02 5.202405920928263594e-01 2.337099075635631351e-01
-6.577776859529007591e-01 6.934730348860388416e-01 -3.945407471793762472e-02
-3.434052878432442002e-01 -7.093075505805517267e-01 -3.679119023493534479e-01
-1.557394597285196858e-01 3.455188713226188812e-01 -7.989345208949294452e-02
7.536849980578304298e-02 -2.056009521177803445e-01 -6.388154035881327478e-03
1.189977208814432391e-01 3.011771755513407145e-01 -2.444845062186587759e-01
-5.033073677567857507e-01 6.879427177980368402e-01 3.386762897654688187e-01
3.917975102123228970e-01 -7.993570549355856203e-01 -3.141379362530813402e-01
4.897737661017840805e-01 -1.589811654683253861e-01 1.325021728766072326e-01
-4.704364118432679542e-01 3.177017939662899471e-01 2.697761809331498950e-02
-5.327134719146012221e-02 -2.565672540730591922e-01 -1.123775695835787236e-01
-6.289154817342785808e-01 -2.416821256653156891e-01 -6.375685342319132864e-01
-2.047309209898452997e-01 -6.165425779516575666e-01 -1.460844257238782806e-01
-2.978319281463761570e-01 -2.839144555951602089e-01 -1.896767153675186363e-02
-5.867970001050627771e-02 5.673588837784033778e-01 2.307317666208121287e-01
-1.634790875159772006e-01 -6.572034210986458236e-01 -7.055692722852467680e-02
-6.016541863718032346e-01 -7.609970273429685905e-01 -3.400046627632851703e-01
3.826883295209117936e-02 -1.008600631613945753e+00 -4.081861215306940571e-01
3.502038525429927995e-01 -7.993328076974062779e-02 -1.367309351872000589e-01
9.702439818437084973e-02 -9.923707478042355090e-01 2.935591161888788658e-01
-2.301935385829166070e-01 7.793551187729348406e-01 2.949742329387260997e-01
-4.725952108160109133e-01 3.978163330298119527e-01 -2.662974305081669546e-02
3.863107174387492848e-01 1.897019866148980938e-01 -3.093527858130163399e-01
1.499736457975557047e-01 -9.016004548662758245e-01 1.884205064043580902e-01
-5.933516978788572205e-01 8.629058474438385806e-01 3.348782216566355968e-02
-9.960176813761084658e-01 9.678806159968389444e-01 3.986434790073767331e-03
6.759663958082384738e-02 -2.899453771783373490e-01 -1.831639672379598016e-02
1.787574205352092105e-01 3.743260549824495298e-01 -1.867774427046030028e-01
-2.635868250486426145e-01 -2.422158198018918296e-01 1.862506855890610491e-01
-2.397810643667572794e-01 -1.783217184663526966e-02 1.463675008500817283e-02
5.928185041665727795e-01 -4.288009314966336749e-01 4.785240764297643556e-01
2.784560894349906168e-01 -2.881426099363501581e-01 -1.908006757570981926e-01
-1.354393955785558046e-01 -5.263023397785838720e-01 -2.258707097201168024e-01
-1.091220697387936256e-01 3.251848200312538739e-01 -1.070424724629859825e-01
-1.810937920910939414e-01 3.557967129979179854e-01 -1.441724714034126609e-01
-5.908402149208774601e-01 -7.836036596902261619e-01 3.028393679642289449e-01
3.217626600985312724e-01 -3.119837004264870983e-01 -4.431971851022710462e-02
-4.319360163936263874e-01 1.406598379677275190e-01 -1.256313189368296335e-01
4.591134279131829365e-01 2.046190300731943190e-01 -1.931864829998331257e-01
-9.777724235999084301e-02 -1.057388992551963725e+00 1.550564926640232710e-01
9.607880644335534126e-02 3.047720563344272215e-01 -2.189280319451148427e-01
-1.073589972887830646e+00 -4.801524140961517806e-01 2.104073624461044213e-03
-4.375448940141027365e-01 -2.093373145556425008e-01 -5.450153288268289042e-01
-4.746734676111383777e-01 5.118079801689326969e-01 -4.971396386869748052e-01
3.311161129248331170e-01 -3.004573830243202626e-02 -1.068460730470512515e-01
7.965843288045981740e-01 5.688910647083847971e-01 -1.803965457668620445e-02
4.736672591476178140e-01 2.181402281779249719e-01 -1.983110313162763372e-01
-1.223163115565078646e-01 -4.731098614738186714e-01 -5.532679458450973087e-01
3.558773827520515520e-01 2.689141849070957879e-01 -1.657811287551708146e-01
-7.863741455768478161e-01 -2.001645972348317301e-02 1.560708008530850843e-01
-3.208605122567811940e-01 3.640285613622213368e-01 -6.634194607961192702e-02
-3.720550106393448186e-01 -1.754740796850034201e-01 1.647894723510132386e-01
-3.183636317780107472e-01 -8.572390001874262422e-02 2.357327070391674328e-01
2.589333595066496407e-01 -2.992101173605488662e-01 -1.466120035482933182e-01
4.026772693464289454e-02 -1.139722753095586905e+00 9.752075761904488438e-02
7.310966300083521219e-01 2.312316232619588408e-01 -4.182370562631315680e-01
3.258054315726985339e-01 2.712576985154857567e-01 -2.795790865642879819e-01
-3.532813030152304190e-01 2.926474059038683406e-01 -1.714076842380053700e-01
1.910475480025194267e-02 -3.188262621170965816e-01 -4.957727830364121180e-02
-4.502856449269114214e-01 -3.575119901836418257e-01 -1.058748787226808930e-01
-1.347321303530721048e-01 -1.177550398534038117e-01 -2.805419424848261054e-02
1.016300137992257879e-01 -6.686364603547877428e-01 -5.700459011371461493e-01
-3.998877472510570241e-01 -2.639261803620920888e-01 -1.558541761904715661e-01
5.599340943082458111e-01 -1.493331759253802293e-01 4.533623717364381744e-01
6.227163564521794731e-02 -5.126722636310883097e-01 -6.733197109680698345e-02
3.724456077736326143e-01 -5.036996017570367634e-01 2.698005867780551847e-01
4.488464231880509026e-01 -1.053183492038693325e+00 -8.539786954658987184e-02
-2.466454474347462011e-01 -6.984735793885537003e-01 5.096204613150376317e-02
2.492107581922582693e-01 1.768362549072835521e-02 -4.990887846779149678e-02
2.810135895421253527e-01 5.158316491518548652e-01 -6.560497971424975594e-01
-9.480346209947426717e-01 -9.778354239295268535e-02 3.188448967878562135e-01
3.561033068864191686e-01 2.936754480714248716e-01 -3.691405094850934432e-02
-9.251271368167458542e-01 -4.487122173345430287e-01 3.040101987477437651e-01
-6.663049761914742464e-02 1.492583981834464391e-01 -1.973772831587516652e-01
-2.143219077388299754e-01 9.365345782332566982e-01 -5.455715542329403478e-02
4.419766366010070002e-01 1.830581294832850925e-01 -4.155514889388029626e-02
5.077120101222837301e-01 -3.245885393043101974e-01 2.173314336740488767e-02
4.911769792302798643e-01 1.003492191315130816e-01 -1.131963368353093163e-01
2.075457447618676010e-01 -9.949258861435352763e-01 -1.179377735746280631e-01
2.260012510748240500e-01 -2.363109395554213732e-01 -2.039991289777897676e-01
-2.187083891910212019e-01 2.206416978885588631e-01 -6.519076680297429538e-02
2.323355589782134523e-01 -4.308891852130558031e-01 5.038414507266428810e-01
2.957529757105902685e-02 3.363726333545424829e-01 2.059289831585051425e-02
-5.879742265447743949e-02 -3.309270059638128036e-01 -3.314966660637937990e-01
4.333463580472891041e-01 -2.526536179857935549e-01 -2.652781898935347438e-01
5.976035694435651857e-01 -6.272705374686050363e-03 3.513846337370303274e-01
-2.956448413905441441e-01 -3.084029923828087716e-01 -1.999395623932625210e-01
1.500511957886647707e-01 2.482743611716847210e-01 -1.062067010586541516e-01
5.663628508444908949e-01 -3.476371210612165252e-01 -5.569906027478560562e-01
5.113682929126377452e-01 1.699597555009307592e-01 -6.410213698199213050e-01
-5.108251080095925767e-01 6.361104103152400713e-01 -5.629177033495273708e-02
-4.294843238570097976e-01 1.197676304487584886e-01 -1.152711310706343167e-01
1.199756883309617203e-02 7.319649853306883225e-01 2.611555583153467031e-01
4.928763114587902949e-01 -3.688296726653251811e-01 -5.011341543417953126e-01
2.872138047976271480e-01 4.644444763430076173e-01 4.597595356756891127e-01
6.001808325226078988e-01 8.618405555418734432e-01 4.839487341194242953e-02
5.813717567746312653e-01 -2.336153704254914643e-01 2.742929178682443001e-02
6.272638772056752243e-01 -6.109193953366580665e-01 -3.810134827875114039e-01
2.555332581662990155e-01 -9.594085106559492315e-01 -7.645872124578809680e-03
-2.844627909660079612e-01 -2.211280088153989853e-01 -2.763580992640883860e-01
1.166225658219827155e-01 -5.120678448767116420e-01 -6.346360859215936789e-02
4.609949713904761270e-01 -4.023354732192578609e-02 -1.267955534160154218e-01
-8.288683885917628169e-01 -5.337273490869951509e-01 2.323425824980346333e-01
4.013834650658305025e-01 1.143401279280228111e-01 -6.074883430448102528e-02
-3.263430536924609160e-01 4.718440856655964355e-02 -2.142087561864608747e-01
4.006511843340345713e-01 -3.313725250481839857e-01 2.393307495007865604e-01
1.359945646739550429e-01 3.587830302071031152e-01 -1.099016338204508447e-01
-2.907734643557225995e-01 -1.068170862078222649e-01 6.895413508287212556e-02
-7.345618501926681754e-01 4.039433354811496901e-01 3.673939707196893778e-01
-6.026495343495358314e-01 3.221147977794105305e-02 2.581313184989924570e-01
4.643427210750407097e-01 2.007750696055528861e-01 -5.902060247048890318e-01
-5.730130075167333414e-01 -1.053280646332597215e+00 7.392623613500659552e-02
4.342028524152438118e-01 2.668003796508822134e-02 3.470576924435866406e-01
-3.103453990931364093e-01 -1.425917842182413686e-01 -2.486161947224598823e-01
-1.003496390737784294e+00 -5.239911335736427977e-01 1.959884826228418808e-01
-4.715228681674607514e-01 -2.703291854089554525e-01 -1.312576281733681405e-01
-2.835214403590288201e-01 1.856241659664473187e-01 -2.290076337727748046e-01
7.815875203726438403e-02 -2.246707046936727847e-01 -2.251815300699234190e-01
-4.534002982166630003e-01 1.537683514777946903e-01 2.526937944997121321e-01
-3.793374424895841479e-02 -1.897555603091257703e-01 -3.375576338549168831e-02
-1.556546191378257726e-01 -3.478745034638933697e-01 -1.029728816080687365e-01
-1.987833612684961615e-01 -1.485918921944289484e-01 7.084646429302955684e-02
-5.125429834419445996e-01 -8.193522620418712821e-01 3.346114684206715761e-01
-1.829289141574423072e-01 2.284668289393952667e-01 -2.742728385359056303e-02
3.769101556203485748e-01 2.371502839903675830e-01 8.375917483101753824e-02
5.353753781754677643e-01 1.916729564497687832e-02 8.222906182447410617e-02
3.342537540508130900e-01 -3.400893596352291270e-01 -1.754410684718842595e-01
-4.790412506008204785e-01 -7.046106706902961481e-01 1.326226553597328328e-01
1.908164300037745731e-02 4.046812907486369570e-01 -1.169697562124929757e-01
2.383866625301555298e-01 3.381271948681952022e-02 1.796436712522546733e-02
9.201571615203762988e-01 4.215566451519312530e-01 1.807282450840787258e-01
2.305561481802567148e-01 -3.066081573876724975e-01 -9.947060473458237129e-02
-5.584380258605871061e-01 8.540399259424004130e-01 8.879850702816666219e-02
2.104569870228145401e-01 -9.439238290183126212e-01 -2.020964803805689602e-01
-5.523079811112990845e-01 1.397062694070153877e-01 -4.199973342943160159e-01
-5.163875869354838111e-01 8.267175908702147913e-01 -3.251900483830864608e-01
4.315212589641507779e-01 -6.803793444441327276e-01 3.673814667802854234e-02
2.045286461534751576e-01 2.836476225982315635e-01 1.220009733064884166e-01
-5.502874003614893761e-01 -9.758870149419947015e-01 -1.165729825202031639e-01
-3.256964860174808157e-02 -4.082112493557923938e-01 -7.861665290116230664e-02
-9.295369023153095267e-02 -5.854710269424502345e-01 1.990229967769746589e-01
-2.256759040520891699e-02 -3.940136603043550845e-01 -3.984790714682379109e-01
-9.203303061986340960e-01 -4.843746086238855386e-01 -6.862137621933103726e-02
5.994796404918245614e-01 4.937544694985685489e-01 -4.614518378174642943e-01
2.840474584902374922e-01 -4.278680651722409078e-01 -4.109443726672319941e-01
-5.354018205678524600e-01 3.265893506545403807e-02 -7.186189357823259682e-02
2.563533266540655720e-01 2.249079136619606678e-01 3.483692950685969569e-02
2.771572229472579196e-01 2.407104961562107903e-01 -9.549273662324743450e-02
-3.408471653666371171e-01 -3.007608548529817627e-01 -1.494863622645417889e-01
5.529545355562529574e-01 -7.877389702259511850e-01 3.048331679025397811e-01
-2.291825030146223519e+00 1.232405238692061200e+00 9.802534769534720915e-02
-8.913081903976127762e-01 -1.827973073183473407e-01 -2.470521344180930390e-01
3.505395264379691511e-01 6.278923073292593804e-01 -2.831035547978145717e-01
3.674089557517538213e-02 3.012014278140889845e-01 -4.081152779269093395e-02
4.273211616171908589e-01 -2.506134314699511312e-01 -2.663519407206892398e-01
1.753116556977735163e-01 -9.023889891975983568e-01 -3.069614367844024638e-01
4.168265572706601474e-01 9.448213788846845373e-01 1.036287518348210507e-01
-9.501141388787843756e-01 -2.645759033181847020e-01 -1.696384368167060674e-01
2.094619849993890892e-01 2.462353715721243494e-02 1.018083528237809059e-02
-1.716254588905075928e-01 4.489419326797541854e-01 2.095117811837660660e-01
2.739258805422721196e-02 -4.900485596166352931e-01 -9.270302015539446695e-04
7.566589463867680054e-01 3.302341252218759515e-01 -1.839405782897597375e-01
-3.806028408991134482e-01 -2.098134286435300033e-01 -4.185359786743119703e-01
-4.708792246321517605e-01 -2.228169095053565141e-01 -1.973449883512768677e-01
-2.555793148652580338e-01 -2.987149735455409474e-02 4.585552581355565802e-04
-9.500110443014460060e-01 3.484911261046410025e-01 2.248176250285392475e-01
-9.096991380491965540e-01 4.936272089050038892e-01 -3.770603781242322650e-01
1.185610199375089768e-01 -3.492462273274305473e-01 2.869025165441221881e-02
9.949184984747886373e-01 -5.754251789782369175e-02 -2.595517408541833104e-01
-1.292731128030829568e-01 -1.314486201053581549e-01 -3.057646467342941751e-02
-4.330551785420508337e-01 -9.652212102775298286e-02 -1.293370297628210208e-01
-1.645554239871498403e-01 -2.885475349587868395e-03 1.051875991499075236e-02
-1.089537622143419648e+00 -1.231928752970731511e-01 -1.757220918073688909e-01
-5.689969859042025568e-01 6.962626700272236957e-02 1.414450646068756978e-01
-1.054254129609643931e+00 -9.461395770916819145e-03 -3.861944726758560487e-01
-2.815307437025923454e-01 9.171001190478060838e-01 -4.261091267746439787e-02
-6.586607459913753626e-01 -3.438142824717814461e-02 -2.832409724059345990e-01
-4.908281463403008082e-01 -1.828640584027323990e-01 -1.311912996251211883e-01
-5.061043991312609291e-01 -1.957365716710523507e-01 -1.694047550898734045e-01
-2.932342090820943548e-01 8.663903054684074512e-02 -2.635409088347572815e-01
5.606178160254017551e-02 3.489857863405264604e-01 4.046430527080795980e-01
-4.730820620166572774e-03 1.782749400670086970e-01 -2.432467346879494119e-01
5.978603934891641991e-01 4.176705194195148296e-01 -5.469239551806982513e-01
2.301466780505104226e-01 -1.012848562033453303e+00 -1.594236927945135163e-01
-3.904221975234526409e-01 -5.484366409616794891e-02 -5.098308472814548631e-02
-3.015274057288058196e-01 -3.582694128581616066e-01 4.504922995625170734e-01
7.798867059731796614e-01 -8.290411422670992403e-01 9.365742933507568979e-02
2.320141750102764633e-01 -5.332237993610154936e-01 -2.636270346035926027e-01
-1.671818144454945976e-01 5.068273348322884786e-01 5.335980436260182591e-01
-7.324862700533897319e-01 -4.003876675662390583e-01 -1.685670756610446186e-01
-7.084559378238818039e-02 2.803442867423208140e-01 2.905829897701779352e-01
-8.745746453330387471e-01 -1.817887847954344771e-01 -2.447826265791078204e-01
-9.539464587851456123e-01 -1.312798725834198321e-01 -2.918887786775670734e-01
-5.264074351510302785e-01 6.770347280149522362e-01 1.955665266303631411e-01
1.542937518800847063e-01 1.644972004187987835e-01 -2.329385641854173628e-01
-9.720704803005174588e-01 4.933015481125232471e-01 7.655330283614682207e-02
-9.702720536308607757e-01 -6.354177326179210050e-01 -3.212545063174359061e-01
-3.651841978098980257e-01 -4.702501304692237594e-01 -1.306619563586974286e-01
-2.592046008089896048e-01 -5.178208390351364265e-01 -6.593404623230312289e-01
2.807933830599826375e-01 3.734359983008523898e-01 5.342538928714364310e-01
-4.650750840118346163e-01 8.836264291583893760e-02 3.117818723925764313e-01
4.637739244347482970e-01 -1.901369383591600404e-01 -6.084330017055732398e-01
-7.298715698338698044e-02 8.987266837370491146e-01 -2.189159406343154923e-01
-9.205463002295739827e-02 -8.067086063181440336e-02 5.209637829033948730e-02
1.971236403537233450e-01 2.738985867173637234e-01 1.673423625898395883e-01
-4.395614074199553634e-01 2.665603726489097491e-01 -1.506905878407235611e-01
-7.391933657222854448e-02 -2.400187476191666114e-01 -6.405838964924667756e-02
-9.126995828763082019e-02 -1.014724234666649183e+00 -1.075318139638744841e-01
4.271329819264313987e-01 -2.912742409669213939e-01 5.489950145639914680e-01
-7.444737953215222470e-01 -2.304528293006951126e-02 3.601380813701767214e-01
5.987074963812586414e-01 -3.611491591817831970e-01 -5.410954511551678836e-01
1.414562904487549622e-01 -3.244218450985353330e-02 -6.390751323590983246e-02
-4.804476144114208092e-01 2.146675106966203228e-01 -1.483693123961501992e-01
4.726677742342034194e-01 -3.099385402607698348e-01 3.362622044332065352e-01
1.240358119333043602e-01 7.807418751359354037e-01 -3.726909167421465496e-01
-4.248215651621497502e-01 3.649355806512916828e-02 -8.064515966288787752e-02
-4.467011811161636370e-01 -4.526408107922580415e-01 -1.909544057551761931e-01
5.015437383299701235e-01 7.808683124928387231e-01 -4.146494038810591420e-01
5.844230168737541975e-01 -5.418851703721318941e-02 -2.648327970840879120e-01
-5.170987408202873947e-01 1.696372306790912554e-01 -6.447459222414608782e-02
4.565087823780681342e-01 9.431178844051785193e-02 -1.112840153486473888e-01
5.151587447841552425e-01 -4.798731009928086100e-01 -1.088442081729781574e-01
-7.960341131788405133e-02 -4.519616397989210665e-01 -8.917459399208559068e-02
-2.087407277028261177e-01 -5.182152126503289935e-01 3.230384924145847103e-01
5.264271215365635692e-01 -3.057892028156319192e-02 -4.314351775138022260e-01
3.289521174100751288e-01 -3.209379742559776427e-01 -1.218502005768440644e-01
4.096134439570386920e-02 9.861097721779163994e-01 -3.017721519934934982e-01
1.181418906773231900e-02 4.110438459076030115e-01 -1.904420815648694421e-01
-5.186812637968563067e-01 -2.920225188317428500e-01 3.261210056465068674e-01
-4.183579497156433846e-01 9.288283424971894853e-01 -3.396025090296518334e-01
6.070294715492896565e-01 7.390794601062553593e-01 -2.673261208679836298e-01
-5.615119395528521684e-01 9.730562389869978901e-02 1.827382169766692543e-01
-4.086583556545489992e-01 -9.461045132411092240e-01 2.453846151480719440e-01
1.536760149106409790e-01 -2.657555059318115198e-01 -6.183682205186111225e-02
-1.759525108060506493e-01 -5.170038851859168894e-01 -1.305124069025807299e-01
-2.976302177930215676e-01 4.075951994496067043e-01 -7.916333612237624884e-02
1.643509047394298983e-01 3.455619786166111429e-01 -2.087162525379287759e-01
-7.947666630685419620e-02 1.861444919574357093e-01 -3.363847083373346092e-02
4.899764984477321117e-01 -2.588804357669440281e-01 -7.507453931338529951e-02
-3.673190647190815450e-01 -5.388346831989797581e-01 2.001483913477970222e-01
4.300108812293068281e-03 2.705009150268389284e-01 3.701399427899453864e-01
-4.530069916717046619e-01 4.745724981235285300e-01 -3.290746914068352624e-01
2.516679696210371575e-01 6.194428563262724952e-01 -2.422325625202952915e-01
-2.086957387793695884e-01 3.689992792323311122e-01 1.981424763372572062e-01
-5.404882208545515321e-02 2.029620112040158852e-01 -1.088297628944188272e-01
-4.000860710091423342e-03 -6.140858043061142579e-01 -3.416409070782257529e-01
4.386843489797719736e-02 4.199601259124589592e-01 -1.009951837848424849e-01
-6.045456455413936725e-01 5.574971135286207330e-02 -8.294281060715465170e-02
-2.800150765264152741e-01 -3.859887437516982267e-01 -7.318326477309888833e-02
4.965413707359683793e-01 -7.222270314686094483e-01 -5.126307004552996816e-01
4.041015254146354541e-01 -3.912295765689484672e-01 -5.893771244332215442e-01
9.486764545761345868e-01 1.481110374119521955e-01 -3.498064145327288155e-01
3.536995746790920769e-01 2.634886598500359514e-02 -2.486620679833063952e-01
6.893729218763980926e-01 -4.580900938037500425e-01 -5.240272289461063160e-01
-4.715903674075009877e-01 1.567800756300513632e-01 -2.106616224761341527e-01
2.305460739136385995e-01 1.179007958962922376e-01 -9.469345114775012950e-02
-3.370628676967965531e-01 3.130078087358431072e-01 -2.846806939538283343e-01
3.791731953650750442e-01 7.747725180662630162e-01 2.168118421529314499e-01
-3.885310685429559929e-01 -3.883096589123222753e-01 -1.030259641060321529e-01
5.117987217516037912e-01 -4.065902567738297058e-01 -1.031961546191908774e-01
-6.200866917375146281e-01 -8.518739470936516067e-01 2.728583992557237492e-01
-1.191594648152268301e-02 3.576638649859190666e-01 -5.590527815669797951e-01
-2.223969984221132179e-01 4.579416988453549053e-01 8.445720703205825131e-02
1.935325600365742638e-01 -7.700609137281259065e-01 -3.514022656485943363e-01
-9.326943062181224098e-02 2.374197746666532882e-01 -1.780978531150788635e-01
1.365873868448084227e-01 -4.787128719213830097e-01 -2.997663743965640615e-01
5.810036627791057562e-01 -3.308285085115697521e-01 4.137216813344927191e-01
-3.322943994633437703e-01 2.972923957076132329e-01 -1.352229739477464054e-01
4.718013129220975377e-01 -1.013305051786932975e-01 -1.219329753867741534e-01
1.001752802183075941e+00 2.363819358345865818e-01 -1.217259635595857870e-01
-6.970375117842182444e-01 -3.765439271540768629e-02 -2.611330925637222466e-01
-5.683636613086513467e-01 3.354473037443003042e-02 1.724625643125323252e-02
4.542365050856513320e-01 -5.313624884684400307e-01 3.857125903356946051e-01
-4.276705431099422916e-01 8.772322422403977527e-01 -4.186400393614254922e-02
-3.901886775218890713e-01 9.705342257316111887e-01 -5.536044245985041745e-02
3.066516542766194675e+00 -1.914637828085940630e+00 8.908644216163974505e-02
-3.612794486251050263e-01 1.277865382067973066e-01 -3.519762993619212077e-01
3.618333661123815936e-01 2.866494830110039027e-01 -6.510519293867698953e-02
-1.012012127248410748e-02 3.276854453743124895e-01 5.862003840237483415e-02
-3.584938566034039376e-01 6.734669213879429517e-01 -6.975189755009031378e-02
5.809583479299103015e-01 6.080055223801015263e-01 -3.775078468621257954e-01
-1.936099229566248248e-01 1.953612266282723775e-01 -3.730574108705509984e-01
-2.032760708212630885e-01 1.284940973116035778e-01 -1.633817986796073929e-01
6.100325222582068108e-01 7.252421753827184570e-02 -5.182068690698100194e-02
-8.715870151749521844e-01 6.212274649359977863e-01 -3.072987353424662116e-01
-1.047652648006450526e+00 -2.498730183486100598e-01 4.919065007323503158e-02
-7.527885905350549800e-01 -7.302457129270193414e-01 -1.181329715015581733e-01
-8.974240558339153795e-01 1.415824838392489848e-01 1.488792147183407022e-01
4.568365501039753362e-01 -7.800924357434009249e-01 -4.996978400251556041e-01
-3.583965909744211698e-01 1.094665748075776962e-01 -2.435572185485093410e-01
-7.915216679176270143e-01 -6.167321425819109748e-02 2.948865519728309792e-01
-1.785982159942461345e-01 3.878747380042072423e-01 -1.881513407293411988e-01
7.671309390552517593e-01 3.342664761904878823e-02 -2.839747602040306740e-01
-6.836620766686911724e-03 -1.027907585819564373e-01 -6.223573080112722311e-02
-1.338845011455847278e-01 -1.036777249930185274e+00 -1.874807765723920938e-01
8.374093128576655387e-02 -5.664056233547033747e-02 6.175514188176183840e-03
2.833414352504098344e-01 -3.102992034456136250e-01 -1.929218261412717073e-01
-8.567946622631861242e-01 -6.624913526329717639e-01 -3.629456491325973033e-01
-5.922897148095674913e-01 6.226026567677354212e-02 1.821566055558286601e-02
4.436682814089866200e-01 5.854898272039584795e-01 -4.253957718315498071e-01
6.388328447255796627e-01 3.210478086411906046e-02 2.978289151717041228e-01
4.126992580250830045e-01 2.700461778359583009e-01 -1.508907671911384196e-01
4.716843666369381904e-01 -5.892788027800671680e-01 4.472001640162128200e-01
-5.731084268616364746e-02 -3.915943411492252002e-01 -1.596557164987719851e-02
-1.851159240265535522e-01 -3.886586832853505258e-01 -1.870997195159126714e-01
3.577831581668851069e-01 7.053283988927158132e-01 -8.715306441355984146e-02
-4.626490693104841068e-01 1.483877093035793626e-01 -5.689771822716835903e-01
1.048161345573922626e-01 4.668984197404341119e-01 -7.187064292559651735e-01
2.386603386546460315e-01 -4.793041498598462069e-01 5.390009241436743981e-02
1.150347867822669179e-01 -1.180029368385540289e+00 -1.058546641280087436e-01
4.204464832040103461e-01 7.246384926028072160e-01 1.295161648627952411e-01
4.327815783614847867e-01 6.483091672262065730e-01 -3.023748959318471319e-01
-7.356600649497563316e-02 -1.015886271156057619e-01 -2.250240474564198512e-01
2.729580714968141697e-01 3.125978962234171044e-01 -1.008672377020782274e-01
-3.305378939103124636e-01 -1.304983711241697875e-01 -5.202766382566408332e-01
1.684663513297427750e-01 -4.634269257644487716e-01 1.588131291299707815e-01
5.522476395586282116e-01 7.463558430650101272e-01 1.947198761025128178e-01
-3.701564715424766061e-01 6.984857267799633451e-01 3.742125407505861312e-01
2.832665529422782602e-01 2.164062163086389046e-01 -2.354715499135464074e-01
5.011703383387468014e-01 9.197536948329761153e-02 -2.536511316631382962e-01
5.249859795591845790e-01 1.294198563609720021e-01 -2.192257732366174883e-01
1.936950057692814198e-01 2.176891409746097572e-01 3.660898994032357745e-01
8.039618101952320517e-01 -6.620425294719038956e-01 2.166263627420901561e-01
7.678457506503652899e-04 -3.768276286460858215e-01 -1.856494543878563497e-01
-1.433489420281539861e-01 6.694859927629329133e-02 -2.624724976639319363e-01
3.863347462794719522e-01 9.134870960457894262e-02 3.398793328032317373e-01
1.940016520055294069e-01 3.970086648198012380e-01 -1.854529568590642663e-01
-1.012643955650370658e-01 -3.192290701983569456e-01 -6.038369185231809953e-03
-3.320066479349120248e-01 -8.516314360591689114e-01 2.045317623291715847e-01
-1.267673990116887639e-01 -2.840364192954233924e-01 -1.003745721088066152e-02
2.491962389048412441e-01 -9.780139938084965456e-02 -5.583308482718664888e-03
-3.808699335059618774e-01 -4.056464203270383068e-02 -1.728032774894603107e-01
2.638806705726572388e-01 -4.549853813445929318e-01 -1.167382991360407796e-01
-1.674275655069592528e-01 -3.964660240291799642e-01 -1.341697034321904514e-01
2.873426630551378369e-01 1.846337273382435418e-01 -5.030873995370645224e-02
-4.926365136340226658e-01 2.238213302586014863e-01 -1.437003642825740793e-02
-1.804816348701817896e-01 -9.262597034206474511e-01 3.150257640821766958e-01
5.775768479467707772e-01 5.230779317462295186e-01 -5.292336332052567371e-01
2.127964414481375022e-01 8.894059255826303190e-01 -3.654985922836394008e-01
-8.540837157489081788e-01 5.243664114132350340e-01 2.043539712854050006e-01
2.496301555385335158e-01 -1.127062571112448230e+00 8.170967178969786027e-02
-2.416902584149315802e-01 -7.329757611346908730e-01 -7.468676412901113781e-02
4.448506983397113590e-01 -8.560924665800062616e-02 -6.672310536273191595e-01
4.068659385596009592e-01 -8.895244011889320845e-02 -7.158847647260000446e-01
-4.841078052028996437e-01 -5.952325986348769860e-01 2.739470426105587025e-02
1.907989560759014436e-01 3.784632580332661367e-01 -1.385068868335945502e-01
5.511215109659699934e-02 -1.138981089855215512e+00 7.158421862055477924e-02
-3.673675416847949626e-01 -1.309036951249229475e-01 2.775526234332686415e-01
-4.779774141788687980e-01 -1.598415390829358018e-01 -1.065527698595449685e-01
-7.712921640953479541e-02 2.452298064650806353e-01 -4.701288950130052546e-01
-6.181580993075262986e-01 -8.702229661849153475e-01 -9.402562632147412613e-02
3.553464656226448248e-01 4.519107762327076103e-03 3.335302098749761551e-02
-3.048150841014132806e-01 5.148320530411863993e-01 -4.872765008695766342e-01
-9.350058175038736819e-01 1.331391656498271958e-01 -2.221267019613558102e-01
5.963842883750991586e-02 -9.998955122435931875e-01 7.830566075271870596e-02
-3.375699362807950688e-01 -4.214809921200533549e-01 -1.395984930448190831e-01
5.091152595049750484e-01 -3.404469846754147877e-01 -2.386259187957580907e-01
-1.021587667819253142e-01 -8.003001634663785557e-01 -2.273592890292940316e-01
-5.197165318579247684e-01 1.316485185256943413e-01 -9.943535911579898245e-02
-4.874873448377394225e-01 3.819915902242151384e-01 -8.990219880077972292e-02
3.913020408234268444e-01 -1.021506047319340693e+00 6.844800418306512535e-02
1.871593687166538400e-01 -3.136496009889419012e-01 -1.096171006886380722e-01
-2.631475348778185008e-01 -4.741753947082113507e-01 -9.648061966019469415e-02
-3.478639715722519621e-01 -4.175412349213756813e-01 -1.094076990544292083e-01
-1.287768386509376417e-01 -2.185077677242880656e-01 -2.701622840302984607e-01
-1.777882385394562170e-01 -1.333390418259094157e-01 -2.006118959545575564e-01
-1.000715336467859151e+00 4.002450500276061862e-01 -3.090422620323964864e-01
1.044164805753107661e+00 -1.686929061400088137e-01 -2.464405918553733421e-01
9.151883856282315433e-02 2.265098334360273191e-01 -2.160956168938198141e-01
2.171353198278671293e-01 -2.858140435487930842e-01 -9.081054589771100916e-02
4.426925584469041386e-01 -2.320260299066227716e-01 -2.022497141855902070e-01
-5.770102875834950407e-01 2.965334719077642456e-01 -3.989670725157836162e-01
8.594144637731374603e-01 5.129959898841545129e-01 -1.275075435576308036e-01
5.189385686574340406e-01 -2.114131541697689479e-02 -8.653931039696010491e-03
1.053670515578834788e-01 5.255071961277432147e-01 -2.571272175871833765e-01
6.730258616343126610e-01 -6.963228957209852688e-01 -2.450883421891415434e-02
-1.069163681496827639e-01 -2.927336630763042735e-01 -2.456742658009314628e-01
2.116852072833768916e-01 2.478020894146440445e-01 -1.393645465667819883e-01
-3.542662948184974181e-01 -1.133556267235429349e-01 -4.932733536293126830e-02
2.983297943871024982e-01 -8.001868095974682404e-01 2.447107681275266511e-01
8.460048141245297693e-01 -6.153128668439405979e-01 1.389422097619507357e-01
-1.159429816489722419e-03 4.304240644487294376e-01 -1.079889912300807109e-01
-2.921622031272322340e-01 -4.488260889824380317e-02 -4.633683433234915550e-02
6.414674016077523411e-02 -5.588956718151515402e-01 -5.865807710330413205e-02
-3.314733954205504873e-01 1.165697288167624052e-01 -1.609628064885414156e-01
-1.471716336082883325e-01 3.444520492629976616e-01 -2.251322678056791315e-01
-8.563983919725576266e-01 2.460518484399610573e-01 3.635050858524832007e-01
-1.770709595794680083e-02 -4.251185103723214009e-01 7.266592532609715549e-02
6.174232898469168840e-02 4.982199895448550242e-01 1.795775887910406599e-01
-1.720065305493998220e-01 -1.812942113579976700e-01 2.837422302198762056e-02
1.499118660065535402e-01 -5.625089880801521502e-01 -4.094494507215807322e-01
-1.608530329978262730e-01 -5.770673958253368374e-01 2.998377264546465276e-02
5.253998952093007491e-01 4.388362705913468886e-01 4.172993133875808613e-01
6.327448903144757830e-01 -2.793004727410074439e-01 -1.380799296484280514e-01
9.032227099790132718e-02 -4.069614054771868994e-01 3.211354760802602737e-01
7.639356775692826007e-01 -6.775128968746768621e-01 7.842058323184937507e-02
-7.405261216199937602e-01 -3.954342896131636809e-01 -5.714015223590525050e-01
8.614947084301342872e-02 7.438482263009973394e-01 3.024190994695343804e-01
-5.085254150071162327e-01 -7.137610668346054676e-03 -1.014284271425156120e-01
2.856468914485366106e-01 -3.567884324059366480e-02 -2.080358941509955623e-02
3.238983379559077225e+00 -1.880905090769585453e+00 -7.117917041970271974e-01
-2.353541363859589231e-01 3.329387538908042954e-01 -1.281564518595909863e-01
-5.344159187061486849e-01 -1.063092141062538798e-01 -1.332860893003446623e-01
4.354714426580795217e-01 2.349312890462472991e-01 -1.608261951006993151e-01
2.635120149444205584e-01 4.399551116561716269e-01 4.584116641020068994e-01
7.339212919172294347e-01 5.036327161311892064e-01 -1.283543528125388467e-01
4.151118891242573383e-01 1.245910787827170102e-01 -1.264743667702390717e-01
8.312982589719858373e-02 4.318236334838038842e-02 -1.912349661558767136e-02
-9.645099905871239165e-02 -6.096375792267701987e-01 -9.937432175796184763e-02
-4.522098082701297428e-01 -8.313774922142623813e-01 -4.955056882813091423e-01
4.776169333451844579e-01 -2.157441887124969537e-02 3.241637624649009730e-01
-3.185758012542190265e-01 -4.383360413047175386e-01 -2.920304309455601377e-02
1.768407392966308556e-01 -1.122757792350305373e+00 -1.664498934086712512e-01
5.284825435894229262e-01 1.786111376621839220e-01 -1.291117403644198858e-01
-5.290230477227433337e-01 1.243940650654514063e-01 -5.443500378039260040e-02
-1.689326199781418514e-01 -1.275437271895523972e-01 -7.075906755358477018e-02
6.057471067150426158e-01 -8.618640918618639679e-01 -3.237817751745477590e-01
5.277144206439863261e-01 -7.837858265251246292e-01 -1.675840017940231907e-01
-2.434699505483788329e-01 2.727979547439542407e-01 -4.797926542631607977e-02
-2.872912764216004611e-01 2.362723545860191676e-01 6.350007008809845088e-02
-7.145633454354721747e-01 -5.657161982656583668e-03 3.473241053575829018e-01
-2.178813415249942209e-01 3.002092591255795528e-01 -8.644615408779490751e-02
-3.558411197703297696e-02 4.674473765920062474e-01 -3.596160562673291206e-01
-5.092991735027608824e-01 -5.501507126138589082e-02 -1.201553729858302610e-01
7.735765962001099894e-01 -4.850225121037427534e-01 1.701205074952910068e-01
6.569317355022677996e-01 -4.520286794758934246e-01 -4.464980991039633196e-01
3.580222000883895306e-02 -5.954973179009160900e-01 -1.090500233754221754e-01
-4.047153085980564891e-01 1.995446612740995329e-01 1.729461958262266258e-02
-5.996811644052703061e-01 -2.719122536163068315e-01 -7.012861769297789039e-01
-2.034717692557150015e-01 1.154658546824827714e-01 -4.312249609837334741e-02
-8.756122061486931729e-01 -6.132601161902138109e-01 2.015809580529066281e-01
7.620100867906488551e-01 4.545087919850746006e-02 6.103335911211022098e-03
-4.913095775872070026e-01 2.416676585176033565e-02 -1.529375858105036790e-01
-1.359581572120565351e-01 -4.851908337033229435e-01 -1.393217064926453863e-01
-9.781463707679980413e-01 -3.430188105533296117e-01 2.129578786099515370e-02
-1.031177825002816295e+00 3.340759644879444379e-02 -3.493741083510402690e-01
-1.127558290316191536e-01 1.818902064351964054e-01 9.769923931325513039e-03
6.954208045593096577e-02 -4.221652617772220228e-01 -8.583814122745250796e-02
-9.390468622920854214e-02 -6.834791830488878839e-01 1.146053366624027320e-01
-5.457178886995997513e-02 -4.227170413825987461e-01 -2.417162814984241404e-01
-1.403167578082497036e-01 -6.402650794216210306e-01 8.031967008519241835e-04
5.594775211207551058e-01 -6.426581381148505079e-01 -3.425577812452137438e-01
2.556467612687413071e-01 -3.148386604949670042e-01 -6.685742065089865516e-02
-1.978996288334083364e-01 3.666674860818908699e-01 -1.868668674425718046e-01
-4.802668308398397867e-01 5.833663782542530818e-02 -6.982175961099464923e-01
-4.715624782139825055e-01 6.466095032350127614e-02 -1.902201456592092776e-01
3.950697069985531495e-01 -9.115400602999291779e-01 -3.755913056404966421e-01
1.987274336574766653e-01 -7.716670638754828671e-02 -9.128940525063226896e-02
-8.767846128799317018e-02 3.113814303986623955e-01 -1.500590967530334441e-01
-8.627242387644095123e-01 1.152527429051793811e-01 -3.784734525321271081e-01
-5.142557023760041535e-01 -6.588683201573494186e-01 -5.595989623926288514e-01
5.732503337559515799e-01 -5.676927610666079316e-01 -2.214578637758073121e-01
4.383153021937511995e-01 1.843410667777659606e-01 1.618282032995737862e-01
6.751527772903206381e-01 -1.579929864630164604e-01 -7.427222385083774581e-02
4.129806662147754714e-01 -8.838991450242470460e-01 -7.415045451126946185e-02
2.537517806098383844e-01 -3.810383918945150494e-01 1.232628570779627786e-01
-4.329665326782725088e-01 -2.479398959916810086e-01 -1.676977457711671671e-01
-9.380565058253219624e-01 -4.824561296929926746e-01 2.552952613305944571e-02
5.012757747043062873e-01 -1.068479289841504642e-01 5.460630653403093504e-01
-2.943920065767499095e-01 -4.386412786198481406e-01 -4.949442562071689755e-01
8.706155087570005557e-01 5.313066406963522503e-01 3.842013976597137559e-02
-1.664371623957431323e-01 -4.136643153396176165e-01 -1.347372656585160700e-01
-1.451755720587172560e-01 1.013740737341136899e+00 -1.725190849657336767e-01
-7.607138978052448985e-01 -2.146054668433915458e-01 -4.768150934414101538e-01
4.314545700971486597e-01 -8.451779996948857177e-01 1.554553031604551383e-01
9.291467079715098887e-01 2.085511922054338607e-01 -1.945109912750659642e-01
-2.113745517827373688e-01 7.588490741103254278e-01 -4.960135457464771025e-01
7.285446331518903307e-01 -2.253763528998892207e-01 -9.358618966871522227e-02
4.593605594918992452e-01 1.142824027763235106e-01 2.812170711459203720e-01
5.284397949999487532e-01 -4.810901090853023088e-01 -4.869572017167675404e-01
-1.030896062308359840e+00 2.195914904983023164e-01 1.917180404608834210e-01
-4.954595772312418434e-01 2.750172392502314156e-01 -1.304176476861334810e-01
1.858704507034252829e-01 -1.708620880725589264e-01 -1.901441956357093066e-01
9.549596745179859125e-01 -2.440663240510564103e-01 2.247251239448488092e-01
-4.318760316993165010e-02 -2.777411133093186657e-01 1.810793582877357963e-02
-7.312856030137809826e-01 1.961448364705430450e-02 4.630692783499294474e-01
2.601374618337653488e-01 1.949266395807830454e-01 -4.134501596777465648e-01
5.870992348732212429e-01 8.593645088744336635e-02 -2.040445940330862795e-01
-6.033492420893584729e-01 3.263844194829652184e-02 4.641122743184173186e-03
-2.022383603384793338e-01 -1.319396212019198489e-01 -1.960787530854371241e-01
7.322943117050935147e-01 -5.834390666201454412e-01 7.438086988155258317e-02
6.452808132473608627e-01 -5.181683891626673831e-03 3.356398689303692895e-01
-5.162179039128438340e-01 -2.539064351408987785e-01 -8.931073662628274956e-02
-5.110610966243659403e-01 1.999413462809570552e-01 -3.492731025808611806e-02
3.545518388409109045e-01 -8.477182671472128783e-01 -2.504150670014009816e-01
-4.207965409986457739e-01 -4.393423284677968610e-01 -4.717191812395216816e-02
6.671610725261817310e-01 6.278665723827761003e-01 -3.017576501636565212e-01
-3.541877135131575316e-01 -7.057130699490808956e-01 4.626628555094151607e-01
3.483577077053401916e-01 -1.661326714340784563e-02 -4.932727620702846705e-02
-3.816379988249752331e-01 -4.764999633115011290e-01 -4.108938398056196650e-01
2.425929327947322633e-01 -2.543169055178861049e-01 -8.472796262481403773e-02
1.406450077451818770e-01 -3.361403303870240666e-01 2.030554117378817469e-01
-2.825921482047276667e-01 -4.658958497025347811e-02 5.844747631529084025e-02
-1.121017964773689812e-01 6.698938410773088714e-01 -4.969300866248912429e-01
-1.412492407406175376e-01 5.982409492911504312e-02 -2.779811513138955026e-01
5.020903916429717562e-01 -6.136645329353037637e-01 -3.734770803886707236e-01
3.302814203507773994e-01 3.216601195370794586e-01 -1.459575254207666206e-01
1.137794192874883176e-01 1.596387882553278181e-01 -2.013695902521588088e-01
3.891952283836498938e-01 3.377236482891501357e-01 1.295609651949517285e-02
4.112748808793941779e-01 7.571254855624549862e-03 -1.460676719536405654e-01
1.046729975390018191e-01 2.105493863556646694e-01 -4.555592375664133109e-01
2.100490838870090471e-01 -3.835078815454530665e-01 -1.045887847539293258e-01
-6.396823189608245031e-01 -3.538450427343319271e-01 -2.201040407432006962e-01
9.414997296693702333e-01 2.291661370071531589e-01 4.843830212317883077e-02
6.481943206029472382e-01 -5.324381749454139001e-01 -4.944500636697101714e-01
3.449844288024603856e-01 7.287895504259444060e-03 -1.781805918321324733e-01
-1.004231229637663064e-01 2.888974222968057615e-01 3.248776860189233062e-01
3.408646375549606589e-01 2.548231852994484181e-01 2.486562008325707840e-01
2.163729317145605680e-01 6.235103019233372013e-02 -2.408142413825963279e-01
2.692031230038962608e-01 7.102391034320590935e-01 -2.449453677714698296e-01
7.826274002798564444e-01 -6.131989892233751238e-01 -3.687612899451565562e-01
-6.766529639564525245e-02 4.428444347675180026e-01 -1.262496573620723872e-01
7.305019715882529185e-01 -2.141136951490647256e-01 -5.704975043779415556e-01
-3.874578071663252188e-01 -3.992440146318869121e-01 -1.429925090387464820e-02
3.089396315561702133e-01 7.464763707486211652e-01 -4.863865185109331191e-01
-5.210141833692654573e-02 -4.106570498922648138e-01 -8.174458449506644131e-02
-5.401872668718074241e-03 -1.337168841553569854e-01 -2.108729059521101401e-01
5.269002988332206483e-01 -8.299423014873018589e-01 2.639536998779319354e-01
7.901878131496901103e-01 4.575548770712176694e-01 -3.908366149926010280e-01
8.875424272037931717e-01 1.218665003668953362e-01 1.579264789527597135e-01
1.045291617341703949e+00 1.526231457301885919e-01 1.875159032780158164e-01
-3.972514451748515585e-01 -1.983250752088829005e-01 -1.103621978099552092e-01
3.138458913270987249e-01 -1.436469844794161788e-01 -1.752900564893353497e-01
3.595061683021389398e-01 5.104607605721744878e-01 -1.099493272950756440e-01
-9.604490637710909606e-01 -8.062749588801899903e-02 1.042238788535810451e-01
-2.062417392362355884e+00 -3.554934219334185741e+00 -6.600355811607616641e-01
6.084518024015563853e-01 -6.747713661176730771e-01 -4.762977364213939468e-01
-4.366026495397801743e-01 -5.215474788259691907e-01 -3.727541071815085316e-01
-4.762363890198646477e-01 -3.297545098501180605e-01 -1.048028206197196971e-01
-3.292886536426987976e-02 3.317260592594414859e-01 -5.321415192949607853e-01
-3.712545805931424803e-01 -1.021547740577518626e-01 -3.565764464921178933e-01
-2.232076829974955212e-01 -3.540009563317004365e-02 8.905424220957115777e-02
3.577463068417821024e-01 1.742236220869819996e-01 -2.127969055041874225e-01
1.193281935933856730e-01 1.137728640515587863e-01 -3.153277430206285481e-01
6.909357702842570947e-02 -5.524981505454508168e-01 -5.701179029961173095e-02
-3.696998725048445955e-01 -5.874270869146147600e-02 3.800121895489885215e-01
-3.863776341900945765e-01 -1.557738693309008160e-01 -1.478356672109439607e-01
-3.230832769453040876e-01 -5.019021477567700007e-01 -3.586948812094052363e-01
2.017358331139528227e-01 6.887682995275359321e-01 -4.121260413942536838e-01
-1.775063088523061716e-01 -1.464466549730075173e-01 -2.294572754013435023e-01
-3.145583338250276806e-01 -1.374740185754383670e-01 -2.655146683049363632e-01
2.376140036238167108e-01 -3.413323295564003601e-01 -1.224570991750372900e-01
-2.860447117426508368e-01 -1.742805128558337358e-01 -2.297147477600584020e-01
-5.742376837137244672e-02 -5.150326655528482123e-01 2.161667203682343490e-03
9.442190590122250260e-01 3.668217561401656002e-01 -3.010004679428486263e-01
2.641796507089602675e-01 8.524205064361717321e-02 4.544180914160317331e-01
-4.664646069902124714e-01 -1.870075636320115142e-01 1.575011269212376608e-01
-1.053260676387717698e+00 -6.585370650695462902e-02 3.302897292843009341e-02
-5.478077929704052718e-01 -3.655662641674937291e-02 -4.957042718643445839e-02
3.063787967798898837e-01 2.344810960911599684e-01 -7.677772230679631715e-02
-5.736697793339848306e-02 4.415853086769176428e-01 -1.844195879324784237e-01
3.717481982066589974e-01 2.443358528556997811e-01 -3.185583608801729749e-01
1.408732743891327743e-01 -1.032536268092371090e+00 2.248487466817620517e-01
-9.885334633723273923e-01 -4.362120369943662257e-01 -1.540096444129751274e-01
1.868581160464779789e-01 -7.247921285245105538e-02 -2.386884836422311085e-01
-4.853557826795339980e-01 1.070113119701879556e-01 -1.479032270574879016e-01
-5.511574144843522927e-02 5.052597891781628325e-01 -9.338534654774750809e-02
-8.651378826570947922e-01 5.272786268885600730e-02 -5.005327440150256768e-01
2.540516648899300844e-01 -4.173663866476362005e-01 -4.224032548576071855e-02
-4.330155039733347144e-01 -7.976787566557530518e-01 2.202504421704732929e-01
2.912334000030151193e-01 7.504530792437421605e-01 -5.237031442493780276e-01
2.730368357839731419e-01 3.702624815025452598e-01 -1.731818333737156490e-01
-8.280515991289505440e-01 -3.433152801799228548e-01 -2.510470572075529719e-02
-5.273859064787905782e-01 -1.477559187400486751e-01 2.819830672010511033e-02
-1.781510333304056060e-01 4.250087929839880263e-01 1.318170971487825638e-01
1.855987582324959972e-01 -4.498211628808564122e-02 -7.676955010184745298e-02
3.485170595134278182e-01 -9.733863307441698032e-01 -3.807127767572885957e-01
6.573376867356519604e-01 -1.300221073240353242e-01 4.836783125914191350e-01
-4.510495646903316391e-01 -5.230420941479080321e-01 -3.378917165559624514e-01
3.076711552153772455e-01 3.266645043025762640e-01 6.058429575461996702e-02
-5.439830333159447751e-01 -1.786756527785630586e-02 3.382470625840369727e-02
-3.016030143124054930e-01 -1.981565273967693108e-01 9.790264589213929294e-03
-6.534599618314843594e-01 -1.670813283805147875e-01 -1.451937425281336347e-01
7.748654916100735646e-01 5.456682312737294316e-01 1.990226639098721384e-01
-5.295868122385652965e-01 6.492407107164944735e-01 2.214918113267856994e-02
-8.464977117296709208e-01 -1.283107782110487483e-01 4.143603099578915261e-01
-5.300643353743972330e-01 -5.320828683733580533e-01 -1.943881732606601853e-01
-5.881715024356019006e-01 -3.687897351507334887e-01 1.078788580091302185e-01
5.305868403807332406e-02 5.804387347113203477e-01 -5.167330656043638282e-01
-9.712615420486130358e-01 3.900488414192170850e-01 -3.579141343266598607e-01
3.106106979863110795e-01 -4.427557514105103786e-01 4.689332231163057495e-03
-8.685932767408559574e-01 4.151466018977330585e-01 -3.006510098221999543e-03
-5.139802389953843642e-01 1.211806143738482777e-01 -1.331095765870606573e-01
1.419535885826637422e-01 4.093073690800398956e-01 -1.345851495920742102e-01
5.343834398098084026e-01 1.768280086290529018e-01 -9.908238411544316449e-02
-2.823260522801996908e-01 -8.891308381060460120e-02 -2.236564449367209328e-01
8.479553503013305404e-02 7.317971553714609501e-01 3.158204577590511541e-01
-2.113455905923114220e-01 -8.676438937486904979e-02 6.751424116139637110e-02
-6.354185877248208492e-01 -1.548216217492350277e-01 -5.909002424232977502e-01
4.633652019493653823e-02 4.392989590495663399e-01 -1.428197198439662974e-01
8.925199804785198809e-01 -4.342005755620717555e-01 1.841556605656007040e-01
5.968004103600356158e-01 -1.026026937655758198e-01 -1.303698704087392912e-01
4.047023289210023855e-01 -1.383850436115224569e-01 -1.774910378413818990e-01
-1.770732772931014054e-01 -4.873227686281505489e-01 -4.323274190491598890e-01
-7.797502898569385055e-01 -6.725924843962417521e-01 2.844739086008748474e-01
5.043707366179667195e-01 1.386075045259601290e-01 -2.291190295119970577e-01
4.889780575106847937e-01 -5.457859510205800291e-01 4.329929702249473156e-01
-9.050013287474916179e-01 -7.994232191328105863e-02 3.078945511425391635e-01
3.862954946207440288e-01 -9.941712931878157189e-01 -2.128968573081514992e-01
9.261192452223109273e-01 -4.074697506627456556e-01 -6.076040962535422807e-02
9.889831579395300665e-01 -1.774225701165391134e-01 2.649214623514345446e-01
1.225523126400593910e-01 2.191493767295671913e-01 -2.095693027799582497e-01
1.023425161812352852e-01 2.636348237342245326e-01 -2.729961059138074145e-02
-2.749656252029856196e-01 -2.309669022767711077e-01 -2.872610959618089876e-01
5.620998482659423923e-01 1.417706334777301957e-01 -1.607682558432464714e-02
3.860688255690646331e-01 4.602379875340366633e-01 4.812491829529513820e-01
-2.352446972216867827e-01 3.831182952503446870e-01 -1.638951631977146328e-01
-7.531075032656558976e-01 3.975092951548606784e-02 4.736637388033289597e-01
-7.939753396655926387e-01 -7.494716596256260077e-01 2.365502864927637172e-01
-2.834713169321219708e-02 2.168111435650478813e-01 -1.565881792484113411e-01
-6.439633886191455936e-01 -8.349868819076393667e-01 3.080909772614059700e-03
-1.888244373747291760e-01 -5.540797797186179929e-01 5.527707701394166673e-01
-3.566945636224975180e-01 2.347767609272040923e-01 -1.691469375932414532e-01
1.489869786173935173e-01 4.184674542315474088e-01 -1.571507258517900463e-01
6.970244440184810708e-01 3.265213811963653678e-01 -6.612193803532016856e-02
-1.057096505147529647e-01 -3.214808253616375788e-01 -7.104492600291602289e-02
4.771860236561812352e-01 -9.547098937687915621e-01 -1.920012048263205484e-01
1.577028515694299613e-03 2.789213335976717945e-01 -2.992740539314512477e-02
3.338426673208761963e-01 1.015563839538614760e-01 -3.326841223534732217e-02
-4.412548049830352648e-01 -5.253514925585287543e-01 -2.474248015760507069e-01
6.147698228306617274e-01 2.807949264177163687e-02 -2.698919300026552115e-01
-6.844440284394855967e-01 -8.953811853533235610e-01 -1.810613733069133258e-01
5.847797390696700751e-03 -2.387839834180845999e-01 -1.911742757891106426e-01
4.346127260138961113e-01 -1.787412940614045709e-01 5.610548736807835501e-01
-2.316123575500275145e-01 3.423093884282674138e-01 -3.345212315969663952e-01
-1.144262206897123406e-03 -7.420381253825443502e-02 -1.321558478138071535e-01
-3.081176997465278483e-02 -2.365425691938612407e-01 7.927784137888136892e-03
3.398696955599282421e-01 7.982610481147639492e-01 -4.631718329238589948e-01
5.668485559195014095e-02 3.516388858285360297e-01 -4.324032667070101810e-01
-1.415501500697783077e-01 -2.119151758637818350e-01 -2.527432771298374070e-01
2.404619580896498188e-01 -1.103260262976123451e+00 -1.954985255029430824e-01
-7.622307255947869953e-01 -7.071456222791401292e-01 2.509924260039900212e-02
-1.054578310417363163e+00 -2.893687573851296269e-01 -2.839272835482672397e-01
7.985588528887247461e-01 4.296979889125461805e-01 -4.670047436999242296e-01
-5.292595904678113611e-02 -3.109899274348360554e-01 -4.828325019655035910e-02
-3.593675399435784512e-01 2.389282863196722229e-01 -1.782499966159182547e-01
3.109277187743465509e-01 -8.211477506804888693e-02 -1.916560544686285450e-01
2.192284510785634521e-01 -6.333260715649968731e-01 -5.500498543070576618e-01
-6.353766960315258006e-01 3.055902487501376830e-01 4.012515508588538338e-01
-2.959215902076014482e-01 -5.391734777093377673e-01 8.304102857461009846e-02
-4.877641714118688930e-03 -1.097092916776755578e+00 1.330681489022644270e-01
-4.085050734140089346e-01 -2.232716181750145079e-01 -8.077071628623125332e-02
-2.256652235926294436e-01 -1.468435590992185347e-01 -2.343129413953026763e-01
-3.362771912517387718e-01 -4.779725034421010155e-01 -1.277147834805952009e-01
-4.522276241682129383e-01 4.065335463712840824e-02 -1.483224440938251676e-01
-8.240293307152360414e-02 2.880557497920787080e-01 -3.262857931800847711e-01
2.461241074326066952e-02 -3.175187840627599623e-01 -2.088268713298707113e-01
-6.873908907836321358e-01 -8.368947058581754916e-01 2.058022564855449266e-01
-2.809622128033500976e-01 -4.144229373322179111e-01 -7.544323900441518571e-02
-3.467890032431988900e-01 6.816310840192633114e-01 3.737238845796399533e-01
-9.704777908789160579e-01 -4.178652996777299400e+00 -7.523885692792182667e-01
-1.099582187385762078e+00 -7.801634320242040177e-02 2.693478752241303814e-02
-8.745658581969668610e-01 1.464349281309853396e-02 2.988324810241635987e-01
4.602699889209629913e-01 1.514538777129928460e-01 -9.749934546037777872e-02
6.199842352459882244e-01 2.767114620930988603e-02 3.475894632842466692e-01
-1.724729943538615418e-01 -5.366422693516674780e-01 -1.140998743004297683e-01
9.195780183477267888e-01 -4.321328120220624958e-01 -9.884600892009413886e-02
-5.373820046494869052e-02 -6.188663145680317612e-01 -9.077896513645855592e-02
4.202530624634321366e-01 1.802787935108270678e-01 -1.079487661216508437e-01
1.131985221924728183e-02 -5.717707558422977510e-01 1.045185108962711495e-01
-4.294935330914345095e-01 -2.651839814033055132e-01 -2.872163260326268414e-03
3.438577736456512324e-01 4.852505049954136673e-02 -2.247543155410498539e-01
-1.405477792038382079e-01 3.580472691456765277e-01 -1.322066236755039814e-01
6.010765339012800190e-01 -3.047467620275567390e-01 2.415788372836601833e-02
-3.023706832282739843e-01 -2.613911271129969460e-01 -6.722772734919064685e-01
-4.847858577140126690e-01 -3.145771099938949877e-01 -1.125577252580887838e-01
-7.088500180539234474e-01 -4.522221803773167070e-01 1.812827363582353024e-01
5.683010373438459606e-01 3.302677351906574965e-01 4.539125105852811481e-01
-5.220641216849811750e-01 -1.853900003528518581e-01 -1.163984238822929757e-01
-2.618037245207648356e-01 -6.714314102001867068e-02 -3.726088588713229871e-03
5.268678539480887713e-01 -1.819978748929900469e-01 -5.492625640412582833e-01
9.847868858493359634e-02 -2.628668448069149677e-01 -6.900665122757684844e-02
5.134286351867747289e-01 -3.037063337570061194e-01 2.441522295394994990e-01
-7.315729187307884462e-01 -2.791201341014357910e-03 3.691863279757548466e-01
-1.862173825481597822e-01 1.881633648477356868e-01 -1.180615367766359586e-01
1.256842542930674267e-01 -9.632526499620512883e-01 -3.094814715766682212e-01
3.689604771645683678e-01 1.247101227534888612e-01 -2.178446078359758398e-01
-2.173300656248310370e-01 3.448801583006843585e-01 -4.058846545184373600e-01
-2.025198996110895155e-01 4.153700403840803745e-01 -1.925591531472358731e-01
4.040826393086510704e-01 -4.795203500014599829e-01 3.646233789998473696e-01
-7.970649371768918634e-01 -5.956575816964393422e-01 -4.236259857192633538e-01
-2.425340475171060828e-01 -1.002951450165075142e+00 -3.137522814815108529e-01
-8.777520007996986173e-01 6.091040508653099428e-01 -2.662350912722676877e-01
-2.000637827980898675e-01 3.895027732999493675e-01 -1.421840421717512071e-01
8.822397353221101968e-01 -6.190358500511446982e-01 -2.556197357439226603e-01
2.498379810238223753e-01 3.653483217559062579e-01 -8.893718997489707956e-02
-3.402152844736937021e-01 7.793829175661352027e-01 -3.458082257163077600e-01
7.248344311977651389e-01 -1.534504846383656917e-01 1.081817015104572371e-01
-1.927436930347656840e-01 -5.770410725761477844e-01 8.487199311306900529e-02
-7.269104947757332180e-01 -5.340287628392880181e-01 3.027965128799112726e-01
-6.770785129727481533e-02 -4.225983274896605302e-01 -5.987900839472377612e-01
-3.722341373548623822e-02 3.792038903253309168e-01 3.779391824915304121e-01
6.511549949392825276e-01 -5.872342946545583420e-01 -4.920090101291854645e-01
4.191144160346007563e-01 8.918530395562360158e-02 -9.852460745502761297e-02
-1.687033249028147830e-01 3.946871303550598120e-01 2.051769439409964479e-01
2.848727196345392509e-01 1.139565885633055387e-01 -1.033402096773669288e-01
-4.438237203687688814e-01 -3.430244853702349994e-01 -9.313156121086306471e-02
2.582799673641303362e-01 -2.343970292753220497e-01 -1.285204449516961778e-01
-1.775197193316158939e-01 5.176970192220352596e-01 -3.296386745958730380e-01
-4.498567277342607751e-01 -2.606712409464402302e-01 -9.227196948660573717e-02
3.138479720159300101e-01 -3.515030251376207726e-01 -3.614871583846638314e-01
8.652224417535166190e-02 -9.617136149540896906e-01 -1.963913188880237470e-01
4.474495352614538124e-01 7.893831853242544438e-01 2.752131379016806503e-02
-8.991760519660028095e-01 -7.376900970195149343e-01 -9.147091348693014989e-02
1.129565271733951048e-02 -1.166554319237226744e+00 -4.525756053147846764e-02
-5.573643430133221610e-01 -8.925249740730561987e-01 2.641646621986544763e-01
-1.228347866903274771e-01 -6.017263788380960987e-01 -1.835298314279543708e-01
-6.527902254134963778e-02 -5.595019028633038127e-01 -1.660087304593212965e-01
8.692853551401176493e-02 1.806601213021036267e-01 -2.116246252568891317e-01
-4.156215553802472540e-01 -1.014842237224408583e+00 -2.719495560848627091e-01
1.065990050935826244e-01 1.737353619772867563e-01 -2.022854728048205375e-01
-5.078494083884655952e-01 -8.956028932000495990e-01 4.477119307437597145e-02
9.225638062528446204e-01 -3.781622575432111444e-01 1.371149494495469967e-01
-2.421600911787409605e-01 2.703885510730965822e-02 -3.047097256418148103e-01
-5.140907180176214342e-02 -6.326263949093438033e-01 4.352099413833436792e-01
4.453581521546963184e-01 2.125438561071740229e-01 -1.364522678811373457e-01
-3.078720446274167410e-01 -8.295860127119398797e-01 2.455869132162994684e-01
4.163690015275706702e-01 -1.343643197241340681e-01 -2.167540552632968576e-01
8.311677131514441097e-01 -2.615257575485367691e-02 -9.833883955814298750e-02
2.091826208787373256e-02 -3.568429762116450132e-01 1.508282343180259721e-01
-1.101441863340149929e+00 -3.503847470422147281e-01 7.846347357885927187e-02
-5.869867690536491045e-01 -6.958255702366664686e-01 3.461018988955516518e-01
-5.263916090875589981e-01 -5.216954938165863087e-01 -1.872750482340914679e-01
1.343814176576596520e-01 5.440289877831367971e-01 -3.289019810918824560e-01
-1.980013790864522394e-01 2.669363346774336065e-01 -2.880658801234254884e-01
-5.769119523469864452e-01 -1.990461156671015364e-01 1.904033931329398022e-01
-3.671820468085666977e-01 6.919592503254060611e-01 3.683467995734623357e-01
-3.230968012285225233e-01 -1.061590825197842453e-01 8.820983050492699554e-03
-1.955416695323990151e-01 4.197651204111625955e-01 -1.829991324655181051e-01
6.890582812221105469e-01 -8.747897997717457574e-02 4.394346188787481289e-01
-7.734301009741966215e-01 -2.772047623472841948e-01 -6.049315189273303250e-01
5.160080986800720249e-01 -2.601339918389249384e-01 1.880657232046298311e-01
-1.092615951639685223e-01 1.985569821586491701e-01 -6.807239946187762774e-04
-2.775830599480975103e-01 4.148547677989238847e-01 2.341563564790533625e-01
4.667570437638944858e-01 7.923041316819138258e-01 1.806788084357904001e-01
-4.242132213441991428e-01 2.534759829218100058e-01 -2.466334604113558371e-01
-3.467210833157874927e-01 -4.399044024628978033e-01 -9.782170843554634232e-02
-4.272895097862617897e-01 -3.591750662935900285e-01 -5.943189846798091480e-01
7.973734091584726291e-02 -4.266991774777051383e-01 -1.046255968447382390e-01
-2.803672410774363799e-01 7.105222740038369400e-02 -1.902466163739662819e-01
5.242386850186556702e-01 -4.551431147778363662e-01 -3.293163680230300483e-01
-7.756507340687662788e-02 4.188962546794817721e-01 2.098467881662350043e-01
-1.317046791468430011e-01 2.842994966195390716e-01 -1.680774023451823695e-01
2.296710102341232851e-01 -4.912807611207332670e-01 5.317044025708076577e-02
-6.319927670969739397e-01 5.896257839531573314e-02 5.004431213523246047e-01
-9.660764661201018400e-02 4.070229610151901434e-01 -7.950421925431587489e-02
-2.692429327043341925e-01 3.635572870481361685e-01 -2.031225467290760367e-01
-2.519306031239793020e-01 3.288031626700063104e-01 -3.068373587711046291e-01
-1.830657378279952341e-01 2.239640650885130757e-01 -9.191115695976660727e-02
-1.287202383794922717e-02 -6.025960414388215058e-01 -5.326336377033646236e-02
1.765596838871043850e-01 7.898284356085963354e-02 1.932741530459521420e-02
-6.030314158794987112e-01 3.030449311821378777e-01 1.681982741452567320e-01
-4.251768377317950431e-01 -3.573542883557396244e-01 -1.720565070289566678e-01
4.779762933719227114e-01 1.970981832529048461e-01 -1.341313591863781685e-01
5.012099388313075998e-01 -1.880754186663342598e-01 5.485968591752624635e-01
5.586574720135701888e-01 6.697834542247160794e-02 1.837051055166454838e-01
4.160579810168023585e-01 -4.178071265635634364e-03 3.103391311671085950e-01
-2.308292447495911281e-01 2.150971014880283527e-01 -5.008447639907469551e-01
6.684023863362194007e-01 -1.357013666477464020e-01 -2.404734468995495533e-01
2.346578132333147770e-01 4.136471833000905374e-01 -5.857601383959148977e-01
-1.824217682971060184e-01 -1.114265782863764764e-01 -1.259510170659898232e-01
-2.918898027040026655e-01 -1.444862782835315551e-01 -4.800115520602276642e-01
-5.522014461217018555e-01 7.338481527193352338e-01 1.459216179022494730e-01
2.636290415063878290e-01 4.703905747784921654e-01 5.258238751596718830e-01
5.431038299877368747e-01 8.386171470491705637e-01 -2.479299146048924429e-01
-4.601250245177703757e-01 4.302979698283187354e-02 -1.452723109933020673e-01
6.625666648374960443e-01 -7.529202899477064337e-01 -9.654923351535328602e-02
-1.794399470341828395e-01 -5.056745066249319631e-01 -7.252840693167154906e-02
7.255231165080802125e-01 5.068245800347467300e-01 -1.375110019991967469e-01
5.977638730433301184e-01 -7.110630801334075213e-02 4.332691981177755336e-01
-3.450601499859550780e-01 8.478539432719232050e-01 -1.093863763712525500e-01
4.925448350051943591e-01 -8.705457318565571478e-01 -2.188270420207694966e-01
-2.238798303168349491e-01 -5.562825506577763202e-01 -2.564759362116826313e-01
5.081522262929770717e-01 -1.421567891639207715e-01 -1.103505690993626664e-01
-3.663596272181226521e-01 5.064182615996688092e-02 -7.265730172387950825e-01
6.244115382045538620e-01 5.125739608289430649e+00 -4.083708600627724561e-01
