-2.151559236807543130e-02 9.288854480406985581e-02 -4.220076861487290776e-01
-7.883440630891801471e-01 -7.835141791672647349e-01 -2.346328534584169456e-01
1.580462682938296726e-01 -7.496712691851733501e-01 -1.021269612572918595e+00
-9.718024788995409669e-01 -6.166171082397512437e-01 -4.677305061085642035e-01
-3.419515369976680597e-01 -7.158260929530594341e-01 -3.890337250065951658e-01
-2.164856816690456376e-01 4.572465505925585316e-01 -6.678592111057939373e-01
-2.481577397524727946e-01 -6.246047448150675585e-01 -3.281785695370466605e-01
-6.785001130592316354e-01 2.605205959236152058e-01 -6.008479404419772019e-01
-1.850553489202148849e-01 2.404936601720309153e-01 -1.293412585987156471e-01
-7.309003665671728323e-01 1.750130413791288753e-01 -6.042960280980981258e-01
-3.878228275596389274e-01 -4.038509696129981563e-01 -4.432591421972130741e-01
-1.062178411877062079e+00 4.695769937571409036e-01 -5.393866301692927800e-01
-9.874915161230388705e-01 6.445373249188507403e-02 -4.546318813470637821e-01
-5.795725080832924148e-01 2.718220900477824054e-01 -5.005482704676941230e-01
-2.941168324253642385e-01 3.010374211488413554e-01 -1.377827077955408042e-01
-6.446268171403167768e-01 -4.436333342036678506e-01 -6.216882895097091133e-01
-8.807548139542054066e-02 -5.922049073488270254e-01 -1.329860685407713516e+00
-5.386649175517155275e-01 -3.088866488733733595e-01 -5.108065971751665213e-01
-5.380094323224863251e-01 -3.688851988665138859e-01 -4.146086156346547313e-01
-4.286736334158313122e-01 -1.389538822862461664e-01 -4.480243901272676355e-01
-4.640218648622966291e-01 7.943522888738176191e-02 -4.715265402111689097e-01
-4.138289927398774437e-01 4.459104823491921166e-01 -1.071977904244924895e+00
-6.695521743620279631e-01 3.568745790914182314e-01 -6.133153148268250671e-02
-6.055725008308595614e-01 -3.212145981613283019e-01 -1.602750888825900388e-01
-8.237237397870889044e-01 6.600773681756936240e-01 -4.628887125293282834e-01
-6.429174141900602102e-01 -5.523323304247150789e-01 -4.059571719864541461e-01
-2.444296437443518322e-01 3.117007791523931926e-01 -3.348551582451536057e-01
-6.570728889490253799e-01 -8.784094098364292336e-01 -1.095621390281720092e-01
-6.758497220786168214e-01 -3.014207913296195751e-01 -4.772773241800352673e-01
-3.026498504645666610e-01 2.639331349638720514e-01 -4.932245742449130055e-01
-5.006937426854017881e-01 -1.044508911522111505e-01 -4.333637916675902590e-01
-2.433796439365214781e-01 3.824718828054829434e-01 -2.625141213212528468e-01
-3.021127439119359881e-01 -4.685814498929198879e-01 -4.935182496667814833e-01
4.031021734916663823e-01 -1.346930603837516276e-02 -4.810193791201167746e-01
-4.752504434867141914e-01 -4.043086259962607731e-01 -1.358313446299318716e+00
-7.047555237733809097e-01 -9.772173943076311806e-03 -3.602890133121620098e-01
-5.311691304632251143e-01 -4.514148567008403057e-01 -5.355107255566483593e-01
-7.703051164157624815e-03 -1.433084997849688180e-01 -5.410421715214370347e-02
-7.513038827314515444e-01 -6.632273531651549092e-01 -4.422791388914903421e-01
-1.421057619832745977e-01 4.110780010636739257e-01 -7.958737817224456057e-01
2.929197610445419958e-02 -1.453899477592860978e-01 2.528171689244700926e-01
-1.544682451420225922e-01 9.011444811431404411e-02 -4.743053381576906036e-01
7.748519410577313360e-02 -1.611491222416258917e-01 -3.285108520726260500e-02
-3.124415452866262655e-01 -4.031140882962872540e-01 -4.085458362556705914e-01
-1.481175062971008538e+00 -3.518349861141413515e-02 -6.962664730584651185e-01
-2.837739871214042253e-01 -2.887729742256038221e-02 -3.103544120067848189e-01
-7.463538349237083258e-01 -2.832788110730555808e-01 -6.498589462266757266e-01
-7.360791808395973357e-01 3.397755263121194358e-01 -1.829499160973785954e-01
-4.343726850506091086e-01 3.624189968839460207e-01 -2.337911076361224583e-01
-4.013018619783623175e-01 -5.064240141538614015e-01 4.686027727883141925e-01
-4.174004436461701273e-01 -3.345152445452491685e-01 -1.427314092882694119e-01
-6.961582424573542482e-01 -5.904630800078473213e-02 -7.618703446737385976e-01
-5.417955832565017268e-03 4.150890939546113961e-02 -7.499698056242463107e-01
-1.018418322338501963e-01 3.069168461981812146e-01 -7.069508616762265607e-01
-7.681812522079378702e-02 1.631864014627268100e-01 -1.029028101215289537e+00
-2.921621002906633069e-01 -4.593546447249576281e-01 -7.407429566997651982e-01
-7.075338838096942862e-01 -2.159108853851277043e-01 -4.523170845316590860e-01
-1.443963922230130474e-02 -1.626989185202169785e-01 -3.918353069397310651e-01
6.046157788807345751e-02 -4.632128802876864238e-02 -3.322329305014267709e-01
-1.182498328257167719e-01 -4.802815685845466809e-01 -9.355995860123525465e-02
4.301032372639450596e-01 3.466257562480045129e-01 -1.435774693895653265e+00
-8.583449840868679903e-01 -2.089507916974876756e-01 -6.141667887095542122e-01
-9.226058364393983080e-01 9.032693899347680189e-01 -1.265025284848336540e+00
-1.524544669210870507e-01 1.548653756073502807e-01 -3.722545427980465393e-01
-1.391241688899750861e-01 1.648210700188166844e-01 -4.108389740689725733e-01
-5.523712784693456390e-01 -8.929483962875575664e-02 -4.385153804544122402e-01
-2.038690210113617562e-01 2.168890190626947545e-01 -6.491230260083935555e-01
-5.627470666469809313e-01 -2.493890866481441870e-01 -4.296505715334626996e-01
-2.803758070224021681e-01 -8.092662206356791496e-03 -4.732130378534464832e-01
-2.912455829163241861e-01 1.107176332328215357e-01 7.586142318187212297e-01
-6.261845374247790863e-01 9.733200137074846103e-02 -5.647879441656750155e-01
-5.403158241404837359e-01 -4.420145930637544573e-01 -7.277390920205970559e-01
-7.165227797096185292e-01 1.272442247887858868e-01 -3.748697339187359034e-01
-5.449208084501080407e-01 -1.701058762919300804e-01 -2.506519669832160679e-01
-5.716358481072324471e-01 4.637778283264002432e-01 -6.012120166378223107e-01
-5.812469859880270429e-01 9.155155882096071007e-01 -7.731347407534104599e-02
-1.247484418751638735e+00 1.383094727401931456e-01 2.149638900781242201e-01
-2.874668133676929194e-01 -1.292453307270200469e-01 -8.658533065147321350e-01
-1.601036429111113435e-01 -6.608924796115192568e-02 -4.438382638094222621e-01
-4.766662461643235149e-01 1.612759582103619194e-01 -4.450779233279642533e-01
-2.073405068792974482e-02 1.380373987707427808e-01 -3.389740562921126910e-01
-1.421129647802145402e-01 -6.017816286677664106e-01 -6.597464193744713157e-01
-5.926758454389030595e-01 8.312415615989496298e-02 -4.155869972102618770e-01
-5.048854619380171993e-01 7.697843434051553357e-01 8.231492573293316406e-01
-7.018998721906047900e-01 1.717990906579701937e-01 -5.900036417975929037e-01
-4.239118758000778309e-01 2.344274240433786294e-01 -3.118229852876208685e-01
-3.832269890361442721e-01 8.691847638837353618e-02 -7.073392638731730298e-01
-2.532205670303836476e-01 3.279640263354504648e-01 -1.388644796191841058e-01
-2.143128399830796782e-01 3.260592169010516350e-02 -5.243275785561005709e-01
-3.321651738619526006e-01 5.934215559998001766e-02 -3.871266882544391885e-01
-7.339831561934347937e-01 1.063005768649605103e-02 -9.540858612146950746e-01
-6.225872147880570084e-01 3.494325839058590177e-01 -4.177475023613330118e-01
-8.042608354814901883e-01 7.823936790947543241e-01 7.772279241044544040e-01
3.308520516157577307e-03 -2.896747115773962711e-01 -1.996293385097339113e-01
-4.302736715998126682e-01 -6.425911606138223764e-01 -4.017176978118512931e-01
-8.541506891221625208e-01 2.953200790438626488e-01 -6.639867307821719633e-01
2.665129528565628458e-01 -1.163108243981474665e-01 4.126547312967226433e-01
-6.614245030265222258e-01 8.015321746807665959e-02 -3.699377573089687732e-01
-8.621196994863922214e-01 1.878247303930674073e-01 -6.166386901370674023e-01
-8.705039412286169620e-01 -2.061478138045585440e-01 -3.590719758757788260e-01
-6.708468299752557984e-01 -2.984129347392277531e-01 -4.699110911029882320e-01
1.250864036494389875e-01 1.418384151417665384e-01 -4.690749271640173301e-01
-4.413898959403503852e-01 7.610347466384065340e-01 -1.135649130714419197e+00
-3.529337003456454180e-01 -3.180815022565963157e-01 -4.428788428786971099e-01
-5.455301069447173745e-01 3.647912561480522453e-01 -5.049706740932118354e-01
-2.476384615700947811e-01 4.273791890690584738e-01 -3.999281785725722904e-01
-8.724200024628699923e-01 8.292915120847312027e-02 -3.895984528780514489e-01
-7.146028623548631442e-01 -2.470033941097037611e-01 -7.366171750302220600e-01
-6.784434589240749824e-01 -1.342895851403652085e-01 -4.793217660046146245e-01
-2.286091168043800359e-01 1.231961506319197569e-01 -7.286155173658481754e-01
1.298065325084326593e-01 -2.368740184046801700e-01 -2.003168437988935568e-01
-4.579708803612557722e-01 3.573616365345593238e-01 -4.942806988330059603e-01
-9.417471456565600363e-01 1.053012317411605586e-01 -6.218325525819042854e-01
-1.228553426241189683e+00 -6.438754249518207073e-01 1.775746015174360648e-01
-1.673264686833620951e-01 -5.382676848656614554e-01 -6.661740278081547117e-01
-2.433315822251024829e-01 -2.223682268203974396e-02 -3.721465433316234472e-01
-8.400945871185867553e-01 -2.178833412289133131e-01 -3.481288323181070954e-01
-3.569986786258245171e-01 -4.687200519235582008e-01 -3.900102626010503171e-01
-3.046505651413399796e-01 6.359456896283863792e-01 -6.396954608894754868e-01
-5.032704535475965996e-02 -2.578554487607079837e-01 -4.421004901252783004e-01
-3.752469109652678547e-01 2.073290843039619635e-01 -2.969063893685043865e-01
-3.197362101635430331e-01 3.311254803949151282e-01 -5.843399703734387662e-01
-7.550608445897747378e-01 -6.690641567601337547e-01 -4.198831630358139111e-01
-6.889728133458503656e-01 5.147563091063818430e-02 -3.005041631714098216e-01
-5.038395163308701186e+00 1.346079702293357627e+01 -3.091649241597513864e-01
-4.041898407939428228e-01 -1.043237199201492604e+00 -6.429629360864803633e-01
-2.361474655092236086e-01 -9.699948871913727233e-02 -1.298848940975582955e-01
-3.607152971342878489e-01 -5.685054348723960621e-02 -7.681735694339106857e-01
-2.181949209677084417e-02 -2.255184010241752524e-01 -4.202735676101843620e-01
-7.111312603898368723e-01 -2.213483382197184435e-01 -4.627304785034909718e-01
-1.614040346853485297e-01 2.910038789129521519e-01 -4.373763719099789116e-01
-4.365069916188398791e-01 4.920177528637393466e-02 -3.532412006399681670e-01
-3.536565847149233388e-01 -5.739463991535722620e-01 -2.695215854912430542e-01
-7.194833242997680234e-01 3.106658964302337345e-01 -4.640501513425839830e-01
-5.823495342772373462e-01 3.589715669329652803e-01 -4.915442181925460119e-01
-6.512037616131989282e-01 5.427383573086389523e-01 -1.547022628221441654e+00
-4.682007936632022194e-01 -9.719222412778127235e-03 -1.826736505420993029e-01
5.891952565913759904e-02 -2.797299685313026640e-01 -2.741730147964497322e-01
5.808696234113452928e-01 -5.999908797046406006e-01 -3.507060461877382629e-01
-8.338424423292110088e-01 1.153344983427838782e-01 -3.389638497427905905e-01
-4.766718427105927081e-01 -3.248438698394388591e-01 -2.775807545414113453e-01
-1.584989148507121859e-01 3.786487937100087575e-01 -1.986781768802449166e-01
-4.362129745788063118e-01 -2.629340627106631634e-01 -4.633221399997204948e-01
-9.545804224493663614e-01 -2.463148216673052004e-01 -4.978814915004906028e-01
-5.479777083728911702e-01 -2.831848026011367647e-01 -3.421693200102219334e-01
-8.067766520940355957e-01 -1.183912961138783027e-01 -5.131127376164726916e-01
-5.984781036960720169e-01 1.309010714162275185e-02 -3.858693682074263998e-01
-2.356373384592652664e-01 -1.134319916720551574e-01 -7.532972948235319155e-01
2.495100983873250466e-01 -8.010896517297114716e-01 -8.123445323778708538e-01
4.420285692767142449e-02 -1.610955789149340622e-01 -4.025089627225079680e-01
-5.955291049813369320e-01 -1.623451005475620434e-01 -4.035017187814941564e-01
-5.168401571499169345e-01 -1.813606806546894934e-01 -4.926375584976788735e-01
-1.084976005214937644e-01 -3.469271839323941897e-01 -4.417886382272060986e-01
-3.865841740823206529e-01 2.419732911608908632e-01 -2.594999532249976371e-01
-2.935333578893442597e-01 -2.593438056560137817e-01 -3.724727397878537238e-01
-1.833175498219531407e-01 -4.457115460922474459e-01 -1.342750005501737620e+00
-6.985505733287246111e-01 1.416915681765697210e-01 -3.608804766577985990e-01
-3.852789943811562590e-01 -4.920760323372897482e-01 -6.556296601438920124e-01
-7.245764637320812884e-01 6.641410703936749815e-01 -7.233497942777487866e-02
-7.774905412400537896e-01 -1.106070942826052755e-01 -3.239645131878151063e-01
-1.961795589628059777e-01 -4.449555808196056783e-01 -1.659581109862517112e-01
-7.876865847728793391e-01 -1.987290962752790435e-01 -2.617266818445345145e-01
-1.387330242015339055e+00 7.487035151957043277e-01 -3.215429833372682733e-01
-4.958201343689417895e-01 2.113775601834012308e-01 -2.544756760494710779e-01
-2.566079105790783910e-01 -5.082705211766362918e-01 -4.216474842240751086e-01
-2.921399952284745027e-01 -1.576191772733955554e-01 -3.764908764299514377e-01
-4.628748201374247029e-01 4.014748187482687913e-01 -5.275648670670558538e-01
-1.820880553659282308e-01 -5.637029821011594333e-01 -4.043303776932906102e-01
-1.451374612481247661e-01 -7.679497852687217074e-01 -6.225640717005122005e-01
3.061530716230733210e-02 -9.726567477306585774e-02 -4.152550333646254366e-01
-2.862612957257167912e-01 -5.705726047780919075e-01 -4.659004052333899915e-01
-5.450581790927959691e-01 2.897782389626561983e-01 -3.791798761653666361e-01
-4.279334454240963370e-01 1.842653775670330119e-01 -5.162224931407356499e-01
-3.767733722973880539e-01 2.572727600328370001e-01 -6.091795880409428543e-01
-7.430240550649168663e-01 1.115680625166870499e-03 -8.539529259704531361e-01
-2.083017011421332831e-01 1.324700043316861253e-01 -4.927170423894984830e-01
-9.126069312166229519e-02 -2.465525550114464892e-01 -5.131328975609554810e-01
-4.621651032343022103e-01 4.584215386828772165e-01 -2.443965912573367871e-01
-4.923933770885223771e-01 -7.073820821688969751e-02 -2.813577097372888525e-01
-2.743300470930037371e-01 -3.273688654425343202e-03 -4.420472123171724776e-01
-1.595826982638146874e-01 -2.653766866102333366e-01 -3.523059490612364120e-01
-8.405427482357135105e-01 5.773236593500016833e-02 -3.800055205668301239e-01
-1.740685169126293397e-01 -2.697156338848989976e-01 -3.550026303975009623e-01
-1.498009898273172880e+00 3.278043539917084304e-01 -6.281593389212588585e-01
-4.307771870963208460e-01 -3.973414697031846798e-01 -4.955660455265386011e-01
-7.647294522120838822e-01 2.807329026556650842e-01 -4.589201892451173492e-01
-3.457785448118869120e-01 -4.530004864352465965e-01 2.814367439317923096e-03
-9.722026757485444093e-02 2.231735177915366089e-02 -5.921455589102385675e-01
-3.102261268917738124e-01 5.358887536542111807e-01 -3.166444713631491603e-01
-7.906036896306337658e-01 1.700220120680607239e-01 -5.397308915404791518e-01
-1.858069296900690670e-01 7.365938370926580214e-01 -2.044178436856385339e-01
-4.848940564687743704e-01 4.116462714692818992e-01 -3.906729832944265124e-01
-6.924253140696354780e-01 1.029387199724392243e-01 2.259763558329012656e-01
-1.243025261640138407e-02 -2.889722471995607722e-01 -2.233833348755246140e-01
-9.647985791841826586e-01 1.626771199121840872e-01 -1.366789937331356120e+00
-5.726886179234028096e-02 -1.584470213522547910e+00 3.093605335226866648e-01
-2.569088357229126762e-01 -1.693868272907537387e+00 -1.334705693986209529e-01
-4.763696694588141489e-01 2.328082190607411450e-01 -1.442932547587440772e-01
-1.047450345742656719e+00 -1.820296175624644408e-01 -3.943706748437833531e-01
-8.158288153342275750e-01 -4.149643479974399751e-01 -6.877592243672167593e-02
-6.730683667589767438e-01 -2.575968451562282158e-01 -6.516968401261826749e-01
-6.922224830277653451e-01 -5.015801482603727823e-01 -8.092792153312862169e-01
-6.524845783320690762e-01 1.991662093493742208e-02 -5.105110949915220298e-01
-1.115646967697496023e-01 -1.204313721913984780e+00 -1.187655888858300424e+00
-3.235317282528009653e-01 1.091317343439034970e-01 -3.641869316106545740e-01
-5.986745192338297494e-01 -7.039014786886357289e-01 -3.592148310948711787e-01
-6.866395563129348845e-02 -5.768159308106894922e-01 -3.290570048896844235e-01
-4.364086459239291949e-01 1.315897149486089379e-01 -4.057029611079634446e-01
-2.064229756204078725e-01 -7.991158585249427682e-02 -4.040325864505709408e-01
-3.462805466363267359e-01 -1.195768364550032492e-01 -4.307746959447691371e-01
-1.282161352150707367e+00 -5.986673197391878531e-01 7.740107462916597791e-01
3.445409416167957706e-02 -3.292586969134266850e-01 2.271040784804792545e-01
1.825035800760973007e-02 -2.680529858999017856e-01 -6.699690853946450586e-01
1.679612530817677779e-02 -4.565158272761295488e-01 -6.111249591158718353e-01
-1.344785227259897686e+00 -7.470349576148402893e-01 -1.853215892258305020e-01
-3.535912240902759907e-01 2.387908274205055581e-01 -8.878511694625946804e-01
-4.173930708300007675e-01 -7.065556983402344615e-01 -6.467333122086639241e-01
1.496028303301728812e-02 -1.934098211410144041e-01 -5.087274185543626537e-01
-8.747187617242478952e-01 -1.328539726487471262e-01 -5.200674524911624852e-01
-3.090561111990061671e-01 -7.719527080956262166e-02 -5.280139078204902914e-01
-3.554731139117868199e-01 -8.475559494368780644e-01 -6.306764113987435305e-01
-1.939603969158798236e-01 -4.197713790269363282e-02 -4.323793279749934548e-01
-1.601627326710721722e-01 2.838468041277613096e-01 -2.286321420919707470e-01
-7.028383481809170608e-01 -6.302421273650300748e-02 -4.310677254146566550e-01
8.104889100748194353e-02 3.076894570661914408e-01 -6.086351372697087481e-01
-7.247717396830541947e-01 1.039098623181007874e-01 -1.732839126908391592e+00
-4.362861125295958847e-02 -4.420709074212299527e-01 -5.995192760402719978e-01
-1.382063147666783010e-01 -3.961190454634226366e-01 -4.592757360460946736e-01
-4.014130051424911749e-01 -9.352081464238556907e-02 -4.119412479173159558e-01
-3.667884683063426521e-01 -3.287616412908678787e-01 -4.405560135461404903e-01
-8.011029075596876048e-01 3.692557471152899118e-01 2.385079001475076121e-01
-1.270151460374763674e+00 3.959737784243555492e-02 -6.270014747525510801e-01
-5.746114689325430014e-01 2.759973718319069236e-01 -5.849527123590864131e-01
-9.160071032356642551e-01 -2.454930519043182491e-01 -1.961395703060742624e-01
-2.771825736569962784e-01 -1.628168345734319622e-01 -3.849230617742498972e-01
-9.673638405816687991e-01 8.555418813689398549e-02 -7.225862679775642006e-01
-3.986662312825510479e-02 7.552619785976663613e-02 -2.111716173665687812e-01
-1.654929412508668041e-01 -8.708558553952033821e-02 -4.768645466499881747e-01
-2.641851789976500942e-01 3.512992269680412227e-01 -7.203129387265911898e-01
-3.324868252228042192e-02 1.730695059078319609e-01 -2.155781472102543950e-01
-8.903955706954558291e-01 -9.959503536244664057e-02 -2.455762817952822086e-01
-7.216895614441186657e-01 -3.717233240721316556e-01 -7.183091642528455223e-01
-6.437716433401248217e-01 -3.694083441557354797e-01 -4.229121505411659321e-01
-5.952468807920220373e-01 -1.173396632713361809e+00 1.063156955496467014e-02
-2.313575137804696757e-01 3.214887913997920288e-01 -4.219768186999570125e-01
-7.742888170464243824e-01 3.238332728867462929e-01 -3.898686464932789586e-01
-7.844299437823437637e-01 1.915445350095548172e-01 -3.375510668887434229e-01
-7.126414690368833016e-01 4.788773294221012056e-01 -2.007015820265923567e-01
-5.533927121195113541e-01 -7.266895252613948530e-01 -4.279816917383850172e-01
-4.531920899931810354e+00 3.283988902105009267e+00 3.986434790073767331e-03
-4.857526785936602254e-01 -7.996093274264021167e-02 -2.419503574508818089e-01
-7.238015213953333804e-01 -4.403346271473289608e-01 -3.540613010130212457e-01
-5.760208338706750315e-03 -3.423701536446622229e-01 -5.082359425754751081e-01
-2.812650013552258632e-01 2.532895241925399790e-02 -4.536366026282929731e-01
1.573848400526596525e-01 -2.016515627764651486e-01 4.499874185270886784e-01
-6.814034645294443360e-01 -3.763955291859547719e-02 -4.545988036749944450e-01
-2.052430624214106325e-01 1.732711536897695581e-01 -2.487153896313729906e-01
-1.557560314158620285e-01 -3.954585754658290209e-01 -4.289606070312320107e-01
-4.000613299508186116e-01 -4.392030660367650663e-01 -6.112873917410723834e-01
-5.524089851853746236e-01 -5.881120347738268833e-02 -1.008710444935877026e+00
-6.002163858621930581e-01 2.819271896982502024e-01 -3.281815119038968831e-01
-5.211867528171538338e-02 -4.422808784002972282e-01 -5.177474799392812743e-01
-8.053826624513211740e-01 7.302174531046848327e-02 -3.547195809929992727e-01
3.557832174352730248e-01 -5.809065320061757021e-01 -5.886538568147743344e-01
-3.568757573608556943e-01 -2.854373982993594350e-01 -3.254222608832914587e-01
-9.092340856627095791e-01 4.130497330791824129e-02 -3.670313415360603737e-01
-5.578246116638558849e-01 -5.917556057276205372e-01 -2.955815627488288522e-01
-1.002085282212387352e+00 7.122489660638756659e-01 8.450675981720037755e-02
-7.335509291478400362e-01 5.923403665091437481e-02 -5.290199130555069962e-01
-2.068873808851551255e-01 6.807937387933500339e-01 5.713798778265981593e-01
-8.798531534669528087e-01 -1.430482893597723459e-01 -3.405352791260928824e-01
-1.097350835900502281e-01 -1.613002304582358271e-01 -7.241322089665335193e-01
-4.089549700174638369e-01 -4.397666785206830742e-01 -4.976061770471159607e-01
-1.005438763422949799e+00 -2.287601616326198350e-01 -6.188716781342734619e-01
-2.851046289166158099e-01 -4.608482663417074465e-01 -3.050153623937835179e-01
-1.078068910494101940e-03 -3.613962232725363433e-01 -6.101707209018427669e-01
-2.722808078126219833e-01 -3.754161834342445436e-01 -1.048336927655399570e-01
-6.968968205492493961e-01 -9.847697250395053004e-02 -3.383026982145458939e-01
2.234908642527101419e-01 -8.657689719965674380e-01 3.133677729584489757e-01
4.262528697947424172e-01 4.107065600811997119e-01 3.914989220355558630e-01
-7.859289464716907592e-01 -2.831372584571437701e-01 -2.405669565730699511e-01
-1.044931246804182701e-01 -3.589228194601027933e-01 -4.357445960300735943e-01
-4.947677286361681914e-01 -2.898256986238669994e-02 -3.498785162168887575e-01
-3.840558743009050424e-01 2.384286594791410474e-01 -4.746641703432609716e-01
-1.620016506075110663e-01 1.230711037541091721e-02 -3.446987950722860128e-01
-7.481360587732571732e-01 -6.221065225429293077e-01 -3.773089680723572537e-01
-2.583867909385835770e-01 1.379623802581347314e-01 -4.658170885940184358e-01
-1.657180033679232778e-01 -6.019801729092567610e-01 -2.540610737265784902e-01
-7.019449471860521594e-01 -8.052012988826132145e-02 -4.044099398938033607e-01
-2.597459658509484459e-01 -6.611999190658471859e-01 -7.444005857263765735e-01
1.343466534528758860e-01 -8.971788835302362264e-01 -4.875646917925299251e-01
7.297485204772181933e-02 -2.170974014750478021e-01 -2.413658249014729584e-01
-5.532698122286396902e-01 -2.672825052802136336e-01 -4.100892789126500682e-01
1.991498211792792558e-02 -2.307119871512737508e-02 -6.719043075695424472e-01
-3.245921373431455703e-01 2.920337906966653518e-01 -9.677995269004375789e-01
-7.596515948391410200e-01 -4.032239216591241848e-01 -4.016396705225431241e-01
-6.533824849647569266e-01 2.113531050150534996e-01 -4.490345124614071315e-01
-1.792382366518127101e-01 -2.955638689116310558e-01 -4.060157817592082719e-01
-9.610242691820835015e-01 -1.463770223217892297e-01 -4.403752387338026875e-01
-8.357009774690740134e-01 -2.894983838935653517e-02 -4.689249372414479589e-01
-3.460195396101027887e-01 2.788400431457332962e-01 -4.156870164661185529e-01
-6.082762832084017690e-01 -3.905454426795950673e-01 -4.226172113232127825e-01
-2.009923660223290887e-01 -1.165561708307037092e+00 4.439652705900491991e-01
-5.721923348272330845e-01 1.054035293459692525e-02 -5.944346984757851171e-01
-1.943444706110577375e-02 -8.558690663651301322e-02 -4.510727677497006760e-01
-4.059157571045858906e-03 -1.890961888490075848e-01 -7.249085569677488072e-01
-8.153054407672898352e-01 -1.967764352773045400e-01 -7.155658165956338967e-01
-1.629699999944453914e-01 1.131696335589906649e-01 -3.690554008084442200e-02
-5.757968746413693051e-01 3.466781849941935056e-01 -3.034987944110525415e-01
-3.307008584518669747e-01 3.908526846106880615e-01 -5.152270320937575310e-01
-2.552114401091741813e-01 -2.978243692928561615e-02 -6.180050474578612230e-01
-3.869876414234712514e-01 -2.849084760559924545e-01 -4.009418954853116168e-01
-1.480468124257174056e-01 -3.003254450291003019e-01 -3.724161877011274158e-02
-2.597445772587105295e-01 7.960748860492188050e-02 -4.295165387525499978e-02
1.912804110209491704e-01 3.253655179420771315e-01 -4.318827858109441364e-01
-2.219896447163801634e-01 -5.954722151775592165e-01 -5.042798406829308577e-01
-1.366885785801145448e-01 3.869074709248616628e-01 -3.792811764041978395e-01
-9.519271584083223436e-02 1.700365720168383887e-01 -5.412892269841916848e-01
-7.741752972699120217e-02 6.983429881172061038e-02 7.996942475232923786e-02
-4.306007536562438398e-01 -7.169256102565191302e-01 -4.404153889322259818e-01
-4.086094702105043108e-01 3.594458880681630775e-01 -4.925495481412256460e-01
-1.078455526115487118e+00 -1.131506919184119969e-01 -8.628473517847968788e-01
-4.049666149764679646e-01 4.648851448012740195e-01 -6.642143219311014146e-01
-1.384126282575834088e-01 -1.545900491352862061e-01 -6.738689224418275003e-01
-8.103115111023782013e-01 1.451704749433321839e-02 -3.646272994182589988e-01
-7.561827890934492702e-01 1.845943044816024114e-01 -3.665296413615450333e-01
4.202051237417596119e-01 1.375949271283050945e-01 -2.761304904933453708e-01
-7.399665272788520376e-01 1.858586822810235073e-01 -7.261603126342338621e-01
-1.924918557505877481e-01 -3.372895801939354010e-01 -2.464943727878166901e-01
-4.541310199369378298e-01 2.359595476222761667e-01 -5.109430974000722658e-01
-3.272902610288890846e-01 -3.761048091437358964e-01 -4.685076133199246318e-01
-9.878608608462670360e-02 1.249231858534959397e-02 -2.421022395946504646e-01
-4.299484185203632514e-01 -4.256740535952494575e-01 -7.450442664763859968e-01
-7.979252464957206081e-01 -4.062393309970089850e-01 -4.462178842040329663e-01
-4.335799337422290289e-01 2.887007299608103650e-01 -1.182074909206276281e-01
8.348035960286448454e-02 -9.958128218454229130e-02 -4.540821499624156932e-01
-4.652014974308778528e-01 2.696420061241682764e-01 -1.180863206551624328e-01
-1.134259580615012697e-01 -1.063362918936838347e-01 -3.049429898042978482e-01
2.869030208729205778e-01 4.498351676046627445e-01 -1.392970236214534641e+00
-2.004041747622489211e-01 1.738800639878337606e-01 -2.941059209461053814e-01
3.084366737257555890e-02 -1.611567125040930526e-01 -4.715197827782245388e-01
-5.232203455020900673e-01 -7.728868052760078100e-02 -3.283148177977082693e-01
-7.235695282752571122e-01 -3.640308800427907165e-01 -9.917507918500524655e-02
-1.888798052638703540e-01 -9.300611091881282044e-02 -4.766063828459806140e-01
-2.921788447642830744e-01 -8.996019129434865147e-02 -6.926239904118957069e-01
-9.554523925680677432e-02 1.374084680292226614e-02 -2.202188510825640322e-01
1.425996726162993278e-01 -2.567751003491977047e-01 -9.373828819143044111e-01
-1.495657153630650365e-03 -2.384358978164135834e-01 -4.639127860106489476e-01
-8.752901138962522198e-01 -2.885456570480261079e-02 -6.341372001745785303e-01
-5.974906234992035658e-01 2.932662303416710414e-01 -5.847417672703766334e-01
-6.710063646723322117e-01 2.808312677347916120e-01 -4.149021587493413321e-01
-8.133467765589734721e-01 -6.873940044619522016e-01 -6.231375433928116880e-01
-8.779930547073885316e-01 -4.045010022807484784e-01 -5.237212103543034125e-01
-5.266750748639120738e-01 -2.990462169360908473e-01 -3.415850672597491311e-01
4.030087684750446875e-01 -1.718450553613529996e-01 -5.379358205810371579e-02
-6.941896235731173093e-01 -9.612797789412351468e-02 -2.850275860658406657e-01
-4.319354656102032952e-01 -1.135618421520071086e+00 -1.205155091871076944e+00
3.171538478561926611e-01 2.955295315722844540e-01 -1.828163869440417033e-01
-6.894938002747140748e-01 -5.569982907010879725e-01 -7.035235942035399370e-01
-1.780139248127199092e-01 -1.604567472593679822e-01 4.737322297792572745e-01
-5.247091555686099751e-01 -6.844524833980547562e-01 -5.561154513470886185e-01
-8.489212101521063092e-01 -1.918915640478304763e-01 -6.823050091865667799e-01
-4.664277404857803400e-01 -8.806434634442564802e-01 -1.077118985945509255e+00
-5.706042651942435651e-01 -5.503596384713240613e-02 -4.193173488355402267e-01
-5.056786477208687069e-02 1.730209608996798598e-01 -3.130901992934495004e-01
-1.678938566937419608e-01 2.487888805840706430e-01 -2.811279015111231017e-01
-9.655251630192986934e-01 -4.646459239498462179e-01 -1.745855091678081727e+00
-6.166340805102358269e-01 -8.854309847205845685e-01 -7.911756402273240063e-01
-1.448392862280384330e-01 1.291931388416305004e-01 -7.056270397996989852e-01
-8.197967151093051713e-03 -4.503905750340135294e-01 -3.269802904709402380e-01
-8.462920522325452222e-01 -5.321045375545506440e-02 -7.014880878276908982e-01
-5.464238505940482993e-01 -3.163774080419177737e-01 -3.874500105064020983e-01
-2.254578154527136225e-01 3.016578341968906285e-02 -5.762119836662344952e-01
4.881813654027346572e-01 -6.077711406867897237e-01 -1.217752573009853456e-01
-9.849280408549201837e+00 3.619049579131467187e+00 9.802534769534720915e-02
-9.949855870885331299e-01 -1.724874656268523820e-01 -3.357059735476887186e-01
-7.694216060457489959e-02 4.415725999405689106e-01 -2.858716861341334403e-01
-3.612696085523066647e-01 -3.813561069606272724e-01 -3.053351444378599178e-01
-5.718969708437033894e-01 3.480097701641930996e-01 -2.998604687117580880e-01
-3.326603622583020337e-01 4.234831435860405557e-01 -4.941400355830753988e-01
-8.969446512828250784e-01 -1.053580868411437610e+00 -1.215650987439653274e+00
-5.698462066910718882e-01 3.512213386512991753e-01 -3.667968713270439163e-01
-5.186139166304167825e-01 -2.407374346385491581e-01 -5.039522800412407078e-01
-8.997832064627022675e-01 1.005655335913012982e-01 -3.691108435980224312e-01
-4.794301328418539843e-01 1.781735941638792342e-01 -4.158403570708538721e-01
-3.482598226719144652e-01 4.113077798787521111e-01 -5.507152271189139636e-01
-1.266177018805119958e-01 -4.358188640364074051e-01 -5.975068075121021671e-01
-2.028537094289296350e-01 1.919693872055358297e-01 -4.843994002718564618e-01
-3.083373101804624539e-01 1.237641071157722164e-02 -4.438286245920100570e-01
2.689359788292244868e-01 2.108307164253363924e-02 -1.181121316420041367e+00
-3.379588423739005587e-01 2.286387022687911275e-01 -6.251603772857463603e-01
-3.732222119278966743e-01 1.380130562849848572e-02 -5.245008096696156530e-01
-1.124483420771946518e+00 -1.029105056943179913e-01 5.278562880556006975e-01
-1.698413256676060412e-01 1.916624727529842595e-03 -3.306008221394928781e-01
-2.380577285310491731e-01 -1.206311130987122171e-01 -4.400084041729304118e-01
-2.557180442129060594e-01 9.223543219331216403e-02 -4.045623830678462540e-01
-3.489023132270734351e-01 -4.750312137786780187e-01 -9.280432830566905933e-01
-7.216566004727230643e-01 -6.298675437209497741e-01 -1.864760715352117293e-01
-9.051199606989929203e-01 2.325113879147722717e-01 -8.663771975110212686e-01
-7.977100177758953414e-01 -1.055443970400144066e-01 2.863988711971628964e-01
-5.293648815593127166e-01 -7.112457386461570330e-01 -4.502677953852923243e-01
-3.617522291587841887e-01 3.211469743260077919e-02 -3.422838559914591072e-01
-3.434122316757703408e-01 1.689163094226011907e-01 -4.918393306235226969e-01
-3.233811028580773073e-01 -4.964205109598899823e-01 -1.708340921351464425e-01
-7.059549128973160448e-01 3.315523879047576616e-01 -5.574960257713553746e-01
-3.550027541946796927e-01 -2.049159438732716665e-01 -5.946909331303132928e-01
-9.896758355510819616e-01 -7.813577929607039563e-01 -7.531377482165484416e-01
4.751649985213485250e-02 -1.590798882246039492e-01 -1.637670596149288782e+00
-2.433741821398776595e-01 -1.329248760204148061e-01 -4.688874928820008781e-01
-3.057743959351865715e-01 -5.269663274595238756e-01 -8.880826407072804907e-01
-9.514318351835625576e-01 1.217006260838231213e-01 -4.286534131328313957e-01
7.850390273964140408e-02 1.640013261533005973e-01 -5.115130930215194827e-01
-3.251702797900982243e-03 -1.473534829315675983e-02 -4.995811703905077977e-02
-9.242863736277353581e-01 -6.100372575692990518e-01 -4.478860691113605852e-01
-6.935279489128772790e-01 -2.831610741637889950e-01 -3.640475620307764837e-01
-9.773137808546502603e-01 -3.873123649274897717e-01 -4.208085899545758179e-01
-1.563697749294641962e-02 4.262992809089626856e-01 -4.094252594574438464e-01
2.368161060209902358e-01 -6.567136418653752861e-01 1.830254125082131367e-02
-4.589827134306005418e-01 -2.321645789357032474e-01 -5.441324034952782496e-01
3.672038937055089325e-01 -7.119614242493164102e-01 -1.347221569501530603e+00
1.130747554246234882e-01 2.758247074296929502e-01 -9.157014481833312958e-02
-2.803949450160547197e-01 2.045077724348558779e-01 -4.253315072301203092e-01
-7.976962938806733128e-01 -3.588976037734253888e-01 -4.942055010198477816e-01
-1.801026721877108661e-01 -3.777238808410905008e-02 6.678790563417590087e-02
-8.539182122488027105e-01 -3.745520778521614913e-01 -3.219827972195697385e-01
-2.151413174065765210e-01 2.160204396992270182e-01 -4.304948649119126891e-01
-2.449235535325209601e-01 -9.679176282524919461e-01 -4.770144581641296289e-01
-1.598354632786359864e-01 -2.228519630310763222e-01 -5.273786898944082813e-01
-7.463463915934102078e-01 8.985250788351475948e-02 -2.695685823729256358e-01
-3.496128652046267549e-01 -6.554561361047033241e-01 -3.109196969157452251e-01
-3.340054861771110661e-01 2.516400416697340756e-02 -1.908987717027560704e-01
-3.129838766161620600e-01 5.080194994188379498e-01 -4.081903522070739476e-01
-4.785259936069526931e-01 -6.751579527660735991e-01 -6.257888983253904192e-01
-9.269690070054791287e-01 1.149955684176574705e-01 -7.174719528015180980e-01
-9.870315395334422481e-02 -6.870849632099098603e-01 -5.639627746615167858e-01
-3.103452063613964529e-01 -1.949977141285812454e-01 -3.930569193292798857e-01
-2.775608802684787491e-01 -5.756906076282646278e-01 -3.489054628361791255e-01
6.983512653804245518e-02 -1.274688024997231439e-01 -6.436456102498063769e-01
-9.586782528167914208e-02 -7.213057257775207232e-01 -6.747669925117047995e-01
-3.461663025427307860e-01 1.174972897531610661e-01 -4.297093904025500732e-01
-3.656370046939607515e-02 -3.069199774578549866e-01 -2.548608686911922327e-01
-1.915621210046995759e-01 -6.656133682961794529e-01 3.679584619853178418e-01
-4.207697808553652052e-01 3.995808034142013243e-01 -5.033335352009991048e-01
-7.308832406360853406e-01 -5.915201926212946271e-01 -4.935026883386853802e-01
-8.688149805917066981e-01 9.338337113970546222e-02 -5.303370984101559715e-01
1.144871933768672606e-01 -2.850627247255535512e-01 -3.626149257870457943e-01
-5.200807186696033702e-01 1.857610355529680513e-01 -2.829091550226932039e-01
-6.550550869917839969e-02 -5.524333490273253267e-01 -4.477793019021327758e-01
-1.931574293528488528e-01 2.848190960297647956e-01 -6.148220737161241845e-01
-7.028371760947100810e-01 -2.077136290642283833e-01 -3.207008211772212625e-01
-3.347582101762482942e-01 -7.824079952149591843e-01 6.511074935135978681e-01
-2.819697040194433235e-01 -3.972623310851901013e-01 -4.782982353230650352e-01
-5.646393623658388927e-01 -5.811489572860334407e-01 -5.510856249710478494e-01
4.116115383008878137e-02 -1.455851276601745625e-01 -5.329570760927942324e-02
-7.415758733355556354e-01 1.528582016652795528e-01 -1.273370517042958117e+00
-7.348917226047556595e-01 -5.592018507659280990e-01 -1.589229776733482313e-01
-4.267222021820116229e-01 1.554552886807089029e-01 -1.151333812862104011e+00
-4.824984038265659470e-01 -1.297110347946802134e-01 -4.008507898468383623e-01
-6.127743319960283763e-01 1.901008916002563942e-01 -5.009496656216904098e-01
-4.969891465589737489e-01 -6.787328803480847661e-01 -4.583075433807592969e-01
-3.506389003341076060e-01 -4.367511156879601009e-01 -4.282001300907969377e-01
-2.323263395364922046e-01 -3.401220217625662290e-01 -4.176824777797440991e-01
-5.948534301209418285e-01 3.720911945075027760e-01 -4.520581978928833178e-01
7.690094925859955466e-02 -1.082202763938932694e-01 -2.577647623213095707e-01
-5.878128021298890671e-01 4.845495698378225746e-02 -9.757964681018437003e-02
-8.122810316103346029e-01 -1.714380000748317034e-01 -5.040809258625787992e-01
-4.798751705848036120e-01 4.300969827336878493e-01 -3.786474396190963598e-01
-6.494414559839545298e-01 -2.693121367327556137e-01 -8.282859369137721139e-02
-1.646474378040104491e-01 -2.918046244467359940e-01 -3.473552718832104147e-01
-6.420163550135735142e-02 1.423004446441508142e-01 -4.832490350749845676e-01
-3.824406333314244733e-01 -5.559784847077616776e-01 -4.468234697123560362e-01
-3.402351974212530217e-01 -5.843628504475631980e-01 -3.562434919580109716e-01
-5.262771367660701305e-01 9.364903585757550220e-02 -3.781313886297544835e-01
1.497671282002172033e-01 -3.932403128381870006e-01 -1.023271657899044396e+00
-5.350712624227701997e-02 2.092677326062324927e-01 -6.580238455083640137e-01
-7.135497920109902248e-01 2.106369840556320261e-01 -4.060287462968756866e-01
-7.425878847713235364e-01 -3.520389089751996270e-01 -5.161456577913470234e-01
-4.155964204433353348e-01 1.364200622074004665e-01 -8.519932561723846387e-01
-4.800963647275175439e-01 -5.450118527838481164e-01 -2.795542775531563162e-01
-6.552610271007461851e-01 -1.418284808803659813e-01 -6.326678420227244137e-01
-5.084971199804088071e-01 -5.444249741309650226e-01 -2.989101294126136343e-01
-1.049647354745019134e+00 -7.013701032269861191e-01 -5.778566272328236053e-01
-4.265322770433200850e-01 1.391040608401717671e-01 -3.949131363870901912e-01
1.660823564729156931e-01 -5.436664149040586202e-02 -3.832952252141060279e-01
-1.759753117318966498e-01 3.998383447360046028e-01 -1.464200491707448926e+00
-7.315202990193416799e-01 2.474304972553425519e-01 -1.878966617987143373e-01
-7.224253677000829210e-01 -4.517128180210511212e-01 -4.616190791674730787e-01
-8.078469371902426976e-01 -5.497713347227958236e-01 -2.912877230894899694e-01
-4.120169757911135711e-01 -2.270334924133319554e-01 -2.540512858395150286e-01
-3.793700114365082809e-01 3.112577694287845254e-01 -1.854145540050115004e-01
-9.137998187122811089e-01 -3.426329941344301022e-01 1.540496807966507814e-02
-9.490931098100879870e-02 -3.852063745794063743e-01 -4.469045199327089102e-01
-7.857517402145355323e-01 -3.568980617935248872e-02 -2.694688281842819166e-01
7.891581200545552677e-02 4.272121260133336373e-01 -3.554563359749530749e-01
-7.847670172366849606e-01 -5.525286804199556201e-01 -5.574755192110899538e-01
-1.900878941053666116e-01 -5.260512875163068092e-01 -4.217432619950166606e-01
-1.124916876486988127e+00 1.263297380220305965e-02 4.515088411485779218e-02
-5.623347959142942498e-01 -5.186138656054374296e-01 -4.027420983450983871e-01
-5.213971502216346865e-01 6.757815784230951639e-01 -4.562347308095674459e-01
1.333367022540114988e+01 -5.879502769517701566e+00 8.908644216163974505e-02
-4.588577492899645893e-01 -5.171736794348367194e-01 -3.010616951470839187e-01
-6.598608325720926038e-01 -4.300091478230607112e-01 -4.016222600917122576e-01
-8.809311921314075811e-01 -7.577969146017901614e-02 -5.811544567733446520e-01
3.831882628997917983e-01 3.218271910057304841e-01 -3.987010454613235666e-01
-3.637256099504547202e-01 -6.470802313631270897e-01 -5.716831116667292489e-01
-5.718653566853965087e-01 -4.404770103852806984e-01 -1.138176039836601011e-01
-5.497136177244534710e-02 -1.018293325596417859e-01 -4.076652647949619013e-01
-2.246482981265734424e-01 4.593860207404230067e-01 -4.503632541062242423e-01
4.828615416057064347e-01 -6.823241928448443572e-01 3.380119210651760242e-01
-5.606312660294477945e-01 -3.766120699867916422e-01 3.800996657857773076e-01
-2.122901296989934405e-01 -4.614993431972092691e-02 -1.007467002821338609e+00
-1.284232123377708756e+00 1.087136255456112033e-01 -7.112944862564709592e-01
-6.133385487593366880e-01 -3.000167162698231249e-01 -9.724734824335888247e-03
-6.210931247010636341e-02 -2.857221311910854156e-01 -1.823200749824226696e-01
-8.651122469173623264e-01 1.263507502755705780e-01 -6.959201365699863029e-01
-1.097395570348894539e-01 -3.381404184605744656e-01 -3.934219913335902929e-01
-3.373948066655674816e-01 3.549455907166719215e-01 -6.064180640272940348e-01
-1.663503938094771650e-01 -2.403641778394474404e-01 -3.545041487368195132e-01
-1.966531170675981377e-01 3.794981365457733569e-01 -2.755171529724036450e-01
-3.259239309945134444e-01 -1.695067302451191416e-01 -3.867278958037034253e-01
-6.704662588648502286e-01 -1.596656023312829908e-02 -5.669241745953224054e-01
-1.015134389073118371e+00 -8.559001814896718963e-02 -9.827513024959585453e-01
-5.985322796370988740e-01 -7.131430906617992616e-01 -3.577594277180810023e-01
1.131013599386590102e-01 7.402512983159269533e-01 1.821203426699653793e-01
3.009475098378519044e-03 1.559698984603521965e-01 -7.041571453242623235e-01
-5.792990746081602138e-01 -4.356670336877085381e-01 -4.775247582187668316e-01
1.141031060771555139e-01 9.684362951931171914e-02 -8.344905661229286009e-01
-5.534951752263806979e-01 9.790980563834812689e-02 -2.192034585761588050e-01
-6.534002374282863457e-01 7.623488093630366447e-02 -3.589818023372280953e-01
-5.451324778898442719e-02 4.598646917004475254e-01 -3.928679591707239238e-01
-7.672313341696501698e-01 -3.492234097967054640e-01 -1.826749682685440968e-01
1.716004356751622273e-01 -5.576227890539756094e-02 -5.974752951905073495e-01
-3.524657983513092979e-02 2.450380289790388688e-01 -3.233473920956550507e-01
-5.059555606512069481e-01 7.536392713443347269e-01 -2.811351503977144173e-01
-2.477177854763241704e-01 -8.106920636228674981e-01 -9.712187869355293213e-02
-1.761048540779363777e-02 2.048498915931548092e-01 -2.774135788525188273e-01
-1.435026345295902228e-01 2.755819341341590734e-02 -4.659635185997626494e-01
-4.167953454241954403e-01 -4.374252171884775997e-01 -3.365078685510043965e-01
-4.287655631658928157e-01 -4.143439167385569721e-01 -7.584377136701544453e-01
-1.753274347894922813e-01 1.863999344832404648e-01 -3.676105602180707588e-01
-3.719979636673000911e-01 -6.130040921472428295e-01 -1.166667093937353128e+00
-9.184057847825580767e-01 4.842981114194439551e-01 -2.777667199100889439e-01
-4.782593478384628560e-01 -3.458123463649323548e-01 -4.949299210396815862e-01
-5.639341506172169671e-01 3.204287767212652960e-01 -3.922711673239678287e-01
-4.046815180407045132e-01 3.312767718359223568e-01 -6.099260738448358810e-01
-5.561282002223760790e-01 1.596384959395566183e-01 -1.247501881373967308e-01
-3.948503924982917357e-01 -5.051574351515252248e-01 -1.034229017913048249e-01
-6.639991363167637717e-01 1.166732111489723195e-01 -4.224208135634611727e-01
-3.780092610557477667e-02 -1.438664904659339994e-01 -3.581366084028045904e-01
-2.934312629438100006e-01 4.469883502483401605e-01 -4.458941517482656880e-01
-3.103458861652240719e-01 -4.432373656757011560e-01 -4.594072338077980211e-01
-6.338005102453071471e-01 4.359202400111143738e-02 -4.580362155193254403e-01
-7.675866868544862776e-01 -8.668819920063229878e-01 -5.293974147300436472e-01
-6.080087910299203369e-01 2.923379649339500827e-02 -4.785694118372573747e-01
-6.493231052193176867e-01 -1.737353605254765010e-01 -2.346041710807348357e-01
-2.713426293364674668e-01 -1.895458428662743708e-02 -4.652174850226040714e-01
-4.642326091443465530e-01 3.536690847657155135e-01 -3.604681101432953283e-01
-6.615644222743769509e-01 6.849294299942601527e-02 -3.343245716422277858e-01
-4.411098368878840215e-01 -2.878637894403311970e-01 -4.432445187781713924e-01
-7.785583686444721430e-01 -4.371851122965176306e-01 -3.659949377449454033e-01
-6.299250160090005268e-01 -6.499298194973140985e-01 5.032474186182581688e-01
1.180781704888993200e-01 4.362296063072225449e-02 -8.839647540007631310e-01
-2.696459209896970854e-01 -4.360822692075748130e-01 7.384992766665123831e-01
3.139631864728409938e-01 -2.455318042778230070e-01 -1.311770096602090874e+00
-4.943607973390575783e-01 1.053554546683392434e+00 -1.122718935428795861e+00
-3.611648505982574531e-02 -4.781764404634504806e-01 -3.600526993369781992e-01
-2.266250287937401353e-01 2.065307167934466726e-01 3.926274930461753215e-02
-1.577353787040307043e-01 8.095854025015364330e-02 1.216448591901544141e-01
-7.106744309858206710e-02 -5.002045075444981892e-01 -2.842172719318582508e-01
-2.884477140994058386e-01 -4.733865486658566102e-01 -4.783227993195246497e-01
-6.106304874367511903e-01 7.843734729996690858e-01 -8.557670417203966373e-01
-5.781978241773907401e-01 -4.261491844680335150e-01 -1.261542534342913191e-01
-6.284104722690043998e-02 -1.082306014672036222e-02 -6.080644688373885165e-01
-6.245282724681591180e-01 -3.809508356785202832e-01 -3.058169190723413755e-01
-4.416927954318311533e-01 -5.021011368159801203e-01 -1.372591311376889278e+00
-6.607912242761943000e-01 1.151539336664529900e-01 -7.262227824535727461e-01
-7.665082448459419329e-01 2.206587236958249681e-02 -2.200157851050618396e-01
-1.400632518752465971e+00 -3.419638411633863645e-02 7.529696144155337834e-01
4.716845898211116661e-01 9.793503825653365746e-02 -4.988127474622489621e-01
-1.470134645575429666e-01 9.386720744910154179e-02 -5.075351570032025084e-01
-6.183269634079145011e-02 2.923019187034173738e-01 -4.856384520979988295e-01
5.614180965344175989e-02 9.204752715024010212e-02 -3.630664858716885490e-01
-2.119400634234373804e-01 -6.314201560897136911e-01 -4.087336608230614510e-01
-8.989304566596587609e-01 3.568044922184460815e-02 -3.766221015920290238e-01
-1.732029124694784983e-01 4.003532820817076732e-01 -6.085507413227686513e-01
-6.428754050312652790e-01 -1.760451894180126986e-01 -3.602109338091072366e-01
-4.709138576953523225e-01 7.147290388674125416e-02 -5.087304337249148878e-01
-4.085412446225120675e-01 7.118005835393516334e-02 -3.825534114975089328e-01
-1.419125275895040394e-01 -9.928461990709103180e-02 -3.635813787264208230e-01
-2.223921801137774823e-01 1.968488559018471626e-02 -4.570427342320121378e-01
1.991376050852108059e-01 -7.606992205106783977e-01 4.263518673821755089e-01
-1.112627167455161104e+00 1.883023408612689020e-01 6.937998920707739992e-02
-6.149614218889970507e-01 -2.317593889247723526e-01 -2.666547642643778970e-01
-6.516626117056236733e-01 -1.298814304130462560e-01 -2.918483906381736381e-01
-7.798762450411399483e-01 1.110524271667143459e-01 -4.264169103809243855e-01
-7.258736035775843476e-01 -3.788098609137163786e-01 -5.824415744571632692e-01
-1.051521330785587960e+00 -1.028419260585611145e-01 -4.051599089638402429e-01
-6.456503855938943159e-01 2.945901594367185683e-01 -6.391829797472107222e-01
-9.656379700519540643e-01 -2.586897643689628490e-02 -5.839502970585239705e-01
-1.296032787855321056e+00 9.201084734497802509e-02 -4.899657764047219421e-01
-3.683857490507279620e-01 3.269403295225966483e-02 -4.190725664888659274e-01
-5.736818129112368769e-01 -2.621204989255057627e-01 -6.362334168828979175e-01
-2.104930173770712398e-01 -6.362448038657221583e-02 -4.922539867807649849e-01
-1.178101273193592036e+00 2.351794967341211406e-01 -1.547160522639696723e-01
-1.035888109759989684e+00 5.248653728914798311e-01 -1.383582412609513757e+00
-6.304365114550576354e-01 -5.693832383853939527e-01 -5.421992483881861169e-01
-1.969824630498187845e-01 -2.730358629784814667e-02 -4.955817824147331074e-01
-4.306024140701791847e-01 3.355208176993405567e-01 -4.759123535146275730e-01
-2.048315221557458765e-01 5.582991179889219141e-02 -3.500432842356372976e-01
-2.042868022906680903e-01 -4.797688985926243377e-01 -4.906813021475434078e-01
-1.364454424363582330e+00 1.825611402796775695e-02 2.426547111755753272e-01
-2.118480010630835741e-01 1.747329154839561138e-01 -6.806134262494334397e-01
-3.174674719964206693e-01 3.770857784292532267e-01 -6.778860990431385680e-01
-1.013794198878293223e-01 -1.055792702035717179e-01 -3.995287508848267000e-01
-2.241616913060714977e-02 6.362838250428032305e-02 -6.511898822454497138e-01
-3.784093727405568042e-01 2.544945302619122107e-01 -4.842815772890537440e-01
8.175383283412455959e-02 1.382099139830953727e-01 5.634660452965554178e-01
-7.184696361976727896e-02 3.742188496096697792e-01 -3.981766769231923075e-01
-1.787408392679558922e-01 -1.081260752908640294e-01 -4.215420714247868766e-02
-8.824326639941661998e-01 4.683067029094472034e-01 -1.074770657098900850e+00
9.517564430550191912e-02 -1.553005120156221164e-01 -4.128931549504593485e-03
-1.486535894077561371e-01 -2.566017267464382745e-01 -7.121125035556151450e-02
-9.705774864759339482e-02 1.574134974549503685e-01 -4.369044264537603750e-01
-7.354737015651517940e-01 -1.011966357860281940e-01 -4.325077438654549300e-01
1.347693881103381131e+01 -7.342206996777776773e+00 -7.117917041970271974e-01
-1.965774195354872411e-01 -3.535624168327510808e-01 -4.415666087025266751e-01
7.836235621530894535e-02 -9.517495744971070371e-02 -2.524979939568814391e-01
-8.011074696087668867e-01 1.160058641321474321e-01 -4.067350951812322979e-01
-6.927072084536341212e-02 1.903934627103207322e-01 -7.094433282198407964e-01
1.298557772516021336e-01 6.801138293472895613e-02 -3.304402814023424950e-01
-4.801320779109348180e-01 -3.321921121492493190e-01 -4.453116566623128159e-01
-5.704145409499529196e-01 -3.377555426589026188e-01 -6.089757445187343743e-01
-5.506123429782742162e-01 2.169390445965110048e-01 -4.630027734730673417e-01
-5.856217607723143148e-01 -5.754317103611902295e-01 -1.409096211111398267e+00
-3.682645185710132218e-01 3.752876608136191394e-01 -1.109747685019668861e-01
-3.610266499406057927e-01 1.908272877095693876e-01 -2.602307887233885619e-01
-1.406338140487112698e+00 2.098043385553338136e-01 -5.066233336174970070e-01
-6.959619909161407492e-01 -3.515637755471733294e-01 -4.018250648350839560e-01
-4.331217197824297482e-01 -6.595716355879890358e-01 -4.710212529163139705e-01
-1.172473195942906887e-01 -4.286420878492082018e-03 -3.481800032193218541e-01
-1.062460498167003387e+00 7.926211377911861200e-02 6.052072331581699327e-01
-9.904756793036320062e-01 2.870301499595123706e-01 -5.596320762145317040e-01
-4.900716456847588609e-01 -3.613614964574553001e-01 -5.053146159427721607e-01
-5.880640564517300994e-01 -4.867252604208466837e-01 -6.644404695028859331e-01
-9.147014578575470845e-01 -6.532793096486730344e-02 -7.690898658650850983e-01
-4.104843944662225352e-01 -3.181344907972390446e-01 -2.404440653487888990e-01
-7.201825363668651336e-01 -4.067796477395965171e-01 -4.787371864680204925e-01
-8.857866872735499497e-02 1.400991258698206232e-01 -5.039522703599462750e-01
-6.060267358435247331e-01 -2.150405562778909818e-01 -1.493254204654985040e+00
5.862884413228384162e-01 -5.022291877457355502e-01 2.458884686063658731e-01
-6.268583237088980464e-01 1.721676134580044926e-01 -4.446254738601397860e-01
-4.284742780182116961e-01 -5.763395309180274761e-01 -6.875092174158710101e-01
-9.456027801793516208e-01 -7.347495379035828833e-02 -3.710719398788827061e-01
-1.132040541102191378e-01 1.429729311394994928e-02 -4.196490246706677252e-01
-8.581763243195466018e-01 -9.853437514801581809e-01 -3.623675093191309760e-01
-5.520305216267092918e-01 4.736449536957316186e-01 -4.202187632107345916e-01
3.329615294429805195e-02 -2.650611795746836141e-01 -3.805584860726601293e-01
-4.312335788872889153e-01 8.593341047828244317e-02 -5.929993865026280675e-01
-1.385194727674856408e+00 -5.409369553079137471e-01 -1.482729052460566521e+00
5.863650592554006669e-02 1.608643272529448887e-01 3.028019787279461750e-01
-2.308563786347778701e-01 -2.807381626788098550e-01 -4.168159607209364625e-01
-5.294990038571933955e-01 -1.402898773721097392e-01 -3.957259660592420403e-01
1.792463400674624771e-02 1.151874492353736901e-01 -2.002030734514013699e-01
-3.297181604655856635e-01 8.525338285268027616e-02 -4.413161639696321914e-01
-2.218716773426727962e-01 3.240022206528921367e-01 -3.620809396167217753e-01
-6.309904449183774133e-01 -5.880688349470628573e-01 -4.113671535741038054e-01
-6.233067827286423723e-01 -1.978639086754845622e-01 -4.898819195915665725e-01
-1.197589587828452318e-01 -3.611610115354496053e-01 -3.968347359654743611e-01
-7.533980855023512113e-01 1.368003669735928240e-01 -5.826471492267383256e-01
-3.368756074377264875e-01 -5.318865768125107252e-01 -2.864837651465918511e-01
5.375038267647406220e-01 -3.402557334189098004e-01 4.976715047977383830e-03
-4.875837205723811962e-01 -2.007312318475390767e-01 -4.191047491737700526e-01
-4.839496352577453142e-01 -3.262680308585127475e-01 -2.832195124111121509e-01
1.752826104797660656e-01 3.389470282363787890e-01 -5.429321415248089533e-01
-1.533808173277013270e-02 3.796358679323961760e-01 3.296816947060757230e-01
2.241805808502352060e-01 -1.662289730966837187e-01 -3.551517278404174860e-01
-6.974267520759395156e-01 3.223178153380651945e-01 -2.355653823231531052e-01
-2.948297728969263010e-01 4.829696229553828157e-01 -4.412536111543379214e-01
-4.656553609423373374e-01 1.355466075352256272e-01 2.450732364021375176e-01
-5.225194625236113666e-01 2.701134438255597403e-01 -6.055361804214627330e-01
-2.656788214029403572e-01 -4.775684293660818758e-02 -4.199707178155510645e-01
-2.439167964162968494e-01 -1.392943219667725496e-01 3.090414788108415411e-01
-3.709585399027731101e-01 -4.612626301083445624e-01 3.066484029402443690e-01
1.014003833356405451e-03 -1.642192330783217302e-01 -5.343302101976530327e-01
-8.425573918336338730e-01 1.369948298287060884e-01 -4.356974623735641594e-01
-6.294649182500186013e-01 1.793785126325539783e-02 -3.394829599272922160e-01
-9.063070102247648974e-01 8.655313691987800429e-01 -3.820350576554680244e-01
-1.437800187609061142e+00 -3.171509988232753541e-01 2.988490483367009509e-01
-2.888662343382540909e-01 3.988632487952790684e-01 -3.594215797892496567e-01
-8.734885767689373193e-01 -6.067580112191679059e-03 -7.646742171507926455e-01
-4.678412928772063828e-01 -5.589359177581028071e-01 6.757028508504189790e-02
1.889115734524776102e-01 -2.530120741988174382e-01 -4.041010457967843528e-01
-5.729511272843966774e-01 3.485087301677357030e-01 -1.387584191311020954e-01
-2.906684360193642278e-02 -5.414904880063338144e-01 -2.717531116078164555e-02
-6.041242325843680649e-02 2.466538420221530969e-01 -8.062185422510758093e-01
-8.115361333493456009e-01 -4.629770722381291170e-01 -3.538575155952030094e-01
-6.130554243254977553e-01 -1.103867216112507377e-01 -5.838515233659348214e-01
7.331816254642024022e-01 -1.974839410978097565e-01 -2.529943240424231687e-01
-4.513009411949285843e-01 1.174767649447044579e-02 -1.902741569046311754e-01
1.274178557057674965e-01 -4.897289848116980759e-01 -7.482734491299193325e-01
-6.964532841278007202e-01 5.072242433348988361e-02 -6.933254974683656924e-01
-6.901623031206880476e-01 2.947399612044128148e-01 -3.963438825077010286e-01
-1.167663303827399246e-01 -4.595287472095310743e-01 -4.299994258834329841e-01
-1.603870513329733183e-01 -1.193533132483964587e-01 -1.503893964739665412e-01
-1.229718154252950724e+00 -2.239971858384527670e-01 -4.376443422316702025e-01
1.995149793414353612e-01 -2.634365094468688606e-01 -5.937821963586260576e-01
-3.888851166357821243e-01 2.534889285373853052e-01 -4.251699581193926214e-01
-8.537953582035809896e-01 -5.329584188836670178e-01 -4.595456241728638758e-01
-6.085723809557166408e-01 3.996003026670641445e-01 -5.013764020676027000e-01
1.537412982725145684e-02 1.838990914459214809e-01 -3.856786670327405631e-01
-9.639878879288780178e-01 -6.328260946202632908e-01 -5.868840897919861410e-01
1.606890050882716359e-01 -2.558069744439203652e-01 -1.196564073280739215e+00
-8.466775773000249083e-01 -9.352169735477829093e-02 -5.912061759037946507e-01
-3.433220814876158933e-02 -3.523131361138689965e-01 -6.391592902751540572e-01
-5.781234706148635771e-01 3.440893928432476462e-02 -1.874779789287655818e-01
-2.969208094864506653e-01 1.496475641374950538e-01 -6.657125962539404140e-01
-2.220448479818604715e-01 8.917406661438880000e-02 -3.728832201744644581e-01
-4.809307185562182174e-01 8.015823149111531709e-01 -1.003187220166331384e-01
-6.987293429571961312e-02 -2.150803679300629379e-02 -3.364361992147889002e-01
-2.371839088046781008e-01 -5.832063500501110109e-01 -2.513254042967375534e-01
-4.743915189669538068e-01 -4.997099618384036601e-01 -4.703848286165671078e-01
-6.674486191760470311e-01 -1.782016705068200924e-01 -4.447091629313456029e-01
-8.036868543644827279e-01 3.587841682612002980e-01 -3.675535513241675045e-01
-6.167231326748401354e-01 -3.802786245813977728e-01 -4.485060145634256479e-01
-7.371304420374370503e-01 -2.523088334031290403e-01 -2.196138929759511860e-01
-7.249547288305914217e-01 -1.583463296406562026e-01 -4.790745643852156177e-01
-2.090705553370891534e-01 -5.848259954558155949e-01 -3.903659279858342490e-01
-1.314066492259515773e+00 -3.716461208816539963e-01 -3.217857297069819378e-01
-6.300848299154391263e-01 3.325321199547071616e-01 6.317547655262946427e-02
-6.615979381155671080e-01 -3.460632447809615098e-01 -4.099424292476380738e-01
-6.317975904707430201e-01 -1.050673559296482901e-01 -3.165896755250569711e-02
-5.832524876266093061e-01 4.700987688936307807e-01 -3.057031063822364669e-01
-7.295670171374124546e-01 -9.197496984227894468e-02 -2.599902163212420847e-01
-3.015426499683145356e-01 5.208125562642218487e-01 -2.825558163164093584e-01
-3.822799090368831920e-01 -4.847431994964134239e-01 -2.747351911456720752e-01
-2.660185175683479342e-01 -5.111790339396867777e-01 -4.267037194940150324e-01
-1.352171295089103498e-01 -1.703986299271356697e-01 -1.259724611370813152e+00
-1.165586836266038762e-01 1.146166533006522242e-01 -3.353177812881864006e-01
-7.929230747274863544e-01 -2.238187312470204249e-01 3.093251834634608809e-03
-5.735087007730581554e-01 -3.278810103218065403e-02 -3.926905429428169114e-01
-1.341822505013198497e-01 -2.009213270775909999e-01 -4.370878039515155300e-01
4.470227222204865569e-01 -6.678076845486838886e-01 -9.382054255877193827e-02
-7.430931656406866148e-01 1.121583707773855659e-01 -2.905670886433350808e-01
-6.988245056416334533e-01 -3.887350093076213375e-01 -1.651469016496424302e+00
-1.372033909405574681e+00 -5.123671196695439578e-01 -1.304345399281831241e+00
-2.234123694437924745e-01 -5.310795455323573666e-01 -2.313343811151994181e-02
-6.891358272887412317e-01 -3.297267098707403754e-01 -4.158654664897055708e-01
-5.953037826257232545e-01 3.733035937745262656e-01 -3.648377072566386659e-01
-1.387134186319971096e+00 -1.887210993201860754e-01 -1.173976962218209907e+00
-7.221618298986342666e+00 -1.512558529428127763e+01 -6.600355811607616641e-01
-1.874209313070201166e-01 -6.074065528331186181e-01 -1.051847483118234283e+00
-5.558796146988548292e-01 -6.813351152159756730e-01 -4.278394421665328018e-01
1.222342149307504844e-01 7.288361862656969441e-03 -4.175418313531772951e-01
-7.526814335262653755e-01 4.049590436573158314e-02 -7.166118195035848792e-01
-2.937471077693897259e-01 -5.147109980829409626e-01 -3.242866868826720372e-01
-1.434821225757879348e-01 -4.479006451972579739e-01 -6.753602834660248355e-01
-8.071015867900128704e-01 -7.112439535046799488e-02 -2.714063674917762126e-01
-6.600772107762372665e-01 -2.525957686012523795e-01 -7.892449553893446379e-02
-2.597937321676001554e-01 2.872116210985120599e-01 -3.347483563940022444e-01
-6.977532307257463540e-01 -4.453129918746927540e-01 -6.011062195204202041e-01
-1.836022113700295222e-01 -9.113691135897647455e-02 -3.964691110081863257e-01
-6.614494584356424289e-02 1.503178614840483818e-01 -1.477879784185460732e-01
-8.183602702519261751e-02 2.682658370384226609e-01 -2.987814107363278016e-01
-2.675439533196704578e-01 3.816437689078673590e-02 -4.334832341720944449e-01
-1.916880850249442492e-01 -1.172143793735557493e-01 -2.809689842747897237e-01
-6.582485763888101804e-01 -2.066105431491396804e-01 -3.899763647782056863e-01
-1.279284636937519093e-01 -5.539775110051498030e-02 -4.269837763922426088e-01
-3.583012007146040845e-01 2.042682736500793239e-01 -5.591682512951920980e-01
-1.149030926975392441e+00 -6.729736796582834746e-01 5.250445991860372974e-01
-2.295322067197857474e-01 1.517359474633084571e-01 -4.398435493849429667e-01
-1.663787941464022757e-01 -5.143349557169777375e-01 -3.371859360896559132e-01
-3.822907018371898280e-01 -7.686061314195878902e-01 -4.144741575274270562e-01
7.485728591987497738e-02 -7.078996895516991017e-02 -3.641219940886795126e-01
-4.104145000364700646e-01 -3.875000870056397595e-01 -3.611062908322378862e-01
-3.324721530659926483e-01 -5.704393648013300622e-01 -5.004694752638436661e-01
-7.148011845966779632e-01 1.438381142346454034e-01 -5.522249310592349802e-01
-6.944163916657157820e-01 -6.320917389882593218e-01 1.555776646756796069e-02
2.455299583194104907e-01 -3.229729761090331663e-02 -4.618577574031469402e-01
-5.260291599757858094e-01 -5.238134893067111081e-02 -2.790668249825157821e-01
3.160957544726101381e-02 -3.890157770782785851e-02 -4.940786430929894890e-01
-8.561191579639456650e-01 -2.552884914520154869e-01 -5.194198994224421551e-01
-9.168077115307071701e-01 7.150358897395274471e-02 -1.340655227673116068e+00
-7.280407039665623969e-01 1.350079622735460803e-02 -3.018235583691473711e-01
-9.146062253641508155e-01 -3.960348465873692603e-01 -6.772784045009641041e-01
-8.640123269711829090e-01 -2.582080735545849159e-01 1.804626629027359652e-01
-5.933322409118473306e-01 -4.402235357428386786e-01 -5.306555631398077733e-01
-1.076288876618221035e+00 -4.267956624866770521e-01 -3.446895306135780435e-01
1.088897228445873527e-01 -8.751160668470701898e-02 -4.179662556235956838e-01
-7.643177586096170373e-01 -3.387603427345365348e-01 -3.056987391336025706e-01
-4.011350376021194930e-01 -1.527716236022780005e-01 -4.263369112937061556e-01
-1.158127762003105632e+00 7.130424941905987024e-02 -1.241132772556952230e-01
-6.095004716980026993e-01 1.650696456922224886e-01 -2.783875428287876930e-01
4.654274623135989247e-02 -3.614126811584668086e-01 -4.837427393491409711e-01
-7.623858615577717712e-01 1.285194899838018046e-01 -4.306671412302079394e-01
5.998091132749063664e-02 -2.665285339766931827e-01 -4.034801338844063445e-01
-2.133266409436788136e-01 -2.746289058926247237e-02 -4.316880794487843453e-01
-8.608891463718817971e-02 -5.323252279066440495e-01 -3.447318192123249858e-01
-6.707982183153158307e-01 -1.004948184483398066e+00 -1.065436433004596672e+00
-8.008098303528792261e-01 3.485340067788875729e-01 -4.761086733776125901e-01
-8.848827638881621160e-01 -1.781623847126092008e-01 3.360070030819877207e-01
-6.223553408531332792e-02 -5.110212464984064118e-01 -4.557421934001767982e-01
-2.718696727756721443e-01 -5.755271894413823697e-01 -2.133853983013622724e-01
-4.345002928854019286e-01 3.529610541097067400e-01 -6.759860544241146074e-02
-7.929961824417939287e-01 4.777130396843955462e-01 -7.824750590735548572e-01
-5.043451315645239852e-01 3.409572967404344568e-01 -4.785894690590171141e-01
1.576042688714500428e-01 -4.867284427671521030e-01 -9.286584311333041519e-01
-1.844439781700605296e-01 -5.872636527604316869e-01 -3.961060671715412873e-01
-5.619899953668068271e-01 -5.666178657994381807e-01 -5.126067083409475700e-01
-8.388191991791725810e-01 -1.353859960671893459e-01 -3.086690724055076163e-01
-2.318186778075441157e-01 1.979799199591693835e-03 -3.800105808820137265e-01
-1.999500404304608847e-01 -8.653307211377053720e-01 -4.718626383194700347e-02
-2.002237878105013191e-01 1.540355446244571491e-01 -4.650127611289660012e-01
-8.958250107956082786e-01 2.608658454155706949e-02 -1.188269973922911615e-01
-5.738431255454804480e-01 -5.876446792455981560e-01 -3.843563812398624324e-01
7.069902254326435598e-01 -1.728911739781704288e-02 -5.858737617503442241e-01
-4.140848420356731951e-01 3.984709858873815569e-01 -4.743452385356512480e-01
-7.853532575741458688e-01 -8.823975047321180876e-02 -4.942981606931342586e-01
-6.912474589915643119e-02 1.523058639241368362e-01 -3.114100096101765636e-01
9.226068630597519804e-02 -2.749337633579754803e-01 -6.053890473752008283e-01
-7.783174074641923124e-01 1.649900893330218110e-01 -3.406780455925915163e-01
-9.683875002564465984e-01 4.795026386099168203e-01 -3.841592930089507418e-01
-2.262373861832220057e-01 -3.826063270751175333e-02 -1.399431355090511531e+00
-6.581614607179085974e-01 4.351321110024722882e-01 1.385248943493022911e-01
-9.417924801504413690e-01 3.768847259893681745e-01 -3.863497518243249051e-01
-6.883635166654914483e-01 -5.912535035316405230e-01 -6.566462891988947836e-01
-4.251491065590238261e-01 -2.686768703463313646e-01 -3.811115442299132794e-01
-4.736492943973826808e-01 -3.553953606750034355e-01 -3.695476934380035328e-01
-1.366218813598575887e-01 -1.537716767383592309e-01 -6.551909127273147782e-01
-6.044301773184379556e-01 2.867415398737188093e-01 -5.340788302629978501e-01
-9.091951527283124168e-01 -6.802890399517781406e-01 -9.801609722925378465e-01
-2.858741254080326977e-01 -4.708545400324671837e-01 -5.075465655055050318e-01
3.786164012384195948e-02 -5.682235878211245872e-01 -1.059160469727880249e+00
-9.817793798383953607e-01 -1.976176043060949294e-01 -3.387887720350243881e-02
-1.654508953589630960e-01 -3.185293288663411104e-01 -3.783528903423806211e-01
-8.089717561719530492e-01 -1.025196322094679369e+00 -1.654969716745190222e+00
-7.741051435781756140e-01 5.615849419023503236e-02 2.261417548833642155e-01
-2.947935239034675248e-01 -6.248437286829787718e-01 -4.626605137672124557e-01
-7.310230531566813683e-01 -4.329989686895450718e-01 -3.471437492526522339e-01
-5.497181216826675376e-01 3.862559466767452321e-01 -4.216872460377746323e-01
-6.242064700173042269e-01 5.184967411979212598e-02 -4.745251702077689648e-01
-2.861775471736233700e-01 2.890869134195320767e-01 -8.946722757189806696e-01
-3.398146227935064934e-01 -3.708739659777994246e-01 -3.592150652557624668e-01
-4.788291057179187571e-01 -3.338769037009589602e-01 -4.736659521822885188e-01
-1.735282223231369991e-02 4.581232219213150075e-02 -2.274582106816685489e-01
-1.209653228687690152e-01 3.820949497737871625e-01 -5.805794039329912337e-01
1.479702620571411442e-01 5.819564561828607374e-01 3.739330374069383955e-01
-3.810702168425152414e-01 3.587466338193096710e-02 -6.473505601142248711e-01
-1.718816444622333905e-01 -2.185762218408440760e-01 -7.277200157232440736e-01
-5.311317433377468200e-01 -5.222717155673515244e-01 -2.226746256942271907e-01
-1.173339722201060253e-01 -8.645427024448450182e-02 -3.964975125652911436e-01
-4.032574184614559076e-01 -8.938961427327034304e-02 -4.921317993302075089e-01
-6.292232909444198663e-01 6.822719896367320791e-01 -7.362240950110736648e-01
-8.341911395262893159e-01 -2.129020537594549234e-01 -6.065246276956897109e-01
-1.425799769478085233e-01 -1.027198156366168208e-01 -3.777840843332819221e-01
1.641172735703072191e-02 -8.354215760663747936e-01 -4.372131715070752822e-01
-6.933062267804357415e-01 1.337192334087089762e-01 -4.353611776131904310e-01
2.881020204204325363e-01 6.323250404449110018e-02 5.551010102453814987e-01
2.278488269338800332e-01 1.781635471296117157e-01 -1.025678835213592599e+00
-2.882529600585699847e-01 6.239910182775103287e-02 -4.620084428328640191e-01
-5.307209834375066666e-03 -2.376717357706267242e-01 -5.024532092158588981e-01
-5.768341298003335504e-01 1.496714902678084880e-01 -2.558123678336725604e-01
-2.379624182714905889e-01 -6.365059969891617708e-01 -7.961793952292189544e-03
-1.977325551686413829e-01 2.182267261310529005e-01 -8.056988490749558696e-02
-6.428031108900451873e-02 2.074033342823114745e-01 -5.542371757894244411e-01
-8.143365373325787138e-01 -2.139872074271434721e-01 -2.761303715081080967e-01
-5.434984234456950725e-02 -2.541233130634628495e-02 -2.942182326836673689e-01
-1.887747253768129740e-01 2.426233881483439228e-02 -4.066276246895297319e-01
-4.970206111413179584e-01 1.098384149175525154e-01 -4.677610731798811372e-01
-1.314037993932545556e-01 -4.371731558964784825e-01 -2.433718930637636946e-01
-5.514503226153486537e-01 -4.909774061762689490e-01 -1.534439101320635157e-01
-6.447008163656037238e-01 3.570356055507292042e-02 -4.892071075377036893e-01
-1.179927930358057597e-01 -3.400337047787787004e-01 -6.865887761463940198e-01
-3.498186029919254647e-01 9.458932147995587070e-02 -4.265822598065768800e-01
-4.650639373757479711e-01 -7.438162302280937332e-01 -8.070078545252958868e-01
-2.921607097099783168e+00 -1.728982629935346083e+01 -7.523885692792182667e-01
-9.117356411587745901e-01 -4.204748575366811791e-01 2.731877570083465767e-01
3.483090134045027653e-01 -7.206125138089650162e-02 -4.420500241706846190e-01
-7.437862088919123815e-01 -2.417073781805023081e-01 -5.327915049041970219e-01
-2.751379833452615720e-01 1.422809571063773926e-01 -8.003264918303892861e-01
-6.308825498549767152e-01 1.919595479642558777e-01 -4.924898612481766191e-01
5.795304445020076078e-02 -1.295340342301774250e-01 -1.726018500992376747e+00
-5.611078933920522482e-01 2.090015251051037248e-01 -3.687520344947153306e-01
-4.455765202849764628e-01 -3.406798882274870710e-01 -4.210799953770586468e-01
-1.054379865533409955e-01 1.893095576390673995e-01 -3.831264090181477622e-01
-1.979122348514373783e-02 -6.702097633278705779e-02 -4.853080522665160768e-01
-6.795877416148056183e-01 -3.242689035012258358e-01 -3.611802166249090118e-01
-6.017802813993671229e-01 -5.077427905202068770e-01 -4.582148543844262734e-01
7.561012886941530231e-02 1.989098218042164301e-01 -2.663621107784802100e-01
-5.356821697570695040e-01 -3.388522035736394322e-01 1.695990844693727184e-01
7.269135774297656727e-02 -2.104133808764099278e-01 -3.363924730611045355e-01
-9.485502011493099905e-01 -4.500791092254616266e-01 -6.349097212275295332e-01
-6.831134743985842195e-02 1.019184371766517494e-01 5.251541154473127193e-01
-1.053318702772777261e-02 2.076894844131584733e-02 -2.587863500455991894e-01
-2.791597018401536512e-01 -5.280471696227880159e-03 -4.456325138487454707e-01
-2.362369611354964150e-01 2.920215675796929977e-01 -5.832401988561953798e-01
-5.118949987829962689e-01 -1.265950975638376885e-01 -3.842706492155059106e-01
3.162924075378327482e-02 -3.554899898181400619e-01 -7.099994568880849677e-01
-5.050245577930516649e-01 3.522522573641166943e-01 -2.173049479915088178e-01
-5.435528735612058515e-01 -2.938859936540222928e-01 -2.979591197978456174e-01
5.398846738342745200e-01 -7.902157599890927142e-02 -3.181370609128601756e-02
-6.530548547091231670e-01 -3.302222700341242434e-01 -3.678011362877414703e-01
-6.088127682342873159e-01 -4.612302637235731750e-01 -5.587580767226786316e-01
-3.170574946116131998e-01 -4.457808498381207740e-01 -4.068820588863097942e-01
-5.083414988930037293e-01 -7.030222671297041703e-01 -5.849926739005751886e-01
-6.336279246303700985e-01 -9.094981265118579072e-02 1.471943251485669790e-01
-1.046716027105291325e+00 3.537113120641289243e-01 3.744893585126948254e-01
1.896892664753923197e-03 3.360131572976091802e-02 -4.064728658872398537e-01
-1.321089080001032756e-01 -3.633344240455824159e-01 -3.855058368877434805e-01
-1.083076687423468298e+00 1.858714940503790880e-01 6.692703277269776985e-01
-7.407771441149549885e-01 -4.022163800768852604e-01 -4.375498068346116987e-01
1.900473942176919562e-01 -8.755124743724697067e-01 -6.088251196952908506e-01
1.044227073767441394e-01 1.493535691841577362e-01 -4.425541321521472282e-01
-1.594922599656750373e-01 2.432999327352562968e-01 -5.757084272539371161e-01
-9.100658200928158914e-01 1.120552422196421649e-01 -5.956796291163818369e-01
-2.380271547307846458e-01 -2.535325006761954270e-01 -6.033368914777739178e-01
-6.652716796330033766e-01 1.544635753513459997e-01 -8.508935321841392119e-01
-1.159261049381203612e-01 -1.513606560638635357e-01 -1.207097328199569608e+00
-4.975310792882877142e-01 -3.853426626414895306e-01 -4.372902970433327208e-01
-7.235506128265845049e-01 -1.554101252031967473e-01 -1.110677916280887051e-01
-5.273477184905103199e-01 -2.699048321293446850e-01 -4.585587032723218437e-01
-4.389112300119197840e-01 1.999362738656285110e-01 -4.089638470554853300e-01
-5.676739614361869801e-01 -2.031817240852616946e-01 -4.343320041192061942e-01
-8.039259315972682174e-01 -3.573891275221512398e-01 -6.459169647380943458e-01
-2.897694692534104055e-01 7.789190405084334135e-02 -2.971540757239393149e-01
-4.688351777839162571e-01 3.077624128424927830e-01 -3.466225117583863757e-01
5.046342890852958396e-01 2.880945065385905890e-01 -1.889509548060074040e-01
-7.754320400229089971e-01 -7.581620156770381147e-01 -1.361383085076392385e+00
-6.300296914099596801e-01 -6.818241154836625073e-01 -3.983129357242575774e-01
3.318171031382368130e-01 -1.260099622685985299e+00 -5.100922756931267760e-02
-9.501291726806291305e-01 -6.251746714196875221e-01 2.445793975092603600e-01
-2.959072454179902389e-01 2.246442405141904630e-01 -3.486104061788253272e-01
-5.165668808653024469e-01 1.129251979150172336e-01 -5.498850737300035041e-01
-7.121058487591620523e-01 -1.477793382719169157e-01 -6.271482666689323082e-01
-8.146878134196463561e-01 8.108692556678067653e-01 4.453543348747309172e-01
-6.939874280888125302e-01 -1.445269164831631536e-01 -4.641171838027188246e-01
-9.248487277431488573e-01 -1.149291808128729553e+00 -1.128039786376263454e+00
-2.987424361031653652e-01 2.428428572121036355e-01 -5.205927362565991867e-01
-2.114825087248580968e-02 -2.733957169688697730e-01 -3.484144405923887966e-01
-7.216232742550022783e-01 -6.675147851728870929e-01 -6.784702284475335743e-01
-5.229217973458237800e-01 -4.019760122017723147e-01 -3.698031466829269087e-01
-9.466976880064676969e-01 -5.109096362287255388e-01 -7.773222270283409729e-01
-7.693189087322919173e-01 2.660863116622235180e-01 -3.121527366474212695e-01
-1.722374307800990101e-01 2.943285102490086902e-01 -3.707764513349236513e-01
-5.011815908877480935e-02 2.048792950836597071e-01 -4.691706715630363789e-01
5.228303387655236500e-01 1.339749632480760101e-02 -1.100211743127839759e+00
-6.026249496880623502e-01 1.335479488864499686e-01 -1.356965421126755666e-01
-3.064524371241508782e-01 -6.434277106084115294e-01 -4.927146952706434879e-01
-7.127816048888041545e-01 2.765132024101410457e-01 -5.323879646142235522e-01
-3.903280650603769830e-01 -4.691811758238946806e-01 -5.018884974949443523e-01
-5.180481375743481998e-01 -6.013936596446103344e-01 -1.575367438967284761e-01
-6.687662271769470035e-01 -1.593905348676492861e-01 -6.968549134093209307e-01
-1.652316755579949226e-01 -7.011980101032413981e-02 -4.404609705534994202e-01
-5.994289487564280483e-01 -5.035691755851652296e-01 -3.987050005935807162e-01
-9.954392282984781959e-01 -1.790761978245319630e-01 -3.357637763130897901e-01
-9.322124146751956109e-02 -2.899277903043825377e-01 -6.637746334045734331e-01
-2.642905122864583345e-01 2.628429659369400095e-01 -1.209420933802419912e-01
-4.671774937374227332e-01 -3.138631678623072241e-01 -4.412593460966913184e-01
-9.211071855066186309e-01 -7.840767309718596478e-02 -3.308338412923479410e-01
-4.694832764064771902e-01 5.733492872714427424e-01 -6.034992674498855791e-01
-7.817413245963756863e-01 -4.807084768202201097e-01 -4.713540584153624313e-01
-4.779348795720981813e-01 1.159426580653770966e-01 -4.695470589942088435e-01
-7.706252234965100811e-01 -2.361066022826845134e-01 -1.676096961508991012e-02
-6.438807489653498584e-01 8.510484833563720930e-02 -2.425958821990966408e-01
-1.974226530999544926e-01 5.443428507072822775e-02 -3.714020074584328257e-01
2.198162254568065410e-01 -8.066530450336356628e-02 -4.141074302087253689e-01
-8.043594221207450712e-01 -2.943753293076530053e-02 -1.183700828299670549e-01
-9.396987079354830741e-02 -3.312585162584327225e-01 -4.016657331500211869e-01
-2.660368596612764924e-01 2.723492347415530368e-01 -3.946615367870527358e-01
-4.950907894418188349e-01 3.091433657278892522e-01 -3.184435459208994068e-01
-2.646385966059858763e-01 -4.421154783835496427e-01 -3.413789946420195953e-01
-9.567493387106129621e-02 -4.075570809262372141e-01 -4.337494670044804157e-01
-3.276004533669151231e-01 -5.138747208624563356e-01 -3.665726233916433152e-01
-1.405237427824955303e-02 -1.376054758305326475e-01 -4.559223844566429595e-01
-2.962610320427291888e-01 3.397047659407223530e-01 -3.238662342344982292e-01
-4.895543053968570701e-01 -1.665969785308464568e-01 -3.368107604362156615e-01
-8.613927394312407282e-01 2.449254280303977405e-01 -6.663085472837986245e-01
-1.985811551721252122e-01 -4.374880080669429905e-01 -2.254803708104006210e-01
-5.666034529623747984e-01 -4.011960580076273097e-01 -5.143057713449962209e-01
-3.107812487307844429e-01 -5.955842585596456962e-01 5.787611159943798628e-02
-3.019889133130117531e-01 4.736569978270978587e-01 -2.737270549679016174e-01
-6.646790173048098271e-01 1.006116329803508763e-01 -5.734656979946489708e-01
-5.994816306144358231e-01 -2.312663295833630173e-01 -7.851183654789212207e-01
-3.255149280964596270e-02 2.947761654448847191e-01 -5.022272469971663655e-01
-3.781434568752530812e-01 3.175347817647514170e-01 -6.356331792395376878e-02
-2.225996972040448774e-01 1.083913562724396137e-02 -3.884720780094979009e-01
-1.214302378123814363e-01 -3.716726787000024790e-01 -3.523138438988571153e-01
-9.410185709588249348e-02 -8.524561355734165957e-01 -2.679159362202313543e-01
-8.990166522883340505e-01 -4.747250193665273899e-01 -1.143410420326479215e+00
-9.079709524002943510e-01 -3.921446436655308121e-01 -2.381997005277626533e-01
-3.003382576974810148e-01 1.106419116860755114e-01 -3.155851908039724041e-01
1.608624058718259309e-01 -3.770242201758813860e-01 8.960102103315054078e-01
-5.909927633503275768e-01 1.705087065786585754e-01 -3.467206192224469574e-01
-1.644464926029765295e-01 3.261259788144459937e-01 -4.298647774331475491e-01
1.981336125608596302e-02 -3.945821820532960378e-01 -5.845190409715576019e-01
-6.651977547730967277e-01 2.573647120452172143e-01 7.045056494872556918e-01
1.907815564092921468e-01 2.596098986290737987e-01 -1.875141664482875559e-01
-5.807179091180967451e-02 9.972036847329235343e-02 -7.422851263295093815e-02
-7.705692740470202473e-01 3.280030071298877248e-01 -4.458230264487414996e-01
-7.121044238380536129e-01 -2.323106121205479602e-01 -5.803109033894239543e-02
-2.123603068817084549e-01 2.086816590413008399e+01 -4.083708600627724561e-01
